0 120059 570.418
1 120064 542.883
2 120039 575.049
3 120043 623.928
4 120035 656.614
5 120041 629.409
6 120047 605.309
7 120029 616.34
8 120048 616.938
9 120051 595.939
10 120048 588.378
11 120022 616.962
12 120020 642.56
13 120038 642.209
14 120041 623.815
15 120043 607.076
16 120046 603.597
17 120067 568.311
18 120053 545.461
19 120049 543.999
20 120045 585.144
21 120038 619.358
22 120039 608.788
23 120040 610.003
24 120019 637.576
25 120050 629.826
26 120060 594.154
27 120063 566.684
28 120038 590.001
29 120021 621.958
30 120023 656.597
31 120013 652.565
32 120017 673.929
33 120015 677.452
34 120018 667.679
35 120008 662.411
36 120000 657.508
37 120000 697.913
38 119986 734.792
39 120004 732.283
40 119991 718.858
41 119972 738.494
42 119972 760.982
43 119990 749.481
44 119989 747.928
45 119975 759.827
46 119969 771.935
47 119969 778.838
48 119951 782.294
49 119945 816.785
50 119935 844.798
51 119929 873.807
52 119929 870.781
53 119927 846.291
54 119923 848.106
55 119902 865.395
56 119922 864.811
57 119893 876.141
58 119894 910.109
59 119899 943.181
60 119907 909.79
61 119930 881.09
62 119909 865.696
63 119940 859.681
64 119922 868.178
65 119924 898.721
66 119929 915.37
67 119945 880.027
68 119963 856.607
69 119944 843.573
70 119963 836.957
71 119946 846.532
72 119948 869.686
73 119961 886.468
74 119968 859.511
75 119979 842.447
76 119963 831.698
77 119968 823.778
78 119958 850.087
79 119962 873.929
80 119977 894.262
81 119981 867.661
82 119992 856.347
83 119988 856.75
84 119995 846.453
85 119983 872.119
86 119992 894.961
87 120013 909.136
88 120016 888.663
89 120034 861.711
90 120029 853.907
91 120033 836.38
92 120019 850.557
93 120019 871.328
94 120049 860.837
95 120032 834.248
96 120049 808.907
97 120040 794.519
98 120053 772.631
99 120035 799.055
100 120027 824.088
101 120059 810.135
102 120054 787.607
103 120068 764.521
104 120053 770.995
105 120059 754.981
106 120049 785.565
107 120040 805.123
108 120074 790.037
109 120072 776.045
110 120087 739.872
111 120075 729.244
112 120085 712.933
113 120085 732.78
114 120086 739.01
115 120113 718.718
116 120116 691.797
117 120137 669.727
118 120124 683.96
119 120117 689.393
120 120129 709.764
121 120116 743.924
122 120137 735.262
123 120143 708.42
124 120150 707.808
125 120141 722.356
126 120128 745.998
127 120146 776.331
128 120134 811.396
129 120156 807.256
130 120160 790.543
131 120160 785.726
132 120181 779.921
133 120156 797.332
134 120163 829.223
135 120169 855.489
136 120190 825.252
137 120197 805.407
138 120197 790.333
139 120223 779.306
140 120198 800.352
141 120203 834.45
142 120203 873.848
143 120220 854.889
144 120219 836.951
145 120208 834.874
146 120226 831.334
147 120203 847.748
148 120202 889.589
149 120197 916.503
150 120212 878.323
151 120225 842.963
152 120195 848.405
153 120210 855.82
154 120185 874.855
155 120177 917.931
156 120179 940.073
157 120189 905.343
158 120201 872.432
159 120174 875.874
160 120179 878.469
161 120153 904.364
162 120147 943.78
163 120159 963.029
164 120147 938.25
165 120169 909.307
166 120148 905.486
167 120142 909.683
168 120107 951.987
169 120106 988.392
170 120122 1008.12
171 120106 991.64
172 120125 961.439
173 120103 957.853
174 120107 957.368
175 120071 1001.92
176 120064 1041.16
177 120091 1048.12
178 120077 1033.16
179 120090 1005.77
180 120072 1007.01
181 120081 993.804
182 120049 1039.02
183 120038 1083.4
184 120074 1071.5
185 120075 1032.05
186 120088 999.691
187 120063 998.735
188 120075 990.151
189 120056 1029.52
190 120042 1068.2
191 120075 1051.41
192 120082 1012.28
193 120099 978.119
194 120073 982.081
195 120072 977.507
196 120068 1020.51
197 120050 1060.13
198 120077 1043.4
199 120085 1006.34
200 120114 977.262
201 120095 984.299
202 120086 985.258
203 120092 1026.63
204 120074 1062.5
205 120106 1043.85
206 120112 1003.05
207 120131 981.921
208 120127 986.333
209 120107 994.332
210 120115 1033.42
211 120107 1064.46
212 120132 1031.56
213 120134 1007.32
214 120149 984.082
215 120160 972.581
216 120133 985.077
217 120132 1024.87
218 120130 1053.67
219 120159 1016.44
220 120154 988.095
221 120158 969.962
222 120174 962.018
223 120145 970.388
224 120140 1006.47
225 120141 1034.21
226 120171 994.787
227 120177 957.2
228 120168 937.954
229 120185 939.662
230 120163 951.767
231 120162 990.883
232 120162 1015.35
233 120183 971.652
234 120194 930.336
235 120175 915.653
236 120194 919.012
237 120163 935.844
238 120162 976.5
239 120176 995.329
240 120192 950.221
241 120209 910.47
242 120190 903.211
243 120199 911.597
244 120167 940.184
245 120174 971.111
246 120192 987.558
247 120198 952.833
248 120213 920.652
249 120203 913.881
250 120210 921.741
251 120184 959.067
252 120192 990.758
253 120217 1001.05
254 120219 966.431
255 120237 939.376
256 120221 940.564
257 120228 944.823
258 120203 986.892
259 120197 1030.94
260 120230 1023.67
261 120231 982.659
262 120246 955.862
263 120215 960.453
264 120224 954.486
265 120207 1002.86
266 120193 1048.22
267 120225 1037.61
268 120223 1000.23
269 120238 976.114
270 120211 980.302
271 120203 977.889
272 120198 1023.87
273 120178 1063.95
274 120205 1045.39
275 120205 1007.57
276 120220 984.749
277 120196 995.331
278 120180 997.005
279 120184 1041.18
280 120163 1076.76
281 120186 1055.98
282 120185 1020.11
283 120193 1000.25
284 120180 1009.31
285 120157 1015.35
286 120156 1063.1
287 120141 1103.16
288 120167 1074.16
289 120164 1040.4
290 120163 1019.24
291 120171 1017.7
292 120138 1037.9
293 120139 1083.4
294 120129 1126.6
295 120162 1084.7
296 120164 1051.79
297 120156 1033.95
298 120174 1037.02
299 120140 1056.04
300 120143 1099.66
301 120140 1136.47
302 120170 1093.24
303 120185 1053.34
304 120164 1039.82
305 120185 1045.71
306 120155 1066.54
307 120156 1108.38
308 120165 1141.4
309 120187 1098.16
310 120203 1057.92
311 120179 1049.38
312 120201 1060.37
313 120166 1084.5
314 120172 1119.29
315 120192 1145.69
316 120204 1103.31
317 120219 1064.47
318 120201 1056.46
319 120215 1062.9
320 120179 1093.05
321 120182 1129.34
322 120217 1146.6
323 120220 1105.16
324 120239 1066.9
325 120217 1059.4
326 120228 1057.29
327 120197 1098.94
328 120189 1140.76
329 120227 1141.97
330 120223 1096.58
331 120243 1061.36
332 120211 1056.06
333 120223 1047.69
334 120200 1090.62
335 120183 1134.24
336 120221 1123.92
337 120221 1078.37
338 120235 1046.86
339 120203 1046.39
340 120208 1038.15
341 120193 1084.64
342 120176 1128.77
343 120208 1115.17
344 120209 1068.56
345 120230 1040.6
346 120197 1048.56
347 120190 1047.93
348 120188 1091.34
349 120170 1129.61
350 120200 1111.2
351 120203 1063.61
352 120225 1045.89
353 120204 1052.9
354 120185 1057.9
355 120188 1104.06
356 120170 1145.01
357 120199 1122.33
358 120200 1076.78
359 120211 1062.95
360 120209 1067.89
361 120181 1080.72
362 120183 1126.31
363 120171 1169.27
364 120204 1136.8
365 120203 1097.64
366 120200 1084.31
367 120214 1086.3
368 120180 1103.53
369 120177 1150.88
370 120170 1191.34
371 120205 1146.12
372 120207 1104.49
373 120196 1089.72
374 120215 1091.98
375 120179 1106.13
376 120173 1152.32
377 120166 1186.48
378 120198 1138.44
379 120208 1089.79
380 120185 1075.96
381 120204 1082.25
382 120172 1097.5
383 120165 1142.32
384 120166 1164.76
385 120188 1115.85
386 120202 1068.45
387 120177 1053.25
388 120194 1054.92
389 120165 1074.34
390 120159 1117.56
391 120173 1130.93
392 120181 1082.8
393 120200 1038
394 120179 1024.52
395 120189 1020.65
396 120158 1051.62
397 120156 1086.9
398 120179 1097.35
399 120181 1051.05
400 120201 1011.12
401 120183 998.536
402 120189 995.411
403 120153 1038.25
404 120151 1072.7
405 120178 1077.58
406 120175 1030.98
407 120196 994.937
408 120177 986.039
409 120186 979.686
410 120151 1024.25
411 120142 1065.5
412 120174 1061.27
413 120175 1013.93
414 120194 978.052
415 120165 974.514
416 120176 963.981
417 120148 1010.09
418 120131 1052.54
419 120164 1038.23
420 120166 994.43
421 120184 963.641
422 120153 961.403
423 120158 955.183
424 120137 1001.33
425 120118 1041.04
426 120148 1027.32
427 120151 986.133
428 120176 956.073
429 120142 962.125
430 120135 962.949
431 120125 1005.1
432 120104 1042.08
433 120131 1027.12
434 120133 985.144
435 120158 963.046
436 120133 971.124
437 120116 976.275
438 120112 1018.84
439 120092 1054.5
440 120123 1033.06
441 120125 993.08
442 120140 975.986
443 120135 979.053
444 120107 991.116
445 120103 1033.87
446 120089 1077
447 120124 1045.93
448 120124 1011.39
449 120124 997.075
450 120138 1000.22
451 120104 1018.08
452 120098 1061.64
453 120088 1102.52
454 120125 1062.65
455 120127 1025.91
456 120120 1013.1
457 120138 1022.79
458 120105 1039.86
459 120098 1086.09
460 120089 1123.59
461 120124 1081.58
462 120135 1038.99
463 120120 1031.53
464 120136 1043.36
465 120107 1059.9
466 120102 1103.82
467 120100 1127.63
468 120126 1085.04
469 120143 1041.88
470 120124 1034.28
471 120139 1047.31
472 120105 1070.14
473 120100 1111.21
474 120110 1128.15
475 120124 1083.53
476 120144 1043.03
477 120126 1035.71
478 120133 1035.5
479 120095 1066.25
480 120093 1100.44
481 120115 1109.82
482 120117 1064.09
483 120140 1026.28
484 120121 1018.06
485 120127 1015.62
486 120089 1056.25
487 120085 1091.4
488 120114 1092.43
489 120114 1042.98
490 120137 1004.66
491 120113 997.881
492 120124 987.656
493 120089 1031.69
494 120076 1075.74
495 120111 1063.59
496 120115 1014.74
497 120127 1005.82
498 120124 986.677
499 120128 967.098
500 120116 998.291
501 120103 1031.82
502 120118 1023.69
503 120112 997.235
504 120135 982.398
505 120130 963.328
506 120131 937.709
507 120116 977.913
508 120099 1022.1
509 120117 1010.68
510 120112 983.552
511 120162 958.433
