0 120975 116.522
1 120975 116.45
2 120974 116.466
3 120974 116.399
4 120975 116.373
5 120975 116.352
6 120975 116.298
7 120975 116.263
8 120975 116.241
9 120975 116.183
10 120975 116.172
11 120975 116.207
12 120975 116.265
13 120975 116.249
14 120975 116.211
15 120975 116.203
16 120975 116.232
17 120975 116.331
18 120976 116.542
19 120976 116.523
20 120976 116.572
21 120976 116.613
22 120976 116.603
23 120976 116.636
24 120975 116.773
25 120976 116.78
26 120975 116.773
27 120975 116.796
28 120975 116.924
29 120974 117.158
30 120974 117.156
31 120973 117.389
32 120974 117.561
33 120973 117.616
34 120973 117.623
35 120973 117.662
36 120973 117.685
37 120973 117.726
38 120972 118.035
39 120972 118.043
40 120972 118.071
41 120972 118.1
42 120971 118.637
43 120971 118.637
44 120971 118.527
45 120971 118.529
46 120970 118.535
47 120970 118.525
48 120971 118.519
49 120970 118.408
50 120970 118.249
51 120969 118.2
52 120969 118.122
53 120969 118.053
54 120969 118.085
55 120969 118.008
56 120970 117.844
57 120970 117.791
58 120970 117.781
59 120970 117.758
60 120970 117.637
61 120971 117.376
62 120971 117.378
63 120972 117.184
64 120972 117.003
65 120972 116.977
66 120971 116.947
67 120972 116.922
68 120972 116.912
69 120972 116.826
70 120972 116.527
71 120972 116.53
72 120972 116.511
73 120972 116.573
74 120973 116.04
75 120973 116.047
76 120973 116.119
77 120973 116.152
78 120973 116.171
79 120974 116.186
80 120973 116.165
81 120973 116.194
82 120973 116.173
83 120973 116.179
84 120973 116.222
85 120973 116.225
86 120973 116.227
87 120973 116.234
88 120973 116.242
89 120973 116.265
90 120973 116.228
91 120972 116.21
92 120972 116.181
93 120972 116.185
94 120972 116.189
95 120972 116.173
96 120972 116.168
97 120972 116.13
98 120972 116.106
99 120972 116.103
100 120972 116.04
101 120972 116.114
102 120972 116.174
103 120972 116.22
104 120972 116.203
105 120972 116.168
106 120973 116.225
107 120972 116.207
108 120972 116.178
109 120972 116.161
110 120971 116.124
111 120972 116.159
112 120972 116.158
113 120971 116.181
114 120971 116.131
115 120971 116.133
116 120971 116.103
117 120971 116.042
118 120971 115.969
119 120971 115.936
120 120971 115.925
121 120971 115.919
122 120971 115.94
123 120971 115.924
124 120971 115.959
125 120971 115.964
126 120971 115.966
127 120971 115.932
128 120970 115.962
129 120970 116.005
130 120970 116.019
131 120970 116.03
132 120970 116.064
133 120970 116.051
134 120970 115.988
135 120970 115.935
136 120970 115.916
137 120970 115.911
138 120969 115.844
139 120969 115.809
140 120969 115.817
141 120969 115.826
142 120969 115.938
143 120968 115.909
144 120968 116.007
145 120968 115.997
146 120967 116.054
147 120967 116.089
148 120967 116.085
149 120967 116.164
150 120967 116.21
151 120967 116.27
152 120967 116.335
153 120967 116.385
154 120966 116.399
155 120967 116.447
156 120965 116.542
157 120964 116.57
158 120964 116.564
159 120964 116.653
160 120965 116.671
161 120965 116.682
162 120965 116.66
163 120965 116.669
164 120965 116.676
165 120964 116.7
166 120965 116.758
167 120964 116.811
168 120964 116.835
169 120963 116.809
170 120963 116.839
171 120963 116.932
172 120964 116.932
173 120964 116.927
174 120965 116.837
175 120965 116.798
176 120965 116.697
177 120966 116.647
178 120966 116.596
179 120966 116.589
180 120966 116.589
181 120967 116.572
182 120967 116.583
183 120967 116.586
184 120967 116.57
185 120968 116.582
186 120969 116.601
187 120969 116.568
188 120970 116.477
189 120971 116.451
190 120972 116.463
191 120971 116.41
192 120972 116.432
193 120972 116.425
194 120972 116.444
195 120972 116.429
196 120972 116.444
197 120972 116.418
198 120972 116.492
199 120973 116.447
200 120974 116.475
201 120974 116.504
202 120974 116.454
203 120974 116.368
204 120974 116.355
205 120974 116.354
206 120974 116.384
207 120974 116.398
208 120974 116.427
209 120975 116.456
210 120975 116.514
211 120975 116.542
212 120976 116.602
213 120976 116.623
214 120976 116.625
215 120975 116.602
216 120976 116.587
217 120976 116.609
218 120975 116.606
219 120976 116.606
220 120976 116.616
221 120976 116.638
222 120976 116.651
223 120976 116.668
224 120976 116.638
225 120976 116.679
226 120976 116.718
227 120976 116.699
228 120976 116.72
229 120976 116.715
230 120976 116.599
231 120976 116.59
232 120976 116.513
233 120976 116.519
234 120976 116.544
235 120976 116.543
236 120976 116.56
237 120975 116.528
238 120975 116.522
239 120975 116.574
240 120975 116.562
241 120976 116.531
242 120975 116.513
243 120975 116.444
244 120975 116.419
245 120975 116.436
246 120975 116.442
247 120975 116.463
248 120975 116.414
249 120975 116.413
250 120975 116.45
251 120975 116.497
252 120975 116.525
253 120975 116.536
254 120974 116.608
255 120975 116.648
256 120974 116.646
257 120974 116.586
258 120974 116.545
259 120974 116.568
260 120974 116.576
261 120974 116.561
262 120974 116.594
263 120974 116.588
264 120974 116.628
265 120974 116.621
266 120974 116.651
267 120975 116.688
268 120975 116.739
269 120975 116.895
270 120975 117.062
271 120975 117.121
272 120975 117.219
273 120976 117.425
274 120976 117.464
275 120976 117.564
276 120976 117.548
277 120976 117.683
278 120976 117.662
279 120976 117.664
280 120976 117.893
281 120976 117.864
282 120976 117.86
283 120976 117.81
284 120976 117.801
285 120976 117.783
286 120977 117.706
287 120977 117.767
288 120978 118.044
289 120978 118.11
290 120979 118.16
291 120979 118.185
292 120979 118.247
293 120980 118.35
294 120980 118.344
295 120981 118.409
296 120981 118.47
297 120981 118.488
298 120981 118.488
299 120982 118.505
300 120982 118.526
301 120982 118.495
302 120982 118.39
303 120982 118.324
304 120982 118.29
305 120982 118.202
306 120982 118.166
307 120982 118.166
308 120982 118.192
309 120982 118.047
310 120982 118.078
311 120982 118.035
312 120982 117.857
313 120981 117.806
314 120981 117.803
315 120981 117.839
316 120981 117.827
317 120981 117.801
318 120981 117.802
319 120981 117.748
320 120980 117.541
321 120980 117.537
322 120980 117.473
323 120980 117.449
324 120979 117.372
325 120978 117.301
326 120978 117.299
327 120977 117.256
328 120977 117.246
329 120977 117.226
330 120976 117.229
331 120976 117.379
332 120976 117.34
333 120977 117.319
334 120976 117.362
335 120976 117.36
336 120977 117.34
337 120976 117.254
338 120977 117.301
339 120976 117.182
340 120976 117.148
341 120975 117.131
342 120975 117.106
343 120975 117.138
344 120975 117.107
345 120975 117.149
346 120974 117.032
347 120974 116.94
348 120973 116.909
349 120973 116.901
350 120973 116.868
351 120973 116.781
352 120972 116.709
353 120972 116.663
354 120972 116.706
355 120972 116.728
356 120972 116.727
357 120972 116.707
358 120972 116.645
359 120971 116.675
360 120971 116.609
361 120970 116.564
362 120971 116.53
363 120970 116.307
364 120970 116.287
365 120969 116.189
366 120969 116.046
367 120969 116.04
368 120968 116.015
369 120968 116.014
370 120968 115.976
371 120967 116.022
372 120967 115.989
373 120967 115.995
374 120968 115.953
375 120968 115.927
376 120967 115.91
377 120968 115.888
378 120968 115.931
379 120968 115.964
380 120968 115.973
381 120968 115.96
382 120968 115.987
383 120968 115.965
384 120968 115.914
385 120968 115.87
386 120968 115.852
387 120968 115.837
388 120968 115.826
389 120968 115.811
390 120968 115.872
391 120968 115.816
392 120968 115.873
393 120969 115.914
394 120969 115.928
395 120969 115.952
396 120969 115.944
397 120969 115.958
398 120969 116.009
399 120969 115.978
400 120969 115.941
401 120969 115.92
402 120969 115.895
403 120969 115.856
404 120969 115.887
405 120969 115.891
406 120968 115.9
407 120969 115.919
408 120969 115.97
409 120969 115.97
410 120968 115.993
411 120968 115.99
412 120968 116.001
413 120968 116.042
414 120968 116.03
415 120967 116.063
416 120967 116.059
417 120967 116.059
418 120966 116.024
419 120966 116.033
420 120966 116.047
421 120965 116.059
422 120965 115.99
423 120965 116.052
424 120964 115.989
425 120964 115.945
426 120963 115.931
427 120963 115.935
428 120962 115.912
429 120961 115.848
430 120960 115.829
431 120960 115.789
432 120959 115.76
433 120959 115.772
434 120958 115.757
435 120957 115.707
436 120957 115.672
437 120956 115.629
438 120955 115.621
439 120954 115.602
440 120954 115.517
441 120953 115.487
442 120952 115.452
443 120951 115.412
444 120950 115.341
445 120950 115.29
446 120949 115.225
447 120949 115.211
448 120948 115.217
449 120948 115.194
450 120947 115.184
451 120947 115.094
452 120946 115.038
453 120946 114.965
454 120946 114.987
455 120945 114.918
456 120945 114.971
457 120945 114.987
458 120945 114.985
459 120944 114.975
460 120944 114.975
461 120944 115.028
462 120944 115.008
463 120944 115.024
464 120944 115
465 120944 114.984
466 120944 114.973
467 120943 115.023
468 120943 115.014
469 120943 115.032
470 120943 115.023
471 120943 114.982
472 120943 115.03
473 120943 114.998
474 120943 114.978
475 120943 114.986
476 120943 114.995
477 120943 114.991
478 120943 115.051
479 120943 115.066
480 120943 115.047
481 120943 115.06
482 120943 115.13
483 120943 115.161
484 120943 115.172
485 120942 115.209
486 120942 115.176
487 120942 115.141
488 120942 115.097
489 120942 115.099
490 120942 115.062
491 120942 115.039
492 120941 115.023
493 120941 115.038
494 120941 115.009
495 120941 114.994
496 120941 114.932
497 120941 114.911
498 120941 114.893
499 120940 114.877
500 120940 114.875
501 120940 114.847
502 120940 114.842
503 120940 114.86
504 120940 114.827
505 120940 114.85
506 120940 114.872
507 120940 114.877
508 120940 114.884
509 120940 114.891
510 120940 114.836
511 120940 114.785
