12.7924 2059 0.126505 8 0 0 529 2059 2060 13 0 1 20 1  0
19.2709 231396 14.217 8 0 0 435 2383 2384 13 0 1 20 1  0
11.6523 2060 0.126566 1 0 0 1152 2060 2061 13 0 1 20 1  0
23.9129 45780 2.81272 1 0 0 1 2383 2385 13 0 1 20 1  0
25.3949 218247 13.4091 1 0 0 1 2707 2708 13 0 1 20 1  0
24.8115 71617 4.40015 2 0 0 1 2383 2386 13 0 1 20 1  0
34.2788 222150 13.6489 3 0 0 54 45777 45783 13 0 1 20 1  0
10.4226 9152 0.562299 3 0 0 1 9152 9153 13 0 1 20 1  0
10.3546 255097 15.6732 1 1 0.0197462 1 255097 255098 13 0 1 20 1  0
10.3354 72252 4.43916 4 3 0.059238 1 72252 72253 13 0 1 20 1  0
10.2188 221487 13.6082 3 9 0.177712 2 221487 221488 13 0 1 20 1  0
23.8585 312154 19.1787 8 0 0 1 260147 260149 13 0 1 20 1  0
23.7442 516981 31.7633 8 0 0 1 260480 260482 13 0 1 20 1  0
0 260096 15.9803 8 0 0 2111 260797 260798 13 0 1 20 1  0
26.2348 322819 19.834 1 0 0 1 260147 260150 13 0 1 20 1  0
33.3235 426308 26.1924 2 0 0 13 260147 260150 13 0 1 20 1  0
10.1627 264027 16.2218 3 0 0 1 264027 264028 13 0 1 20 1  0
29.0085 276405 16.9823 3 0 0 27 265312 265317 13 0 1 20 1  0
17.5306 291476 17.9083 5 0 0 12 276393 276396 13 0 1 20 1  0
16.7715 463226 28.4606 6 24 0.473963 458 291461 291485 13 0 1 20 1  0
10.4243 441160 27.1049 2 4 0.0789836 1 441160 441161 13 0 1 20 1  0
26.7927 729628 44.8283 8 0 0 1 522474 522476 13 0 1 20 1  0
0 522240 32.0864 8 0 0 515 522797 522799 13 0 1 20 1  0
24.9749 532814 32.7361 1 0 0 1 522474 522477 13 0 1 20 1  0
27.13 729629 44.8284 1 0 0 1 522797 522799 13 0 1 20 1  0
0 522240 32.0864 1 0 0 1089 523126 523127 13 0 1 20 1  0
30.5219 752132 46.211 2 0 0 20 522474 522478 13 0 1 20 1  0
11.5189 673600 41.386 5 1 0.0197462 3 673592 673608 13 0 1 20 1  0
13.8111 779172 47.8723 2 1 0.0197462 5 752130 752134 13 0 1 20 1  0
11.0774 751711 46.1851 3 1 0.0197462 1 751711 751712 13 0 1 20 1  0
13.3377 673004 41.3494 12 469 10.3429 8 671744 674358 13 0 1 20 1  0
0 522240 32.0864 12 294 6.06149 1 710566 710604 13 0 1 20 1  0
13.4562 785047 48.2333 8 0 0 1437 785047 785048 13 0 1 20 1  0
24.3753 805895 49.5142 8 0 0 1 787313 787314 13 0 1 20 1  0
10.2994 784731 48.2139 1 0 0 1 784731 784732 13 0 1 20 1  0
27.2539 987718 60.6854 1 0 0 3 785048 785049 13 0 1 20 1  0
24.8324 1044391 64.1674 1 0 0 1 787314 787315 13 0 1 20 1  0
10.6085 789209 48.489 2 0 0 1 789209 789210 13 0 1 20 1  0
32.6827 799867 49.1438 2 0 0 19 792304 792307 13 0 1 20 1  0
15.5711 815584 50.1095 5 1 0.0197462 79 799852 799875 13 0 1 20 1  0
16.5568 822891 50.5584 5 12 0.236951 62 815577 815599 13 0 1 20 1  0
11.5524 1046404 64.2911 12 1988 188.39 4 1044512 1046530 13 0 1 20 1  0
17.4178 1046649 64.3061 8 0 0 1667 1046649 1046650 13 0 1 20 1  0
23.8932 1058390 65.0275 8 0 0 1 1046971 1046972 13 0 1 20 1  0
18.4074 1301636 79.9725 8 0 0 1 1047294 1047296 13 0 1 20 1  0
31.3501 1176675 72.2949 1 0 0 24 1046649 1046651 13 0 1 20 1  0
36.928 1287848 79.1254 2 0 0 5 1046649 1046652 13 0 1 20 1  0
10.0002 1049559 64.4849 3 0 0 1 1049559 1049560 13 0 1 20 1  0
11.4384 1295381 79.5882 5 0 0 4 1086280 1086284 13 0 1 20 1  0
10.0335 1069273 65.6961 1 1 0.0197462 1 1069273 1069274 13 0 1 20 1  0
12.297 1058388 65.0274 2 1 0.0197462 3 1058388 1058389 13 0 1 20 1  0
11.0158 1072388 65.8875 2 2 0.0394922 4 1072388 1072389 13 0 1 20 1  0
16.0456 1116251 68.5825 3 2 0.0394922 22 1116249 1116253 13 0 1 20 1  0
13.2937 1226759 75.3721 3 8 0.157966 5 1116240 1116245 13 0 1 20 1  0
10.7989 1309385 80.4486 8 0 0 1880 1309385 1309386 13 0 1 20 1  0
22.9442 1530873 94.0568 8 0 0 1 1309601 1309602 13 0 1 20 1  0
12.1639 1309067 80.4291 1 0 0 1 1309067 1309068 13 0 1 20 1  0
37.309 1530873 94.0568 2 0 0 6 1309385 1309387 13 0 1 20 1  0
35.4973 1564173 96.1028 3 0 0 11 1311524 1311528 13 0 1 20 1  0
10.0378 1309713 80.4688 3 0 0 1 1309713 1309714 13 0 1 20 1  0
23.485 1526691 93.7999 4 0 0 77 1368522 1368524 13 0 1 20 1  0
22.784 1491360 91.6292 9 5 0.0987291 2383 1490977 1493361 13 0 1 20 1  0
10.9247 1394824 85.698 1 1 0.0197462 8 1394824 1394825 13 0 1 20 1  0
17.6005 1368620 84.088 4 8 0.157966 74 1368615 1368628 13 0 1 20 1  0
14.9183 1493128 91.7378 6 11 0.217204 55 1368590 1368605 13 0 1 20 1  0
0 1308672 80.4048 6 379 8.04386 1 1491413 1491415 13 0 1 20 1  0
0 1308672 80.4048 9 722 18.4353 2 1492777 1492812 13 0 1 20 1  0
0 1308672 80.4048 9 2716 685.581 699 1381440 1382991 13 0 1 20 1  0
10.4858 1382849 84.9622 7 2735 709.077 1 1378780 1379350 13 0 1 20 1  0
11.9293 1383842 85.0232 7 2737 711.597 1 1378676 1381056 13 0 1 20 1  0
10.315 1380097 84.7932 4 2755 734.68 1 1378607 1378609 13 0 1 20 1  0
10.4861 1377249 84.6182 2 2781 769.349 1 1377249 1377250 13 0 1 20 1  0
12.1771 1377290 84.6207 2 2781 769.349 1 1377274 1378100 13 0 1 20 1  0
12.1274 1377204 84.6154 2 2782 770.715 1 1377106 1377527 13 0 1 20 1  0
14.4872 1376662 84.5821 3 2785 774.826 1 1376575 1376831 13 0 1 20 1  0
16.111 1376286 84.559 4 2787 777.579 2 1376221 1378034 13 0 1 20 1  0
15.2588 1376143 84.5502 4 2788 778.959 2 1376023 1378012 13 0 1 20 1  0
11.1053 1335740 82.0679 12 3000 1134.47 1 1334334 1336452 13 0 1 20 1  0
13.3221 1572290 96.6015 8 0 0 1 1572290 1572291 13 0 1 20 1  0
22.7718 1732454 106.442 8 0 0 1 1573256 1573257 13 0 1 20 1  0
0 1570816 96.5109 8 0 0 993 1575233 1575234 13 0 1 20 1  0
12.0875 1571322 96.542 1 0 0 1 1571322 1571323 13 0 1 20 1  0
30.4916 1805620 110.937 2 0 0 16 1575233 1575235 13 0 1 20 1  0
11.3483 1572292 96.6016 2 0 0 1 1572292 1572293 13 0 1 20 1  0
14.5037 1714043 105.311 6 29 0.572762 166 1714025 1714064 13 0 1 20 1  0
12.428 1605849 98.6634 2 1 0.0197462 3 1605849 1605850 13 0 1 20 1  0
11.8298 1595122 98.0043 5 6 0.118475 12 1595117 1595125 13 0 1 20 1  0
10.1277 1632466 100.299 2 3 0.059238 1 1632466 1632467 13 0 1 20 1  0
10.4194 1599011 98.2432 3 4 0.0789836 2 1599011 1599012 13 0 1 20 1  0
11.2812 1603438 98.5152 12 139 2.76988 1 1603290 1604196 13 0 1 20 1  0
25.3155 1888904 116.054 8 0 0 1 1833635 1833637 13 0 1 20 1  0
0 1832960 112.617 8 0 0 413 1834599 1834600 13 0 1 20 1  0
25.436 1918655 117.882 1 0 0 1 1833635 1833637 13 0 1 20 1  0
0 1832960 112.617 1 0 0 798 1834600 1834601 13 0 1 20 1  0
22.1928 1941393 119.279 2 0 0 4 1833635 1833638 13 0 1 20 1  0
18.418 1948596 119.722 3 0 0 6 1845591 1845594 13 0 1 20 1  0
12.4193 2095178 128.728 8 0 0 1496 2095178 2095179 13 0 1 20 1  0
22.9454 2215890 136.144 8 0 0 1 2095501 2095503 13 0 1 20 1  0
12.8733 2095179 128.728 1 0 0 1 2095179 2095180 13 0 1 20 1  0
39.1552 2184882 134.239 2 0 0 37 2095501 2095504 13 0 1 20 1  0
22.9191 2297599 141.164 1 0 0 2 2095824 2095825 13 0 1 20 1  0
12.1719 2150680 132.138 5 0 0 4 2122860 2122871 13 0 1 20 1  0
17.1694 2215888 136.144 2 1 0.0197462 4 2184878 2184883 13 0 1 20 1  0
10.1014 2171693 133.429 3 2 0.0394922 1 2171693 2171694 13 0 1 20 1  0
10.0543 2125450 130.588 5 2 0.0394922 1 2125450 2125451 13 0 1 20 1  0
10.6954 2356710 144.796 10 273 5.59455 2 2356680 2356732 13 0 1 20 1  0
10.8942 2356253 144.768 10 552 12.6953 4 2356194 2356418 13 0 1 20 1  0
12.1834 2359036 144.939 8 0 0 1 2359036 2359037 13 0 1 20 1  0
25.1128 2602970 159.926 8 0 0 1 2359361 2359363 13 0 1 20 1  0
0 2357248 144.829 8 0 0 1728 2359683 2359684 13 0 1 20 1  0
10.3975 2358713 144.919 1 0 0 1 2358713 2358714 13 0 1 20 1  0
24.492 2454109 150.78 1 0 0 1 2359036 2359038 13 0 1 20 1  0
39.4964 2540542 156.091 2 0 0 10 2359036 2359038 13 0 1 20 1  0
44.7026 2585189 158.834 3 0 0 178 2395263 2395265 13 0 1 20 1  0
27.1936 2573895 158.14 3 1 0.0197462 9 2535529 2535536 13 0 1 20 1  0
12.7336 2602964 159.926 2 4 0.0789836 1 2535528 2535530 13 0 1 20 1  0
10.6585 2621116 161.041 8 0 0 1 2621116 2621117 13 0 1 20 1  0
25.4505 2785122 171.118 8 0 0 1 2621596 2621597 13 0 1 20 1  0
0 2619392 160.935 8 0 0 1215 2623055 2623056 13 0 1 20 1  0
10.1517 2620153 160.982 1 0 0 1 2620153 2620154 13 0 1 20 1  0
32.2356 2646632 162.609 1 0 0 1 2620632 2620633 13 0 1 20 1  0
45.443 2687695 165.132 3 0 0 270 2631104 2631114 13 0 1 20 1  0
10.6321 2631108 161.655 1 1 0.0197462 6 2631108 2631109 13 0 1 20 1  0
10.1234 2785121 171.118 1 1 0.0197462 1 2785121 2785122 13 0 1 20 1  0
19.9276 2783724 171.032 3 3 0.059238 13 2631102 2631104 13 0 1 20 1  0
11.46 2783595 171.024 8 11 0.217204 3 2783589 2783613 13 0 1 20 1  0
11.6737 2881752 177.055 8 0 0 1237 2881752 2881753 13 0 1 20 1  0
53.9478 2995879 184.067 3 0 0 200 2945082 2945086 13 0 1 20 1  0
10.0321 2881752 177.055 2 0 0 1 2881752 2881753 13 0 1 20 1  0
10.0994 2918624 179.32 3 0 0 1 2918624 2918625 13 0 1 20 1  0
12.7888 3124259 191.954 2 4 0.0789836 2 2952525 2952527 13 0 1 20 1  0
11.5129 3109488 191.047 7 1 0.0197462 1 2995817 2995936 13 0 1 20 1  0
13.8518 2952527 181.403 2 3 0.059238 3 2952526 2952529 13 0 1 20 1  0
16.2366 2994884 184.006 3 12 0.236951 23 2952510 2952515 13 0 1 20 1  0
10.1205 3143239 193.121 11 112 2.22433 1 3143237 3143244 13 0 1 20 1  0
10.564 3108780 191.003 11 161 3.21894 1 3108741 3109127 13 0 1 20 1  0
10.1159 3145347 193.25 8 0 0 1 3145347 3145348 13 0 1 20 1  0
22.3141 3403177 209.091 8 0 0 1 3145994 3145995 13 0 1 20 1  0
0 3143680 193.148 8 0 0 1500 3146321 3146322 13 0 1 20 1  0
10.1078 3144384 193.191 1 0 0 1 3144384 3144385 13 0 1 20 1  0
28.849 3220058 197.84 1 0 0 15 3144705 3144706 13 0 1 20 1  0
37.0947 3403177 209.091 2 0 0 6 3150205 3150206 13 0 1 20 1  0
10.6231 3147295 193.37 2 0 0 1 3147295 3147296 13 0 1 20 1  0
10.0806 3162824 194.324 3 0 0 1 3162824 3162825 13 0 1 20 1  0
33.8546 3348479 205.731 3 0 0 23 3180486 3180492 13 0 1 20 1  0
13.5989 3277979 201.399 4 3 0.059238 13 3277977 3277984 13 0 1 20 1  0
12.5743 3361234 206.514 5 42 0.829836 97 3361226 3361244 13 0 1 20 1  0
24.2041 3518591 216.182 8 0 0 1 3406140 3406142 13 0 1 20 1  0
20.2449 3642553 223.798 8 0 0 1 3407109 3407110 13 0 1 20 1  0
0 3405824 209.254 8 0 0 1913 3408068 3408069 13 0 1 20 1  0
14.2942 3406141 209.273 1 0 0 1 3406141 3406142 13 0 1 20 1  0
23.8856 3531372 216.967 1 0 0 1 3407110 3407111 13 0 1 20 1  0
24.6969 3608445 221.703 2 0 0 6 3406141 3406143 13 0 1 20 1  0
13.9938 3458440 212.487 4 0 0 23 3448054 3448059 13 0 1 20 1  0
17.4935 3448401 211.87 4 8 0.157966 328 3448080 3448088 13 0 1 20 1  0
10.2721 3448172 211.856 10 456 9.99597 1 3448100 3448195 13 0 1 20 1  0
25.3713 3762907 231.193 8 0 0 1 3668425 3668427 13 0 1 20 1  0
0 3667968 225.36 8 0 0 1689 3668467 3668468 13 0 1 20 1  0
11.1562 3668100 225.368 1 0 0 1 3668100 3668101 13 0 1 20 1  0
33.2375 3762907 231.193 2 0 0 9 3668425 3668428 13 0 1 20 1  0
34.0417 3900101 239.622 2 0 0 20 3668467 3668470 13 0 1 20 1  0
14.8607 3899132 239.563 4 1 0.0197462 94 3762900 3762910 13 0 1 20 1  0
11.2236 3761871 231.129 3 1 0.0197462 4 3761871 3761872 13 0 1 20 1  0
12.7903 3908999 240.169 5 2 0.0394922 8 3849112 3849119 13 0 1 20 1  0
11.2918 3872420 237.921 6 1 0.0197462 3 3872404 3872427 13 0 1 20 1  0
13.2269 3771171 231.701 4 3 0.059238 3 3771170 3771173 13 0 1 20 1  0
10.3215 3849113 236.489 5 4 0.0789836 1 3849113 3849114 13 0 1 20 1  0
16.2547 3871500 237.865 12 82 1.6239 11 3867274 3873948 13 0 1 20 1  0
18.2072 3930092 241.465 12 379 8.04386 35 3922174 3930114 13 0 1 20 1  0
10.8653 3923868 241.082 6 59 1.16662 17 3923860 3923881 13 0 1 20 1  0
10.0085 3840060 235.933 12 227 4.59778 1 3840060 3840062 13 0 1 20 1  0
10.4726 3870824 237.823 12 416 8.96102 1 3870680 3871044 13 0 1 20 1  0
0 3667968 225.36 12 666 16.3865 1 3922840 3923496 13 0 1 20 1  0
12.0049 3920878 240.899 12 1090 37.5574 7 3920264 3922244 13 0 1 20 1  0
10.8161 3834636 235.6 12 1314 56.5263 1 3834320 3835542 13 0 1 20 1  0
0 3667968 225.36 12 1314 56.5263 1 3919642 3920082 13 0 1 20 1  0
13.7804 3930326 241.479 8 0 0 1118 3930326 3930327 13 0 1 20 1  0
21.0736 4109962 252.516 8 0 0 1 3930654 3930655 13 0 1 20 1  0
28.1746 4109962 252.516 1 0 0 2 3930326 3930328 13 0 1 20 1  0
10.0854 3930327 241.479 2 0 0 1 3930327 3930328 13 0 1 20 1  0
29.7946 4071948 250.18 2 0 0 5 3931944 3931948 13 0 1 20 1  0
26.726 4037285 248.051 3 0 0 81 3931942 3931945 13 0 1 20 1  0
13.9176 3933341 241.664 2 2 0.0394922 4 3933340 3933343 13 0 1 20 1  0
12.5363 3981277 244.61 2 3 0.059238 2 3933339 3933341 13 0 1 20 1  0
11.2486 4007788 246.238 3 20 0.394946 3 4007786 4007790 13 0 1 20 1  0
10.6011 4036914 248.028 5 32 0.63206 17 4036912 4036920 13 0 1 20 1  0
10.5249 3943631 242.297 6 48 0.948609 4 3943627 3943640 13 0 1 20 1  0
10.052 3957781 243.166 9 298 6.15136 1 3957781 3957782 13 0 1 20 1  0
13.5 4192259 257.572 8 0 0 481 4192259 4192260 13 0 1 20 1  0
20.0269 4303304 264.395 8 0 0 1 4192583 4192584 13 0 1 20 1  0
11.1946 4192260 257.572 1 0 0 436 4192260 4192261 13 0 1 20 1  0
25.6737 4299312 264.15 2 0 0 15 4203270 4203273 13 0 1 20 1  0
10.0163 4195060 257.744 3 0 0 1 4195060 4195061 13 0 1 20 1  0
11.2647 4253171 261.315 4 0 0 1 4246695 4246705 13 0 1 20 1  0
10.8512 4372475 268.645 5 0 0 1 4253167 4253178 13 0 1 20 1  0
12.4538 4455936 273.773 8 0 0 1 4455936 4455937 13 0 1 20 1  0
20.7033 4493123 276.057 8 0 0 1 4456903 4456904 13 0 1 20 1  0
0 4454400 273.678 8 0 0 222 4457385 4457386 13 0 1 20 1  0
29.753 4493122 276.057 2 0 0 8 4455936 4455938 13 0 1 20 1  0
0 4454400 273.678 1 0 0 317 4455969 4455970 13 0 1 20 1  0
21.8701 4599917 282.619 3 0 0 16 4493118 4493126 13 0 1 20 1  0
11.857 4635502 284.805 4 1 0.0197462 6 4599911 4599920 13 0 1 20 1  0
10.0703 4617403 283.693 1 1 0.0197462 1 4617403 4617404 13 0 1 20 1  0
10.4437 4513853 277.331 4 1 0.0197462 3 4513853 4513854 13 0 1 20 1  0
10.9307 4636139 284.844 4 2 0.0394922 1 4599913 4599921 13 0 1 20 1  0
10.5212 4670499 286.955 7 7 0.13822 1 4670497 4670502 13 0 1 20 1  0
13.0451 4716769 289.798 8 0 0 943 4716769 4716770 13 0 1 20 1  0
20.2759 4963584 304.963 8 0 0 1 4718385 4718387 13 0 1 20 1  0
12.6033 4716770 289.798 1 0 0 1 4716770 4716771 13 0 1 20 1  0
25.731 4963584 304.963 1 0 0 1 4718386 4718387 13 0 1 20 1  0
30.0085 4955499 304.466 2 0 0 1 4718386 4718388 13 0 1 20 1  0
34.0121 4850756 298.03 6 52 1.02784 4979 4850717 4850809 13 0 1 20 1  0
10.2549 4788170 294.185 2 3 0.059238 1 4788170 4788171 13 0 1 20 1  0
10.1255 4822145 296.273 5 4 0.0789836 1 4822145 4822146 13 0 1 20 1  0
0 4716544 289.784 12 122 2.42574 2 4898344 4898368 13 0 1 20 1  0
10.174 4867420 299.054 12 2256 303.168 1 4867366 4867484 13 0 1 20 1  0
11.6954 4981581 306.068 8 0 0 1 4981581 4981582 13 0 1 20 1  0
22.2023 5101352 313.427 8 0 0 1 4982230 4982231 13 0 1 20 1  0
0 4978688 305.891 8 0 0 1100 4986763 4986765 13 0 1 20 1  0
11.0633 4979652 305.95 1 0 0 1 4979652 4979653 13 0 1 20 1  0
32.3842 5101353 313.427 2 0 0 4 4986764 4986766 13 0 1 20 1  0
14.2535 5224800 321.012 1 0 0 1 4981252 4981253 13 0 1 20 1  0
26.0073 5032154 309.176 3 0 0 91 5030850 5030857 13 0 1 20 1  0
12.9056 5226294 321.103 5 2 0.0394922 8 5032140 5032161 13 0 1 20 1  0
12.8798 5241288 322.025 8 0 0 480 5241288 5241289 13 0 1 20 1  0
22.27 5437417 334.075 8 0 0 1 5244522 5244524 13 0 1 20 1  0
32.6401 5366259 329.703 2 0 0 27 5244522 5244525 13 0 1 20 1  0
28.9354 5437418 334.075 1 0 0 1 5243561 5243562 13 0 1 20 1  0
0 5240832 321.997 1 0 0 958 5243883 5243884 13 0 1 20 1  0
10.6392 5241289 322.025 2 0 0 1 5241289 5241290 13 0 1 20 1  0
10.4969 5364247 329.579 5 0 0 2 5364241 5364253 13 0 1 20 1  0
16.4717 5453038 335.035 2 1 0.0197462 4 5366257 5366260 13 0 1 20 1  0
16.385 5466846 335.883 3 1 0.0197462 4 5366255 5366261 13 0 1 20 1  0
14.4647 5370440 329.96 3 7 0.13822 7 5366247 5366252 13 0 1 20 1  0
11.7671 5393084 331.351 3 13 0.256698 5 5366236 5366242 13 0 1 20 1  0
10.9116 5503613 338.142 8 0 0 2000 5503613 5503614 13 0 1 20 1  0
42.4568 5588145 343.336 3 0 0 171 5507279 5507292 13 0 1 20 1  0
31.5167 5588457 343.355 1 0 0 3 5503613 5503615 13 0 1 20 1  0
20.0905 5521930 339.267 5 0 0 42 5507271 5507299 13 0 1 20 1  0
14.7603 5600840 344.116 5 5 0.0987291 13 5521911 5521942 13 0 1 20 1  0
18.8207 5507280 338.367 3 3 0.059238 17 5507278 5507285 13 0 1 20 1  0
12.2495 5508236 338.426 2 8 0.157966 1 5507271 5507276 13 0 1 20 1  0
11.655 5570027 342.222 11 614 14.6291 1 5569661 5570538 13 0 1 20 1  0
37.6551 5856867 359.846 2 0 0 53 5766256 5766259 13 0 1 20 1  0
0 5765120 354.209 8 0 0 1357 5766700 5766701 13 0 1 20 1  0
16.7317 6025813 370.226 1 0 0 1 5766700 5766701 13 0 1 20 1  0
13.428 5793933 355.979 5 0 0 33 5793914 5793949 13 0 1 20 1  0
12.5816 5857856 359.907 2 4 0.0789836 2 5856861 5856865 13 0 1 20 1  0
12.5082 5993705 368.253 2 5 0.0987291 3 5856860 5856863 13 0 1 20 1  0
15.109 5919964 363.723 3 7 0.13822 7 5856855 5856861 13 0 1 20 1  0
11.2719 5922546 363.881 2 9 0.177712 1 5856854 5856858 13 0 1 20 1  0
12.3804 5864006 360.285 3 14 0.276446 3 5856844 5856852 13 0 1 20 1  0
11.8015 5919301 363.682 3 15 0.296194 5 5856843 5856850 13 0 1 20 1  0
12.2444 6027266 370.315 8 0 0 1310 6027266 6027267 13 0 1 20 1  0
21.3634 6279962 385.841 8 0 0 1 6029173 6029174 13 0 1 20 1  0
27.605 6279962 385.841 1 0 0 2 6027725 6027726 13 0 1 20 1  0
30.1492 6142511 377.396 2 0 0 7 6029665 6029667 13 0 1 20 1  0
32.3327 6142827 377.415 3 0 0 180 6036496 6036514 13 0 1 20 1  0
14.4814 6107989 375.275 5 0 0 7 6107972 6108004 13 0 1 20 1  0
11.304 6045567 371.44 2 2 0.0394922 2 6045567 6045568 13 0 1 20 1  0
11.0546 6138936 377.176 2 5 0.0987291 3 6138936 6138937 13 0 1 20 1  0
13.2327 6143120 377.433 3 6 0.118475 2 6142499 6142503 13 0 1 20 1  0
10.1757 6044436 371.37 4 7 0.13822 6 6044436 6044437 13 0 1 20 1  0
14.0253 6150293 377.874 3 5 0.0987291 1 6142501 6142505 13 0 1 20 1  0
10.7073 6289534 386.429 8 0 0 1389 6289534 6289535 13 0 1 20 1  0
20.4615 6464298 397.166 8 0 0 1 6290026 6290027 13 0 1 20 1  0
10.9095 6289535 386.429 1 0 0 1 6289535 6289536 13 0 1 20 1  0
32.1131 6464299 397.167 2 0 0 4 6290025 6290029 13 0 1 20 1  0
19.9166 6548277 402.326 1 0 0 1 6291000 6291002 13 0 1 20 1  0
29.7321 6433892 395.298 3 0 0 44 6290028 6290030 13 0 1 20 1  0
15.021 6524393 400.859 5 0 0 48 6392438 6392455 13 0 1 20 1  0
11.0526 6382734 392.155 3 1 0.0197462 2 6382734 6382735 13 0 1 20 1  0
21.126 6582064 404.402 8 0 0 1 6551837 6551839 13 0 1 20 1  0
14.7973 6551884 402.548 3 0 0 1424 6551871 6551892 13 0 1 20 1  0
20.9001 6659690 409.171 1 0 0 1 6551837 6551839 13 0 1 20 1  0
19.2816 6810879 418.46 1 0 0 1 6551883 6551884 13 0 1 20 1  0
18.4816 6753195 414.916 2 0 0 4 6551837 6551840 13 0 1 20 1  0
26.6725 6938296 426.289 8 0 0 1 6813946 6813948 13 0 1 20 1  0
21.199 7017682 431.166 8 0 0 1 6814280 6814281 13 0 1 20 1  0
0 6813696 418.633 8 0 0 653 6814753 6814755 13 0 1 20 1  0
27.1952 6938297 426.289 1 0 0 1 6813946 6813948 13 0 1 20 1  0
0 6813696 418.633 1 0 0 1482 6814281 6814282 13 0 1 20 1  0
30.5826 6903156 424.13 2 0 0 15 6813945 6813949 13 0 1 20 1  0
26.8079 6952628 427.169 2 0 0 3 6814280 6814283 13 0 1 20 1  0
11.1122 6955439 427.342 1 1 0.0197462 1 6955439 6955440 13 0 1 20 1  0
10.595 6959570 427.596 12 2109 233.547 2 6959346 6960404 13 0 1 20 1  0
10.7542 7076205 434.762 8 0 0 2004 7076205 7076206 13 0 1 20 1  0
25.3512 7277078 447.104 8 0 0 4 7076682 7076683 13 0 1 20 1  0
22.6874 7323004 449.925 8 0 0 22 7076710 7076711 13 0 1 20 1  0
11.5444 7076206 434.762 1 0 0 1 7076206 7076207 13 0 1 20 1  0
32.4048 7277079 447.104 1 0 0 1 7076236 7076238 13 0 1 20 1  0
10.9597 7076237 434.764 2 0 0 1 7076237 7076238 13 0 1 20 1  0
36.2677 7323515 449.957 2 0 0 5 7076681 7076685 13 0 1 20 1  0
10 7100488 436.254 3 0 0 1 7100488 7100489 13 0 1 20 1  0
36.3847 7289922 447.893 3 0 0 51 7102428 7102435 13 0 1 20 1  0
11.1753 7225977 443.964 6 1 0.0197462 3 7225963 7225992 13 0 1 20 1  0
12.1405 7122389 437.6 2 5 0.0987291 3 7122389 7122391 13 0 1 20 1  0
10.5449 7297445 448.355 5 3 0.059238 1 7277074 7277077 13 0 1 20 1  0
10.0837 7277718 447.143 4 6 0.118475 2 7277718 7277719 13 0 1 20 1  0
10.3649 7338001 450.847 8 0 0 1400 7338001 7338002 13 0 1 20 1  0
21.7904 7588747 466.253 8 0 0 1 7338648 7338649 13 0 1 20 1  0
10.8146 7338002 450.847 1 0 0 84 7338002 7338003 13 0 1 20 1  0
23.3988 7515622 461.76 1 0 0 1 7338649 7338650 13 0 1 20 1  0
25.4161 7569942 465.097 1 0 0 5 7339608 7339609 13 0 1 20 1  0
11.9801 7404982 454.962 4 0 0 3 7338848 7338850 13 0 1 20 1  0
25.029 7647515 469.863 8 0 0 1 7600219 7600221 13 0 1 20 1  0
21.6557 7807948 479.72 8 0 0 1 7600540 7600541 13 0 1 20 1  0
0 7600128 466.952 8 0 0 596 7600867 7600869 13 0 1 20 1  0
38.3934 7647515 469.863 2 0 0 21 7600218 7600222 13 0 1 20 1  0
0 7600128 466.952 1 0 0 1366 7600540 7600542 13 0 1 20 1  0
11.9572 7770304 477.407 5 8 0.157966 13 7770301 7770309 13 0 1 20 1  0
10.1282 7672802 471.417 6 0 0 1 7672801 7672803 13 0 1 20 1  0
10.0741 7617730 468.033 4 1 0.0197462 1 7617730 7617731 13 0 1 20 1  0
11.4703 7862393 483.065 8 0 0 1875 7862393 7862394 13 0 1 20 1  0
23.1185 7882122 484.278 8 0 0 1 7862718 7862719 13 0 1 20 1  0
11.7403 7862393 483.065 1 0 0 1 7862393 7862394 13 0 1 20 1  0
26.2738 7940940 487.891 1 0 0 1 7862719 7862720 13 0 1 20 1  0
26.5802 8119827 498.882 1 0 0 1 7863042 7863044 13 0 1 20 1  0
32.3041 8101334 497.746 2 0 0 29 7863041 7863044 13 0 1 20 1  0
17.9743 8050632 494.631 6 0 0 75 8050592 8050669 13 0 1 20 1  0
10.4114 7907966 485.865 2 1 0.0197462 1 7907966 7907967 13 0 1 20 1  0
10.4096 7896113 485.137 3 1 0.0197462 1 7896113 7896114 13 0 1 20 1  0
26.5891 8178635 502.495 8 0 0 1 8124509 8124511 13 0 1 20 1  0
18.685 8342638 512.572 8 0 0 1 8125148 8125149 13 0 1 20 1  0
0 8124416 499.164 8 0 0 1991 8125470 8125472 13 0 1 20 1  0
29.2857 8155632 501.082 1 0 0 5 8124510 8124512 13 0 1 20 1  0
21.6104 8278208 508.613 1 0 0 2 8125149 8125150 13 0 1 20 1  0
44.8259 8157581 501.202 3 0 0 352 8126439 8126441 13 0 1 20 1  0
10.2346 8125474 499.229 3 0 0 1 8125474 8125475 13 0 1 20 1  0
10.7441 8149380 500.698 2 1 0.0197462 1 8149380 8149381 13 0 1 20 1  0
10.5621 8141513 500.215 4 1 0.0197462 3 8141513 8141514 13 0 1 20 1  0
14.9787 8158541 501.261 2 2 0.0394922 4 8157576 8157582 13 0 1 20 1  0
11.1925 8165354 501.679 12 591 13.8924 1 8164670 8165790 13 0 1 20 1  0
10.5885 8124416 499.164 12 2002 193.134 1 8124416 8125158 13 0 1 20 1  0
10.511 8124438 499.165 12 2912 970.552 1 8124416 8125174 13 0 1 20 1  0
14.7529 8386592 515.272 1 0 0 2098 8386592 8386593 13 0 1 20 1  0
23.7087 8521318 523.55 8 0 0 1 8386913 8386914 13 0 1 20 1  0
22.1444 8628791 530.153 8 0 0 1 8387239 8387240 13 0 1 20 1  0
35.9559 8467785 520.261 3 0 0 51 8428934 8428935 13 0 1 20 1  0
35.352 8632673 530.391 2 0 0 8 8387241 8387242 13 0 1 20 1  0
10.5659 8407111 516.533 3 0 0 1 8407111 8407112 13 0 1 20 1  0
10.2399 8448846 519.097 4 0 0 1 8448846 8448847 13 0 1 20 1  0
10.2178 8540538 524.731 1 1 0.0197462 1 8540538 8540539 13 0 1 20 1  0
13.1916 8628787 530.153 2 3 0.059238 7 8467780 8467783 13 0 1 20 1  0
11.9289 8644946 531.145 11 50 0.988221 1 8639811 8648538 13 0 1 20 1  0
10.3334 8636694 530.638 12 2359 363.957 2 8636652 8636762 13 0 1 20 1  0
10.1746 8648734 531.378 8 0 0 579 8648734 8648735 13 0 1 20 1  0
22.2792 8654676 531.743 8 0 0 1 8649057 8649058 13 0 1 20 1  0
13.8437 8910791 547.479 8 0 0 1 8649380 8649381 13 0 1 20 1  0
12.1831 8648734 531.378 1 0 0 1012 8648734 8648735 13 0 1 20 1  0
30.2546 8654676 531.743 2 0 0 21 8649705 8649708 13 0 1 20 1  0
12.959 8908518 547.339 2 0 0 1 8650027 8650029 13 0 1 20 1  0
13.5171 8668768 532.609 8 349 7.32577 591 8668694 8668851 13 0 1 20 1  0
13.0333 8729798 536.359 12 31 0.612292 4 8728622 8731894 13 0 1 20 1  0
10.6778 8870193 544.985 10 160 3.19842 3 8870151 8870239 13 0 1 20 1  0
11.6266 8729254 536.325 12 667 16.4216 1 8728680 8731518 13 0 1 20 1  0
10.1811 8726332 536.146 11 1670 106.997 1 8726316 8726339 13 0 1 20 1  0
12.07 8661860 532.185 11 2750 728.194 7 8660939 8663178 13 0 1 20 1  0
10.4474 8691178 533.986 12 2905 958.578 1 8690990 8691350 13 0 1 20 1  0
12.2123 8911102 547.498 8 0 0 1921 8911102 8911103 13 0 1 20 1  0
21.7499 9013723 553.803 8 0 0 1 8911437 8911439 13 0 1 20 1  0
19.3588 9164757 563.083 8 0 0 1 8911483 8911484 13 0 1 20 1  0
29.3681 9013723 553.803 1 0 0 4 8911102 8911104 13 0 1 20 1  0
20.8879 9167827 563.271 1 0 0 1 8911437 8911440 13 0 1 20 1  0
28.26 9027436 554.646 2 0 0 7 8911437 8911440 13 0 1 20 1  0
16.7318 9149441 562.142 2 0 0 1 8911751 8911754 13 0 1 20 1  0
14.5614 9047924 555.904 2 1 0.0197462 3 9013721 9013723 13 0 1 20 1  0
11.4488 9027864 554.672 6 0 0 3 9025921 9025923 13 0 1 20 1  0
10.2328 8954157 550.143 2 1 0.0197462 2 8954157 8954158 13 0 1 20 1  0
10.1546 9075074 557.573 4 1 0.0197462 1 9075074 9075075 13 0 1 20 1  0
13.3811 9024645 554.474 2 2 0.0394922 7 9024644 9024646 13 0 1 20 1  0
10.4219 9027228 554.633 5 3 0.059238 1 9027227 9027229 13 0 1 20 1  0
10.0711 8944058 549.523 3 4 0.0789836 2 8944058 8944059 13 0 1 20 1  0
11.2312 9172990 563.589 12 2297 326.045 1 9171450 9172994 13 0 1 20 1  0
19.4609 9173157 563.599 8 0 0 1997 9173157 9173158 13 0 1 20 1  0
25.8123 9221483 566.568 8 0 0 1 9173806 9173808 13 0 1 20 1  0
44.2624 9383714 576.535 3 0 0 97 9181412 9181420 13 0 1 20 1  0
36.195 9260233 568.949 2 0 0 16 9173156 9173160 13 0 1 20 1  0
10.4228 9181415 564.106 3 1 0.0197462 1 9181415 9181416 13 0 1 20 1  0
12.3543 9213125 566.054 2 2 0.0394922 5 9213125 9213126 13 0 1 20 1  0
13.4986 9220146 566.486 4 7 0.13822 4 9220142 9220150 13 0 1 20 1  0
10.0492 9188441 564.538 3 9 0.177712 1 9188441 9188442 13 0 1 20 1  0
10.3649 9173228 563.603 12 513 11.5589 1 9173088 9173770 13 0 1 20 1  0
10.2123 9429184 579.329 12 660 16.1769 1 9429022 9429220 13 0 1 20 1  0
10.3013 9425412 579.097 12 1167 43.2716 1 9425340 9425530 13 0 1 20 1  0
11.3051 9174404 563.675 12 1464 74.0411 1 9174150 9175264 13 0 1 20 1  0
12.7957 9435345 579.708 8 0 0 3793 9435345 9435346 13 0 1 20 1  0
27.0675 9589669 589.189 4 3 0.059238 68 9500458 9500475 13 0 1 20 1  0
25.8478 9670484 594.155 8 0 0 1 9435991 9435993 13 0 1 20 1  0
49.4701 9589990 589.209 3 0 0 9 9453457 9453460 13 0 1 20 1  0
40.231 9586750 589.01 2 0 0 5 9435345 9435347 13 0 1 20 1  0
44.2198 9688319 595.25 4 0 0 1013 9500461 9500482 13 0 1 20 1  0
12.0207 9500453 583.708 2 12 0.236951 6 9500452 9500458 13 0 1 20 1  0
12.1912 9567681 587.838 1 1 0.0197462 1 9567680 9567682 13 0 1 20 1  0
10.0018 9600330 589.844 1 2 0.0394922 1 9600330 9600331 13 0 1 20 1  0
23.0427 9568965 587.917 4 6 0.118475 4 9500455 9500469 13 0 1 20 1  0
14.6913 9589674 589.19 2 3 0.059238 1 9500462 9500471 13 0 1 20 1  0
13.33 9670478 594.154 2 5 0.0987291 1 9500459 9500468 13 0 1 20 1  0
12.9148 9670787 594.173 2 6 0.118475 1 9500462 9500466 13 0 1 20 1  0
20.7693 9687271 595.186 4 17 0.335692 32 9500441 9500454 13 0 1 20 1  0
10.0665 9500385 583.704 7 27 0.533239 1 9500385 9500386 13 0 1 20 1  0
10.9144 9567637 587.836 3 32 0.63206 5 9567637 9567638 13 0 1 20 1  0
11.1974 9697527 595.816 8 0 0 1771 9697527 9697528 13 0 1 20 1  0
25.6414 9850009 605.185 8 0 0 1 9697854 9697855 13 0 1 20 1  0
12.3381 9697528 595.816 1 0 0 1 9697528 9697529 13 0 1 20 1  0
30.5385 9850010 605.185 1 0 0 1 9697854 9697856 13 0 1 20 1  0
23.1702 9911029 608.934 1 0 0 1 9698179 9698181 13 0 1 20 1  0
40.4384 9848615 605.099 3 0 0 17 9710243 9710257 13 0 1 20 1  0
40.1813 9856101 605.559 4 0 0 672 9710241 9710258 13 0 1 20 1  0
17.4057 9854438 605.457 2 1 0.0197462 4 9710246 9710253 13 0 1 20 1  0
11.6086 9710234 596.597 2 10 0.197458 6 9710232 9710237 13 0 1 20 1  0
10.9601 9777163 600.709 2 4 0.0789836 1 9777163 9777164 13 0 1 20 1  0
18.2971 9849252 605.138 3 6 0.118475 11 9710238 9710244 13 0 1 20 1  0
12.4631 9960054 611.946 8 0 0 357 9960054 9960055 13 0 1 20 1  0
19.2061 10020207 615.641 8 0 0 1 9961675 9961676 13 0 1 20 1  0
12.1381 9960055 611.946 1 0 0 1 9960055 9960056 13 0 1 20 1  0
21.821 10130564 622.422 2 0 0 5 9963012 9963015 13 0 1 20 1  0
0 9959424 611.907 1 0 0 465 9963012 9963014 13 0 1 20 1  0
19.1321 10054902 617.773 3 0 0 9 9997034 9997038 13 0 1 20 1  0
11.5711 10123466 621.986 2 1 0.0197462 1 10123466 10123468 13 0 1 20 1  0
11.3841 10123780 622.005 2 3 0.059238 7 10123780 10123781 13 0 1 20 1  0
10.1382 9999318 614.358 10 649 15.7974 1 9999312 9999345 13 0 1 20 1  0
11.498 9998212 614.29 10 1155 42.3308 3 9998119 9998704 13 0 1 20 1  0
22.042 10471488 643.368 8 0 0 1 10222319 10222321 13 0 1 20 1  0
0 10221568 628.013 8 0 0 1338 10223769 10223770 13 0 1 20 1  0
14.4879 10222320 628.059 1 0 0 1 10222320 10222321 13 0 1 20 1  0
28.0032 10471487 643.368 2 0 0 5 10222319 10222322 13 0 1 20 1  0
24.5983 10472452 643.427 3 0 0 2 10224689 10224695 13 0 1 20 1  0
18.7337 10227610 628.384 4 0 0 18 10225002 10225015 13 0 1 20 1  0
14.8779 10225005 628.224 3 2 0.0394922 20 10225004 10225008 13 0 1 20 1  0
12.0281 10477605 643.744 4 14 0.276446 7 10224986 10224992 13 0 1 20 1  0
11.4248 10471140 643.347 12 49 0.968414 3 10470100 10479578 13 0 1 20 1  0
11.1638 10320894 634.116 4 21 0.414699 16 10320893 10320898 13 0 1 20 1  0
10.8952 10317965 633.936 5 44 0.869417 35 10317963 10317972 13 0 1 20 1  0
10.9895 10321951 634.181 8 36 0.711146 4 10321937 10321965 13 0 1 20 1  0
10.7149 10227974 628.407 10 92 1.82347 2 10227949 10227995 13 0 1 20 1  0
20.3433 10320222 634.074 12 1377 63.3281 631 10317676 10322400 13 0 1 20 1  0
11.1125 10305486 633.169 12 2692 657.012 3 10304312 10306880 13 0 1 20 1  0
10.6877 10483986 644.136 8 0 0 1157 10483986 10483987 13 0 1 20 1  0
22.6128 10624571 652.774 8 0 0 1 10484306 10484307 13 0 1 20 1  0
10.6928 10484307 644.156 1 0 0 1 10484307 10484308 13 0 1 20 1  0
27.9037 10624572 652.774 1 0 0 3 10484638 10484639 13 0 1 20 1  0
10.3531 10501292 645.199 2 0 0 1 10501292 10501293 13 0 1 20 1  0
33.0349 10637424 653.563 2 0 0 11 10503393 10503395 13 0 1 20 1  0
30.2002 10649705 654.318 3 0 0 35 10556545 10556553 13 0 1 20 1  0
10.4214 10573944 649.663 5 4 0.0789836 3 10573944 10573945 13 0 1 20 1  0
11.2368 10556539 648.594 2 6 0.118475 3 10556539 10556540 13 0 1 20 1  0
12.7161 10674145 655.819 5 13 0.256698 48 10674138 10674152 13 0 1 20 1  0
12.3805 10637474 653.566 7 5 0.0987291 10 10637444 10637478 13 0 1 20 1  0
14.2146 10649056 654.278 3 9 0.177712 8 10637407 10637412 13 0 1 20 1  0
12.0824 10638064 653.603 12 12 0.236951 3 10574532 10574564 13 0 1 20 1  0
0 10483712 644.119 12 12 0.236951 5 10635452 10638748 13 0 1 20 1  0
14.1467 10574216 649.68 12 202 4.06919 11 10573438 10576798 13 0 1 20 1  0
10.9252 10637902 653.593 12 373 7.89849 1 10573974 10574130 13 0 1 20 1  0
10.1621 10572196 649.556 12 1185 44.7197 2 10572158 10572252 13 0 1 20 1  0
13.5778 10743688 660.092 12 1852 147.941 14 10742498 10745858 13 0 1 20 1  0
11.3947 10747289 660.313 8 0 0 1 10747289 10747290 13 0 1 20 1  0
21.2846 10858911 667.171 8 0 0 1 10748267 10748268 13 0 1 20 1  0
0 10745856 660.225 8 0 0 877 10748902 10748903 13 0 1 20 1  0
12.1503 10746000 660.234 1 0 0 1 10746000 10746001 13 0 1 20 1  0
23.9345 10885643 668.814 1 0 0 3 10747290 10747291 13 0 1 20 1  0
23.1099 10898815 669.623 2 0 0 15 10749239 10749241 13 0 1 20 1  0
10.1265 10850531 666.657 3 0 0 2 10850531 10850532 13 0 1 20 1  0
13.8737 10917360 670.763 4 0 0 6 10850530 10850536 13 0 1 20 1  0
11.8284 10939493 672.122 5 0 0 9 10850521 10850535 13 0 1 20 1  0
10.55 10885498 668.805 2 1 0.0197462 1 10885498 10885499 13 0 1 20 1  0
11.8293 10823509 664.996 4 28 0.553 45 10823503 10823514 13 0 1 20 1  0
13.5615 10916672 670.72 12 136 2.70898 1 10759804 10761516 13 0 1 20 1  0
0 10745856 660.225 12 136 2.70898 2 10825100 10825374 13 0 1 20 1  0
11.4997 10760328 661.115 12 437 9.49843 3 10759998 10760536 13 0 1 20 1  0
10.1496 10916398 670.703 12 374 7.92266 1 10916366 10916412 13 0 1 20 1  0
11.0096 10757793 660.959 11 912 26.8774 1 10757488 10758049 13 0 1 20 1  0
10.6077 10755194 660.799 11 1226 48.1906 2 10755045 10755626 13 0 1 20 1  0
10.6619 10749126 660.426 12 1655 104.173 3 10748686 10749880 13 0 1 20 1  0
10.7927 11009038 676.395 8 0 0 1 11009038 11009039 13 0 1 20 1  0
22.1994 11071696 680.245 8 0 0 1 11011302 11011303 13 0 1 20 1  0
0 11008000 676.331 8 0 0 378 11011950 11011951 13 0 1 20 1  0
10.7907 11009039 676.395 1 0 0 1 11009039 11009040 13 0 1 20 1  0
27.1084 11071698 680.245 2 0 0 3 11015189 11015190 13 0 1 20 1  0
0 11008000 676.331 1 0 0 602 11011627 11011628 13 0 1 20 1  0
10.1939 11014862 676.753 2 0 0 1 11014862 11014863 13 0 1 20 1  0
23.0959 11212045 688.868 3 0 0 21 11016268 11016278 13 0 1 20 1  0
12.7755 11016258 676.839 3 10 0.197458 19 11016256 11016261 13 0 1 20 1  0
12.1386 11043440 678.509 2 1 0.0197462 2 11043440 11043442 13 0 1 20 1  0
23.1537 11526624 708.196 8 0 0 1 11270345 11270347 13 0 1 20 1  0
0 11270144 692.438 8 0 0 533 11270670 11270672 13 0 1 20 1  0
34.6847 11285823 693.401 2 0 0 38 11270345 11270348 13 0 1 20 1  0
0 11270144 692.438 1 0 0 963 11270670 11270673 13 0 1 20 1  0
14.6571 11270408 692.454 12 207 4.17424 1 11270144 11274152 13 0 1 20 1  0
10.2212 11532449 708.554 8 0 0 1528 11532449 11532450 13 0 1 20 1  0
22.2636 11564817 710.542 8 0 0 1 11532772 11532774 13 0 1 20 1  0
10.0519 11532450 708.554 1 0 0 1 11532450 11532451 13 0 1 20 1  0
26.1671 11685519 717.958 1 0 0 1 11532773 11532775 13 0 1 20 1  0
23.3606 11760115 722.541 1 0 0 1 11533099 11533101 13 0 1 20 1  0
31.2493 11537905 708.889 2 0 0 7 11532773 11532775 13 0 1 20 1  0
17.5757 11788582 724.29 2 0 0 1 11533099 11533102 13 0 1 20 1  0
33.4264 11538556 708.929 3 0 0 147 11533741 11533746 13 0 1 20 1  0
13.0865 11539187 708.968 2 2 0.0394922 2 11537902 11537904 13 0 1 20 1  0
13.9103 11794888 724.678 8 0 0 2010 11794888 11794889 13 0 1 20 1  0
22.8979 11814295 725.87 8 0 0 1 11805423 11805424 13 0 1 20 1  0
33.0049 11921046 732.429 3 0 0 42 11814294 11814300 13 0 1 20 1  0
12.1002 11841536 727.544 2 1 0.0197462 9 11841536 11841537 13 0 1 20 1  0
14.9364 12046720 740.15 5 1 0.0197462 14 11921033 11921057 13 0 1 20 1  0
12.3875 12054801 740.647 6 0 0 8 12005599 12005611 13 0 1 20 1  0
10.0474 11916616 732.157 4 1 0.0197462 1 11916616 11916617 13 0 1 20 1  0
10.0782 12013692 738.121 6 1 0.0197462 1 12013692 12013693 13 0 1 20 1  0
10.0758 11923633 732.588 2 4 0.0789836 1 11923633 11923634 13 0 1 20 1  0
11.67 12053702 740.579 12 40 0.790264 1 12053312 12054448 13 0 1 20 1  0
12.3791 12056874 740.774 8 0 0 1280 12056874 12056875 13 0 1 20 1  0
19.0004 12067554 741.43 8 0 0 1 12057519 12057521 13 0 1 20 1  0
25.8128 12161528 747.204 2 0 0 16 12057520 12057522 13 0 1 20 1  0
17.6841 12077465 742.039 4 0 0 14 12069376 12069383 13 0 1 20 1  0
13.0279 12101476 743.515 2 1 0.0197462 4 12101476 12101478 13 0 1 20 1  0
10.6123 12069379 741.543 4 1 0.0197462 1 12069379 12069380 13 0 1 20 1  0
12.2979 12072287 741.721 4 3 0.059238 6 12072279 12072291 13 0 1 20 1  0
13.1588 12078748 742.118 5 5 0.0987291 21 12072272 12072286 13 0 1 20 1  0
11.6519 12306179 756.092 3 10 0.197458 4 12161511 12161514 13 0 1 20 1  0
10.1056 12319684 756.921 8 0 0 1 12319684 12319685 13 0 1 20 1  0
18.6262 12371795 760.123 8 0 0 1 12321623 12321624 13 0 1 20 1  0
0 12318720 756.862 8 0 0 214 12322273 12322274 13 0 1 20 1  0
11.2756 12319685 756.921 1 0 0 1 12319685 12319686 13 0 1 20 1  0
18.9648 12371472 760.103 1 0 0 1 12320006 12320007 13 0 1 20 1  0
0 12318720 756.862 1 0 0 360 12320977 12320978 13 0 1 20 1  0
16.1014 12344005 758.416 2 0 0 85 12324215 12324217 13 0 1 20 1  0
10.1424 12334744 757.847 3 0 0 1 12334744 12334745 13 0 1 20 1  0
11.0918 12596257 773.914 8 0 0 1 12596257 12596258 13 0 1 20 1  0
19.5159 12627333 775.823 8 0 0 1 12596295 12596296 13 0 1 20 1  0
0 12580864 772.968 8 0 0 503 12596750 12596751 13 0 1 20 1  0
10.6767 12595786 773.885 1 0 0 1 12595786 12595787 13 0 1 20 1  0
19.844 12660682 777.872 1 0 0 2 12596258 12596259 13 0 1 20 1  0
14.8007 12810733 787.091 3 0 0 1 12596791 12596793 13 0 1 20 1  0
15.1566 12651977 777.337 5 0 0 13 12619925 12619940 13 0 1 20 1  0
10.1289 12625038 775.682 12 3212 1652.22 1 12624844 12625052 13 0 1 20 1  0
12.7857 12843545 789.107 8 0 0 499 12843545 12843546 13 0 1 20 1  0
18.9502 12907186 793.017 8 0 0 15 12847586 12847587 13 0 1 20 1  0
10.9626 12843066 789.078 1 0 0 1 12843066 12843067 13 0 1 20 1  0
20.2071 12982475 797.643 1 0 0 1 12843545 12843547 13 0 1 20 1  0
10.4887 12843546 789.107 2 0 0 1 12843546 12843547 13 0 1 20 1  0
14.8179 13072911 803.2 5 0 0 3 12898112 12898126 13 0 1 20 1  0
11.606 12924654 794.091 6 0 0 1 12905871 12905898 13 0 1 20 1  0
10.2826 12898120 792.46 4 1 0.0197462 1 12898120 12898121 13 0 1 20 1  0
12.304 13052844 801.967 4 4 0.0789836 22 12905888 12905893 13 0 1 20 1  0
12.9524 12905888 792.938 5 5 0.0987291 11 12905878 12905898 13 0 1 20 1  0
10.7775 13107996 805.355 8 0 0 1 13107996 13107997 13 0 1 20 1  0
34.2319 13132807 806.88 3 0 0 96 13109947 13109954 13 0 1 20 1  0
0 13105152 805.18 8 0 0 125 13108645 13108646 13 0 1 20 1  0
14.4451 13107997 805.355 1 0 0 1 13107997 13107998 13 0 1 20 1  0
0 13105152 805.18 1 0 0 242 13108646 13108647 13 0 1 20 1  0
11.4641 13126552 806.495 2 1 0.0197462 1 13126552 13126553 13 0 1 20 1  0
11.4986 13367614 821.306 8 0 0 146 13367614 13367615 13 0 1 20 1  0
23.3584 13503048 829.627 8 0 0 1 13368436 13368437 13 0 1 20 1  0
11.3209 13367615 821.306 1 0 0 1 13367615 13367616 13 0 1 20 1  0
28.2414 13439901 825.747 2 0 0 20 13377024 13377026 13 0 1 20 1  0
0 13367296 821.287 1 0 0 286 13374903 13374904 13 0 1 20 1  0
10.2986 13368437 821.357 2 0 0 1 13368437 13368438 13 0 1 20 1  0
10.5549 13588589 834.883 2 2 0.0394922 1 13502369 13502370 13 0 1 20 1  0
12.3911 13633275 837.628 8 0 0 1 13633275 13633276 13 0 1 20 1  0
24.5009 13657175 839.097 8 0 0 1 13633750 13633751 13 0 1 20 1  0
0 13629440 837.393 8 0 0 175 13634722 13634723 13 0 1 20 1  0
30.2917 13692165 841.247 1 0 0 5 13633275 13633277 13 0 1 20 1  0
0 13629440 837.393 1 0 0 334 13633751 13633752 13 0 1 20 1  0
33.0962 13786389 847.036 2 0 0 46 13633275 13633277 13 0 1 20 1  0
11.8715 13657169 839.096 2 4 0.0789836 3 13657169 13657170 13 0 1 20 1  0
18.8951 13925748 855.598 8 0 0 1 13925747 13925750 13 0 1 20 1  0
0 13891584 853.499 8 0 0 56 13926398 13926399 13 0 1 20 1  0
24.804 13925749 855.598 2 0 0 12 13925747 13925751 13 0 1 20 1  0
0 13891584 853.499 1 0 0 113 13926398 13926400 13 0 1 20 1  0
17.8702 14151627 869.476 4 0 0 266 13925743 13925756 13 0 1 20 1  0
11.5632 14150242 869.391 11 264 5.39683 1 14091764 14091835 13 0 1 20 1  0
0 13891584 853.499 11 264 5.39683 1 14150079 14151139 13 0 1 20 1  0
12.7882 14148748 869.299 12 513 11.5589 1 14148430 14152612 13 0 1 20 1  0
12.7261 14280105 877.37 8 0 0 1 14280105 14280106 13 0 1 20 1  0
18.731 14297379 878.431 8 0 0 1 14293876 14293879 13 0 1 20 1  0
0 14153728 869.605 8 0 0 228 14297378 14297380 13 0 1 20 1  0
10.0652 14195560 872.175 1 0 0 1 14195560 14195561 13 0 1 20 1  0
22.9896 14293877 878.216 2 0 0 14 14293876 14293880 13 0 1 20 1  0
20.541 14352512 881.818 5 0 0 84 14343749 14343757 13 0 1 20 1  0
10.2345 14350237 881.679 5 3 0.059238 1 14350237 14350238 13 0 1 20 1  0
11.3581 14363756 882.509 12 15 0.296194 1 14362460 14365394 13 0 1 20 1  0
10.1354 14363996 882.524 12 677 16.7755 1 14363980 14364004 13 0 1 20 1  0
11.0851 14402342 884.88 12 2304 330.12 7 14400544 14404546 13 0 1 20 1  0
125.977 1377832 84.654 9 2780 767.986 968 1377189 1378365 13 0 1 20 1 1
