0 121651 142.453
1 121651 142.445
2 121652 142.49
3 121652 142.38
4 121653 142.688
5 121653 142.631
6 121653 142.615
7 121653 142.58
8 121652 142.596
9 121652 142.579
10 121652 142.699
11 121653 142.983
12 121654 143.19
13 121653 143.134
14 121654 143.208
15 121654 143.287
16 121654 143.567
17 121654 143.668
18 121655 144.496
19 121655 144.594
20 121655 144.653
21 121656 144.797
22 121658 145.49
23 121661 145.752
24 121664 145.865
25 121666 146.089
26 121666 146.133
27 121665 146.084
28 121665 146.068
29 121665 146.045
30 121665 146.067
31 121666 146.396
32 121666 146.369
33 121666 146.45
34 121666 146.42
35 121666 146.492
36 121665 146.714
37 121665 146.855
38 121666 146.984
39 121667 147.149
40 121667 147.21
41 121667 147.45
42 121667 147.315
43 121666 147.055
44 121665 146.814
45 121665 146.869
46 121664 146.773
47 121663 146.597
48 121663 146.199
49 121662 146.094
50 121662 145.356
51 121660 145.161
52 121659 145.076
53 121658 144.937
54 121657 144.28
55 121654 143.998
56 121652 143.802
57 121650 143.506
58 121650 143.534
59 121651 143.731
60 121653 143.886
61 121653 143.958
62 121652 143.974
63 121651 143.705
64 121651 143.685
65 121650 143.581
66 121650 143.578
67 121649 143.525
68 121648 143.076
69 121648 142.903
70 121647 142.741
71 121645 142.563
72 121645 142.483
73 121645 142.246
74 121644 142.198
75 121645 142.24
76 121645 142.349
77 121645 142.349
78 121645 142.282
79 121646 142.31
80 121646 142.368
81 121647 142.439
82 121646 142.523
83 121647 142.575
84 121648 142.7
85 121648 142.72
86 121648 142.791
87 121648 142.866
88 121648 142.885
89 121647 142.769
90 121646 142.715
91 121645 142.534
92 121643 142.29
93 121642 142.182
94 121642 142.087
95 121642 141.976
96 121642 141.966
97 121642 141.945
98 121642 141.914
99 121642 141.915
100 121642 141.897
101 121642 141.909
102 121642 141.856
103 121643 141.854
104 121643 141.819
105 121643 141.782
106 121644 141.872
107 121643 141.809
108 121644 141.755
109 121644 141.786
110 121644 141.803
111 121645 141.856
112 121645 141.821
113 121644 141.775
114 121645 141.631
115 121645 141.664
116 121645 141.622
117 121647 141.714
118 121647 141.761
119 121647 141.709
120 121648 141.641
121 121650 144.095
122 121652 145.505
123 121653 145.525
124 121654 145.603
125 121654 145.635
126 121655 145.81
127 121656 146.176
128 121656 146.653
129 121657 146.799
130 121658 146.801
131 121659 146.879
132 121660 146.969
133 121662 147.08
134 121662 147.127
135 121662 147.177
136 121662 147.143
137 121662 147.184
138 121662 147.148
139 121663 147.162
140 121663 147.126
141 121663 147.092
142 121663 147.115
143 121663 147.075
144 121664 147.15
145 121665 147.498
146 121665 147.562
147 121665 147.573
148 121665 147.601
149 121664 147.506
150 121664 147.414
151 121664 147.348
152 121664 147.354
153 121662 145.009
154 121661 143.606
155 121661 143.615
156 121661 143.599
157 121661 143.593
158 121660 143.503
159 121661 143.248
160 121661 142.766
161 121660 142.684
162 121659 142.688
163 121658 142.646
164 121658 142.611
165 121657 142.614
166 121657 142.658
167 121657 142.605
168 121657 142.629
169 121657 142.6
170 121657 142.59
171 121657 143.188
172 121658 143.683
173 121658 143.775
174 121658 143.79
175 121658 143.801
176 121658 143.773
177 121657 143.411
178 121657 143.327
179 121656 143.276
180 121655 143.218
181 121655 143.218
182 121655 143.165
183 121654 143.22
184 121654 143.199
185 121654 143.175
186 121653 143.154
187 121653 143.167
188 121653 143.169
189 121653 143.216
190 121653 143.188
191 121653 143.16
192 121654 143.245
193 121653 143.195
194 121653 143.2
195 121653 143.139
196 121653 143.097
197 121652 142.992
198 121652 142.956
199 121651 142.956
200 121651 142.977
201 121651 142.986
202 121651 143.009
203 121650 142.426
204 121648 141.9
205 121654 152.357
206 121654 152.306
207 121653 152.286
208 121653 152.352
209 121653 152.318
210 121653 152.304
211 121653 152.347
212 121653 152.41
213 121653 152.45
214 121653 152.511
215 121653 152.463
216 121653 152.514
217 121654 152.582
218 121654 152.643
219 121654 152.756
220 121654 152.759
221 121654 152.796
222 121654 152.92
223 121654 152.989
224 121654 153.098
225 121654 153.269
226 121659 157.956
227 121661 158.736
228 121663 160.398
229 121666 161.066
230 121666 161.185
231 121667 161.716
232 121669 161.89
233 121671 162.093
234 121672 162.312
235 121673 162.523
236 121673 162.565
237 121666 151.952
238 121666 152.01
239 121668 152.135
240 121667 152.146
241 121667 152.2
242 121667 152.233
243 121666 152.178
244 121666 152.085
245 121667 153.626
246 121666 153.512
247 121666 153.53
248 121665 153.429
249 121664 153.275
250 121663 153.152
251 121663 153.023
252 121662 153.054
253 121661 152.963
254 121660 152.849
255 121659 152.734
256 121658 152.489
257 121658 152.25
258 121652 147.498
259 121650 146.705
260 121647 144.993
261 121644 144.288
262 121644 144.13
263 121642 143.552
264 121641 143.343
265 121640 144.946
266 121638 144.639
267 121637 144.337
268 121637 144.276
269 121637 144.229
270 121636 144.161
271 121635 144.076
272 121634 143.923
273 121634 143.838
274 121634 143.744
275 121634 143.749
276 121634 143.825
277 121632 142.233
278 121634 142.4
279 121634 142.38
280 121634 142.398
281 121634 142.377
282 121634 142.355
283 121634 142.327
284 121635 142.265
285 121635 142.256
286 121636 142.195
287 121636 142.195
288 121636 142.245
289 121637 142.267
290 121637 142.279
291 121637 142.281
292 121638 143.079
293 121639 143.11
294 121638 143.139
295 121638 143.139
296 121638 143.127
297 121636 141.194
298 121636 141.2
299 121636 141.212
300 121635 141.193
301 121635 141.221
302 121635 141.246
303 121635 141.223
304 121635 141.255
305 121635 141.239
306 121635 141.321
307 121636 141.389
308 121635 141.319
309 121635 141.231
310 121634 141.116
311 121634 141.106
312 121634 141.081
313 121633 141.087
314 121633 141.094
315 121633 141.084
316 121632 141.04
317 121632 141.021
318 121631 141.01
319 121631 140.985
320 121631 140.986
321 121630 140.953
322 121630 140.98
323 121630 140.98
324 121628 140.249
325 121628 140.258
326 121629 140.258
327 121629 140.31
328 121629 140.394
329 121630 140.52
330 121631 140.66
331 121631 140.728
332 121632 140.796
333 121632 140.747
334 121633 141.361
335 121632 141.353
336 121633 142.012
337 121635 143.995
338 121635 143.959
339 121635 143.978
340 121635 143.978
341 121634 144.042
342 121634 144.034
343 121634 144.025
344 121634 144.046
345 121635 144.136
346 121636 144.239
347 121636 144.235
348 121636 144.284
349 121636 144.327
350 121636 144.374
351 121636 144.395
352 121636 144.424
353 121636 144.511
354 121636 144.46
355 121636 144.473
356 121637 144.474
357 121636 144.443
358 121636 144.482
359 121636 144.475
360 121636 144.399
361 121635 144.388
362 121634 144.252
363 121633 144.209
364 121633 144.134
365 121633 144.13
366 121631 143.451
367 121631 143.38
368 121630 142.688
369 121628 140.707
370 121628 140.742
371 121628 140.658
372 121627 140.622
373 121627 140.561
374 121627 140.522
375 121627 140.522
376 121626 140.483
377 121626 140.418
378 121625 140.358
379 121625 140.344
380 121625 140.307
381 121625 140.285
382 121625 140.246
383 121625 140.196
384 121625 140.159
385 121624 140.116
386 121624 140.149
387 121624 140.153
388 121624 140.091
389 121624 140.072
390 121624 140.009
391 121623 140.001
392 121623 140.004
393 121624 139.975
394 121624 140.035
395 121624 140.035
396 121625 140.069
397 121625 140.131
398 121626 140.186
399 121626 140.224
400 121627 140.283
401 121628 140.326
402 121628 140.32
403 121632 145.133
404 121633 146.131
405 121634 146.217
406 121635 146.252
407 121635 146.269
408 121636 146.298
409 121637 146.248
410 121637 146.267
411 121643 152.055
412 121644 152.141
413 121645 152.172
414 121646 152.202
415 121646 152.241
416 121647 152.235
417 121647 152.256
418 121648 152.307
419 121648 152.323
420 121649 152.358
421 121650 152.394
422 121650 152.423
423 121651 152.411
424 121651 152.417
425 121651 152.402
426 121652 152.42
427 121653 152.546
428 121653 152.558
429 121653 152.552
430 121654 152.571
431 121654 152.556
432 121654 152.624
433 121654 152.596
434 121655 152.597
435 121651 147.794
436 121651 146.828
437 121652 146.872
438 121652 146.906
439 121652 146.94
440 121653 147.007
441 121653 147.095
442 121654 147.101
443 121649 141.378
444 121649 141.343
445 121649 141.35
446 121649 141.399
447 121650 141.434
448 121650 141.507
449 121651 141.525
450 121651 141.494
451 121652 141.505
452 121652 141.53
453 121653 141.512
454 121653 141.582
455 121654 141.656
456 121654 141.696
457 121655 141.734
458 121655 141.726
459 121655 141.65
460 121655 141.733
461 121656 141.766
462 121656 141.778
463 121656 141.811
464 121656 141.733
465 121656 141.757
466 121656 141.76
467 121656 141.723
468 121656 141.74
469 121655 141.644
470 121655 141.587
471 121656 141.607
472 121655 141.621
473 121655 141.576
474 121655 141.569
475 121654 141.531
476 121654 141.536
477 121654 141.487
478 121654 141.489
479 121654 141.458
480 121654 141.413
481 121654 141.437
482 121653 141.504
483 121653 141.547
484 121653 141.54
485 121652 141.572
486 121652 141.523
487 121652 141.518
488 121652 141.494
489 121652 141.539
490 121652 141.557
491 121653 141.557
492 121653 141.642
493 121653 141.756
494 121654 141.811
495 121654 141.817
496 121654 141.868
497 121654 141.887
498 121654 141.892
499 121655 141.96
500 121655 141.993
501 121655 142.046
502 121655 142.123
503 121655 142.099
504 121655 142.077
505 121656 142.126
506 121656 142.169
507 121656 142.245
508 121657 142.287
509 121657 142.393
510 121658 142.425
511 121658 142.541
