19.9622 19609 1.20478 9 64 1.26585 1630 9485 9899 13 0 1 20 1  0
14.8192 101686 6.24759 8 0 0 1 101686 101687 13 0 1 20 1  0
11.4095 101686 6.24759 1 0 0 1 101686 101688 13 0 1 20 1  0
0 2048 0.125829 1 0 0 709 135629 135630 13 0 1 20 1  0
10.0891 19290 1.18518 2 1 0.0197462 2 19290 19291 13 0 1 20 1  0
14.0683 135617 8.33231 3 4 0.0789836 18 9514 9517 13 0 1 20 1  0
10.3518 9514 0.58454 4 2 0.0394922 3 9514 9515 13 0 1 20 1  0
11.9589 26779 1.6453 4 3 0.059238 18 9512 9514 13 0 1 20 1  0
11.0047 9518 0.584786 3 2 0.0394922 3 9518 9519 13 0 1 20 1  0
10.1384 18932 1.16318 4 8 0.157966 1 18932 18933 13 0 1 20 1  0
10.3446 103585 6.36426 5 19 0.375194 2 103580 103589 13 0 1 20 1  0
11.0944 102891 6.32162 4 185 3.71433 2 17197 17210 13 0 1 20 1  0
10.6513 14936 0.917668 8 1123 39.9146 6 14814 15014 13 0 1 20 1  0
13.8859 344866 21.1886 8 0 0 1 344866 344867 13 0 1 20 1  0
22.8486 399339 24.5354 9 128 2.54694 6089 398963 400132 13 0 1 20 1  0
0 260096 15.9803 8 0 0 804 399791 399793 13 0 1 20 1  0
12.1155 344867 21.1886 1 0 0 1 344867 344868 13 0 1 20 1  0
13.3182 400544 24.6094 3 6 0.118475 15 399767 399769 13 0 1 20 1  0
11.672 400179 24.587 3 103 2.04364 10 399227 399231 13 0 1 20 1  0
0 260096 15.9803 7 1266 51.8223 1 393727 393791 13 0 1 20 1  0
0 260096 15.9803 7 1675 107.955 1 387177 387207 13 0 1 20 1  0
11.3866 494783 30.3995 11 3014 1162.99 17 494314 495441 13 0 1 20 1  0
15.435 529987 32.5624 8 0 0 1 529987 529988 13 0 1 20 1  0
15.4291 531879 32.6786 8 0 0 1 531879 531880 13 0 1 20 1  0
0 522240 32.0864 8 0 0 1 533288 533289 13 0 1 20 1  0
13.7336 529988 32.5625 1 0 0 1 529988 529989 13 0 1 20 1  0
10.6815 531880 32.6787 1 0 0 1 531880 531881 13 0 1 20 1  0
11.871 701390 43.0934 4 9 0.177712 23 701388 701394 13 0 1 20 1  0
11.9178 599705 36.8459 9 2263 306.957 68 599532 599834 13 0 1 20 1  0
11.8089 559414 34.3704 12 2668 629.633 7 558386 560648 13 0 1 20 1  0
14.3268 535356 32.8923 12 2821 825.908 9 532920 538142 13 0 1 20 1  0
13.2626 790613 48.5753 8 0 0 1 790613 790614 13 0 1 20 1  0
15.9872 937024 57.5708 8 0 0 1 875780 875783 13 0 1 20 1  0
0 784384 48.1926 8 0 0 3 877078 877079 13 0 1 20 1  0
11.3668 790613 48.5753 1 0 0 1 790613 790614 13 0 1 20 1  0
13.6049 875782 53.808 2 0 0 3 875781 875783 13 0 1 20 1  0
0 784384 48.1926 1 0 0 1 877079 877080 13 0 1 20 1  0
10.1073 1016514 62.4546 12 2923 989.671 1 1016486 1016674 13 0 1 20 1  0
10.8829 863871 53.0762 11 3103 1361.82 1 863508 864213 13 0 1 20 1  0
10.2734 1173732 72.1141 11 3128 1423.56 1 1173184 1174035 13 0 1 20 1  0
16.3053 1567666 96.3174 8 0 0 1 1566433 1566438 13 0 1 20 1  0
0 1308672 80.4048 8 0 0 4 1567348 1567349 13 0 1 20 1  0
18.9946 1567358 96.2985 1 0 0 1 1566433 1566438 13 0 1 20 1  0
0 1308672 80.4048 1 0 0 4 1567348 1567350 13 0 1 20 1  0
20.6024 1566435 96.2418 2 0 0 26 1566433 1566439 13 0 1 20 1  0
10.2754 1327536 81.5638 9 149 2.97344 2 1325553 1325558 13 0 1 20 1  0
10.0744 1372963 84.3548 5 187 3.7559 1 1372963 1372965 13 0 1 20 1  0
13.9578 1643716 100.99 8 0 0 1 1643716 1643717 13 0 1 20 1  0
14.7002 1774868 109.048 8 0 0 1 1718909 1718910 13 0 1 20 1  0
0 1570816 96.5109 8 0 0 1374 1719095 1719096 13 0 1 20 1  0
15.46 1719166 105.626 1 0 0 26 1718910 1718912 13 0 1 20 1  0
11.3863 1718973 105.614 3 5 0.0987291 5 1717607 1717610 13 0 1 20 1  0
19.3349 1722485 105.829 8 189 3.79751 2264 1717228 1717386 13 0 1 20 1  0
11.6073 1728682 106.21 3 11 0.217204 2 1717656 1717664 13 0 1 20 1  0
11.7128 1728313 106.188 5 21 0.414699 27 1717646 1717656 13 0 1 20 1  0
0 1570816 96.5109 9 890 25.7633 1 1727216 1727334 13 0 1 20 1  0
0 1570816 96.5109 9 1154 42.2533 1 1725589 1725836 13 0 1 20 1  0
10.6276 1668627 102.52 9 2599 557.108 6 1668415 1669497 13 0 1 20 1  0
14.719 2029392 124.686 8 0 0 1 2029392 2029393 13 0 1 20 1  0
14.0126 2090032 128.412 8 0 0 1 2090032 2090033 13 0 1 20 1  0
11.2535 2090189 128.421 4 15 0.296194 28 2090186 2090193 13 0 1 20 1  0
10.8719 2063433 126.777 7 16 0.315943 12 2059524 2059537 13 0 1 20 1  0
16.831 2059464 126.533 12 230 4.66179 271 2000084 2000418 13 0 1 20 1  0
0 1832960 112.617 7 11 0.217204 5 2059529 2059538 13 0 1 20 1  0
10.0609 2069996 127.181 4 21 0.414699 1 2069996 2069997 13 0 1 20 1  0
0 1832960 112.617 11 134 2.66842 2 2093951 2093964 13 0 1 20 1  0
10.6096 2009819 123.483 10 457 10.0225 9 2009751 2009888 13 0 1 20 1  0
0 1832960 112.617 12 510 11.4739 2 2058724 2061802 13 0 1 20 1  0
0 1832960 112.617 10 718 18.2831 1 2057125 2057450 13 0 1 20 1  0
14.6775 2056248 126.336 12 1132 40.5808 95 2054270 2059274 13 0 1 20 1  0
10.6618 2007215 123.323 10 1127 40.2094 7 2006918 2007567 13 0 1 20 1  0
0 1832960 112.617 12 1072 36.3264 2 2055252 2058076 13 0 1 20 1  0
13.6816 2029130 124.67 12 1584 91.7754 48 2025206 2031888 13 0 1 20 1  0
0 1832960 112.617 12 1462 73.7761 38 2054394 2054626 13 0 1 20 1  0
10.2566 2045507 125.676 10 2089 225.4 2 2045436 2045655 13 0 1 20 1  0
10.5712 2014860 123.793 12 2413 400.548 1 2013776 2015526 13 0 1 20 1  0
11.1739 2253591 138.461 8 0 0 1 2253591 2253592 13 0 1 20 1  0
10.5509 2319001 142.479 8 0 0 1 2319001 2319002 13 0 1 20 1  0
15.0843 2302322 141.455 8 183 3.6728 268 2301385 2301467 13 0 1 20 1  0
10.3356 2302812 141.485 2 1 0.0197462 1 2302812 2302813 13 0 1 20 1  0
12.7955 2130566 130.902 3 3 0.059238 10 2129586 2129588 13 0 1 20 1  0
0 2095104 128.723 3 1 0.0197462 12 2303455 2303466 13 0 1 20 1  0
15.0112 2389329 146.8 8 0 0 1 2389329 2389330 13 0 1 20 1  0
15.2079 2551905 156.789 8 0 0 1 2551905 2551906 13 0 1 20 1  0
10.8202 2451560 150.624 3 4 0.0789836 1 2451559 2451562 13 0 1 20 1  0
12.0278 2637137 162.026 8 0 0 1 2637137 2637138 13 0 1 20 1  0
15.194 2698873 165.819 8 0 0 1 2698872 2698874 13 0 1 20 1  0
0 2619392 160.935 8 0 0 2 2701662 2701663 13 0 1 20 1  0
16.7969 2698873 165.819 1 0 0 4 2698873 2698875 13 0 1 20 1  0
10.6779 2681745 164.766 10 15 0.296194 3 2681726 2681758 13 0 1 20 1  0
11.6738 2671670 164.147 11 2987 1108.62 2 2670602 2672110 13 0 1 20 1  0
10.9049 2926838 179.825 8 0 0 1 2926838 2926839 13 0 1 20 1  0
14.4742 3063780 188.239 8 0 0 1 2929025 2929027 13 0 1 20 1  0
0 2881536 177.042 8 0 0 1 3063780 3063781 13 0 1 20 1  0
15.9594 2929026 179.959 1 0 0 1 2929026 2929027 13 0 1 20 1  0
13.7075 3063780 188.239 1 0 0 1 3063780 3063781 13 0 1 20 1  0
13.3454 2994736 183.997 12 167 3.34221 7 2992694 2997072 13 0 1 20 1  0
12.6024 2993028 183.892 12 489 10.8874 1 2991660 2996062 13 0 1 20 1  0
12.875 2980720 183.135 12 1938 172.377 1 2977310 2983836 13 0 1 20 1  0
11.0105 3113158 191.272 12 2197 273.031 2 3112082 3114136 13 0 1 20 1  0
12.2007 3205452 196.943 8 0 0 1 3205452 3205453 13 0 1 20 1  0
15.8759 3306735 203.166 8 0 0 1 3306735 3306736 13 0 1 20 1  0
0 3143680 193.148 8 0 0 1 3398394 3398395 13 0 1 20 1  0
11.1383 3306736 203.166 1 0 0 1 3306736 3306737 13 0 1 20 1  0
11.7867 3398395 208.797 1 0 0 1 3398395 3398396 13 0 1 20 1  0
12.4976 3162282 194.291 12 79 1.56412 3 3160966 3163910 13 0 1 20 1  0
0 3143680 193.148 12 79 1.56412 1 3379428 3379456 13 0 1 20 1  0
15.9129 3379378 207.629 12 107 2.12388 5 3374050 3388532 13 0 1 20 1  0
12.1232 3403848 209.132 12 139 2.76988 2 3398566 3405818 13 0 1 20 1  0
10.3616 3218313 197.733 8 149 2.97344 10 3218291 3218327 13 0 1 20 1  0
11.3121 3161360 194.234 12 343 7.18469 1 3161136 3161544 13 0 1 20 1  0
10.504 3383902 207.907 12 564 13.0569 1 3383554 3384238 13 0 1 20 1  0
12.3108 3374978 207.359 12 2253 301.558 7 3373212 3377018 13 0 1 20 1  0
23.1086 3405824 209.254 12 3070 1284.41 37 3402830 3405826 13 0 1 20 1  0
11.582 3326744 204.395 12 3134 1438.78 1 3325194 3328740 13 0 1 20 1  0
16.7922 3531934 217.002 8 491 10.9426 1871 3525088 3525663 13 0 1 20 1  0
0 3405824 209.254 6 0 0 1041 3623913 3623920 13 0 1 20 1  0
11.0261 3628520 222.936 4 4 0.0789836 7 3628519 3628522 13 0 1 20 1  0
12.6654 3623900 222.652 7 6 0.118475 25 3526175 3526855 13 0 1 20 1  0
10.0595 3622552 222.57 6 183 3.6728 2 3622549 3622557 13 0 1 20 1  0
10.6209 3553338 218.317 8 328 6.83551 4 3525536 3525563 13 0 1 20 1  0
12.0401 3531480 216.974 4 1253 50.6143 109 3531233 3531235 13 0 1 20 1  0
10.1403 3530597 216.92 4 1185 44.7197 2 3530597 3530598 13 0 1 20 1  0
0 3405824 209.254 4 1253 50.6143 16 3531304 3531305 13 0 1 20 1  0
10.4878 3529899 216.877 6 1791 132.728 5 3529638 3529910 13 0 1 20 1  0
12.129 3710507 227.974 8 0 0 1 3710507 3710508 13 0 1 20 1  0
13.7075 3928425 241.362 8 0 0 1 3928425 3928426 13 0 1 20 1  0
10.5669 3928426 241.362 1 0 0 1 3928426 3928427 13 0 1 20 1  0
11.9726 3848394 236.445 12 2970 1075.69 11 3846702 3849534 13 0 1 20 1  0
13.9656 4041436 248.306 8 0 0 1 4041435 4041437 13 0 1 20 1  0
0 3930112 241.466 8 0 0 10 4067653 4067654 13 0 1 20 1  0
14.8056 4041436 248.306 1 0 0 3 4041435 4041437 13 0 1 20 1  0
0 3930112 241.466 1 0 0 1 4067654 4067655 13 0 1 20 1  0
17.3054 3980818 244.581 12 125 2.48631 224 3976850 3982780 13 0 1 20 1  0
10.9249 4192108 257.563 12 2769 753.149 1 4190976 4192258 13 0 1 20 1  0
10.1229 4191332 257.515 12 3086 1321.38 1 4191312 4191670 13 0 1 20 1  0
15.3918 4306367 264.583 8 0 0 1 4306367 4306368 13 0 1 20 1  0
10.165 4341825 266.762 8 0 0 1 4341825 4341826 13 0 1 20 1  0
10.0203 4306367 264.583 1 0 0 1 4306367 4306368 13 0 1 20 1  0
12.0519 4519624 277.686 8 0 0 1 4519624 4519625 13 0 1 20 1  0
14.427 4706472 289.166 8 0 0 1 4524159 4524160 13 0 1 20 1  0
0 4454400 273.678 8 0 0 6 4524640 4524641 13 0 1 20 1  0
11.1227 4519624 277.686 1 0 0 1 4519624 4519625 13 0 1 20 1  0
16.7465 4532126 278.454 1 0 0 2 4529229 4529236 13 0 1 20 1  0
0 4454400 273.678 1 0 0 9 4530512 4530514 13 0 1 20 1  0
18.2402 4529232 278.276 2 0 0 27 4529229 4529236 13 0 1 20 1  0
12.8359 4633214 284.665 12 1948 175.467 4 4630794 4635370 13 0 1 20 1  0
11.1091 4619410 283.817 12 2396 388.649 2 4617100 4621262 13 0 1 20 1  0
11.9416 4582798 281.567 11 3314 1979.8 8 4582049 4583665 13 0 1 20 1  0
12.6965 4747457 291.684 8 0 0 1 4747457 4747458 13 0 1 20 1  0
14.7792 4791822 294.41 8 0 0 1 4791822 4791823 13 0 1 20 1  0
0 4716544 289.784 8 0 0 5 4852804 4852805 13 0 1 20 1  0
16.6887 4952765 304.298 1 0 0 1 4952765 4952766 13 0 1 20 1  0
11.3081 4976032 305.727 2 2 0.0394922 3 4976032 4976033 13 0 1 20 1  0
10.6888 4881373 299.912 10 3225 1690.75 1 4881139 4881681 13 0 1 20 1  0
15.0134 5125750 314.926 8 0 0 1 5125750 5125751 13 0 1 20 1  0
15.0862 5219162 320.665 8 0 0 1 5168391 5168392 13 0 1 20 1  0
0 4978688 305.891 8 0 0 10 5216981 5216982 13 0 1 20 1  0
10.7231 5168392 317.546 1 0 0 1 5168392 5168393 13 0 1 20 1  0
19.4317 5224332 320.983 3 0 0 87 5224328 5224345 13 0 1 20 1  0
0 4978688 305.891 1 0 0 5 5219672 5219673 13 0 1 20 1  0
10.1277 4978787 305.897 11 3257 1789.47 1 4978759 4978959 13 0 1 20 1  0
10.2711 5365387 329.649 8 0 0 1 5365387 5365388 13 0 1 20 1  0
15.4857 5382450 330.698 8 0 0 1 5378566 5378567 13 0 1 20 1  0
0 5240832 321.997 8 0 0 5 5379528 5379529 13 0 1 20 1  0
10.3487 5382450 330.698 1 0 0 1 5382450 5382451 13 0 1 20 1  0
10.1877 5443132 334.426 1 0 0 1 5443132 5443133 13 0 1 20 1  0
11.9472 5430424 333.645 12 73 1.4447 6 5429072 5433700 13 0 1 20 1  0
20.1868 5477928 336.564 12 82 1.6239 2 5429058 5444826 13 0 1 20 1  0
0 5240832 321.997 12 73 1.4447 2 5477938 5477952 13 0 1 20 1  0
11.9217 5619084 345.237 8 0 0 1 5619084 5619085 13 0 1 20 1  0
14.4547 5666994 348.18 8 0 0 1 5660638 5660639 13 0 1 20 1  0
0 5502976 338.103 8 0 0 1 5666994 5666995 13 0 1 20 1  0
13.508 5666994 348.18 1 0 0 1 5522723 5522728 13 0 1 20 1  0
0 5502976 338.103 1 0 0 4 5635633 5635634 13 0 1 20 1  0
11.046 5522725 339.316 3 0 0 4 5522724 5522726 13 0 1 20 1  0
11.9441 5635629 346.253 3 2 0.0394922 6 5635627 5635631 13 0 1 20 1  0
16.4889 5839334 358.769 12 759 19.8874 342 5836856 5840896 13 0 1 20 1  0
0 5765120 354.209 8 0 0 199 5840101 5840105 13 0 1 20 1  0
10.5895 5840094 358.815 1 0 0 2 5840094 5840095 13 0 1 20 1  0
11.0991 5840421 358.835 1 0 0 1 5840102 5840103 13 0 1 20 1  0
11.91 5842035 358.935 3 0 0 1 5840092 5840094 13 0 1 20 1  0
10.6349 5858014 359.916 3 1 0.0197462 1 5840436 5840437 13 0 1 20 1  0
11.1878 5841339 358.892 3 3 0.059238 2 5840420 5840421 13 0 1 20 1  0
10.0332 5839364 358.771 3 358 7.53893 2 5839364 5839365 13 0 1 20 1  0
10.0026 5838652 358.727 4 1122 39.8412 1 5838652 5838653 13 0 1 20 1  0
10.7261 5838175 358.697 4 1159 42.6423 1 5838173 5838178 13 0 1 20 1  0
10.2413 5835639 358.542 6 1415 67.8074 1 5835637 5835644 13 0 1 20 1  0
0 5765120 354.209 6 1415 67.8074 2 5835958 5835963 13 0 1 20 1  0
11.3209 5816679 357.377 11 2424 408.441 14 5815412 5817701 13 0 1 20 1  0
11.345 6037306 370.932 8 0 0 1 6037306 6037307 13 0 1 20 1  0
14.1456 6147408 377.697 8 0 0 1 6037619 6037620 13 0 1 20 1  0
0 6027264 370.315 8 0 0 7 6147408 6147409 13 0 1 20 1  0
10.0783 6037298 370.932 2 1 0.0197462 3 6037298 6037299 13 0 1 20 1  0
16.7589 6168688 379.004 2 0 0 17 6037307 6037309 13 0 1 20 1  0
0 6027264 370.315 1 0 0 31 6037619 6037631 13 0 1 20 1  0
15.6791 6170994 379.146 3 1 0.0197462 7 6037620 6037626 13 0 1 20 1  0
10.5208 6037621 370.951 3 2 0.0394922 2 6037621 6037622 13 0 1 20 1  0
14.8938 6303179 387.267 8 0 0 1 6303179 6303180 13 0 1 20 1  0
12.4634 6402319 393.358 8 0 0 1 6402319 6402320 13 0 1 20 1  0
0 6289408 386.421 8 0 0 3 6494227 6494228 13 0 1 20 1  0
11.4541 6499568 399.333 1 0 0 1 6499568 6499569 13 0 1 20 1  0
10.9034 6519186 400.539 1 0 0 1 6519186 6519187 13 0 1 20 1  0
11.7486 6354134 390.398 12 2506 472.39 3 6352040 6355882 13 0 1 20 1  0
14.6386 6810857 418.459 8 0 0 1 6810857 6810858 13 0 1 20 1  0
10.6479 6810858 418.459 1 0 0 1 6810858 6810859 13 0 1 20 1  0
10.2881 7005094 430.393 12 179 3.58989 1 7004908 7006850 13 0 1 20 1  0
11.101 7075839 434.74 11 2718 688.018 3 7074806 7075841 13 0 1 20 1  0
12.3011 7148552 439.207 8 0 0 1 7148552 7148553 13 0 1 20 1  0
15.7464 7250487 445.47 8 0 0 1 7148803 7148804 13 0 1 20 1  0
0 7075840 434.74 8 0 0 7 7153779 7153782 13 0 1 20 1  0
19.8951 7155719 439.647 2 0 0 29 7153779 7153787 13 0 1 20 1  0
0 7075840 434.74 1 0 0 8 7154239 7154246 13 0 1 20 1  0
11.5502 7250483 445.47 2 2 0.0394922 1 7250483 7250484 13 0 1 20 1  0
10.9456 7261562 446.15 12 3207 1637.63 1 7260814 7262708 13 0 1 20 1  0
11.5408 7446183 457.493 8 0 0 1 7446183 7446184 13 0 1 20 1  0
13.4497 7557620 464.34 8 0 0 1 7557620 7557621 13 0 1 20 1  0
11.5913 7446183 457.493 1 0 0 2 7446183 7446184 13 0 1 20 1  0
10.2349 7622066 468.3 8 0 0 1 7622066 7622067 13 0 1 20 1  0
15.0771 7744621 475.829 8 0 0 1 7744621 7744622 13 0 1 20 1  0
0 7600128 466.952 8 0 0 6 7749819 7749820 13 0 1 20 1  0
10.3175 7622066 468.3 1 0 0 1 7622066 7622067 13 0 1 20 1  0
17.0712 7751058 476.225 1 0 0 6 7749819 7749827 13 0 1 20 1  0
0 7600128 466.952 1 0 0 7 7751058 7751061 13 0 1 20 1  0
11.8041 7749821 476.149 3 1 0.0197462 6 7749821 7749822 13 0 1 20 1  0
0 7600128 466.952 9 2675 637.499 419 7625579 7625634 13 0 1 20 1  0
11.1879 7623236 468.372 2 2715 684.367 1 7622242 7622284 13 0 1 20 1  0
12.0011 7623009 468.358 2 2716 685.581 1 7622215 7622272 13 0 1 20 1  0
11.856 7621437 468.261 2 2727 699.088 1 7621422 7622070 13 0 1 20 1  0
10.0171 7621017 468.235 2 2730 702.817 1 7621017 7621018 13 0 1 20 1  0
15.4563 7621075 468.239 3 2730 702.817 1 7620940 7622036 13 0 1 20 1  0
10.7787 7620944 468.231 3 2735 709.077 1 7620208 7620226 13 0 1 20 1  0
12.0451 7862230 483.055 12 2841 855.727 2 7861134 7862274 13 0 1 20 1  0
11.6635 8036052 493.735 8 0 0 1 8036052 8036053 13 0 1 20 1  0
14.9509 8044762 494.27 8 0 0 1 8036527 8036528 13 0 1 20 1  0
0 7862272 483.058 8 0 0 5 8037085 8037086 13 0 1 20 1  0
17.8069 8042358 494.122 1 0 0 3 8037085 8037087 13 0 1 20 1  0
0 7862272 483.058 1 0 0 5 8038532 8038533 13 0 1 20 1  0
15.2571 8040978 494.038 2 0 0 4 8040977 8040982 13 0 1 20 1  0
11.1942 8247556 506.73 8 0 0 1 8247556 8247557 13 0 1 20 1  0
10.1787 8247557 506.73 1 0 0 1 8247557 8247558 13 0 1 20 1  0
14.5352 8551017 525.374 8 0 0 1 8551017 8551018 13 0 1 20 1  0
14.8662 8645156 531.158 8 0 0 1 8554797 8554798 13 0 1 20 1  0
0 8386560 515.27 8 0 0 2 8642799 8642812 13 0 1 20 1  0
16.9848 8645157 531.158 1 0 0 1 8551016 8551018 13 0 1 20 1  0
0 8386560 515.27 1 0 0 5 8554797 8554798 13 0 1 20 1  0
18.171 8642802 531.014 2 0 0 50 8551016 8551018 13 0 1 20 1  0
11.2325 8551014 525.374 2 1 0.0197462 1 8551014 8551015 13 0 1 20 1  0
10.9278 8648704 531.376 12 2359 363.957 1 8647932 8648706 13 0 1 20 1  0
10.1074 8535227 524.404 10 3250 1767.39 1 8535225 8535232 13 0 1 20 1  0
12.3766 8721354 535.84 12 54 1.06748 1 8720054 8723006 13 0 1 20 1  0
14.0934 9154927 562.479 8 0 0 1 9154927 9154928 13 0 1 20 1  0
13.0965 8995697 552.696 4 6 0.118475 40 8995694 8995703 13 0 1 20 1  0
12.0622 8978378 551.632 7 5 0.0987291 7 8978355 8978418 13 0 1 20 1  0
0 8910848 547.482 3 2 0.0394922 49 9067291 9067293 13 0 1 20 1  0
11.072 8995371 552.676 3 3 0.059238 1 8995371 8995372 13 0 1 20 1  0
11.6307 9067276 557.093 4 16 0.315943 18 8995682 8995692 13 0 1 20 1  0
10.5915 8985936 552.096 3 5 0.0987291 5 8985936 8985937 13 0 1 20 1  0
10.1063 9172980 563.588 12 2002 193.134 1 9172944 9172994 13 0 1 20 1  0
23.0287 9405793 577.892 7 6 0.118475 448 9395216 9395392 13 0 1 20 1  0
0 9172992 563.589 8 0 0 1130 9404124 9404125 13 0 1 20 1  0
13.626 9253095 568.51 4 6 0.118475 35 9253092 9253103 13 0 1 20 1  0
12.8221 9293119 570.969 4 9 0.177712 8 9253089 9253099 13 0 1 20 1  0
12.4449 9404116 577.789 3 2 0.0394922 2 9253099 9253103 13 0 1 20 1  0
10.3183 9400287 577.554 5 4 0.0789836 1 9400287 9400288 13 0 1 20 1  0
16.1548 9770176 600.28 9 14 0.276446 15 9701693 9704470 13 0 1 20 1  0
22.4872 9889274 607.597 3 0 0 473 9830138 9830141 13 0 1 20 1  0
20.0336 9702646 596.131 11 152 3.03469 1503 9699691 9721195 13 0 1 20 1  0
10.0365 9702000 596.091 2 0 0 1 9702000 9702001 13 0 1 20 1  0
10.4465 9769384 600.231 4 3 0.059238 4 9769384 9769385 13 0 1 20 1  0
11.0099 9818749 603.264 2 1 0.0197462 4 9818749 9818750 13 0 1 20 1  0
10.2837 9830117 603.962 3 24 0.473963 5 9830117 9830118 13 0 1 20 1  0
12.5521 9709186 596.532 8 11 0.217204 9 9701855 9704612 13 0 1 20 1  0
15.5951 9896387 608.034 3 4 0.0789836 1 9807995 9808000 13 0 1 20 1  0
10.2492 9807995 602.603 2 6 0.118475 6 9807995 9807996 13 0 1 20 1  0
14.1809 9713030 596.769 7 9 0.177712 6 9709080 9709447 13 0 1 20 1  0
10.3682 9755180 599.358 12 43 0.849625 1 9755156 9755242 13 0 1 20 1  0
10.2287 9830004 603.955 3 109 2.16404 3 9830004 9830005 13 0 1 20 1  0
11.1067 9892568 607.799 10 1605 95.2823 2 9892179 9893059 13 0 1 20 1  0
12.3562 9977925 613.044 3 5 0.0987291 24 9977593 9977597 13 0 1 20 1  0
11.9376 9977596 613.023 3 4 0.0789836 7 9977595 9977598 13 0 1 20 1  0
0 9959424 611.907 2 1 0.0197462 8 9977929 9977930 13 0 1 20 1  0
10.2567 10141870 623.116 12 299 6.17388 1 10141786 10141912 13 0 1 20 1  0
10.9283 10219278 627.872 12 347 7.27865 1 10141482 10141878 13 0 1 20 1  0
0 9959424 611.907 12 347 7.27865 1 10216954 10220948 13 0 1 20 1  0
16.7629 10461756 642.77 4 6 0.118475 90 10461747 10461764 13 0 1 20 1  0
11.3056 10353232 636.103 11 91 1.80349 6 10351911 10361720 13 0 1 20 1  0
10.6775 10387634 638.216 12 181 3.63133 1 10387542 10388624 13 0 1 20 1  0
10.4134 10409486 639.559 10 881 25.3189 5 10409356 10409797 13 0 1 20 1  0
11.5192 10409424 639.555 12 1107 38.7552 7 10408502 10409878 13 0 1 20 1  0
16.7106 10628274 653.001 8 0 0 1 10628274 10628275 13 0 1 20 1  0
14.8141 10709884 658.015 3 1 0.0197462 16 10524270 10524279 13 0 1 20 1  0
15.8801 10524275 646.611 3 3 0.059238 46 10524273 10524279 13 0 1 20 1  0
0 10483712 644.119 1 0 0 91 10628274 10628276 13 0 1 20 1  0
10.5326 10544456 647.851 2 1 0.0197462 1 10544456 10544457 13 0 1 20 1  0
10.5668 10659088 654.894 2 2 0.0394922 2 10659088 10659090 13 0 1 20 1  0
10.6251 10709737 658.006 3 112 2.22433 1 10709736 10709739 13 0 1 20 1  0
11.2562 10531235 647.039 10 3279 1860.66 1 10530864 10531451 13 0 1 20 1  0
16.4836 10758420 660.997 8 0 0 1 10758420 10758422 13 0 1 20 1  0
0 10745856 660.225 8 0 0 2 10759472 10759473 13 0 1 20 1  0
16.0671 10758421 660.997 1 0 0 1 10758420 10758422 13 0 1 20 1  0
0 10745856 660.225 1 0 0 2 10832988 10832990 13 0 1 20 1  0
14.7329 10832984 665.578 4 5 0.0987291 45 10832980 10832990 13 0 1 20 1  0
11.6006 10951462 672.858 12 243 4.94071 1 10950372 10952168 13 0 1 20 1  0
15.8697 11215753 689.096 8 0 0 1 11215753 11215754 13 0 1 20 1  0
14.3796 11229266 689.926 8 0 0 1 11229266 11229267 13 0 1 20 1  0
10.0614 11229266 689.926 1 0 0 1 11229266 11229267 13 0 1 20 1  0
11.9829 11023132 677.261 12 24 0.473963 8 11021846 11025140 13 0 1 20 1  0
11.5141 11098997 681.922 8 219 4.42771 30 11098951 11099040 13 0 1 20 1  0
13.4265 11021564 677.165 12 515 11.6158 36 11020654 11022188 13 0 1 20 1  0
10.5697 11018889 677 10 1212 46.9777 1 11018785 11019111 13 0 1 20 1  0
14.2636 11303067 694.46 8 0 0 1 11303067 11303068 13 0 1 20 1  0
16.8689 11309873 694.879 8 0 0 1 11309873 11309874 13 0 1 20 1  0
10.9698 11309874 694.879 1 0 0 1 11309874 11309875 13 0 1 20 1  0
16.0649 11646979 715.59 8 0 0 1 11646979 11646980 13 0 1 20 1  0
15.6886 11728845 720.62 8 0 0 1 11648830 11648831 13 0 1 20 1  0
0 11532288 708.544 8 0 0 1 11728845 11728846 13 0 1 20 1  0
13.7049 11646979 715.59 1 0 0 1 11646979 11646981 13 0 1 20 1  0
0 11532288 708.544 1 0 0 2 11648831 11648832 13 0 1 20 1  0
10.2724 11728846 720.62 2 0 0 1 11728846 11728847 13 0 1 20 1  0
11.8432 11598524 712.613 12 627 15.0562 5 11598186 11599570 13 0 1 20 1  0
13.2655 11918038 732.244 8 0 0 1 11918038 11918039 13 0 1 20 1  0
12.4218 11918039 732.244 1 0 0 2 11918039 11918040 13 0 1 20 1  0
14.5666 11918683 732.284 3 5 0.0987291 53 11918029 11918033 13 0 1 20 1  0
0 11794432 724.65 2 2 0.0394922 12 11918687 11918688 13 0 1 20 1  0
11.6247 11935756 733.333 10 48 0.948609 1 11899919 11900287 13 0 1 20 1  0
0 11794432 724.65 10 48 0.948609 1 11935558 11935924 13 0 1 20 1  0
17.2168 12056211 740.734 11 124 2.46611 19 12049995 12056577 13 0 1 20 1  0
10.7225 12119661 744.632 8 0 0 1 12119661 12119662 13 0 1 20 1  0
15.7947 12189269 748.909 8 0 0 1 12145014 12145015 13 0 1 20 1  0
14.0313 12056576 740.756 12 120 2.3854 2656 12056576 12062800 13 0 1 20 1  0
17.1529 12189268 748.909 2 0 0 19 12189263 12189273 13 0 1 20 1  0
23.3572 12306788 756.129 9 14 0.276446 5299 12302532 12302968 13 0 1 20 1  0
14.062 12307146 756.151 2 1 0.0197462 2 12189262 12189270 13 0 1 20 1  0
11.4944 12298541 755.622 8 1616 97.1717 16 12298339 12298822 13 0 1 20 1  0
10.3563 12290304 755.116 12 2026 201.544 1 12289232 12291018 13 0 1 20 1  0
21.7088 12255052 752.95 12 2601 559.088 608 12202338 12205122 13 0 1 20 1  0
0 12056576 740.756 8 2353 360.104 112 12275202 12275221 13 0 1 20 1  0
20.9745 12318716 756.862 12 2676 638.63 119 12315308 12318722 13 0 1 20 1  0
12.2657 12239156 751.974 12 2780 767.986 5 12233894 12241586 13 0 1 20 1  0
18.2583 12303448 755.924 12 2817 820.07 77 12267132 12270634 13 0 1 20 1  0
11.8244 12304181 755.969 8 2805 802.802 1 12302007 12302876 13 0 1 20 1  0
11.4396 12318720 756.862 12 3051 1241.86 1 12317834 12318722 13 0 1 20 1  0
10.4642 12317804 756.806 8 3059 1259.6 1 12317660 12317836 13 0 1 20 1  0
18.732 12253280 752.841 12 3117 1396.06 14 12249198 12259824 13 0 1 20 1  0
11.0195 12272096 753.998 12 3273 1840.97 1 12270284 12273976 13 0 1 20 1  0
11.8791 12328221 757.446 8 0 0 1 12328221 12328222 13 0 1 20 1  0
16.0844 12340539 758.203 4 0 0 8 12333384 12333393 13 0 1 20 1  0
0 12318720 756.862 8 0 0 365 12340540 12340547 13 0 1 20 1  0
13.1273 12382864 760.803 5 3 0.059238 37 12340527 12340534 13 0 1 20 1  0
10.2851 12333386 757.763 3 1 0.0197462 1 12333386 12333387 13 0 1 20 1  0
12.4712 12395254 761.564 4 3 0.059238 3 12340537 12340541 13 0 1 20 1  0
11.5872 12574969 772.606 3 2 0.0394922 2 12340542 12340544 13 0 1 20 1  0
10.1722 12339242 758.123 4 3 0.059238 1 12339242 12339243 13 0 1 20 1  0
10.4252 12354519 759.062 4 4 0.0789836 1 12354519 12354521 13 0 1 20 1  0
10.6269 12554443 771.345 4 5 0.0987291 2 12354516 12354520 13 0 1 20 1  0
10.5907 12473361 766.363 7 14 0.276446 2 12382789 12382809 13 0 1 20 1  0
10.1267 12365424 759.732 7 62 1.22615 1 12365422 12365427 13 0 1 20 1  0
11.0622 12491745 767.493 7 174 3.4865 7 12491712 12491771 13 0 1 20 1  0
11.952 12744030 782.993 8 0 0 1 12744030 12744031 13 0 1 20 1  0
11.9559 12759640 783.952 8 0 0 1 12748083 12748084 13 0 1 20 1  0
0 12580864 772.968 8 0 0 119 12749643 12749644 13 0 1 20 1  0
13.9217 12759641 783.952 2 0 0 2 12652276 12652278 13 0 1 20 1  0
11.1117 12652251 777.354 3 3 0.059238 4 12652250 12652253 13 0 1 20 1  0
12.3613 12756872 783.782 2 1 0.0197462 3 12659441 12659443 13 0 1 20 1  0
11.0403 12752209 783.496 7 11 0.217204 8 12730363 12730368 13 0 1 20 1  0
11.6392 12731732 782.238 4 4 0.0789836 7 12652251 12652253 13 0 1 20 1  0
11.6176 12730435 782.158 3 2 0.0394922 2 12652252 12652254 13 0 1 20 1  0
11.6157 12659447 777.796 4 1 0.0197462 2 12652929 12652930 13 0 1 20 1  0
10.7994 12652900 777.394 3 5 0.0987291 2 12652248 12652251 13 0 1 20 1  0
10.932 12816681 787.457 7 22 0.434452 14 12730348 12730352 13 0 1 20 1  0
10.8051 12750908 783.416 12 492 10.9702 3 12750592 12751320 13 0 1 20 1  0
10.3524 12749768 783.346 12 774 20.5002 1 12749492 12750298 13 0 1 20 1  0
10.3525 12853259 789.704 8 0 0 1 12853259 12853260 13 0 1 20 1  0
13.4124 13059951 802.403 8 0 0 1 12853264 12853265 13 0 1 20 1  0
0 12843008 789.074 8 0 0 363 12857061 12857062 13 0 1 20 1  0
16.1928 13060979 802.466 1 0 0 1 12853256 12853269 13 0 1 20 1  0
12.8028 12993643 798.329 2 0 0 2 12853256 12853268 13 0 1 20 1  0
13.1602 13036313 800.951 3 0 0 2 12853256 12853268 13 0 1 20 1  0
13.3912 12857712 789.978 5 1 0.0197462 9 12856415 12856419 13 0 1 20 1  0
12.2934 12993634 798.329 6 0 0 3 12857711 12857733 13 0 1 20 1  0
12.9874 13038826 801.105 4 3 0.059238 43 12853255 12853258 13 0 1 20 1  0
10.1153 12860106 790.125 2 1 0.0197462 1 12860106 12860107 13 0 1 20 1  0
12.9395 12857064 789.938 3 1 0.0197462 1 12853258 12853265 13 0 1 20 1  0
10.4806 13032717 800.73 6 4 0.0789836 4 12993624 12993629 13 0 1 20 1  0
10.0456 12856414 789.898 5 3 0.059238 1 12856414 12856415 13 0 1 20 1  0
11.0201 13037487 801.023 3 4 0.0789836 5 12856744 12856750 13 0 1 20 1  0
12.2559 12856745 789.918 4 5 0.0987291 4 12856087 12856091 13 0 1 20 1  0
10.8853 12981565 797.587 3 5 0.0987291 2 12856742 12856748 13 0 1 20 1  0
11.0753 12888327 791.859 4 7 0.13822 2 12856737 12856744 13 0 1 20 1  0
11.4656 12903541 792.794 7 84 1.66377 25 12903515 12903565 13 0 1 20 1  0
10.5832 12904154 792.831 12 112 2.22433 1 12903764 12904212 13 0 1 20 1  0
10.1549 12867100 790.555 12 1425 69.0365 1 12866636 12867216 13 0 1 20 1  0
10.076 12959562 796.235 11 2880 917.007 1 12959536 12959863 13 0 1 20 1  0
13.6254 13161780 808.66 8 0 0 1 13161315 13161317 13 0 1 20 1  0
0 13105152 805.18 8 0 0 5 13161780 13161782 13 0 1 20 1  0
16.1699 13161316 808.631 1 0 0 1 13161316 13161317 13 0 1 20 1  0
17.1983 13161781 808.66 1 0 0 1 13161780 13161782 13 0 1 20 1  0
0 13105152 805.18 1 0 0 15 13162328 13162329 13 0 1 20 1  0
13.9146 13293512 816.753 2 0 0 11 13161780 13161782 13 0 1 20 1  0
10.3884 13304892 817.453 3 3 0.059238 1 13304892 13304893 13 0 1 20 1  0
10.1483 13262421 814.843 9 20 0.394946 3 13262416 13262425 13 0 1 20 1  0
11.2319 13347354 820.061 11 1481 76.332 11 13346744 13347933 13 0 1 20 1  0
15.9328 13390826 822.732 8 0 0 1 13390826 13390827 13 0 1 20 1  0
16.1973 13592482 835.122 8 0 0 1 13392674 13392675 13 0 1 20 1  0
0 13367296 821.287 8 0 0 7 13396481 13396482 13 0 1 20 1  0
10.1839 13390827 822.732 1 0 0 1 13390827 13390828 13 0 1 20 1  0
18.6846 13396493 823.081 1 0 0 28 13392675 13392676 13 0 1 20 1  0
0 13367296 821.287 1 0 0 5 13396481 13396483 13 0 1 20 1  0
14.6096 13548396 832.413 12 69 1.36517 35 13545894 13549500 13 0 1 20 1  0
11.0606 13629434 837.392 12 3172 1539.08 5 13628654 13629442 13 0 1 20 1  0
13.0308 13836037 850.086 8 0 0 1 13836037 13836038 13 0 1 20 1  0
14.4414 13838973 850.266 8 0 0 1 13837486 13837488 13 0 1 20 1  0
0 13629440 837.393 8 0 0 4 13838973 13838975 13 0 1 20 1  0
16.7809 13838974 850.267 1 0 0 3 13837487 13837489 13 0 1 20 1  0
0 13629440 837.393 1 0 0 6 13838973 13838975 13 0 1 20 1  0
10.4287 13839720 850.312 2 2 0.0394922 1 13839720 13839721 13 0 1 20 1  0
12.2884 13891561 853.497 9 2707 674.725 9 13890979 13891585 13 0 1 20 1  0
12.8054 13876280 852.559 12 2862 888.197 4 13873036 13879478 13 0 1 20 1  0
10.3677 13891584 853.499 12 2943 1025.4 2 13890708 13891586 13 0 1 20 1  0
11.5921 13860442 851.586 9 2973 1081.43 2 13859397 13862565 13 0 1 20 1  0
11.6609 13842756 850.499 12 3080 1307.4 4 13840218 13844454 13 0 1 20 1  0
11.4724 13827848 849.583 12 3150 1480.19 3 13824320 13830526 13 0 1 20 1  0
10.7414 13827187 849.542 8 3155 1493.37 1 13827126 13827256 13 0 1 20 1  0
10.3661 13797108 847.694 12 3277 1854.07 1 13795742 13797584 13 0 1 20 1  0
11.6039 14083387 865.283 8 0 0 4 14083387 14083389 13 0 1 20 1  0
0 13891584 853.499 8 0 0 490 14087436 14087438 13 0 1 20 1  0
13.4676 14083388 865.283 1 0 0 2 14072032 14072034 13 0 1 20 1  0
13.4489 14087438 865.532 2 0 0 3 14072032 14072037 13 0 1 20 1  0
16.4585 14123876 867.771 7 2 0.0394922 240 14075319 14075336 13 0 1 20 1  0
12.7477 14122945 867.714 2 1 0.0197462 4 14122945 14122946 13 0 1 20 1  0
15.035 14087362 865.527 8 10 0.197458 90 14083333 14083533 13 0 1 20 1  0
12.6356 14072021 864.585 4 5 0.0987291 7 14072014 14072025 13 0 1 20 1  0
10.2917 13905564 854.358 12 333 6.95136 1 13905486 13905814 13 0 1 20 1  0
10.4347 14119740 867.517 12 892 25.8629 1 14119354 14119918 13 0 1 20 1  0
10.4055 14162367 870.136 8 0 0 1 14162367 14162368 13 0 1 20 1  0
12.6198 14396374 884.513 8 0 0 1 14265379 14265380 13 0 1 20 1  0
0 14153728 869.605 8 0 0 11 14267160 14267162 13 0 1 20 1  0
16.6873 14396376 884.513 2 0 0 10 14162365 14162369 13 0 1 20 1  0
0 14153728 869.605 1 0 0 70 14180933 14180934 13 0 1 20 1  0
15.8648 14297516 878.439 3 0 0 237 14162364 14162368 13 0 1 20 1  0
11.4393 14162360 870.135 3 3 0.059238 3 14162359 14162362 13 0 1 20 1  0
11.3106 14334674 880.722 4 6 0.118475 1 14297501 14297506 13 0 1 20 1  0
11.0394 14367902 882.764 12 1932 170.549 5 14366922 14369096 13 0 1 20 1  0
73.5673 7622418 468.321 9 2719 689.239 648 7621944 7622904 13 0 1 20 1 1
