0 121208 134.964
1 121208 134.963
2 121208 135.03
3 121209 135.102
4 121209 135.038
5 121208 135.093
6 121209 135.05
7 121209 135.118
8 121209 135.169
9 121209 135.172
10 121209 135.166
11 121209 135.079
12 121209 135.109
13 121209 135.138
14 121209 135.146
15 121209 135.127
16 121209 135.138
17 121209 135.108
18 121209 135.093
19 121209 135.126
20 121209 135.163
21 121209 135.222
22 121209 135.268
23 121209 135.251
24 121209 135.261
25 121208 135.266
26 121208 135.282
27 121209 135.311
28 121209 135.339
29 121209 135.367
30 121209 135.316
31 121209 135.314
32 121209 135.333
33 121210 135.304
34 121210 135.253
35 121210 135.233
36 121210 135.22
37 121210 135.197
38 121210 135.247
39 121210 135.233
40 121210 135.162
41 121211 135.116
42 121211 135.179
43 121211 135.248
44 121211 135.189
45 121211 135.134
46 121211 135.138
47 121211 135.164
48 121211 135.177
49 121211 135.213
50 121211 135.215
51 121211 135.163
52 121211 135.122
53 121211 135.115
54 121211 135.09
55 121211 135.069
56 121211 135.066
57 121211 134.993
58 121211 134.956
59 121211 134.895
60 121212 134.839
61 121211 134.81
62 121211 134.889
63 121211 134.883
64 121211 134.891
65 121211 134.939
66 121211 134.955
67 121210 134.92
68 121210 134.951
69 121210 134.953
70 121210 134.939
71 121210 134.93
72 121210 134.975
73 121210 135.031
74 121210 134.992
75 121210 134.969
76 121210 134.968
77 121210 134.986
78 121210 134.977
79 121210 134.942
80 121210 134.922
81 121210 134.888
82 121210 134.906
83 121210 134.974
84 121210 134.967
85 121210 134.976
86 121210 134.951
87 121210 134.976
88 121210 134.969
89 121210 135.011
90 121210 134.981
91 121210 134.997
92 121210 135.04
93 121210 135.075
94 121210 135.005
95 121210 134.97
96 121210 134.924
97 121209 134.886
98 121209 134.854
99 121209 134.878
100 121209 134.902
101 121209 134.933
102 121208 134.91
103 121208 134.891
104 121208 134.854
105 121208 134.826
106 121208 134.786
107 121207 134.821
108 121207 134.82
109 121207 134.836
110 121207 134.853
111 121207 134.891
112 121206 134.89
113 121206 134.86
114 121206 134.89
115 121206 134.85
116 121206 134.884
117 121206 134.883
118 121206 134.938
119 121206 134.919
120 121206 134.952
121 121206 134.983
122 121206 135.003
123 121206 134.965
124 121206 134.951
125 121205 134.933
126 121206 134.938
127 121206 134.956
128 121206 134.971
129 121206 134.961
130 121206 134.998
131 121206 134.963
132 121206 134.926
133 121206 134.893
134 121206 134.913
135 121206 134.946
136 121206 134.911
137 121206 134.97
138 121206 134.948
139 121206 134.912
140 121206 134.979
141 121206 135.03
142 121206 135.028
143 121207 134.993
144 121206 134.976
145 121206 135.04
146 121206 135.039
147 121206 135.054
148 121206 135.019
149 121206 135.022
150 121207 135.005
151 121207 134.979
152 121207 134.994
153 121207 134.955
154 121208 134.977
155 121208 135.017
156 121208 135.028
157 121208 134.987
158 121208 135.007
159 121208 135.031
160 121208 134.998
161 121209 135.043
162 121208 135.005
163 121208 135.036
164 121208 135.042
165 121208 135.014
166 121208 135.013
167 121208 134.966
168 121208 135.022
169 121208 134.959
170 121208 134.98
171 121208 134.996
172 121208 134.968
173 121208 134.921
174 121208 134.895
175 121207 134.937
176 121208 134.931
177 121207 134.905
178 121208 134.897
179 121207 134.866
180 121207 134.889
181 121207 134.879
182 121206 134.848
183 121206 134.895
184 121205 134.844
185 121205 134.845
186 121205 134.838
187 121204 134.85
188 121204 134.844
189 121204 134.821
190 121204 134.809
191 121203 134.78
192 121203 134.802
193 121203 134.756
194 121203 134.75
195 121202 134.724
196 121202 134.72
197 121202 134.676
198 121202 134.668
199 121202 134.648
200 121202 134.619
201 121202 134.609
202 121201 134.607
203 121201 134.611
204 121201 134.587
205 121201 134.545
206 121201 134.5
207 121200 134.469
208 121200 134.438
209 121200 134.41
210 121200 134.371
211 121200 134.373
212 121200 134.381
213 121200 134.408
214 121200 134.414
215 121200 134.373
216 121200 134.387
217 121200 134.429
218 121200 134.436
219 121200 134.441
220 121200 134.44
221 121200 134.453
222 121200 134.457
223 121200 134.481
224 121200 134.486
225 121200 134.55
226 121200 134.567
227 121200 134.531
228 121200 134.524
229 121200 134.622
230 121200 134.677
231 121200 134.734
232 121200 134.772
233 121200 134.797
234 121200 134.798
235 121201 134.794
236 121201 134.758
237 121201 134.788
238 121201 134.824
239 121201 134.781
240 121201 134.803
241 121201 134.791
242 121201 134.781
243 121201 134.752
244 121201 134.769
245 121200 134.705
246 121200 134.722
247 121200 134.74
248 121200 134.753
249 121200 134.718
250 121201 134.745
251 121201 134.744
252 121201 134.795
253 121201 134.803
254 121201 134.776
255 121201 134.751
256 121201 134.732
257 121201 134.667
258 121201 134.663
259 121202 134.652
260 121202 134.701
261 121202 134.702
262 121203 134.683
263 121203 134.599
264 121203 134.625
265 121204 134.559
266 121204 134.576
267 121204 134.591
268 121205 134.65
269 121205 134.687
270 121205 134.673
271 121206 134.694
272 121206 134.749
273 121206 134.792
274 121206 134.795
275 121207 134.872
276 121207 134.846
277 121208 134.926
278 121208 134.893
279 121208 134.92
280 121209 134.921
281 121209 134.941
282 121210 134.926
283 121210 134.918
284 121210 134.856
285 121210 134.889
286 121211 134.961
287 121211 134.965
288 121211 134.986
289 121211 135.009
290 121212 135.024
291 121212 135.096
292 121212 135.128
293 121212 135.057
294 121212 135.044
295 121214 136.028
296 121216 137.217
297 121219 138.661
298 121223 141.702
299 121224 144.58
300 121224 145.63
301 121226 145.979
302 121228 148.323
303 121228 148.351
304 121228 148.341
305 121228 148.353
306 121228 148.424
307 121229 148.414
308 121228 148.45
309 121228 148.39
310 121228 148.422
311 121228 148.406
312 121229 148.38
313 121228 148.397
314 121228 148.368
315 121228 148.393
316 121229 148.41
317 121228 148.396
318 121228 148.379
319 121228 148.383
320 121228 148.449
321 121228 148.458
322 121228 148.45
323 121228 148.429
324 121227 148.403
325 121227 148.454
326 121227 148.451
327 121225 147.491
328 121223 146.275
329 121220 144.889
330 121215 141.819
331 121214 138.906
332 121214 137.814
333 121212 137.415
334 121210 135.102
335 121210 135.144
336 121210 135.175
337 121210 135.15
338 121210 135.092
339 121209 135.119
340 121209 135.083
341 121209 135.073
342 121209 135.115
343 121209 135.166
344 121209 135.157
345 121209 135.118
346 121209 135.154
347 121209 135.147
348 121208 135.151
349 121208 135.094
350 121208 135.123
351 121208 135.138
352 121208 135.039
353 121208 135.039
354 121208 135.068
355 121208 135.048
356 121208 135.057
357 121209 135.046
358 121209 135.057
359 121209 135.093
360 121210 135.037
361 121210 135.048
362 121210 135.074
363 121211 135.148
364 121211 135.225
365 121212 135.242
366 121212 135.24
367 121212 135.191
368 121213 135.103
369 121213 135.153
370 121213 135.139
371 121213 135.122
372 121213 135.085
373 121213 135.092
374 121214 135.043
375 121214 135.009
376 121214 134.971
377 121214 134.997
378 121214 134.982
379 121215 134.988
380 121214 134.978
381 121214 135.001
382 121214 135.001
383 121214 135.007
384 121214 135.013
385 121214 134.988
386 121214 134.993
387 121214 135.018
388 121214 135
389 121214 134.993
390 121214 134.926
391 121213 134.897
392 121213 134.957
393 121213 134.975
394 121213 135.008
395 121213 134.928
396 121213 134.876
397 121213 134.834
398 121212 134.848
399 121212 134.835
400 121212 134.885
401 121212 134.857
402 121212 134.876
403 121211 134.889
404 121211 134.982
405 121211 134.957
406 121211 134.979
407 121211 134.997
408 121211 135.06
409 121211 135.011
410 121210 134.986
411 121210 134.951
412 121210 134.916
413 121211 134.936
414 121211 134.932
415 121211 134.976
416 121212 135.076
417 121212 135.129
418 121212 135.115
419 121212 135.078
420 121212 135.029
421 121211 135.06
422 121211 135.07
423 121211 135.107
424 121211 135.103
425 121211 135.066
426 121211 135.043
427 121211 135.059
428 121210 135.093
429 121210 135.107
430 121210 135.066
431 121210 135.07
432 121210 135.051
433 121210 135.095
434 121210 135.062
435 121210 135.06
436 121210 135.059
437 121210 135.033
438 121210 135.004
439 121210 135.026
440 121210 135.007
441 121210 135.019
442 121210 135.066
443 121210 135.086
444 121210 135.122
445 121210 135.168
446 121210 135.158
447 121210 135.108
448 121210 135.064
449 121210 135.053
450 121210 135.02
451 121210 135.07
452 121211 135.103
453 121211 135.075
454 121211 135.12
455 121211 135.083
456 121211 135.079
457 121212 135.126
458 121212 135.138
459 121212 135.195
460 121212 135.189
461 121213 135.217
462 121213 135.229
463 121214 135.243
464 121214 135.292
465 121214 135.238
466 121214 135.257
467 121214 135.242
468 121214 135.222
469 121214 135.287
470 121214 135.294
471 121214 135.266
472 121214 135.235
473 121214 135.272
474 121214 135.241
475 121214 135.25
476 121214 135.257
477 121214 135.218
478 121214 135.226
479 121215 135.219
480 121215 135.217
481 121215 135.188
482 121215 135.26
483 121215 135.253
484 121215 135.257
485 121215 135.234
486 121216 135.246
487 121215 135.231
488 121215 135.213
489 121215 135.165
490 121215 135.149
491 121215 135.128
492 121215 135.109
493 121215 135.078
494 121215 135.152
495 121215 135.163
496 121216 135.147
497 121216 135.146
498 121216 135.165
499 121216 135.156
500 121216 135.132
501 121216 135.14
502 121217 135.151
503 121217 135.137
504 121217 135.195
505 121217 135.173
506 121217 135.191
507 121218 135.163
508 121217 135.165
509 121217 135.177
510 121217 135.13
511 121217 135.117
