10.9082 264646 32.5197 8 0 0 1 264646 264647 13 0 1 20 1  0
11.6962 462304 56.8079 8 0 0 1 266176 266177 13 0 1 20 1  0
0 260096 31.9606 8 0 0 594 266774 266775 13 0 1 20 1  0
13.6537 272203 33.4483 1 0 0 2 272203 272204 13 0 1 20 1  0
14.6777 334881 41.1502 1 0 0 1 272285 272286 13 0 1 20 1  0
17.7958 340376 41.8254 2 0 0 3 282969 282971 13 0 1 20 1  0
19.6826 340551 41.8469 3 0 0 4 287830 287834 13 0 1 20 1  0
13.7129 344130 42.2867 4 0 0 6 329628 329635 13 0 1 20 1  0
10.2545 296416 36.4236 6 0 0 1 296415 296418 13 0 1 20 1  0
11.8182 328714 40.3924 7 0 0 8 319297 319300 13 0 1 20 1  0
10.0609 287831 35.3687 3 1 0.0308372 1 287831 287832 13 0 1 20 1  0
10.7693 321858 39.5499 2 2 0.0616743 2 321858 321859 13 0 1 20 1  0
10.774 340199 41.8036 2 3 0.0925113 1 340198 340200 13 0 1 20 1  0
12.1209 479415 58.9105 3 3 0.0925113 9 321854 321857 13 0 1 20 1  0
10.7794 322414 39.6182 3 5 0.154185 2 322414 322415 13 0 1 20 1  0
10.1715 329617 40.5033 3 8 0.246696 1 329617 329618 13 0 1 20 1  0
10.5458 287865 35.3728 8 18 0.555074 1 287859 287869 13 0 1 20 1  0
10.2754 338408 41.5836 5 88 2.71598 2 338406 338412 13 0 1 20 1  0
11.1892 535572 65.8111 8 0 0 1 535572 535575 13 0 1 20 1  0
0 522240 64.1729 8 0 0 24 715578 715579 13 0 1 20 1  0
16.9164 535574 65.8113 2 0 0 14 535572 535577 13 0 1 20 1  0
13.883 598568 73.552 6 3 0.0925113 24 598542 598581 13 0 1 20 1  0
13.5091 525227 64.5399 5 145 4.48259 588 525210 525242 13 0 1 20 1  0
10.9894 1037657 127.507 8 0 0 1 797044 797046 13 0 1 20 1  0
0 784384 96.3851 8 0 0 61 816375 816377 13 0 1 20 1  0
14.5809 1037657 127.507 1 0 0 1 797044 797046 13 0 1 20 1  0
0 784384 96.3851 1 0 0 83 816376 816377 13 0 1 20 1  0
17.125 1038536 127.615 2 0 0 6 797043 797046 13 0 1 20 1  0
11.6207 832510 102.299 4 0 0 3 832507 832515 13 0 1 20 1  0
10.3043 797043 97.9406 2 1 0.0308372 1 797043 797044 13 0 1 20 1  0
12.9229 823720 101.219 2 1 0.0308372 3 823720 823721 13 0 1 20 1  0
11.0115 1047539 128.722 8 0 0 1 1047539 1047540 13 0 1 20 1  0
11.05 1142646 140.408 8 0 0 1 1073477 1073478 13 0 1 20 1  0
0 1046528 128.597 8 0 0 100 1078750 1078751 13 0 1 20 1  0
10.431 1073478 131.909 1 0 0 1 1073478 1073479 13 0 1 20 1  0
13.7893 1146183 140.843 1 0 0 1 1085533 1085537 13 0 1 20 1  0
0 1046528 128.597 1 0 0 121 1086292 1086293 13 0 1 20 1  0
17.2254 1085534 133.39 2 0 0 10 1085533 1085538 13 0 1 20 1  0
13.0405 1181226 145.149 4 1 0.0308372 12 1085533 1085540 13 0 1 20 1  0
10.5581 1128877 138.716 10 3533 401.49 5 1128537 1129007 13 0 1 20 1  0
10.6344 1309662 160.931 8 0 0 218 1309662 1309663 13 0 1 20 1  0
10.8439 1327696 163.147 8 0 0 1 1310593 1310594 13 0 1 20 1  0
13.0171 1317886 161.942 1 0 0 2 1317886 1317887 13 0 1 20 1  0
14.061 1358380 166.918 1 0 0 1 1319756 1319757 13 0 1 20 1  0
0 1308672 160.81 1 0 0 38 1320131 1320134 13 0 1 20 1  0
17.4732 1565013 192.309 4 0 0 100 1348089 1348092 13 0 1 20 1  0
10.1583 1319754 162.171 2 1 0.0308372 1 1319754 1319755 13 0 1 20 1  0
10.1813 1324383 162.74 3 5 0.154185 1 1324383 1324384 13 0 1 20 1  0
12.8446 1511745 185.763 9 25 0.770955 115 1511246 1512235 13 0 1 20 1  0
10.0995 1472805 180.978 5 138 4.26513 3 1472804 1472806 13 0 1 20 1  0
10.2048 1472979 181 9 125 3.86168 1 1472971 1472982 13 0 1 20 1  0
10.5513 1518305 186.569 4 147 4.54475 11 1463214 1463217 13 0 1 20 1  0
10.7824 1463213 179.8 4 151 4.66912 7 1463210 1463216 13 0 1 20 1  0
10.6246 1517399 186.458 5 155 4.79355 3 1463208 1463214 13 0 1 20 1  0
12.4417 1463168 179.794 7 529 16.9098 80 1463138 1463212 13 0 1 20 1  0
12.0967 1472634 180.957 7 561 18.0137 87 1463112 1463156 13 0 1 20 1  0
10.1286 1472082 180.889 7 738 24.4088 1 1472080 1472084 13 0 1 20 1  0
12.1757 1472468 180.937 7 1003 35.1719 9 1472418 1472499 13 0 1 20 1  0
10.5143 1511578 185.743 8 1373 53.645 4 1511550 1511587 13 0 1 20 1  0
13.2127 1517234 186.438 9 1923 92.7399 593 1516967 1517508 13 0 1 20 1  0
0 1308672 160.81 8 1857 87.0785 3 1517115 1517647 13 0 1 20 1  0
0 1308672 160.81 9 2285 130.073 1 1516320 1516863 13 0 1 20 1  0
10.2417 1457337 179.078 9 2752 199.109 1 1457315 1457384 13 0 1 20 1  0
21.4009 1508030 185.307 12 3215 302.019 1267 1506410 1509954 13 0 1 20 1  0
0 1308672 160.81 9 2838 215.191 1 1509184 1509280 13 0 1 20 1  0
0 1308672 160.81 7 3193 296.119 9 1508968 1508971 13 0 1 20 1  0
10.3555 1458972 179.278 11 3596 424.75 1 1458909 1459539 13 0 1 20 1  0
0 1308672 160.81 11 3661 450.152 1 1512528 1513625 13 0 1 20 1  0
10.5978 1508456 185.359 12 4442 903.637 3 1507062 1509260 13 0 1 20 1  0
10.1172 1580995 194.273 8 0 0 1 1580995 1580996 13 0 1 20 1  0
10.8632 1749770 215.012 8 0 0 1 1587285 1587286 13 0 1 20 1  0
0 1570816 193.022 8 0 0 136 1587858 1587859 13 0 1 20 1  0
10.2854 1587285 195.046 1 0 0 1 1587285 1587286 13 0 1 20 1  0
13.9729 1766428 217.059 1 0 0 1 1589384 1589385 13 0 1 20 1  0
0 1570816 193.022 1 0 0 447 1591830 1591837 13 0 1 20 1  0
17.7071 1778085 218.491 2 0 0 1 1589383 1589386 13 0 1 20 1  0
29.4774 1641506 201.708 7 153 4.73133 7981 1641411 1641573 13 0 1 20 1  0
10.3602 1591831 195.604 2 2 0.0616743 1 1591831 1591832 13 0 1 20 1  0
10.6249 1638950 201.394 3 7 0.215859 6 1638950 1638951 13 0 1 20 1  0
0 1570816 193.022 9 589 18.9916 3 1810574 1810639 13 0 1 20 1  0
11.1429 1847156 226.979 8 0 0 1 1847156 1847157 13 0 1 20 1  0
11.329 2043802 251.142 8 0 0 1 1853927 1853928 13 0 1 20 1  0
0 1832960 225.234 8 0 0 1975 1865415 1865416 13 0 1 20 1  0
14.823 2043803 251.143 1 0 0 3 1847157 1847160 13 0 1 20 1  0
53.758 2025392 248.88 7 0 0 12301 1879757 1879878 13 0 1 20 1  0
10.0474 1875492 230.46 3 1 0.0308372 1 1875492 1875493 13 0 1 20 1  0
11.0278 1967966 241.824 2 2 0.0616743 1 1967966 1967967 13 0 1 20 1  0
10.6002 1879719 230.98 4 3 0.0925113 2 1879719 1879720 13 0 1 20 1  0
12.4135 2068251 254.147 3 6 0.185022 1 1879873 1879876 13 0 1 20 1  0
10.0479 1880362 231.059 4 7 0.215859 1 1880362 1880363 13 0 1 20 1  0
11.9909 1881390 231.185 12 32 0.986861 5 1878294 1882954 13 0 1 20 1  0
10.103 1879867 230.998 3 13 0.400882 2 1879867 1879868 13 0 1 20 1  0
10.0037 1879734 230.982 8 29 0.894326 1 1879734 1879735 13 0 1 20 1  0
0 1832960 225.234 7 1791 81.7181 1 2022345 2022404 13 0 1 20 1  0
11.1949 2356095 289.517 8 0 0 1 2097880 2097882 13 0 1 20 1  0
0 2095104 257.446 8 0 0 46209 2098040 2098041 13 0 1 20 1  0
16.0086 2353929 289.251 3 2 0.0616743 2 2107870 2107873 13 0 1 20 1  0
16.8465 2322093 285.339 2 0 0 1 2097880 2097882 13 0 1 20 1  0
18.1149 2323636 285.528 3 0 0 13 2107874 2107879 13 0 1 20 1  0
44.7543 2308059 283.614 10 104 3.211 10835 2260042 2264243 13 0 1 20 1  0
10.4914 2105486 258.722 2 1 0.0308372 1 2105486 2105487 13 0 1 20 1  0
13.7717 2334989 286.923 2 1 0.0308372 2 2107873 2107876 13 0 1 20 1  0
33.7066 2257810 277.44 12 1682 73.4756 14402 2255542 2260106 13 0 1 20 1  0
11.9745 2139803 262.939 3 7 0.215859 4 2107865 2107867 13 0 1 20 1  0
10.3485 2107860 259.014 3 11 0.339207 1 2107860 2107861 13 0 1 20 1  0
10.1311 2216262 272.334 4 17 0.524235 1 2216262 2216265 13 0 1 20 1  0
14.8366 2287709 281.114 7 98 3.0253 40 2261894 2262881 13 0 1 20 1  0
10.1117 2259035 277.59 6 996 34.8651 3 2259035 2259036 13 0 1 20 1  0
10.0478 2259606 277.66 4 999 34.9964 1 2259606 2259607 13 0 1 20 1  0
10.6398 2302711 282.957 4 2249 125.824 4 2302711 2302713 13 0 1 20 1  0
24.1427 2300207 282.649 10 2655 182.369 5413 2251588 2256270 13 0 1 20 1  0
10.0312 2302572 282.94 4 2325 134.952 1 2302572 2302573 13 0 1 20 1  0
0 2095104 257.446 8 4154 698.981 2 2230812 2230958 13 0 1 20 1  0
0 2095104 257.446 12 4431 894.819 1 2254820 2255748 13 0 1 20 1  0
11.1148 2374769 291.812 8 0 0 1 2357351 2357353 13 0 1 20 1  0
10.9715 2575272 316.449 8 0 0 1 2357705 2357706 13 0 1 20 1  0
0 2357248 289.659 8 0 0 1462 2358222 2358223 13 0 1 20 1  0
13.3829 2375659 291.921 1 0 0 1 2357352 2357354 13 0 1 20 1  0
17.189 2486285 305.515 2 0 0 2 2357352 2357354 13 0 1 20 1  0
18.3624 2493104 306.353 3 0 0 2 2359265 2359267 13 0 1 20 1  0
16.7575 2383084 292.833 4 0 0 11 2368021 2368031 13 0 1 20 1  0
10.6353 2357351 289.671 2 1 0.0308372 1 2357351 2357352 13 0 1 20 1  0
13.1196 2472054 303.766 2 1 0.0308372 4 2362703 2362704 13 0 1 20 1  0
10.3302 2359264 289.906 3 1 0.0308372 1 2359264 2359265 13 0 1 20 1  0
16.7043 2368024 290.983 3 1 0.0308372 3 2368019 2368030 13 0 1 20 1  0
10.856 2479004 304.62 2 2 0.0616743 1 2371958 2371960 13 0 1 20 1  0
14.7004 2486786 305.576 3 3 0.0925113 7 2368017 2368024 13 0 1 20 1  0
10.1328 2380626 292.531 4 5 0.154185 2 2380626 2380627 13 0 1 20 1  0
10.3211 2382202 292.725 3 6 0.185022 1 2382202 2382203 13 0 1 20 1  0
13.6366 2474540 304.071 4 6 0.185022 28 2383071 2383079 13 0 1 20 1  0
10.146 2373004 291.595 3 7 0.215859 1 2373004 2373005 13 0 1 20 1  0
10.2815 2466852 303.127 3 13 0.400882 3 2466852 2466853 13 0 1 20 1  0
10.3526 2476705 304.337 3 12 0.370045 2 2472035 2472038 13 0 1 20 1  0
10.1368 2479483 304.679 3 14 0.43172 1 2472031 2472035 13 0 1 20 1  0
10.2507 2537960 311.865 3 17 0.524235 1 2472025 2472027 13 0 1 20 1  0
10.0976 2517630 309.366 3 53 1.6348 1 2517630 2517631 13 0 1 20 1  0
11.3895 2493071 306.349 9 64 1.9744 3 2493058 2493083 13 0 1 20 1  0
10.2402 2493023 306.343 4 218 6.76213 1 2493023 2493024 13 0 1 20 1  0
10.3966 2407697 295.858 5 519 16.5676 1 2407696 2407698 13 0 1 20 1  0
16.8667 2404912 295.516 12 3601 426.653 7 2402462 2406960 13 0 1 20 1  0
11.2863 2588486 318.073 12 4519 967.842 1 2587066 2589804 13 0 1 20 1  0
10.1451 2549380 313.268 12 4792 1234.46 1 2549354 2549398 13 0 1 20 1  0
10.9964 2564082 315.074 12 4962 1436.38 2 2563168 2565176 13 0 1 20 1  0
11.2125 2883375 354.309 8 0 0 8941 2883375 2883376 13 0 1 20 1  0
11.4544 3107940 381.904 8 0 0 1 2931177 2931190 13 0 1 20 1  0
11.7101 2920863 358.916 4 210 6.51112 9 2909746 2909748 13 0 1 20 1  0
14.6346 3139023 385.723 1 0 0 1 2931178 2931190 13 0 1 20 1  0
17.4444 2981765 366.399 2 0 0 16 2909945 2909949 13 0 1 20 1  0
23.689 2982645 366.507 4 0 0 227 2909932 2909950 13 0 1 20 1  0
25.5178 2984410 366.724 7 92 2.83968 967 2909821 2909925 13 0 1 20 1  0
10.1931 2909869 357.565 4 102 3.14909 32 2909869 2909870 13 0 1 20 1  0
15.2091 2956024 363.236 8 15 0.462558 33 2920779 2921181 13 0 1 20 1  0
19.411 2931184 360.184 3 1 0.0308372 1 2909940 2909950 13 0 1 20 1  0
13.0338 2920979 358.93 9 17 0.524235 16 2920805 2921073 13 0 1 20 1  0
14.0867 2938161 361.041 3 4 0.123348 16 2931173 2931182 13 0 1 20 1  0
20.5298 2934638 360.608 8 123 3.79966 1643 2909783 2909872 13 0 1 20 1  0
10.0684 2900992 356.474 7 12 0.370045 1 2900992 2900993 13 0 1 20 1  0
10.1082 2921058 358.94 4 19 0.585913 1 2921058 2921059 13 0 1 20 1  0
10.1808 3140191 385.867 3 23 0.709273 1 2933734 2933748 13 0 1 20 1  0
10.2115 2930949 360.155 3 137 4.23407 13 2930949 2930950 13 0 1 20 1  0
13.7858 2992626 367.734 10 102 3.14909 35 2955531 2956800 13 0 1 20 1  0
10.1172 2983727 366.64 2 118 3.64466 1 2983727 2983728 13 0 1 20 1  0
10.4707 2900433 356.405 4 122 3.76866 4 2900433 2900434 13 0 1 20 1  0
10.135 2933536 360.473 2 135 4.17198 3 2933536 2933537 13 0 1 20 1  0
10.9278 2982301 366.465 3 198 6.13521 7 2934401 2934409 13 0 1 20 1  0
12.98 2983238 366.58 5 377 11.8379 97 2934201 2934275 13 0 1 20 1  0
10.0412 2983891 366.661 3 374 11.7403 1 2983891 2983892 13 0 1 20 1  0
12.4831 2919300 358.724 7 929 31.9959 74 2919146 2919385 13 0 1 20 1  0
10.2201 2955079 363.12 11 1010 35.48 1 2954980 2955165 13 0 1 20 1  0
0 2881536 354.083 5 1087 38.963 2 3074277 3074278 13 0 1 20 1  0
13.3897 2953709 362.952 8 1708 75.3759 348 2953352 2954129 13 0 1 20 1  0
10.7299 2897579 356.055 6 1333 51.405 1 2897557 2897601 13 0 1 20 1  0
10.7956 3075309 377.894 6 1445 57.8505 4 3075289 3075316 13 0 1 20 1  0
0 2881536 354.083 5 1605 68.0751 1 2953966 2953968 13 0 1 20 1  0
0 2881536 354.083 6 1827 84.6058 22 2953489 2953859 13 0 1 20 1  0
10.0753 3143800 386.31 8 0 0 503 3143800 3143801 13 0 1 20 1  0
11.0267 3334600 409.756 8 0 0 1 3143942 3143943 13 0 1 20 1  0
10.3559 3143801 386.31 1 0 0 1 3143801 3143802 13 0 1 20 1  0
13.0699 3334045 409.687 1 0 0 3 3144632 3144633 13 0 1 20 1  0
13.784 3333776 409.654 2 0 0 1 3145058 3145060 13 0 1 20 1  0
14.4496 3153417 387.492 3 1 0.0308372 7 3153414 3153422 13 0 1 20 1  0
14.9306 3252748 399.698 4 1 0.0308372 47 3153413 3153422 13 0 1 20 1  0
11.2537 3145056 386.464 2 1 0.0308372 2 3145056 3145057 13 0 1 20 1  0
10.0747 3167794 389.259 4 8 0.246696 1 3167794 3167795 13 0 1 20 1  0
10.2328 3212986 394.812 4 12 0.370045 2 3212986 3212987 13 0 1 20 1  0
10.4571 3180213 390.785 4 259 8.05414 2 3180213 3180218 13 0 1 20 1  0
10.0066 3252153 399.625 5 332 10.3819 1 3252153 3252154 13 0 1 20 1  0
10.4762 3383762 415.797 12 5309 1956.8 1 3383308 3384242 13 0 1 20 1  0
12.7655 3481107 427.758 7 113 3.48972 196 3481074 3481145 13 0 1 20 1  0
29.5943 3540048 435.001 12 1641 70.5587 11919 3435818 3439046 13 0 1 20 1  0
0 3405824 418.508 8 189 5.85374 32997 3482162 3482170 13 0 1 20 1  0
10.6166 3438291 422.497 5 576 18.5362 3 3438277 3438303 13 0 1 20 1  0
10.564 3540410 435.046 4 1131 41.0345 1 3540272 3540328 13 0 1 20 1  0
10.0174 3438936 422.576 6 1150 41.9483 1 3438936 3438937 13 0 1 20 1  0
19.0739 3435673 422.175 11 2327 135.201 3322 3433660 3437824 13 0 1 20 1  0
10.2903 3437100 422.351 3 1464 58.9993 20 3437100 3437101 13 0 1 20 1  0
10.6708 3540609 435.07 3 1283 48.6965 2 3539177 3539178 13 0 1 20 1  0
10.4983 3540666 435.077 3 1323 50.8554 1 3539288 3539921 13 0 1 20 1  0
10.1377 3480503 427.684 3 1337 51.626 2 3480503 3480504 13 0 1 20 1  0
10.3539 3540533 435.061 3 1330 51.2397 1 3539160 3539239 13 0 1 20 1  0
10.6066 3540348 435.038 3 1334 51.4602 1 3539137 3539232 13 0 1 20 1  0
10.7026 3586918 440.76 5 1406 55.5441 1 3438102 3438120 13 0 1 20 1  0
10.4868 3540162 435.015 3 1422 56.4821 1 3538954 3539087 13 0 1 20 1  0
10.3726 3540287 435.03 3 1424 56.6001 1 3538951 3539700 13 0 1 20 1  0
10.3916 3436844 422.319 3 1580 66.3918 2 3436844 3436845 13 0 1 20 1  0
11.9601 3586537 440.714 3 1537 63.5731 1 3538643 3538665 13 0 1 20 1  0
10.4099 3586497 440.709 2 1550 64.4153 3 3538767 3538783 13 0 1 20 1  0
11.3581 3586463 440.705 3 1555 64.7415 1 3438069 3438088 13 0 1 20 1  0
11.4132 3586385 440.695 3 1594 67.3304 1 3538500 3538555 13 0 1 20 1  0
15.0832 3586370 440.693 9 1605 68.0751 6 3538309 3541269 13 0 1 20 1  0
10.8375 3540687 435.08 3 1629 69.7229 1 3538455 3538457 13 0 1 20 1  0
12.0047 3538186 434.772 3 1860 87.3291 39 3436408 3436409 13 0 1 20 1  0
10.4087 3539764 434.966 2 1733 77.2413 1 3538322 3538323 13 0 1 20 1  0
12.0086 3585949 440.641 3 1734 77.3167 1 3436507 3436554 13 0 1 20 1  0
10.2102 3538018 434.752 2 1765 79.685 2 3538018 3538019 13 0 1 20 1  0
10.0118 3437631 422.416 3 1772 80.2281 1 3437631 3437632 13 0 1 20 1  0
10.2055 3537939 434.742 4 1791 81.7181 2 3537939 3537940 13 0 1 20 1  0
10.1938 3538046 434.755 3 1848 86.3302 4 3538046 3538047 13 0 1 20 1  0
10.3337 3540123 435.01 4 1892 90.042 1 3538189 3538191 13 0 1 20 1  0
10.0349 3435426 422.145 3 1949 95.0571 1 3435426 3435427 13 0 1 20 1  0
10.1281 3436970 422.335 2 2287 130.313 1 3436970 3436971 13 0 1 20 1  0
10.3329 3436467 422.273 3 2352 138.342 1 3435329 3435332 13 0 1 20 1  0
10.1673 3434326 422.01 3 2373 141.034 1 3434326 3434327 13 0 1 20 1  0
10.1056 3435287 422.128 5 2697 189.443 1 3435286 3435289 13 0 1 20 1  0
11.5082 3434263 422.002 6 2859 219.306 13 3433557 3434606 13 0 1 20 1  0
0 3405824 418.508 4 2702 190.303 24 3434550 3434563 13 0 1 20 1  0
11.2298 3434359 422.014 4 2705 190.82 1 3434064 3434083 13 0 1 20 1  0
10.4319 3434575 422.041 11 2763 201.099 3 3434246 3434839 13 0 1 20 1  0
10.1585 3434610 422.045 3 2783 204.766 1 3434610 3434611 13 0 1 20 1  0
10.2391 3433547 421.914 4 2867 220.893 1 3433547 3433548 13 0 1 20 1  0
10.4529 3534186 434.281 6 2956 239.333 2 3533820 3534193 13 0 1 20 1  0
10.2385 3533839 434.238 5 3034 256.726 1 3533837 3533841 13 0 1 20 1  0
26.1243 3777580 464.189 8 16 0.493396 22133 3669495 3670385 13 0 1 20 1  0
10.1076 3667996 450.723 4 15 0.462558 32598 3667996 3667997 13 0 1 20 1  0
14.7937 3774240 463.779 1 0 0 1 3668009 3668023 13 0 1 20 1  0
17.6306 3727398 458.023 2 0 0 51 3668009 3668023 13 0 1 20 1  0
17.6838 3774638 463.828 2 0 0 1 3668340 3668347 13 0 1 20 1  0
21.4606 3778308 464.278 4 0 0 1 3668339 3668344 13 0 1 20 1  0
14.5378 3774890 463.858 2 1 0.0308372 1 3668345 3668346 13 0 1 20 1  0
16.816 3790313 465.754 3 1 0.0308372 1 3668337 3668346 13 0 1 20 1  0
15.2964 3790471 465.773 3 2 0.0616743 1 3668338 3668343 13 0 1 20 1  0
19.4777 3735506 459.019 5 6 0.185022 41 3667999 3668016 13 0 1 20 1  0
11.6835 3730315 458.381 3 9 0.277533 7 3668000 3668008 13 0 1 20 1  0
15.4071 3731293 458.501 3 3 0.0925113 3 3668006 3668018 13 0 1 20 1  0
18.5997 3732248 458.619 5 18 0.555074 51 3667985 3668000 13 0 1 20 1  0
12.0224 3751366 460.968 7 436 13.7759 41 3725554 3725619 13 0 1 20 1  0
10.559 3761957 462.269 3 246 7.64341 17 3761954 3761958 13 0 1 20 1  0
11.2907 3744868 460.169 11 182 5.63506 4 3744310 3745360 13 0 1 20 1  0
10.5755 3787850 465.451 3 66 2.03616 1 3727322 3727328 13 0 1 20 1  0
10.1621 3733328 458.751 5 66 2.03616 1 3733328 3733329 13 0 1 20 1  0
11.3405 3912472 480.765 4 164 5.07373 15 3777333 3777343 13 0 1 20 1  0
10.2647 3776586 464.067 3 255 7.92765 1 3776586 3776588 13 0 1 20 1  0
10.0146 3761806 462.251 3 260 8.08578 1 3761806 3761807 13 0 1 20 1  0
11.0006 3775723 463.961 2 426 13.4449 1 3775723 3775724 13 0 1 20 1  0
0 3667968 450.72 12 789 26.3568 1 3775582 3788034 13 0 1 20 1  0
10.0229 3774714 463.837 4 1384 54.2728 1 3774714 3774715 13 0 1 20 1  0
10.5813 3774955 463.866 2 1843 85.9169 1 3774106 3774107 13 0 1 20 1  0
10.0979 3773478 463.685 4 1844 85.9994 1 3773478 3773479 13 0 1 20 1  0
10.2205 3774913 463.861 2 1863 87.5804 1 3774913 3774914 13 0 1 20 1  0
10.2646 3773134 463.643 3 1952 95.3278 1 3773134 3773135 13 0 1 20 1  0
11.5311 3774768 463.843 4 1980 97.8867 5 3773235 3773898 13 0 1 20 1  0
0 3667968 450.72 12 1986 98.4429 8 3836040 3836766 13 0 1 20 1  0
10.4424 3770594 463.331 4 2635 179.091 4 3770594 3770595 13 0 1 20 1  0
10.0331 3770813 463.357 4 2602 173.806 1 3770813 3770814 13 0 1 20 1  0
10.1305 3771014 463.382 4 2616 176.029 1 3771014 3771015 13 0 1 20 1  0
10.0065 3770928 463.372 3 2620 176.67 1 3770928 3770929 13 0 1 20 1  0
10.0136 3770144 463.275 5 2648 181.215 1 3770144 3770145 13 0 1 20 1  0
10.0179 3769894 463.245 4 2726 194.481 1 3769894 3769895 13 0 1 20 1  0
12.2717 3770064 463.265 6 3660 449.75 23 3770016 3770111 13 0 1 20 1  0
0 3667968 450.72 7 3658 448.947 4 3771279 3771307 13 0 1 20 1  0
11.1281 3768775 463.107 10 3935 574.926 6 3768408 3769120 13 0 1 20 1  0
10.0085 3768082 463.022 9 4151 697.113 1 3768082 3768083 13 0 1 20 1  0
10.3735 3754244 461.321 12 4367 845.192 4 3753658 3755244 13 0 1 20 1  0
10.1351 3761860 462.257 10 4837 1284.97 1 3761797 3761984 13 0 1 20 1  0
18.2499 4049856 497.646 12 538 17.2188 4020 4048194 4051188 13 0 1 20 1  0
0 3930112 482.932 6 18 0.555074 44 4050238 4050240 13 0 1 20 1  0
11.4426 4155784 510.663 10 410 12.9176 17 4048513 4048629 13 0 1 20 1  0
11.8455 4122492 506.572 12 245 7.61186 1 4050078 4050546 13 0 1 20 1  0
0 3930112 482.932 5 743 24.5975 254 4047834 4047905 13 0 1 20 1  0
10.2144 4046505 497.235 3 1481 60.0414 1 4046505 4046506 13 0 1 20 1  0
19.5384 4042122 496.696 12 2597 173.018 577 4039740 4044588 13 0 1 20 1  0
10.0053 4045818 497.15 11 1889 89.7846 1 4045817 4045824 13 0 1 20 1  0
10.1439 4045105 497.062 4 1910 91.6001 1 4045105 4045106 13 0 1 20 1  0
0 3930112 482.932 7 1967 96.6911 1 4046221 4046408 13 0 1 20 1  0
0 3930112 482.932 5 2205 120.805 108 4045555 4045564 13 0 1 20 1  0
0 3930112 482.932 12 2294 131.157 1 4179394 4179442 13 0 1 20 1  0
10.0288 4043472 496.862 5 2314 133.594 1 4043472 4043473 13 0 1 20 1  0
0 3930112 482.932 12 2550 165.781 24 4112844 4113936 13 0 1 20 1  0
10.1184 4081507 501.536 5 3523 397.916 1 4081506 4081508 13 0 1 20 1  0
11.5466 4169635 512.365 6 3721 474.938 32 4169134 4169143 13 0 1 20 1  0
0 3930112 482.932 6 3688 461.143 7 4169997 4170239 13 0 1 20 1  0
14.0459 4356919 535.378 11 216 6.69935 79 4332130 4332645 13 0 1 20 1  0
0 4192256 515.144 9 59 1.82002 110 4356788 4357481 13 0 1 20 1  0
15.0796 4331932 532.308 10 233 7.2337 733 4331612 4332549 13 0 1 20 1  0
11.6579 4295097 527.781 8 177 5.479 14 4260374 4260390 13 0 1 20 1  0
11.0821 4338352 533.097 7 172 5.32305 15 4295084 4295163 13 0 1 20 1  0
11.3988 4421618 543.328 8 256 7.95927 12 4295011 4295044 13 0 1 20 1  0
11.2768 4407156 541.551 7 478 15.1783 8 4331478 4331500 13 0 1 20 1  0
0 4192256 515.144 3 622 20.1593 3 4331367 4331368 13 0 1 20 1  0
10.0064 4415900 542.626 10 712 23.4353 1 4415900 4415908 13 0 1 20 1  0
11.048 4336172 532.829 4 1979 97.7943 6 4336168 4336180 13 0 1 20 1  0
0 4192256 515.144 5 4028 624.671 93 4383295 4383299 13 0 1 20 1  0
10.4946 4381875 538.445 4 4070 648.522 1 4381871 4381882 13 0 1 20 1  0
10.0262 4303996 528.875 12 4151 697.113 1 4303944 4304144 13 0 1 20 1  0
13.7524 4636152 569.69 7 2 0.0616743 13 4584759 4584782 13 0 1 20 1  0
0 4454400 547.357 7 0 0 3 4636135 4636194 13 0 1 20 1  0
10.7411 4584831 563.384 8 0 0 2 4584811 4584866 13 0 1 20 1  0
13.2685 4584736 563.372 12 214 6.63659 15 4583098 4586486 13 0 1 20 1  0
14.282 4929692 605.761 12 444 14.0415 48 4928764 4931502 13 0 1 20 1  0
0 4716544 579.569 9 428 13.5111 1 4930337 4930393 13 0 1 20 1  0
19.8171 4926104 605.32 12 1778 80.6961 5047 4917270 4928022 13 0 1 20 1  0
10.337 4929281 605.71 4 885 30.1742 1 4929277 4929293 13 0 1 20 1  0
0 4716544 579.569 5 1078 38.5468 113 4928998 4929010 13 0 1 20 1  0
10.255 4919232 604.475 2 1118 40.4161 2 4919232 4919233 13 0 1 20 1  0
0 4716544 579.569 10 1144 41.6585 2 4928396 4929079 13 0 1 20 1  0
10.2234 4928060 605.56 2 1421 56.4231 2 4928060 4928061 13 0 1 20 1  0
12.4058 4918970 604.443 3 1737 77.5433 188 4918784 4918804 13 0 1 20 1  0
0 4716544 579.569 11 1666 72.3259 11471 4926622 4927084 13 0 1 20 1  0
10.1048 4919114 604.461 2 1672 72.7553 1 4919114 4919115 13 0 1 20 1  0
10.0186 4918554 604.392 2 1803 82.6712 1 4918554 4918555 13 0 1 20 1  0
10.0135 4918570 604.394 2 1831 84.9319 1 4918570 4918571 13 0 1 20 1  0
10.2813 4926697 605.393 2 1884 89.357 1 4925912 4925915 13 0 1 20 1  0
10.7715 4925345 605.226 2 2065 106.035 13 4924709 4924710 13 0 1 20 1  0
10.0028 4919529 604.512 4 1901 90.8181 1 4919529 4919530 13 0 1 20 1  0
10.8795 4926625 605.384 2 1924 92.8281 1 4925694 4925696 13 0 1 20 1  0
10.5345 4925283 605.219 2 1977 97.6096 4 4925282 4925284 13 0 1 20 1  0
10.2369 4918601 604.398 2 2095 109.053 5 4918601 4918602 13 0 1 20 1  0
10.5222 4918638 604.402 3 2111 110.695 4 4918638 4918639 13 0 1 20 1  0
10.268 4918538 604.39 2 2127 112.359 3 4918538 4918539 13 0 1 20 1  0
10.2433 4918499 604.385 3 2132 112.884 1 4918499 4918500 13 0 1 20 1  0
10.3745 4923848 605.042 3 2222 122.721 2 4923848 4923849 13 0 1 20 1  0
12.4417 4923669 605.02 3 2360 139.362 13 4923107 4923115 13 0 1 20 1  0
11.673 4923236 604.967 3 2410 145.898 16 4922731 4922737 13 0 1 20 1  0
10.9947 4923411 604.989 3 2343 137.204 1 4923201 4923204 13 0 1 20 1  0
10.3111 4923465 604.995 4 2343 137.204 1 4923461 4923468 13 0 1 20 1  0
10.2604 4923373 604.984 3 2370 140.647 4 4923372 4923374 13 0 1 20 1  0
12.1299 4922970 604.935 3 2413 146.299 5 4922806 4922811 13 0 1 20 1  0
10.3989 4923169 604.959 3 2384 142.464 2 4923084 4923088 13 0 1 20 1  0
10.6492 4922833 604.918 2 2402 144.833 3 4922833 4922835 13 0 1 20 1  0
10.1027 4922752 604.908 3 2403 144.965 1 4922752 4922753 13 0 1 20 1  0
11.78 4923769 605.033 3 2403 144.965 1 4922826 4922834 13 0 1 20 1  0
10.1947 4923913 605.05 2 2407 145.497 1 4923913 4923914 13 0 1 20 1  0
10.3263 4923585 605.01 3 2417 146.835 2 4923064 4923066 13 0 1 20 1  0
10.1396 4922050 604.821 3 2611 175.232 3 4922050 4922051 13 0 1 20 1  0
10.1249 4921662 604.774 3 2685 187.395 1 4921662 4921663 13 0 1 20 1  0
18.3581 4917376 604.247 12 3036 257.188 1642 4915234 4919176 13 0 1 20 1  0
0 4716544 579.569 5 2904 228.384 2292 4917690 4917698 13 0 1 20 1  0
10.0517 4915506 604.017 4 3156 286.452 1 4915506 4915507 13 0 1 20 1  0
10.0106 4915350 603.998 4 3163 288.257 1 4915350 4915351 13 0 1 20 1  0
10.3159 4915267 603.988 4 3187 294.53 1 4915267 4915268 13 0 1 20 1  0
14.2042 4908857 603.2 5 3560 411.3 395 4907681 4907690 13 0 1 20 1  0
0 4716544 579.569 4 3401 356.775 644 4911140 4911141 13 0 1 20 1  0
10.1563 4907076 602.982 4 3613 431.253 1 4907076 4907077 13 0 1 20 1  0
10.0582 4907739 603.063 4 3617 432.797 1 4907739 4907740 13 0 1 20 1  0
10.2092 4891519 601.07 5 3842 529.128 1 4891516 4891520 13 0 1 20 1  0
13.0663 5080772 624.325 10 298 9.29294 75 5080276 5081051 13 0 1 20 1  0
11.1342 5073783 623.466 4 2689 188.075 23 5072959 5073011 13 0 1 20 1  0
0 4978688 611.781 3 2689 188.075 192 5073656 5073660 13 0 1 20 1  0
10.972 5074072 623.502 3 2717 192.904 3 5072781 5072805 13 0 1 20 1  0
10.0572 5073057 623.377 2 2712 192.033 1 5073057 5073058 13 0 1 20 1  0
10.2275 5074435 623.547 2 2712 192.033 1 5073127 5073133 13 0 1 20 1  0
10.1132 5074471 623.551 2 2713 192.207 1 5073626 5073627 13 0 1 20 1  0
10.0322 5073264 623.403 3 2727 194.658 1 5073264 5073265 13 0 1 20 1  0
10.0077 5074308 623.531 3 2742 197.317 1 5074308 5074309 13 0 1 20 1  0
10.4467 5300030 651.268 3 1 0.0308372 1 5297501 5297503 13 0 1 20 1  0
0 5240832 643.993 3 1 0.0308372 11 5299540 5299541 13 0 1 20 1  0
10.2713 5422134 666.272 5 2 0.0616743 5 5422134 5422136 13 0 1 20 1  0
10.1033 5723637 703.32 9 182 5.63506 2 5723630 5723645 13 0 1 20 1  0
10.1386 5731472 704.283 8 228 7.07637 2 5731462 5731482 13 0 1 20 1  0
11.0065 5718783 702.724 8 401 12.6221 3 5718740 5718864 13 0 1 20 1  0
0 5502976 676.206 8 401 12.6221 1 5723285 5723437 13 0 1 20 1  0
11.3026 5722440 703.173 12 611 19.7682 21 5721222 5723044 13 0 1 20 1  0
19.1164 5768832 708.874 4 3 0.0925113 8073 5765897 5765905 13 0 1 20 1  0
11.6314 5886860 723.377 8 0 0 1 5765905 5765906 13 0 1 20 1  0
14.2317 5851682 719.055 1 0 0 1 5765906 5765911 13 0 1 20 1  0
16.7845 5886862 723.378 2 0 0 3 5765905 5765912 13 0 1 20 1  0
18.2012 5879544 722.478 3 0 0 61 5765906 5765911 13 0 1 20 1  0
18.1273 5863232 720.474 4 0 0 3 5768669 5768681 13 0 1 20 1  0
10.6332 5765907 708.515 2 1 0.0308372 2 5765907 5765908 13 0 1 20 1  0
20.5674 5810776 714.028 4 1 0.0308372 6 5768196 5768198 13 0 1 20 1  0
12.0722 5844260 718.143 2 2 0.0616743 3 5768443 5768445 13 0 1 20 1  0
16.3108 5770786 709.114 3 2 0.0616743 1 5765902 5765906 13 0 1 20 1  0
10.932 5875963 722.038 2 3 0.0925113 1 5768669 5768675 13 0 1 20 1  0
10.186 5880772 722.629 2 5 0.154185 1 5773704 5773710 13 0 1 20 1  0
12.5448 5879854 722.516 3 7 0.215859 2 5765157 5765159 13 0 1 20 1  0
12.5793 6019622 739.691 4 7 0.215859 10 5765892 5765897 13 0 1 20 1  0
12.271 5773701 709.472 3 8 0.246696 2 5765155 5765158 13 0 1 20 1  0
11.5123 5880008 722.535 3 12 0.370045 7 5765148 5765155 13 0 1 20 1  0
11.1151 5883577 722.974 3 17 0.524235 1 5765141 5765146 13 0 1 20 1  0
13.0012 5810612 714.008 8 32 0.986861 87 5768661 5769074 13 0 1 20 1  0
10.8157 5818054 714.922 4 24 0.740114 1 5766764 5766767 13 0 1 20 1  0
12.0259 6020087 739.748 5 39 1.2028 16 5766735 5766741 13 0 1 20 1  0
11.6855 5879233 722.44 3 169 5.22952 33 5768520 5768529 13 0 1 20 1  0
10.8735 5767563 708.718 7 801 26.8228 7 5767522 5767602 13 0 1 20 1  0
10.6361 5977408 734.504 10 899 30.7487 1 5977344 5977570 13 0 1 20 1  0
11.7748 6018394 739.54 7 1872 88.338 87 6018278 6019068 13 0 1 20 1  0
0 5765120 708.418 5 1854 86.8284 21 6018892 6018893 13 0 1 20 1  0
10.3596 6013978 738.998 9 5077 1591.37 2 6013799 6014018 13 0 1 20 1  0
11.118 6219756 764.284 6 29 0.894326 13 6219748 6219767 13 0 1 20 1  0
10.5299 6244487 767.323 5 9 0.277533 1 6219773 6219781 13 0 1 20 1  0
0 6027264 740.63 5 9 0.277533 2 6244324 6244328 13 0 1 20 1  0
11.171 6128894 753.118 7 75 2.31417 2 6128867 6128909 13 0 1 20 1  0
11.7932 6088232 748.122 12 120 3.70665 2 6087606 6089300 13 0 1 20 1  0
11.5624 6105452 750.238 12 157 4.85579 2 6088028 6088696 13 0 1 20 1  0
0 6027264 740.63 12 157 4.85579 2 6104136 6105976 13 0 1 20 1  0
10.391 6231586 765.737 4 1104 39.7561 2 6231581 6231588 13 0 1 20 1  0
10.1076 6231510 765.728 3 1160 42.4341 1 6231510 6231511 13 0 1 20 1  0
10.21 6083981 747.6 6 2206 120.917 1 6083975 6084147 13 0 1 20 1  0
10.3685 6163343 757.352 5 2460 152.723 1 6163324 6163429 13 0 1 20 1  0
10.3072 6162031 757.19 5 2845 216.554 4 6162028 6162034 13 0 1 20 1  0
14.721 6154313 756.242 9 3840 528.185 303 6152922 6155533 13 0 1 20 1  0
0 6027264 740.63 6 3775 498.404 182 6155296 6155495 13 0 1 20 1  0
10.1643 6152583 756.029 5 3934 574.413 1 6152582 6152585 13 0 1 20 1  0
11.3332 6290833 773.018 2 1 0.0308372 70493 6290833 6290834 13 0 1 20 1  0
11.5159 6513066 800.326 8 0 0 1 6295129 6295130 13 0 1 20 1  0
13.2527 6298145 773.916 1 0 0 1 6290833 6290835 13 0 1 20 1  0
13.7352 6371887 782.977 1 0 0 1 6292622 6292623 13 0 1 20 1  0
14.353 6370342 782.788 3 0 0 2 6297544 6297579 13 0 1 20 1  0
23.0916 6310193 775.396 6 0 0 982 6292592 6292624 13 0 1 20 1  0
28.543 6298578 773.969 7 0 0 443 6292579 6292590 13 0 1 20 1  0
25.423 6345643 779.753 10 133 4.10989 839 6297531 6298571 13 0 1 20 1  0
10.1317 6512161 800.214 1 1 0.0308372 1 6512161 6512162 13 0 1 20 1  0
12.9714 6365222 782.158 2 1 0.0308372 2 6294078 6294079 13 0 1 20 1  0
14.1322 6363430 781.938 3 1 0.0308372 2 6297543 6297578 13 0 1 20 1  0
13.7494 6359242 781.424 5 2 0.0616743 22 6297714 6297739 13 0 1 20 1  0
10.5841 6478955 796.134 2 3 0.0925113 1 6298614 6298616 13 0 1 20 1  0
14.3593 6305123 774.773 4 3 0.0925113 3 6297542 6297574 13 0 1 20 1  0
10.372 6346251 779.827 3 5 0.154185 1 6304365 6304369 13 0 1 20 1  0
17.5953 6329701 777.794 6 141 4.35831 402 6292465 6292499 13 0 1 20 1  0
11.6708 6321088 776.735 3 121 3.73765 9 6298039 6298041 13 0 1 20 1  0
10.2013 6304986 774.757 4 124 3.83067 2 6304986 6304987 13 0 1 20 1  0
12.5956 6346446 779.851 4 145 4.48259 14 6308066 6308086 13 0 1 20 1  0
10.2279 6343857 779.533 2 138 4.26513 2 6343857 6343858 13 0 1 20 1  0
11.9671 6345961 779.792 2 143 4.42044 2 6298020 6298031 13 0 1 20 1  0
11.1668 6345310 779.712 2 146 4.51367 4 6329691 6329707 13 0 1 20 1  0
12.9069 6341072 779.191 5 157 4.85579 3 6298003 6298028 13 0 1 20 1  0
10.1289 6308067 775.135 3 149 4.60693 3 6308067 6308068 13 0 1 20 1  0
18.8461 6405905 787.158 7 211 6.54248 1383 6297895 6298307 13 0 1 20 1  0
10.0599 6343833 779.53 2 166 5.13604 1 6343833 6343834 13 0 1 20 1  0
25.5808 6420907 789.001 10 1565 65.3977 18395 6318970 6319546 13 0 1 20 1  0
12.6244 6343478 779.487 3 204 6.32308 8 6297966 6297981 13 0 1 20 1  0
10.1605 6345151 779.692 3 427 13.478 1 6345151 6345152 13 0 1 20 1  0
10.9833 6307763 775.098 3 429 13.5441 4 6307763 6307767 13 0 1 20 1  0
10.088 6342854 779.41 3 437 13.8091 4 6342854 6342855 13 0 1 20 1  0
10.1206 6297650 773.855 3 457 14.4746 2 6297650 6297651 13 0 1 20 1  0
10.0423 6341695 779.267 6 457 14.4746 3 6341695 6341696 13 0 1 20 1  0
12.0122 6343237 779.457 6 534 17.0813 45 6309870 6309885 13 0 1 20 1  0
10.2639 6344768 779.645 3 508 16.1928 1 6344768 6344769 13 0 1 20 1  0
10.0801 6343382 779.475 2 556 17.8403 1 6343382 6343383 13 0 1 20 1  0
16.0778 6543344 804.046 6 1100 39.5687 170 6309408 6309626 13 0 1 20 1  0
10.4405 6307426 775.056 4 582 18.7461 3 6307426 6307427 13 0 1 20 1  0
10.3198 6358410 781.321 4 611 19.7682 1 6358410 6358411 13 0 1 20 1  0
10.0272 6340197 779.083 3 618 20.0169 1 6340197 6340198 13 0 1 20 1  0
10.6591 6307758 775.097 3 676 22.1081 2 6307758 6307759 13 0 1 20 1  0
10.8921 6344645 779.63 3 688 22.5479 3 6309820 6309825 13 0 1 20 1  0
10.5886 6341368 779.227 3 695 22.8057 1 6341368 6341370 13 0 1 20 1  0
10.6957 6455602 793.264 3 776 25.8552 2 6309686 6309689 13 0 1 20 1  0
10.4042 6543244 804.034 4 795 26.5894 2 6309773 6309792 13 0 1 20 1  0
11.33 6345372 779.719 4 860 29.16 82 6309628 6309636 13 0 1 20 1  0
11.4172 6341113 779.196 4 880 29.9702 13 6309598 6309610 13 0 1 20 1  0
11.2151 6344856 779.656 3 880 29.9702 9 6341108 6341111 13 0 1 20 1  0
13.9976 6342556 779.373 6 898 30.7075 66 6309719 6309762 13 0 1 20 1  0
10.9625 6344760 779.644 3 933 32.1639 2 6309708 6309715 13 0 1 20 1  0
11.9959 6420657 788.97 3 1176 43.2183 33 6420653 6420661 13 0 1 20 1  0
10.1146 6344411 779.601 5 1108 39.944 7 6344411 6344412 13 0 1 20 1  0
11.9721 6543005 804.004 3 1117 40.3687 1 6420708 6420712 13 0 1 20 1  0
12.1396 6420379 788.936 3 1273 48.1666 28 6420376 6420396 13 0 1 20 1  0
11.3356 6542248 803.911 3 1225 45.6754 2 6420477 6420479 13 0 1 20 1  0
10.0793 6344190 779.574 4 1247 46.8065 2 6344190 6344191 13 0 1 20 1  0
10.371 6420304 788.927 3 1246 46.7547 15 6420304 6420305 13 0 1 20 1  0
10.0609 6303619 774.589 5 1283 48.6965 1 6303619 6303620 13 0 1 20 1  0
14.2927 6454547 793.135 7 1572 65.8602 17 6344296 6344404 13 0 1 20 1  0
10.29 6420193 788.913 3 1322 50.8006 2 6420193 6420194 13 0 1 20 1  0
10.529 6420160 788.909 3 1355 52.6288 13 6420160 6420161 13 0 1 20 1  0
10.0858 6305865 774.865 5 1538 63.6376 6 6305865 6305866 13 0 1 20 1  0
14.3839 6540907 803.747 8 1728 76.8652 6 6418551 6421156 13 0 1 20 1  0
10.579 6419421 788.818 3 1644 70.7689 14 6419421 6419422 13 0 1 20 1  0
15.0823 6419046 788.772 5 1720 76.2666 34 6418743 6419496 13 0 1 20 1  0
12.0223 6418974 788.763 3 1736 77.4677 19 6418807 6418810 13 0 1 20 1  0
10.0201 6419320 788.806 3 1615 68.7579 1 6419320 6419321 13 0 1 20 1  0
13.3991 6418902 788.755 4 1754 78.8378 16 6418672 6419092 13 0 1 20 1  0
11.4004 6541124 803.773 7 1665 72.2545 1 6452938 6453064 13 0 1 20 1  0
10.4714 6418703 788.73 3 1783 81.0879 9 6418703 6418704 13 0 1 20 1  0
10.4455 6336791 778.665 4 1758 79.145 3 6336791 6336792 13 0 1 20 1  0
10.1214 6318757 776.449 5 1767 79.8399 1 6318757 6318758 13 0 1 20 1  0
10.6027 6542584 803.953 4 1826 84.5244 1 6418410 6419014 13 0 1 20 1  0
11.5836 6542379 803.927 4 1832 85.0136 1 6418398 6418994 13 0 1 20 1  0
10.0048 6335794 778.542 5 1974 97.3333 1 6335794 6335795 13 0 1 20 1  0
10.1659 6335213 778.471 5 2199 120.135 16 6335213 6335214 13 0 1 20 1  0
10.1076 6335120 778.46 5 2220 122.494 10 6335120 6335121 13 0 1 20 1  0
10.0112 6316684 776.194 5 2267 127.932 1 6316684 6316685 13 0 1 20 1  0
10.05 6315998 776.11 5 2426 148.049 1 6315998 6315999 13 0 1 20 1  0
10.6627 6451329 792.739 4 2750 198.749 1 6412895 6412901 13 0 1 20 1  0
11.2744 6446708 792.171 4 2796 207.185 1 6412840 6412896 13 0 1 20 1  0
17.1821 6444094 791.85 8 3077 266.84 1791 6409102 6410603 13 0 1 20 1  0
10.0446 6443011 791.717 5 3077 266.84 1 6443011 6443012 13 0 1 20 1  0
10.1445 6443428 791.768 3 3085 268.764 1 6443428 6443429 13 0 1 20 1  0
10.061 6443355 791.759 3 3102 272.899 1 6443355 6443356 13 0 1 20 1  0
11.4445 6425391 789.552 6 4071 649.101 8 6425230 6425758 13 0 1 20 1  0
11.4419 6425828 789.606 6 4064 645.06 1 6425472 6425860 13 0 1 20 1  0
0 6289408 772.842 6 4066 646.212 2 6425775 6425784 13 0 1 20 1  0
11.047 6912498 849.408 2 0 0 2 6821471 6821472 13 0 1 20 1  0
0 6813696 837.267 1 0 0 514 6850398 6850404 13 0 1 20 1  0
10.0073 6821148 838.183 2 0 0 1 6821148 6821149 13 0 1 20 1  0
10.4727 6919159 850.226 3 0 0 2 6834554 6834556 13 0 1 20 1  0
10.0555 6817484 837.732 4 0 0 1 6817484 6817485 13 0 1 20 1  0
11.327 6843311 840.906 4 0 0 1 6818052 6818053 13 0 1 20 1  0
10.1401 6964102 855.749 5 0 0 1 6964102 6964103 13 0 1 20 1  0
10.5287 6968802 856.326 5 3 0.0925113 3 6968799 6968814 13 0 1 20 1  0
10.0997 6821631 838.242 3 1 0.0308372 1 6821631 6821632 13 0 1 20 1  0
10.716 6843393 840.916 3 1 0.0308372 1 6823095 6823096 13 0 1 20 1  0
10.0096 6826677 838.862 4 1 0.0308372 1 6826677 6826678 13 0 1 20 1  0
10.8831 6841291 840.658 4 4 0.123348 3 6823093 6823095 13 0 1 20 1  0
10.0075 6817316 837.712 4 2 0.0616743 1 6817316 6817317 13 0 1 20 1  0
11.1067 6942230 853.061 4 2 0.0616743 1 6841129 6841130 13 0 1 20 1  0
10.0624 6998218 859.941 5 2 0.0616743 1 6998217 6998220 13 0 1 20 1  0
10.1627 6843078 840.877 5 4 0.123348 1 6843074 6843079 13 0 1 20 1  0
10.213 6942709 853.12 5 6 0.185022 3 6942709 6942711 13 0 1 20 1  0
10.0511 6943197 853.18 5 10 0.30837 1 6943197 6943198 13 0 1 20 1  0
12.8942 6940790 852.884 12 293 9.13353 44 6939922 6942034 13 0 1 20 1  0
10.2378 6955766 854.724 5 323 10.0928 4 6955765 6955773 13 0 1 20 1  0
10.1098 6955517 854.694 3 524 16.7385 1 6955517 6955522 13 0 1 20 1  0
0 6813696 837.267 3 524 16.7385 1 6955547 6955551 13 0 1 20 1  0
10.0171 6955263 854.663 3 654 21.3082 1 6955263 6955264 13 0 1 20 1  0
10.0009 6941309 852.948 4 696 22.8426 1 6941309 6941310 13 0 1 20 1  0
10.3097 6815184 837.45 4 1048 37.177 4 6815184 6815189 13 0 1 20 1  0
10.1607 7038804 864.928 11 3354 342.075 1 7038602 7038941 13 0 1 20 1  0
11.9119 7222315 887.478 8 0 0 1 7075912 7075914 13 0 1 20 1  0
10.6671 7075840 869.479 12 113 3.48972 12026 7075840 7075984 13 0 1 20 1  0
14.8944 7117602 874.611 1 0 0 1 7075886 7075888 13 0 1 20 1  0
20.3896 7118589 874.732 3 0 0 560 7075882 7075888 13 0 1 20 1  0
21.5193 7130541 876.201 4 1 0.0308372 457 7075905 7075907 13 0 1 20 1  0
20.5399 7133700 876.589 5 1 0.0308372 115 7075891 7075901 13 0 1 20 1  0
19.3071 7169559 880.995 7 12 0.370045 3557 7077183 7077200 13 0 1 20 1  0
12.4722 7111417 873.851 9 0 0 4 7104693 7104741 13 0 1 20 1  0
13.0797 7328298 900.501 3 3 0.0925113 2 7077951 7077957 13 0 1 20 1  0
19.3096 7123939 875.39 3 1 0.0308372 1 7075910 7075911 13 0 1 20 1  0
12.4866 7221076 887.326 2 2 0.0616743 1 7077953 7077956 13 0 1 20 1  0
10.1311 7076711 869.586 4 2 0.0616743 1 7076711 7076712 13 0 1 20 1  0
10.1381 7077952 869.739 2 3 0.0925113 1 7077952 7077953 13 0 1 20 1  0
10.9612 7213693 886.419 2 3 0.0925113 1 7078019 7078022 13 0 1 20 1  0
10.2269 7214246 886.487 2 4 0.123348 1 7118258 7118261 13 0 1 20 1  0
10.2459 7076868 869.606 4 4 0.123348 1 7076868 7076869 13 0 1 20 1  0
12.8873 7242364 889.942 3 6 0.185022 1 7077948 7077951 13 0 1 20 1  0
18.1642 7149041 878.474 5 6 0.185022 14 7075890 7075892 13 0 1 20 1  0
12.6618 7221231 887.345 3 7 0.215859 5 7077946 7077950 13 0 1 20 1  0
17.7617 7126781 875.739 5 9 0.277533 14 7077184 7077201 13 0 1 20 1  0
10.7149 7092440 871.519 5 80 2.46867 13 7092431 7092446 13 0 1 20 1  0
10.2299 7078009 869.746 3 10 0.30837 2 7078009 7078010 13 0 1 20 1  0
12.4105 7230976 888.542 4 13 0.400882 10 7118324 7118329 13 0 1 20 1  0
12.4958 7137839 877.098 4 11 0.339207 1 7109209 7109211 13 0 1 20 1  0
10.6384 7213586 886.405 3 12 0.370045 1 7092464 7092466 13 0 1 20 1  0
10.6642 7214171 886.477 3 13 0.400882 2 7121200 7121203 13 0 1 20 1  0
10.0595 7109197 873.578 3 20 0.616752 1 7109197 7109198 13 0 1 20 1  0
10.0431 7148902 878.457 3 100 3.08719 2 7148901 7148904 13 0 1 20 1  0
10.0443 7130155 876.153 3 203 6.29176 1 7130155 7130156 13 0 1 20 1  0
10.0175 7117291 874.573 5 635 20.624 1 7117291 7117292 13 0 1 20 1  0
10.0194 7167741 880.772 8 1876 88.6766 1 7167741 7167743 13 0 1 20 1  0
10.9197 7396801 908.919 8 0 0 1 7338425 7338427 13 0 1 20 1  0
18.44 7339242 901.846 3 0 0 3755 7338424 7338428 13 0 1 20 1  0
13.471 7396802 908.919 1 0 0 1 7338425 7338428 13 0 1 20 1  0
15.8168 7339567 901.886 2 0 0 3 7338425 7338428 13 0 1 20 1  0
15.1372 7446563 915.034 6 0 0 550 7405113 7405121 13 0 1 20 1  0
10.971 7338425 901.746 2 1 0.0308372 2 7338425 7338426 13 0 1 20 1  0
15.5339 7520895 924.168 10 82 2.53049 410 7443966 7446809 13 0 1 20 1  0
12.4449 7381033 906.981 3 5 0.154185 1 7339142 7339144 13 0 1 20 1  0
12.4855 7420065 911.778 8 24 0.740114 8 7419897 7420081 13 0 1 20 1  0
11.0006 7398587 909.138 3 8 0.246696 2 7339236 7339245 13 0 1 20 1  0
10.008 7433381 913.414 6 9 0.277533 1 7433381 7433382 13 0 1 20 1  0
10.6341 7398908 909.178 3 10 0.30837 1 7339235 7339243 13 0 1 20 1  0
10.0472 7442947 914.589 5 12 0.370045 1 7442947 7442948 13 0 1 20 1  0
10.0984 7425708 912.471 5 23 0.709273 1 7425708 7425709 13 0 1 20 1  0
10.1759 7399392 909.237 5 27 0.83264 2 7399392 7399393 13 0 1 20 1  0
12.9392 7399165 909.209 4 289 9.00613 125 7338978 7338993 13 0 1 20 1  0
10.0376 7404471 909.861 5 44 1.35706 2 7404471 7404472 13 0 1 20 1  0
12.5053 7433178 913.389 11 294 9.1654 19 7432673 7434358 13 0 1 20 1  0
14.2224 7468506 917.73 7 102 3.14909 9 7339119 7339137 13 0 1 20 1  0
10.069 7396592 908.893 4 229 7.10783 2 7396592 7396593 13 0 1 20 1  0
10.3054 7443676 914.679 4 335 10.4785 9 7443671 7443678 13 0 1 20 1  0
10.0309 7445203 914.867 3 303 9.45254 1 7445203 7445204 13 0 1 20 1  0
10.0637 7432334 913.285 5 319 9.9645 3 7432334 7432335 13 0 1 20 1  0
10.47 7434930 913.604 4 318 9.93244 1 7433319 7433325 13 0 1 20 1  0
10.392 7432212 913.27 11 746 24.7109 2 7432097 7432375 13 0 1 20 1  0
10.8691 7519131 923.951 10 1020 35.9226 13 7431308 7431549 13 0 1 20 1  0
17.4685 7430820 913.099 11 1371 53.5314 492 7400132 7400514 13 0 1 20 1  0
0 7337984 901.691 10 1004 35.2158 22 7519118 7519184 13 0 1 20 1  0
11.5338 7398283 909.101 7 2065 106.035 16 7398104 7398357 13 0 1 20 1  0
18.6948 7424677 912.344 8 2920 231.7 1365 7391154 7391471 13 0 1 20 1  0
0 7337984 901.691 7 2686 187.565 191 7426154 7426192 13 0 1 20 1  0
13.1186 7391787 908.303 8 3236 307.759 90 7391285 7392129 13 0 1 20 1  0
11.5617 7417195 911.425 11 3738 482.205 7 7416030 7417808 13 0 1 20 1  0
0 7337984 901.691 8 3710 470.295 1 7417881 7418186 13 0 1 20 1  0
12.67 7393936 908.567 10 4188 720.502 27 7393284 7394826 13 0 1 20 1  0
10.2877 7360319 904.436 11 4821 1266.78 2 7360119 7360908 13 0 1 20 1  0
12.1591 7618934 936.215 8 0 0 1 7618934 7618935 13 0 1 20 1  0
12.2552 7667291 942.157 8 0 0 1 7619346 7619350 13 0 1 20 1  0
0 7600128 933.904 8 0 0 111074 7619395 7619396 13 0 1 20 1  0
10.8454 7618935 936.215 1 0 0 1 7618935 7618936 13 0 1 20 1  0
14.8956 7621254 936.5 1 0 0 5 7620439 7620440 13 0 1 20 1  0
17.1749 7712753 947.743 4 0 0 19 7706493 7706500 13 0 1 20 1  0
14.9922 7825191 961.559 4 0 0 1 7706651 7706652 13 0 1 20 1  0
25.0837 7821518 961.108 6 0 0 9 7702736 7702927 13 0 1 20 1  0
21.7911 7861699 966.046 8 71 2.19059 87 7702483 7702742 13 0 1 20 1  0
24.4253 7832584 962.468 8 5 0.154185 262 7702666 7702935 13 0 1 20 1  0
22.572 7735700 950.563 12 102 3.14909 179 7711562 7711854 13 0 1 20 1  0
22.0681 7708526 947.224 6 1 0.0308372 7 7702733 7702920 13 0 1 20 1  0
10.2763 7707138 947.053 3 2 0.0616743 3 7707138 7707139 13 0 1 20 1  0
10.9784 7620437 936.399 2 3 0.0925113 1 7620436 7620438 13 0 1 20 1  0
55.0206 7796722 958.061 12 1797 82.1935 8614 7696822 7697734 13 0 1 20 1  0
11.6464 7707378 947.083 3 5 0.154185 2 7707376 7707381 13 0 1 20 1  0
31.317 7702483 946.481 8 166 5.13604 9689 7702304 7702623 13 0 1 20 1  0
13.9584 7853882 965.085 6 6 0.185022 1 7707133 7707158 13 0 1 20 1  0
15.6412 7815451 960.363 6 9 0.277533 5 7702722 7702898 13 0 1 20 1  0
10.9307 7703606 946.619 4 9 0.277533 12 7703603 7703609 13 0 1 20 1  0
20.915 7813222 960.089 6 245 7.61186 39 7703169 7703186 13 0 1 20 1  0
11.1132 7703492 946.605 4 72 2.22148 1 7702538 7702561 13 0 1 20 1  0
11.5592 7819085 960.809 5 87 2.68506 1 7703459 7703478 13 0 1 20 1  0
10.9104 7802018 958.712 4 91 2.80875 1 7702657 7702684 13 0 1 20 1  0
11.8312 7735773 950.572 2 106 3.27292 1 7702477 7702505 13 0 1 20 1  0
14.1786 7852083 964.864 5 115 3.55169 2 7703403 7703433 13 0 1 20 1  0
22.8031 7840412 963.43 7 142 4.38937 4 7706917 7706924 13 0 1 20 1  0
15.9164 7859976 965.834 6 149 4.60693 2 7707561 7707574 13 0 1 20 1  0
12.1646 7807109 959.338 5 151 4.66912 1 7797341 7797343 13 0 1 20 1  0
13.9375 7807700 959.41 4 194 6.01007 1 7706303 7706317 13 0 1 20 1  0
17.189 7819882 960.907 5 202 6.26044 2 7706292 7706306 13 0 1 20 1  0
15.4647 7851895 964.841 5 216 6.69935 5 7703221 7703229 13 0 1 20 1  0
10.1893 7702129 946.438 2 294 9.1654 1 7702129 7702130 13 0 1 20 1  0
12.2411 7824782 961.509 6 324 10.1249 4 7735342 7735368 13 0 1 20 1  0
12.0705 7856240 965.375 5 310 9.67628 2 7733421 7733442 13 0 1 20 1  0
35.2076 7753058 952.696 12 1055 37.4942 189 7732984 7734306 13 0 1 20 1  0
12.2523 7861165 965.98 4 400 12.5893 1 7737011 7737027 13 0 1 20 1  0
12.9775 7856479 965.404 4 411 12.9504 1 7736994 7737010 13 0 1 20 1  0
22.3363 7812915 960.051 6 413 13.0162 4 7736967 7737019 13 0 1 20 1  0
11.3247 7777004 955.638 12 529 16.9098 1 7734994 7735170 13 0 1 20 1  0
14.5291 7799089 958.352 3 756 25.0904 1 7751857 7751858 13 0 1 20 1  0
12.2598 7816635 960.508 5 797 26.6671 2 7751789 7752354 13 0 1 20 1  0
16.302 7860478 965.896 5 832 28.0412 2 7751678 7752635 13 0 1 20 1  0
11.1473 7860347 965.879 5 895 30.5841 2 7751787 7751797 13 0 1 20 1  0
13.7989 7860133 965.853 4 963 33.4371 5 7751462 7752363 13 0 1 20 1  0
10.0564 7700782 946.272 2 954 33.0526 3 7700782 7700783 13 0 1 20 1  0
10.3205 7700796 946.274 2 955 33.0952 2 7700796 7700797 13 0 1 20 1  0
10.4582 7699206 946.078 2 1513 62.0407 9 7699206 7699208 13 0 1 20 1  0
10.0873 7699128 946.069 3 1519 62.4211 1 7699128 7699129 13 0 1 20 1  0
11.3722 7699103 946.066 3 1524 62.7395 1 7699051 7699053 13 0 1 20 1  0
11.406 7858289 965.627 4 1543 63.9607 1 7796600 7796602 13 0 1 20 1  0
10.0005 7698940 946.046 3 1552 64.5456 1 7698940 7698941 13 0 1 20 1  0
10.1569 7698872 946.037 3 1598 67.6004 2 7698872 7698873 13 0 1 20 1  0
10.0573 7749732 952.287 4 1703 75.0074 1 7749732 7749733 13 0 1 20 1  0
10.1309 7797566 958.165 2 1756 78.9913 1 7796660 7796663 13 0 1 20 1  0
10.3321 7795351 957.893 3 1825 84.4431 5 7795351 7795352 13 0 1 20 1  0
10.1881 7795483 957.909 3 1768 79.9174 1 7795483 7795484 13 0 1 20 1  0
10.0117 7795372 957.895 2 1780 80.8526 1 7795372 7795373 13 0 1 20 1  0
11.1782 7797488 958.155 3 1849 86.4131 3 7795262 7795266 13 0 1 20 1  0
10.1338 7795186 957.872 4 1822 84.1996 4 7795186 7795187 13 0 1 20 1  0
10.9319 7797490 958.156 3 1848 86.3302 1 7795265 7795267 13 0 1 20 1  0
28.5745 7749730 952.287 12 1997 99.4699 258 7746918 7751726 13 0 1 20 1  0
10.0264 7749033 952.201 2 1859 87.2455 1 7749033 7749034 13 0 1 20 1  0
10.2929 7697598 945.881 4 1867 87.9164 4 7697598 7697599 13 0 1 20 1  0
10.182 7697737 945.898 3 1869 88.0849 2 7697737 7697738 13 0 1 20 1  0
10.3235 7795120 957.864 3 1870 88.1692 1 7795120 7795121 13 0 1 20 1  0
10.732 7798059 958.225 4 1873 88.4226 1 7748882 7749229 13 0 1 20 1  0
10.0512 7794908 957.838 3 1887 89.6134 1 7794908 7794909 13 0 1 20 1  0
10.0783 7795093 957.861 3 1891 89.9562 1 7795093 7795094 13 0 1 20 1  0
10.0102 7797147 958.113 3 1922 92.6518 1 7797147 7797148 13 0 1 20 1  0
10.0272 7697402 945.857 4 1926 93.0048 1 7697402 7697403 13 0 1 20 1  0
10.0477 7696810 945.784 4 2037 103.286 1 7696810 7696811 13 0 1 20 1  0
16.4403 7728406 949.667 12 2267 127.932 3 7726104 7729946 13 0 1 20 1  0
10.4463 7791386 957.405 5 2585 171.142 2 7791133 7791238 13 0 1 20 1  0
10.4159 7791397 957.407 4 2625 177.473 3 7790827 7790855 13 0 1 20 1  0
0 7600128 933.904 3 2566 168.211 19 7791381 7791391 13 0 1 20 1  0
10.2373 7791179 957.38 3 2607 174.597 2 7790854 7790857 13 0 1 20 1  0
10.0427 7791017 957.36 5 2585 171.142 1 7791017 7791018 13 0 1 20 1  0
10.1422 7790818 957.336 4 2607 174.597 2 7790816 7790859 13 0 1 20 1  0
10.3096 7790701 957.321 4 2717 192.904 2 7790321 7790323 13 0 1 20 1  0
10.8354 7839634 963.334 12 2647 181.051 1 7839108 7840214 13 0 1 20 1  0
10.7526 7855838 965.325 12 2838 215.191 1 7743272 7744094 13 0 1 20 1  0
17.2243 7743292 951.496 12 2865 220.495 6 7740764 7745574 13 0 1 20 1  0
20.3456 7775036 955.396 12 3134 280.852 29 7739020 7741460 13 0 1 20 1  0
10.4423 7792454 957.537 5 3144 283.384 1 7792451 7792456 13 0 1 20 1  0
10.2061 7782169 956.273 5 3282 320.712 1 7782164 7782171 13 0 1 20 1  0
14.0971 7735474 950.535 12 3454 374.102 66 7733770 7737494 13 0 1 20 1  0
30.5947 7856784 965.442 12 3596 424.75 119 7709994 7711236 13 0 1 20 1  0
26.9903 7815732 960.397 12 3627 436.682 47 7731482 7734164 13 0 1 20 1  0
20.3052 7761272 953.705 12 4173 710.927 434 7693748 7694178 13 0 1 20 1  0
15.2764 7730430 949.915 12 3742 483.93 3 7728700 7732352 13 0 1 20 1  0
10.0424 7768233 954.56 5 3936 575.439 1 7768233 7768235 13 0 1 20 1  0
0 7600128 933.904 5 3944 579.562 37 7767998 7768010 13 0 1 20 1  0
10.3657 7769012 954.656 5 3955 585.279 1 7767469 7767494 13 0 1 20 1  0
12.1256 7807354 959.368 6 4026 623.558 15 7766013 7767253 13 0 1 20 1  0
12.4334 7808061 959.455 5 3990 603.847 3 7767334 7767490 13 0 1 20 1  0
10.2309 7808432 959.5 5 3991 604.386 1 7808432 7808435 13 0 1 20 1  0
14.3883 7823576 961.361 12 4224 744.009 2 7757320 7762570 13 0 1 20 1  0
16.1335 7742750 951.429 12 4570 1012.86 93 7740536 7745426 13 0 1 20 1  0
0 7600128 933.904 12 4610 1049.62 34 7816400 7818434 13 0 1 20 1  0
17.6077 7817026 960.556 12 4628 1066.59 1 7669910 7671900 13 0 1 20 1  0
12.3201 7774602 955.343 12 4691 1128.2 2 7736200 7737112 13 0 1 20 1  0
0 7600128 933.904 7 4729 1167.06 1 7735669 7735735 13 0 1 20 1  0
10.4062 7734793 950.451 7 4736 1174.36 1 7734776 7734806 13 0 1 20 1  0
14.3307 7869253 966.974 5 62 1.91264 15 7862272 7862281 13 0 1 20 1  0
11.7526 8069044 991.524 8 0 0 1 7869345 7869346 13 0 1 20 1  0
10.0432 7862338 966.124 1 0 0 56080 7862338 7862339 13 0 1 20 1  0
13.539 8069045 991.524 1 0 0 2 7869346 7869374 13 0 1 20 1  0
20.5723 7942990 976.035 6 15 0.462558 1670 7862312 7862664 13 0 1 20 1  0
14.7465 7920753 973.302 3 1 0.0308372 115 7869355 7869369 13 0 1 20 1  0
22.4339 7893679 969.975 7 52 1.60394 700 7869700 7869704 13 0 1 20 1  0
12.5994 8112418 996.854 2 1 0.0308372 4 7869356 7869370 13 0 1 20 1  0
10.0049 7869805 967.042 4 1 0.0308372 1 7869805 7869806 13 0 1 20 1  0
13.8943 7910659 972.062 4 4 0.123348 5 7868381 7868383 13 0 1 20 1  0
12.0176 7919903 973.198 2 2 0.0616743 1 7869342 7869368 13 0 1 20 1  0
20.1346 7875177 967.702 6 8 0.246696 88 7862316 7862347 13 0 1 20 1  0
10.7955 7933899 974.917 2 3 0.0925113 1 7869802 7869808 13 0 1 20 1  0
13.2929 7921079 973.342 3 3 0.0925113 2 7869342 7869356 13 0 1 20 1  0
10.0755 7981243 980.735 2 4 0.123348 1 7924634 7924636 13 0 1 20 1  0
12.7354 7959418 978.053 3 5 0.154185 1 7868376 7868385 13 0 1 20 1  0
12.3605 8020252 985.529 3 5 0.154185 1 7869338 7869352 13 0 1 20 1  0
20.3774 7879494 968.232 8 442 13.975 5553 7874316 7874495 13 0 1 20 1  0
12.5012 7933403 974.857 4 7 0.215859 10 7869338 7869346 13 0 1 20 1  0
11.9516 7995563 982.495 10 72 2.22148 3 7877189 7877511 13 0 1 20 1  0
12.9483 8033852 987.2 6 48 1.48049 3 7869263 7869291 13 0 1 20 1  0
10.353 7967403 979.034 3 10 0.30837 1 7890794 7890796 13 0 1 20 1  0
10.8419 7920892 973.319 4 14 0.43172 1 7869327 7869332 13 0 1 20 1  0
14.5001 7938026 975.425 5 55 1.69654 47 7862272 7862281 13 0 1 20 1  0
10.0387 7870761 967.159 4 17 0.524235 2 7870761 7870762 13 0 1 20 1  0
14.6817 7948301 976.687 6 54 1.66567 6 7869252 7869284 13 0 1 20 1  0
10.1538 8020521 985.562 7 26 0.801797 1 7865593 7865614 13 0 1 20 1  0
12.592 7919295 973.123 4 256 7.95927 39 7870998 7871009 13 0 1 20 1  0
10.0327 8034186 987.241 5 45 1.38792 1 7871387 7871405 13 0 1 20 1  0
11.0963 7896917 970.373 4 52 1.60394 2 7868462 7868464 13 0 1 20 1  0
10.1666 7984068 981.082 3 53 1.6348 1 7874777 7874808 13 0 1 20 1  0
11.3777 7981156 980.724 4 60 1.85089 5 7865553 7865580 13 0 1 20 1  0
10.0228 7868295 966.856 3 54 1.66567 1 7868295 7868296 13 0 1 20 1  0
10.9156 7940644 975.746 3 56 1.72741 1 7868452 7868457 13 0 1 20 1  0
10.0203 7865574 966.522 4 63 1.94352 2 7865574 7865575 13 0 1 20 1  0
12.5924 8020008 985.499 6 61 1.88177 1 7869243 7869274 13 0 1 20 1  0
10.9036 7871373 967.234 4 62 1.91264 2 7865571 7865579 13 0 1 20 1  0
12.2967 7910552 972.049 5 68 2.09793 3 7869233 7869258 13 0 1 20 1  0
10.4201 7911483 972.163 4 68 2.09793 1 7874753 7874775 13 0 1 20 1  0
10.2089 8032154 986.991 6 90 2.77783 1 7871299 7871333 13 0 1 20 1  0
10.9425 7948023 976.653 5 208 6.44842 4 7871090 7871128 13 0 1 20 1  0
10.0183 7901357 970.919 2 219 6.79353 1 7901357 7901358 13 0 1 20 1  0
10.1343 7937730 975.388 2 219 6.79353 2 7901376 7901378 13 0 1 20 1  0
11.8677 7910323 972.02 3 250 7.76968 4 7871049 7871052 13 0 1 20 1  0
10.4242 7871008 967.189 2 255 7.92765 9 7871008 7871009 13 0 1 20 1  0
10.0721 7871034 967.193 3 239 7.42268 1 7871034 7871035 13 0 1 20 1  0
10.5409 7940954 975.784 2 247 7.67497 1 7874725 7874751 13 0 1 20 1  0
10.0666 7870936 967.181 3 294 9.1654 2 7870936 7870937 13 0 1 20 1  0
10.1216 7919168 973.107 2 321 10.0286 1 7919168 7919169 13 0 1 20 1  0
11.3702 7920134 973.226 2 332 10.3819 2 7874552 7874607 13 0 1 20 1  0
10.0813 7919154 973.106 2 333 10.4141 1 7919154 7919155 13 0 1 20 1  0
10.6195 7920118 973.224 2 335 10.4785 1 7874565 7874589 13 0 1 20 1  0
10.0362 7870814 967.166 3 368 11.5453 1 7870814 7870815 13 0 1 20 1  0
10.08 7876864 967.909 3 409 12.8847 1 7876864 7876865 13 0 1 20 1  0
10.1365 7874389 967.605 2 428 13.5111 1 7874389 7874390 13 0 1 20 1  0
10.1154 7874357 967.601 2 444 14.0415 3 7874357 7874358 13 0 1 20 1  0
10.1269 7874282 967.592 2 495 15.7518 3 7874282 7874283 13 0 1 20 1  0
10.5613 7874247 967.587 2 499 15.8873 6 7874247 7874248 13 0 1 20 1  0
10.4299 7876399 967.852 2 544 17.4255 3 7876399 7876400 13 0 1 20 1  0
10.2679 7876319 967.842 2 574 18.4663 2 7876319 7876320 13 0 1 20 1  0
10.0409 7876362 967.847 2 536 17.15 2 7876362 7876363 13 0 1 20 1  0
10.1178 7876567 967.872 2 540 17.2876 3 7876567 7876568 13 0 1 20 1  0
10.567 7876246 967.833 3 544 17.4255 20 7876246 7876247 13 0 1 20 1  0
10.004 7876578 967.874 6 544 17.4255 1 7876578 7876579 13 0 1 20 1  0
10.374 7876343 967.845 2 562 18.0484 1 7876343 7876344 13 0 1 20 1  0
10.1221 7941696 975.876 1 592 19.0971 1 7941696 7941697 13 0 1 20 1  0
10.2806 7876281 967.837 2 604 19.5203 2 7876281 7876282 13 0 1 20 1  0
10.3006 7873993 967.556 3 611 19.7682 2 7873993 7873994 13 0 1 20 1  0
11.6211 7941742 975.881 2 647 21.0555 1 7876012 7876023 13 0 1 20 1  0
14.6711 7939430 975.597 5 1497 61.0349 953 7873630 7874102 13 0 1 20 1  0
10.0274 7880650 968.374 2 1067 38.0414 1 7880650 7880651 13 0 1 20 1  0
10.4093 7877983 968.047 2 1095 39.3351 1 7875379 7875385 13 0 1 20 1  0
10.5467 7877927 968.04 2 1110 40.0382 1 7875341 7875348 13 0 1 20 1  0
10.8496 7877792 968.023 4 1157 42.288 11 7875035 7875074 13 0 1 20 1  0
10.3305 7874834 967.66 3 1280 48.5372 5 7874834 7874835 13 0 1 20 1  0
10.2668 7877681 968.009 2 1213 45.0658 2 7877681 7877682 13 0 1 20 1  0
10.7309 7874976 967.677 2 1217 45.2684 3 7874976 7874977 13 0 1 20 1  0
10.8357 7877543 967.992 2 1252 47.0661 1 7874872 7874874 13 0 1 20 1  0
10.6018 7877518 967.989 2 1260 47.4834 1 7875015 7875024 13 0 1 20 1  0
13.7831 7873676 967.517 5 1584 66.659 586 7873326 7873866 13 0 1 20 1  0
10.8097 7874032 967.561 2 1490 60.5987 1 7874032 7874033 13 0 1 20 1  0
10.0942 7873673 967.517 3 1509 61.788 1 7873673 7873674 13 0 1 20 1  0
10.1871 7873395 967.483 3 1580 66.3918 1 7873395 7873396 13 0 1 20 1  0
10.4561 7938742 975.513 2 1646 70.9093 1 7938742 7938743 13 0 1 20 1  0
11.274 7873084 967.445 2 1715 75.8944 1 7873082 7873085 13 0 1 20 1  0
10.3946 7878120 968.063 3 1772 80.2281 1 7878120 7878122 13 0 1 20 1  0
10.5454 7872935 967.426 4 1781 80.931 2 7872929 7872945 13 0 1 20 1  0
10.1533 7938189 975.445 3 1773 80.306 1 7938188 7938190 13 0 1 20 1  0
11.3141 7862272 966.116 10 2405 145.231 93 7862272 7862543 13 0 1 20 1  0
10.0264 8097168 994.98 3 2473 154.546 1 8097168 8097169 13 0 1 20 1  0
10.6985 8096890 994.946 4 2508 159.559 1 7884309 7884313 13 0 1 20 1  0
10.039 7883560 968.732 5 2598 173.175 2 7883560 7883561 13 0 1 20 1  0
10.1174 8096237 994.866 5 2602 173.806 1 8096236 8096238 13 0 1 20 1  0
13.1877 8094354 994.634 12 2855 218.516 100 8092546 8095992 13 0 1 20 1  0
10.5824 7882943 968.656 4 2676 185.874 1 7882940 7882946 13 0 1 20 1  0
10.0121 8081678 993.077 3 2677 186.042 1 8081678 8081679 13 0 1 20 1  0
10.0927 8095131 994.73 4 2682 186.887 1 8095131 8095132 13 0 1 20 1  0
10.07 8081549 993.061 4 2693 188.758 1 8081549 8081550 13 0 1 20 1  0
10.3077 8095393 994.762 4 2693 188.758 1 8095393 8095395 13 0 1 20 1  0
11.3616 8094210 994.617 5 2857 218.91 7 8079904 8080091 13 0 1 20 1  0
11.6195 8094605 994.665 3 2854 218.319 8 8093869 8093920 13 0 1 20 1  0
10.7694 8094456 994.647 4 2821 211.915 14 8094453 8094482 13 0 1 20 1  0
10.5535 8093819 994.568 3 2875 222.492 9 8093816 8093820 13 0 1 20 1  0
10.0071 8079927 992.861 6 2857 218.91 1 8079927 8079928 13 0 1 20 1  0
10.1329 8093365 994.513 3 2875 222.492 1 8093365 8093366 13 0 1 20 1  0
0 7862272 966.116 12 2905 228.59 13 8092256 8095482 13 0 1 20 1  0
11.086 8078859 992.73 6 2973 243.022 11 8078611 8079203 13 0 1 20 1  0
11.8781 8078436 992.678 12 3002 249.445 5 8077222 8079646 13 0 1 20 1  0
10.0943 8077038 992.506 5 3141 282.622 1 8077033 8077043 13 0 1 20 1  0
13.5042 7958083 977.889 11 4606 1045.88 50 7954332 7959397 13 0 1 20 1  0
0 7862272 966.116 7 4575 1017.38 8 7958585 7958835 13 0 1 20 1  0
11.3176 8253981 1014.25 8 0 0 1 8253981 8253982 13 0 1 20 1  0
11.3195 8255868 1014.48 8 0 0 1 8254097 8254098 13 0 1 20 1  0
18.529 8130795 999.112 8 167 5.1672 66461 8130676 8130888 13 0 1 20 1  0
13.4613 8258451 1014.8 2 1 0.0308372 3 8191317 8191323 13 0 1 20 1  0
40.0522 8191021 1006.51 8 210 6.51112 9785 8130587 8130846 13 0 1 20 1  0
20.756 8288042 1018.43 9 34 1.04855 1946 8145856 8148176 13 0 1 20 1  0
10.3967 8331284 1023.75 2 2 0.0616743 1 8256220 8256229 13 0 1 20 1  0
10.6498 8256228 1014.53 2 3 0.0925113 1 8256227 8256229 13 0 1 20 1  0
11.5225 8287828 1018.41 3 8 0.246696 3 8191299 8191314 13 0 1 20 1  0
10.359 8290111 1018.69 2 4 0.123348 1 8289950 8289951 13 0 1 20 1  0
11.8325 8321186 1022.51 3 4 0.123348 2 8191306 8191320 13 0 1 20 1  0
25.0268 8141398 1000.41 9 2009 100.601 8866 8140250 8143037 13 0 1 20 1  0
10.2321 8287507 1018.37 2 5 0.154185 1 8287507 8287508 13 0 1 20 1  0
11.6881 8321022 1022.49 3 5 0.154185 1 8191304 8191320 13 0 1 20 1  0
11.3205 8328827 1023.45 3 7 0.215859 1 8191300 8191316 13 0 1 20 1  0
10.3755 8290591 1018.75 3 10 0.30837 1 8191381 8191382 13 0 1 20 1  0
10.1038 8147857 1001.21 3 64 1.9744 4 8147857 8147858 13 0 1 20 1  0
10.3354 8130851 999.119 3 111 3.42777 13 8130851 8130852 13 0 1 20 1  0
10.074 8145623 1000.93 4 79 2.43777 4 8145623 8145624 13 0 1 20 1  0
19.1132 8265415 1015.65 8 190 5.88499 84 8145741 8146945 13 0 1 20 1  0
10.2472 8130705 999.101 3 210 6.51112 11 8130705 8130706 13 0 1 20 1  0
10.2335 8146810 1001.08 3 209 6.47977 3 8146810 8146811 13 0 1 20 1  0
10.1942 8147608 1001.18 3 227 7.04492 1 8147608 8147609 13 0 1 20 1  0
10.2209 8130614 999.09 3 253 7.86445 9 8130614 8130615 13 0 1 20 1  0
10.1748 8130507 999.077 2 331 10.3498 9 8130507 8130508 13 0 1 20 1  0
10.6356 8130407 999.064 2 421 13.2798 14 8130407 8130408 13 0 1 20 1  0
10.6885 8130478 999.073 2 377 11.8379 1 8130478 8130479 13 0 1 20 1  0
10.7529 8130385 999.062 2 423 13.3459 2 8130385 8130386 13 0 1 20 1  0
10.8981 8145684 1000.94 2 426 13.4449 1 8145684 8145685 13 0 1 20 1  0
10.5212 8130333 999.055 2 439 13.8754 6 8130333 8130334 13 0 1 20 1  0
10.4868 8130289 999.05 2 470 14.9096 1 8130289 8130290 13 0 1 20 1  0
10.1875 8130249 999.045 2 494 15.718 2 8130249 8130250 13 0 1 20 1  0
10.8431 8130116 999.029 3 561 18.0137 27 8130116 8130117 13 0 1 20 1  0
10.3072 8145574 1000.93 3 611 19.7682 3 8145574 8145575 13 0 1 20 1  0
13.7212 8264779 1015.58 7 573 18.4314 2 8145399 8145751 13 0 1 20 1  0
10.4892 8145314 1000.9 3 700 22.9903 7 8145314 8145315 13 0 1 20 1  0
10.3642 8129839 998.995 3 722 23.8082 20 8129839 8129840 13 0 1 20 1  0
11.3314 8285469 1018.12 3 1249 46.9103 1 8144023 8144027 13 0 1 20 1  0
10.9452 8285394 1018.11 3 1299 49.5525 1 8143987 8144004 13 0 1 20 1  0
10.6072 8143809 1000.71 3 1302 49.7141 1 8143809 8143810 13 0 1 20 1  0
10.4968 8260369 1015.03 3 1488 60.4745 1 8143568 8143571 13 0 1 20 1  0
13.5663 8187500 1006.08 6 1549 64.3502 14 8142783 8143639 13 0 1 20 1  0
10.6228 8187181 1006.04 3 1630 69.7922 3 8142771 8142773 13 0 1 20 1  0
12.6982 8186540 1005.96 6 1776 80.5399 8 8142151 8142670 13 0 1 20 1  0
10.2767 8184355 1005.69 7 2175 117.49 2 8140397 8140698 13 0 1 20 1  0
11.1674 8281664 1017.65 4 2212 121.591 3 8140027 8140039 13 0 1 20 1  0
10.6096 8252536 1014.07 7 3065 263.979 1 8250943 8250945 13 0 1 20 1  0
0 8124416 998.328 7 3065 263.979 5 8252049 8252867 13 0 1 20 1  0
10.7124 8131079 999.147 6 3254 312.765 8 8130360 8130379 13 0 1 20 1  0
10.3368 8129515 998.955 7 3308 328.27 5 8129505 8129548 13 0 1 20 1  0
10.4825 8128719 998.857 6 3358 343.303 1 8128715 8128743 13 0 1 20 1  0
10.858 8267085 1015.86 8 3548 406.911 4 8267011 8267851 13 0 1 20 1  0
0 8124416 998.328 8 3548 406.911 1 8268635 8268662 13 0 1 20 1  0
28.465 4382819 538.561 5 4042 632.523 285 4382673 4382856 13 0 1 20 1 1
