0 120449 101.127
1 120449 101.142
2 120450 101.228
3 120450 101.268
4 120449 101.245
5 120450 101.277
6 120450 101.253
7 120450 101.276
8 120449 101.273
9 120449 101.316
10 120449 101.339
11 120449 101.306
12 120449 101.332
13 120449 101.302
14 120449 101.281
15 120449 101.3
16 120449 101.281
17 120449 101.295
18 120449 101.323
19 120450 101.474
20 120450 101.631
21 120450 101.695
22 120450 101.694
23 120450 101.725
24 120450 101.677
25 120450 101.62
26 120449 101.603
27 120450 101.615
28 120450 101.626
29 120450 101.663
30 120450 101.622
31 120450 101.687
32 120450 101.719
33 120450 101.707
34 120450 101.623
35 120450 101.591
36 120450 101.612
37 120450 101.575
38 120450 101.562
39 120450 101.546
40 120451 101.596
41 120451 101.575
42 120451 101.513
43 120451 101.518
44 120452 101.516
45 120452 101.569
46 120451 101.548
47 120452 101.544
48 120452 101.581
49 120452 101.61
50 120452 101.642
51 120455 102.349
52 120453 103.159
53 120453 103.135
54 120454 103.221
55 120455 103.534
56 120457 103.853
57 120459 104.146
58 120462 104.521
59 120462 104.967
60 120462 104.901
61 120461 104.897
62 120462 105.179
63 120463 105.433
64 120464 105.593
65 120464 105.728
66 120464 105.753
67 120463 105.815
68 120463 105.812
69 120462 105.809
70 120462 105.855
71 120461 105.864
72 120460 105.806
73 120460 105.751
74 120460 105.843
75 120459 105.915
76 120459 105.92
77 120458 105.871
78 120458 105.876
79 120458 105.839
80 120456 105.86
81 120456 105.777
82 120455 105.734
83 120451 104.895
84 120453 103.93
85 120452 103.867
86 120451 103.785
87 120449 103.474
88 120447 103.206
89 120445 102.926
90 120443 102.607
91 120442 102.195
92 120442 102.2
93 120442 102.16
94 120441 101.917
95 120439 101.663
96 120438 101.469
97 120437 101.38
98 120438 101.503
99 120438 101.539
100 120439 101.619
101 120439 101.698
102 120440 101.72
103 120440 101.742
104 120440 101.878
105 120441 102.063
106 120441 102.036
107 120441 101.975
108 120441 101.949
109 120442 101.967
110 120442 101.959
111 120442 101.966
112 120442 101.882
113 120442 101.891
114 120442 101.92
115 120442 101.921
116 120441 101.895
117 120442 101.909
118 120442 101.963
119 120442 101.998
120 120441 101.966
121 120441 101.983
122 120441 101.942
123 120440 101.921
124 120440 101.955
125 120440 102.011
126 120439 102.031
127 120440 102.107
128 120439 102.146
129 120439 102.107
130 120439 102.011
131 120439 101.976
132 120439 101.871
133 120438 101.815
134 120438 101.85
135 120438 101.819
136 120438 101.71
137 120437 101.55
138 120437 101.67
139 120436 101.741
140 120436 101.752
141 120436 101.726
142 120436 101.992
143 120438 102.292
144 120440 102.704
145 120440 102.879
146 120440 102.874
147 120440 102.858
148 120441 103.263
149 120444 103.921
150 120445 104.457
151 120445 104.458
152 120445 104.508
153 120445 104.529
154 120446 104.593
155 120446 104.587
156 120446 104.599
157 120447 104.917
158 120447 104.937
159 120447 104.993
160 120447 104.982
161 120447 104.977
162 120447 104.946
163 120447 104.903
164 120447 104.919
165 120447 104.921
166 120447 104.892
167 120447 104.921
168 120447 104.907
169 120447 104.904
170 120446 104.749
171 120447 104.796
172 120448 104.899
173 120448 104.884
174 120447 104.662
175 120445 104.403
176 120445 104.089
177 120445 103.941
178 120445 103.919
179 120445 104.014
180 120444 103.613
181 120442 102.965
182 120441 102.357
183 120441 102.377
184 120441 102.37
185 120441 102.339
186 120440 102.342
187 120440 102.346
188 120441 102.403
189 120441 102.102
190 120441 102.07
191 120441 102.041
192 120441 102.013
193 120441 101.994
194 120441 101.977
195 120441 101.957
196 120440 101.989
197 120440 101.985
198 120440 101.953
199 120439 101.899
200 120439 101.912
201 120439 101.91
202 120438 101.904
203 120438 101.772
204 120437 101.624
205 120437 101.665
206 120437 101.651
207 120437 101.626
208 120436 101.569
209 120436 101.532
210 120436 101.567
211 120436 101.485
212 120436 101.474
213 120436 101.443
214 120435 101.455
215 120435 101.382
216 120435 101.355
217 120434 101.33
218 120434 101.304
219 120435 101.353
220 120434 101.255
221 120434 101.171
222 120433 101.188
223 120433 101.058
224 120433 101.079
225 120433 101.153
226 120433 101.186
227 120434 101.237
228 120434 101.244
229 120434 101.257
230 120434 101.221
231 120434 101.279
232 120435 101.294
233 120435 101.334
234 120436 101.385
235 120436 101.419
236 120436 101.485
237 120436 101.511
238 120436 101.533
239 120436 101.516
240 120436 101.535
241 120436 101.559
242 120436 101.523
243 120436 101.551
244 120436 101.544
245 120436 101.564
246 120436 101.622
247 120436 101.624
248 120436 101.598
249 120435 101.578
250 120436 101.578
251 120435 101.537
252 120435 101.521
253 120435 101.527
254 120435 101.46
255 120434 101.453
256 120434 101.458
257 120434 101.406
258 120433 101.428
259 120433 101.345
260 120433 101.324
261 120433 101.339
262 120433 101.331
263 120432 101.283
264 120432 101.257
265 120432 101.273
266 120432 101.241
267 120431 101.23
268 120431 101.157
269 120431 101.102
270 120431 101.094
271 120431 101.105
272 120431 101.09
273 120431 101.048
274 120431 101.082
275 120431 101.052
276 120431 101.072
277 120431 101.065
278 120431 101.073
279 120432 101.12
280 120432 101.2
281 120433 101.261
282 120433 101.276
283 120433 101.258
284 120433 101.294
285 120433 101.327
286 120434 101.367
287 120434 101.444
288 120434 101.533
289 120434 101.656
290 120435 101.671
291 120434 101.781
292 120435 101.937
293 120437 102.112
294 120437 102.128
295 120437 102.172
296 120437 102.14
297 120437 102.133
298 120437 102.146
299 120437 102.134
300 120437 102.216
301 120438 102.242
302 120437 102.212
303 120437 102.201
304 120438 102.193
305 120438 102.258
306 120438 102.215
307 120438 102.236
308 120438 102.344
309 120439 102.431
310 120439 102.488
311 120438 102.431
312 120438 102.362
313 120438 102.319
314 120438 102.26
315 120437 102.269
316 120438 102.281
317 120438 102.246
318 120437 102.234
319 120437 102.17
320 120436 102.097
321 120436 101.969
322 120436 101.904
323 120436 101.847
324 120435 101.742
325 120434 101.528
326 120434 101.542
327 120434 101.526
328 120433 101.545
329 120433 101.497
330 120433 101.449
331 120433 101.472
332 120432 101.437
333 120432 101.443
334 120432 101.46
335 120432 101.515
336 120432 101.523
337 120432 101.496
338 120432 101.414
339 120431 101.328
340 120431 101.192
341 120430 101.082
342 120429 100.886
343 120428 100.885
344 120428 100.861
345 120428 100.842
346 120427 100.844
347 120426 100.778
348 120426 100.721
349 120426 100.724
350 120425 100.701
351 120425 100.66
352 120425 100.584
353 120425 100.541
354 120424 100.506
355 120424 100.441
356 120423 100.29
357 120423 100.257
358 120422 100.239
359 120422 100.172
360 120422 100.086
361 120421 100.136
362 120421 100.128
363 120421 100.047
364 120420 99.9824
365 120420 99.994
366 120419 99.9098
367 120419 99.8702
368 120419 99.9124
369 120418 99.8509
370 120418 99.8768
371 120418 99.9027
372 120417 99.8747
373 120417 99.8865
374 120418 99.9545
375 120417 99.9427
376 120417 99.9324
377 120417 99.9236
378 120417 99.9575
379 120418 100.023
380 120418 100.039
381 120418 100.056
382 120418 100.059
383 120418 100.236
384 120419 100.346
385 120419 100.438
386 120420 100.519
387 120420 100.565
388 120420 100.715
389 120421 100.739
390 120421 100.79
391 120421 100.823
392 120422 100.938
393 120422 100.913
394 120422 100.965
395 120423 101.076
396 120423 101.133
397 120424 101.104
398 120424 101.218
399 120424 101.234
400 120425 101.185
401 120425 101.256
402 120425 101.304
403 120426 101.339
404 120427 101.442
405 120427 101.494
406 120427 101.531
407 120428 101.596
408 120428 101.656
409 120429 101.805
410 120429 101.895
411 120429 101.904
412 120430 101.998
413 120430 101.979
414 120430 102.024
415 120430 101.913
416 120429 101.84
417 120429 101.816
418 120429 101.776
419 120429 101.756
420 120429 101.686
421 120429 101.683
422 120429 101.698
423 120429 101.721
424 120429 101.726
425 120429 101.735
426 120429 101.696
427 120429 101.655
428 120429 101.631
429 120428 101.655
430 120428 101.65
431 120428 101.677
432 120428 101.747
433 120428 101.778
434 120428 101.783
435 120428 101.799
436 120428 101.776
437 120428 101.728
438 120428 101.691
439 120428 101.645
440 120428 101.697
441 120429 101.641
442 120429 101.572
443 120429 101.561
444 120429 101.503
445 120429 101.537
446 120429 101.496
447 120429 101.494
448 120429 101.493
449 120429 101.476
450 120430 101.489
451 120430 101.521
452 120430 101.509
453 120430 101.514
454 120430 101.487
455 120430 101.475
456 120430 101.462
457 120430 101.421
458 120430 101.445
459 120431 101.433
460 120430 101.462
461 120431 101.465
462 120431 101.508
463 120431 101.462
464 120432 101.413
465 120432 101.414
466 120432 101.435
467 120432 101.419
468 120432 101.439
469 120432 101.489
470 120432 101.494
471 120432 101.537
472 120432 101.471
473 120432 101.453
474 120432 101.464
475 120432 101.453
476 120432 101.459
477 120432 101.464
478 120432 101.479
479 120433 101.446
480 120433 101.441
481 120433 101.461
482 120433 101.494
483 120433 101.51
484 120433 101.543
485 120433 101.65
486 120434 101.665
487 120434 101.785
488 120434 101.828
489 120434 101.863
490 120434 101.85
491 120434 101.91
492 120434 101.951
493 120434 101.973
494 120434 101.933
495 120434 101.978
496 120435 102.095
497 120435 102.079
498 120435 102.08
499 120435 102.123
500 120435 102.125
501 120435 102.133
502 120435 102.162
503 120435 102.157
504 120435 102.204
505 120435 102.219
506 120435 102.222
507 120435 102.287
508 120435 102.317
509 120435 102.336
510 120435 102.392
511 120435 102.48
