0 120178 598.444
1 120188 568.467
2 120150 600.254
3 120176 603.946
4 120184 578.299
5 120173 586.266
6 120175 619.379
7 120182 596.408
8 120189 575.364
9 120176 608.217
10 120182 588.657
11 120188 570.102
12 120162 591.542
13 120180 595.594
14 120185 578.653
15 120179 582.682
16 120178 607.063
17 120193 583.748
18 120195 545.174
19 120179 588.32
20 120179 588.917
21 120195 545.409
22 120169 576.778
23 120179 594.112
24 120204 561.858
25 120185 561.806
26 120179 602.077
27 120192 579.895
28 120194 543.575
29 120179 586.565
30 120178 587.679
31 120193 546.233
32 120168 575.969
33 120177 592.395
34 120203 559.456
35 120185 556.681
36 120176 595.422
37 120188 574.85
38 120193 536.521
39 120176 575.4
40 120174 577.175
41 120189 536.23
42 120163 565.74
43 120171 582.029
44 120197 548.169
45 120179 541.918
46 120169 578.021
47 120180 558.814
48 120185 518.999
49 120170 557.466
50 120168 559.406
51 120183 516.213
52 120159 543.241
53 120166 557.197
54 120192 525.818
55 120176 520.325
56 120165 557.018
57 120175 539.365
58 120182 499.075
59 120166 536.093
60 120165 538.118
61 120180 495.06
62 120157 522.241
63 120164 536.615
64 120189 506.663
65 120175 500.619
66 120163 538.713
67 120171 523.255
68 120180 484.372
69 120164 520.794
70 120162 522.991
71 120178 483.961
72 120156 510.788
73 120164 525.806
74 120189 495.878
75 120179 486.051
76 120165 524.157
77 120172 510.949
78 120182 474.817
79 120163 509.975
80 120165 520.183
81 120181 481.7
82 120160 509.105
83 120167 525.876
84 120191 498.163
85 120184 486.245
86 120169 524.917
87 120175 513.116
88 120188 476.765
89 120169 509.356
90 120172 520.948
91 120188 483.941
92 120169 509.913
93 120172 533.516
94 120196 505.128
95 120190 490.878
96 120173 531.148
97 120178 520.759
98 120190 482.715
99 120167 515.6
100 120174 531.944
101 120190 495.509
102 120177 516.388
103 120174 550.496
104 120199 521.759
105 120192 506.768
106 120176 546.373
107 120179 539.997
108 120193 501.871
109 120167 534.251
110 120177 552.593
111 120196 517.333
112 120185 524.836
113 120178 567.851
114 120201 538.508
115 120195 521.775
116 120181 570.111
117 120180 569.282
118 120195 530.584
119 120168 562.546
120 120176 580.266
121 120196 547.696
122 120189 544.13
123 120178 589.126
124 120198 561.14
125 120195 537.558
126 120176 578.207
127 120179 589.722
128 120196 549.446
129 120171 582.879
130 120180 606.219
131 120203 573.328
132 120196 557.279
133 120180 603.696
134 120195 580.552
135 120197 546.462
136 120172 583.027
137 120182 602.591
138 120198 563.023
139 120187 582.512
140 120183 619.9
141 120210 587.512
142 120200 569.172
143 120185 615.808
144 120194 599.343
145 120201 556.318
146 120174 588.607
147 120185 608.047
148 120200 559.749
149 120197 567.339
150 120186 616.377
151 120212 584.332
152 120202 566.31
153 120184 606.467
154 120191 612.955
155 120204 568.304
156 120181 600.091
157 120190 628.554
158 120208 587.908
159 120206 576.266
160 120190 625.259
161 120216 591.756
162 120207 568.385
163 120181 606.205
164 120192 627.831
165 120208 581.423
166 120194 606.354
167 120193 647.511
168 120219 611.072
169 120209 591.574
170 120194 641.352
171 120205 621.98
172 120209 584.746
173 120183 618.378
174 120195 637.76
175 120209 591.22
176 120202 605.172
177 120196 650.184
178 120223 617.927
179 120212 598.501
180 120198 647.129
181 120201 639.939
182 120213 590.933
183 120187 623.049
184 120197 641.151
185 120215 601.023
186 120207 594.783
187 120194 638.597
188 120216 606.803
189 120208 578.329
190 120188 621.559
191 120192 635.664
192 120207 586.693
193 120183 619.732
194 120193 647.957
195 120219 610.173
196 120207 588.331
197 120192 637.176
198 120207 612.276
199 120207 571.134
200 120181 609.425
201 120192 630.598
202 120207 580.795
203 120196 600.505
204 120193 645.43
205 120219 611.839
206 120208 592.532
207 120193 642.388
208 120201 628.392
209 120207 583.456
210 120177 619.349
211 120192 642.04
212 120206 593.412
213 120204 599.47
214 120193 650.572
215 120219 618.474
216 120209 600.343
217 120189 643.092
218 120198 650.483
219 120211 606.332
220 120188 637.601
221 120194 667.098
222 120214 623.893
223 120211 609.789
224 120194 652.11
225 120219 619.125
226 120209 590.959
227 120183 626.812
228 120194 646.202
229 120210 597.44
230 120200 615.21
231 120194 657.311
232 120221 618.909
233 120209 597.657
234 120195 644.262
235 120205 625.816
236 120208 580.728
237 120181 613.687
238 120193 633.755
239 120207 583.844
240 120205 588.368
241 120193 636.106
242 120222 600.197
243 120207 577.491
244 120187 615.507
245 120196 623.326
246 120207 572.23
247 120185 603.63
248 120191 635.516
249 120212 592.782
250 120207 577.247
251 120191 624.607
252 120214 593.478
253 120209 564.035
254 120184 597.655
255 120193 615.879
256 120210 573.589
257 120196 596.587
258 120194 632.547
259 120220 596.727
260 120210 577.348
261 120195 621.957
262 120205 604.405
263 120211 562.33
264 120186 593.194
265 120195 609.591
266 120209 563.041
267 120202 578.432
268 120195 622.413
269 120223 589.427
270 120211 569.357
271 120195 615.961
272 120197 612.434
273 120210 564.669
274 120183 596.807
275 120193 614.951
276 120213 576.959
277 120206 565.654
278 120191 612.866
279 120214 581.47
280 120207 549.568
281 120185 585.828
282 120190 600.62
283 120206 553.205
284 120187 580.898
285 120189 615.235
286 120214 581.729
287 120205 563.711
288 120188 607.151
289 120202 584.29
290 120205 548.617
291 120179 580.35
292 120188 597.326
293 120203 552.654
294 120195 567.079
295 120185 606.033
296 120212 575.298
297 120202 558.885
298 120186 601.619
299 120194 586.907
300 120201 542.958
301 120175 573.801
302 120184 590.778
303 120199 544.177
304 120198 545.135
305 120183 587.795
306 120209 555.652
307 120199 537.536
308 120177 571.936
309 120184 582.317
310 120198 535.018
311 120182 559.494
312 120181 589.889
313 120203 553.552
314 120197 538.693
315 120180 579.432
316 120198 551.621
317 120196 517.22
318 120170 547.488
319 120178 563.725
320 120195 520.21
321 120186 534.252
322 120175 573.455
323 120201 541.636
324 120192 524.552
325 120175 562.138
326 120182 549.35
327 120191 510.323
328 120165 539.884
329 120173 555.931
330 120189 513.121
331 120185 518.445
332 120172 560.31
333 120197 529.49
334 120189 512.472
335 120170 549.134
336 120172 555.238
337 120188 512.539
338 120165 541.317
339 120171 557.23
340 120193 522.804
341 120187 510.191
342 120172 549.629
343 120188 525.134
344 120189 494.859
345 120167 531.565
346 120172 546.703
347 120189 505.999
348 120172 531.942
349 120174 563.446
350 120199 533.051
351 120191 516.612
352 120175 559.38
353 120183 545.736
354 120193 506.789
355 120168 539.685
356 120178 558.372
357 120195 520.756
358 120189 532.133
359 120179 574.204
360 120205 544.685
361 120198 528.745
362 120181 572.678
363 120185 570.923
364 120199 529.191
365 120174 559.802
366 120182 576.446
367 120201 539.809
368 120199 532.741
369 120183 574.792
370 120207 546.031
371 120201 530.081
372 120178 566.409
373 120185 581.119
374 120201 541.719
375 120184 567.032
376 120187 603.805
377 120215 568.807
378 120219 555.29
379 120209 600.002
380 120236 576.102
381 120246 546.691
382 120226 582.778
383 120238 602.285
384 120255 559.642
385 120248 570.703
386 120237 613.304
387 120263 580.864
388 120253 562.611
389 120236 605.668
390 120245 601.605
391 120255 559.669
392 120230 589.495
393 120238 607.85
394 120255 563.922
395 120253 559.202
396 120238 604.454
397 120263 573.953
398 120254 557.273
399 120229 595.617
400 120238 612.102
401 120254 570.001
402 120238 594.842
403 120237 631.937
404 120260 595.569
405 120253 578.885
406 120238 623.298
407 120254 597.998
408 120250 561.103
409 120217 594.922
410 120221 615.364
411 120231 570.669
412 120210 586.066
413 120193 624.255
414 120212 588.112
415 120200 568.548
416 120184 618.528
417 120188 608.204
418 120198 564.954
419 120169 600.477
420 120182 622.486
421 120198 579.458
422 120192 580.788
423 120181 625.791
424 120205 595.795
425 120196 577.373
426 120179 619.163
427 120182 629.414
428 120197 584.071
429 120170 617.145
430 120182 637.148
431 120207 598.728
432 120197 582.509
433 120183 627.305
434 120199 602.378
435 120202 566.472
436 120181 605.87
437 120188 624.808
438 120203 580.345
439 120186 606.957
440 120187 638.118
441 120214 602.593
442 120201 580.468
443 120186 622.29
444 120196 604.812
445 120203 564.528
446 120178 594.829
447 120186 611.314
448 120202 561.547
449 120198 576.128
450 120189 619.25
451 120218 583.62
452 120207 562.3
453 120197 614.658
454 120210 611.021
455 120221 566.37
456 120195 597.3
457 120205 615.341
458 120222 573.541
459 120217 565.686
460 120206 607.75
461 120232 574.53
462 120220 554.507
463 120200 594.367
464 120207 608.504
465 120220 563.717
466 120197 596.063
467 120202 626.391
468 120224 586.964
469 120215 568.147
470 120203 612.598
471 120221 585.955
472 120219 554.767
473 120201 584.68
474 120210 601.709
475 120224 559.838
476 120209 584.255
477 120212 624.729
478 120237 594.427
479 120228 577.943
480 120220 616.255
481 120224 600.326
482 120233 557.172
483 120209 585.586
484 120219 604.584
485 120229 552.156
486 120212 560.203
487 120207 604.579
488 120232 573.611
489 120221 555.52
490 120210 598.04
491 120211 598.891
492 120222 556.748
493 120198 585.691
494 120210 603.452
495 120230 563.62
496 120222 550.835
497 120218 565.856
498 120239 547.372
499 120226 528.47
500 120223 544.305
501 120220 561.152
502 120230 524.749
503 120226 542.296
504 120222 561.333
505 120242 540.38
506 120226 536.239
507 120221 557.71
508 120240 542.228
509 120228 498.06
510 120223 520.961
511 120217 546.574
