15.4712 64843 3.98395 8 0 0 1 19634 19636 13 0 1 20 1  0
0 2048 0.125829 8 0 0 3 64843 64844 13 0 1 20 1  0
17.0769 19635 1.20637 1 0 0 1 19635 19636 13 0 1 20 1  0
12.9189 97058 5.96324 1 0 0 1 23218 23219 13 0 1 20 1  0
0 2048 0.125829 1 0 0 2 64844 64845 13 0 1 20 1  0
10.0087 82950 5.09645 3 6 0.118475 1 82950 82951 13 0 1 20 1  0
13.0624 174528 10.723 12 108 2.14396 3 173786 177494 13 0 1 20 1  0
10.4494 174422 10.7165 12 387 8.23911 1 174374 175782 13 0 1 20 1  0
12.166 365001 22.4257 8 0 0 1 365001 365002 13 0 1 20 1  0
13.2915 502937 30.9004 8 0 0 1 382768 382769 13 0 1 20 1  0
0 260096 15.9803 8 0 0 6 460727 460734 13 0 1 20 1  0
13.9726 460733 28.3074 1 0 0 15 460726 460735 13 0 1 20 1  0
0 260096 15.9803 1 0 0 19 461061 461064 13 0 1 20 1  0
10.5535 444526 27.3117 10 3123 1410.99 2 444356 444635 13 0 1 20 1  0
16.9931 631424 38.7947 7 216 4.36416 726 523537 523576 13 0 1 20 1  0
17.2118 755947 46.4454 8 0 0 1 655948 655950 13 0 1 20 1  0
17.2839 523181 32.1442 6 377 7.99531 10779 523138 523232 13 0 1 20 1  0
11.0304 630863 38.7602 1 0 0 1 630863 630864 13 0 1 20 1  0
16.7564 655946 40.3013 2 1 0.0197462 42 655944 655948 13 0 1 20 1  0
11.8827 601080 36.9304 4 5 0.0987291 5 522662 522665 13 0 1 20 1  0
12.475 635116 39.0215 4 7 0.13822 84 522661 522668 13 0 1 20 1  0
10.1049 524311 32.2137 5 5 0.0987291 1 524311 524312 13 0 1 20 1  0
12.0645 634782 39.001 5 12 0.236951 5 522653 522656 13 0 1 20 1  0
15.7932 641476 39.4123 7 400 8.55992 1924 523120 523831 13 0 1 20 1  0
10.9607 637366 39.1598 5 14 0.276446 1 634775 634786 13 0 1 20 1  0
14.169 621011 38.1549 7 111 2.20423 342 523207 524242 13 0 1 20 1  0
10.0792 637244 39.1523 3 192 3.86003 1 637242 637245 13 0 1 20 1  0
13.419 524185 32.2059 4 360 7.58656 22 523164 523231 13 0 1 20 1  0
10.2401 634932 39.0102 3 461 10.1288 2 634932 634934 13 0 1 20 1  0
10.3117 637185 39.1486 4 490 10.915 3 637183 637186 13 0 1 20 1  0
10.2015 523342 32.1541 6 1006 32.1203 2 523341 523344 13 0 1 20 1  0
0 522240 32.0864 12 1010 32.3621 1 634406 641488 13 0 1 20 1  0
10.3097 633082 38.8966 7 1173 43.7493 1 633045 633087 13 0 1 20 1  0
10.2094 620126 38.1005 7 1320 57.1424 2 620121 620132 13 0 1 20 1  0
11.2633 628302 38.6029 7 1365 61.9742 2 628253 628317 13 0 1 20 1  0
11.2614 630755 38.7536 9 1425 69.0365 30 630485 630828 13 0 1 20 1  0
0 522240 32.0864 7 1365 61.9742 5 634227 634312 13 0 1 20 1  0
13.9985 618315 37.9893 10 2135 244.579 171 617296 619170 13 0 1 20 1  0
10.0903 633396 38.9158 7 1773 128.544 1 633388 633400 13 0 1 20 1  0
0 522240 32.0864 9 2130 242.418 4 625262 625374 13 0 1 20 1  0
12.6463 522244 32.0867 11 2854 875.685 2 522240 523468 13 0 1 20 1  0
10.4723 809662 49.7456 8 0 0 1 809662 809663 13 0 1 20 1  0
16.9128 880107 54.0738 8 0 0 1 819366 819367 13 0 1 20 1  0
0 784384 48.1926 8 0 0 2670 819541 819543 13 0 1 20 1  0
10.4624 809656 49.7453 2 3 0.059238 4 809656 809657 13 0 1 20 1  0
19.4556 973804 59.8305 1 0 0 1 819366 819367 13 0 1 20 1  0
25.6374 981252 60.2881 3 0 0 1060 883087 883093 13 0 1 20 1  0
10.2556 819540 50.3525 3 0 0 1 819540 819541 13 0 1 20 1  0
17.3517 986222 60.5935 6 1 0.0197462 16 979689 979762 13 0 1 20 1  0
19.2916 1029190 63.2334 12 96 1.90345 438 975778 988170 13 0 1 20 1  0
14.7911 883398 54.276 3 8 0.157966 16 809647 809649 13 0 1 20 1  0
10.6931 805686 49.5013 2 2 0.0394922 3 805686 805687 13 0 1 20 1  0
14.5055 883728 54.2962 3 7 0.13822 7 809649 809652 13 0 1 20 1  0
11.2302 904781 55.5897 2 4 0.0789836 3 809653 809655 13 0 1 20 1  0
15.6612 883079 54.2564 3 5 0.0987291 1 809651 809654 13 0 1 20 1  0
10.5721 819213 50.3324 2 6 0.118475 1 819213 819214 13 0 1 20 1  0
15.0713 819352 50.341 3 6 0.118475 8 809650 809653 13 0 1 20 1  0
10.9365 883051 54.2547 3 18 0.355443 2 883050 883053 13 0 1 20 1  0
11.3508 976867 60.0187 4 18 0.355443 5 819328 819337 13 0 1 20 1  0
10.0001 819488 50.3493 3 22 0.434452 1 819488 819489 13 0 1 20 1  0
10.1519 1020381 62.6922 8 317 6.58253 1 1020363 1020385 13 0 1 20 1  0
0 784384 48.1926 8 847 23.6975 3 982389 982391 13 0 1 20 1  0
20.9088 1028840 63.2119 12 1732 119.495 629 971996 973320 13 0 1 20 1  0
0 784384 48.1926 9 1576 90.4732 55 1032812 1032872 13 0 1 20 1  0
20.6751 968166 59.4841 12 2165 257.956 534 959864 971814 13 0 1 20 1  0
0 784384 48.1926 12 1993 190.071 29 1026998 1028728 13 0 1 20 1  0
11.4407 1102619 67.7449 8 0 0 1 1102619 1102620 13 0 1 20 1  0
11.706 1232293 75.7121 8 0 0 1 1108895 1108896 13 0 1 20 1  0
0 1046528 64.2987 8 0 0 3 1143106 1143108 13 0 1 20 1  0
12.3998 1143107 70.2325 1 0 0 6 1143106 1143108 13 0 1 20 1  0
0 1046528 64.2987 1 0 0 12 1248263 1248264 13 0 1 20 1  0
10.5519 1254858 77.0985 2 1 0.0197462 1 1254858 1254859 13 0 1 20 1  0
10.1329 1150595 70.6926 2 2 0.0394922 1 1145055 1145056 13 0 1 20 1  0
12.7118 1145055 70.3522 3 3 0.059238 5 1145053 1145057 13 0 1 20 1  0
10.075 1307528 80.3345 12 3074 1293.56 1 1307512 1307740 13 0 1 20 1  0
10.9402 1421906 87.3619 8 0 0 1 1421906 1421907 13 0 1 20 1  0
10.8921 1634855 100.445 8 0 0 1 1634855 1634856 13 0 1 20 1  0
10.8603 1639676 100.742 8 0 0 1 1636387 1636388 13 0 1 20 1  0
0 1570816 96.5109 8 0 0 5 1639676 1639677 13 0 1 20 1  0
12.1542 1641890 100.878 1 0 0 2 1641889 1641891 13 0 1 20 1  0
11.7397 1721159 105.748 3 4 0.0789836 17 1700336 1700338 13 0 1 20 1  0
0 1570816 96.5109 3 4 0.0789836 6 1707357 1707360 13 0 1 20 1  0
10.0194 1700008 104.448 4 6 0.118475 1 1700008 1700009 13 0 1 20 1  0
12.3592 1714672 105.349 9 1611 96.3083 10 1713852 1715469 13 0 1 20 1  0
0 1570816 96.5109 6 1647 102.698 1 1714425 1714431 13 0 1 20 1  0
10.3585 1713880 105.301 5 1684 109.701 1 1713872 1713887 13 0 1 20 1  0
17.1979 1848312 113.56 8 0 0 1 1848311 1848313 13 0 1 20 1  0
10.5171 1832969 112.618 9 14 0.276446 467 1832960 1833043 13 0 1 20 1  0
20.6689 2060651 126.606 1 0 0 2 1848311 1848314 13 0 1 20 1  0
23.8678 2063557 126.785 2 0 0 4 1848311 1848315 13 0 1 20 1  0
15.4572 2067192 127.008 4 3 0.059238 31 1948889 1948891 13 0 1 20 1  0
11.3946 2093461 128.622 7 17 0.335692 8 2093452 2093469 13 0 1 20 1  0
10.8746 2089024 128.35 10 68 1.3453 12 2088999 2089348 13 0 1 20 1  0
14.4998 1948893 119.74 3 3 0.059238 12 1848306 1848309 13 0 1 20 1  0
13.4443 2093529 128.626 3 4 0.0789836 1 1948890 1948913 13 0 1 20 1  0
13.081 1998318 122.777 9 10 0.197458 168 1832960 1833105 13 0 1 20 1  0
10.7548 2030658 124.764 12 86 1.70367 1 2029270 2031018 13 0 1 20 1  0
12.8205 2082618 127.956 12 1665 106.048 41 2081242 2084308 13 0 1 20 1  0
0 1832960 112.617 12 2079 221.433 1 2094954 2095106 13 0 1 20 1  0
14.5765 2095100 128.723 12 2251 300.49 17 2093262 2095106 13 0 1 20 1  0
15.0577 2139420 131.446 8 0 0 1 2139420 2139421 13 0 1 20 1  0
15.5076 2199740 135.152 8 0 0 1 2160579 2160580 13 0 1 20 1  0
0 2095104 128.723 8 0 0 245 2182467 2182468 13 0 1 20 1  0
10.8867 2124185 130.51 1 0 0 3 2124185 2124186 13 0 1 20 1  0
15.9802 2215363 136.112 3 3 0.059238 838 2124179 2124183 13 0 1 20 1  0
10.3213 2135085 131.18 4 2 0.0394922 2 2135085 2135086 13 0 1 20 1  0
15.2294 2189007 134.493 3 1 0.0197462 12 2144545 2144546 13 0 1 20 1  0
10.8028 2139417 131.446 2 2 0.0394922 1 2139417 2139418 13 0 1 20 1  0
11.6728 2199737 135.152 2 2 0.0394922 5 2182462 2182464 13 0 1 20 1  0
10.1229 2144538 131.76 4 3 0.059238 1 2144538 2144539 13 0 1 20 1  0
10.1569 2119712 130.235 3 6 0.118475 1 2119712 2119713 13 0 1 20 1  0
10.3101 2283440 140.295 10 29 0.572762 3 2283237 2283450 13 0 1 20 1  0
10.8219 2344091 144.021 11 3317 1990.36 2 2343935 2344957 13 0 1 20 1  0
12.9893 2361495 145.09 8 0 0 1 2361495 2361496 13 0 1 20 1  0
14.2627 2367552 145.462 8 0 0 1 2367552 2367553 13 0 1 20 1  0
0 2357248 144.829 8 0 0 16 2369615 2369616 13 0 1 20 1  0
11.8203 2538083 155.94 1 0 0 1 2383631 2383641 13 0 1 20 1  0
0 2357248 144.829 1 0 0 33 2386573 2386574 13 0 1 20 1  0
12.5805 2383637 146.451 2 1 0.0197462 9 2383636 2383639 13 0 1 20 1  0
12.8926 2562145 157.418 3 3 0.059238 6 2371245 2371247 13 0 1 20 1  0
10.2626 2382655 146.39 3 1 0.0197462 1 2382655 2382656 13 0 1 20 1  0
12.0934 2592192 159.264 3 4 0.0789836 2 2383628 2383632 13 0 1 20 1  0
11.3954 2618404 160.875 8 1387 64.4781 14 2617485 2618707 13 0 1 20 1  0
12.241 2621104 161.041 8 0 0 1 2621104 2621105 13 0 1 20 1  0
14.153 2650183 162.827 8 0 0 1 2623107 2623108 13 0 1 20 1  0
0 2619392 160.935 8 0 0 248 2623860 2623861 13 0 1 20 1  0
10.3841 2621105 161.041 1 0 0 3 2621105 2621106 13 0 1 20 1  0
13.1356 2868850 176.262 1 0 0 1 2623861 2623862 13 0 1 20 1  0
14.598 2776110 170.564 5 5 0.0987291 682 2710352 2710355 13 0 1 20 1  0
10.0161 2625019 161.281 3 0 0 1 2625019 2625020 13 0 1 20 1  0
10.7376 2631171 161.659 2 2 0.0394922 2 2631171 2631172 13 0 1 20 1  0
12.3857 2820422 173.287 3 4 0.0789836 10 2624502 2624507 13 0 1 20 1  0
11.6442 2624502 161.249 3 6 0.118475 3 2624499 2624504 13 0 1 20 1  0
10.2763 2713925 166.744 4 8 0.157966 3 2713925 2713926 13 0 1 20 1  0
10.0247 2623707 161.201 3 8 0.157966 1 2623707 2623708 13 0 1 20 1  0
10.4883 2622528 161.128 12 224 4.5339 5 2622430 2623176 13 0 1 20 1  0
0 2619392 160.935 5 253 5.15702 54 2775490 2775491 13 0 1 20 1  0
10.1943 2773284 170.391 12 348 7.3022 1 2773228 2773338 13 0 1 20 1  0
10.2485 2772427 170.338 4 908 26.6718 1 2772427 2772428 13 0 1 20 1  0
10.002 2771824 170.301 8 1038 34.1012 1 2771824 2771825 13 0 1 20 1  0
10.1867 2770898 170.244 12 1093 37.7663 1 2770536 2771256 13 0 1 20 1  0
13.7493 2619876 160.965 12 1147 41.7143 45 2619392 2620980 13 0 1 20 1  0
10.5558 2763407 169.784 9 1633 100.165 8 2763283 2763873 13 0 1 20 1  0
10.2724 2753906 169.2 6 1956 177.979 1 2753890 2753910 13 0 1 20 1  0
10.471 2753581 169.18 6 1975 184.089 1 2753545 2753642 13 0 1 20 1  0
0 2619392 160.935 6 1975 184.089 1 2754199 2754201 13 0 1 20 1  0
10.043 2753143 169.153 10 1975 184.089 1 2753132 2753238 13 0 1 20 1  0
10.0402 2750368 168.983 6 2036 205.155 1 2750368 2750369 13 0 1 20 1  0
13.1016 2715217 166.823 10 2518 482.552 62 2713970 2719059 13 0 1 20 1  0
0 2619392 160.935 8 2505 471.553 3 2716864 2717714 13 0 1 20 1  0
10.5225 2892112 177.691 8 0 0 1 2892112 2892113 13 0 1 20 1  0
15.4403 3091846 189.963 8 0 0 1 2923376 2923377 13 0 1 20 1  0
0 2881536 177.042 8 0 0 19 3062328 3062329 13 0 1 20 1  0
15.9069 3084948 189.539 1 0 0 2 2888852 2888854 13 0 1 20 1  0
0 2881536 177.042 1 0 0 43 2892112 2892114 13 0 1 20 1  0
12.1937 2925655 179.752 2 0 0 11 2888852 2888854 13 0 1 20 1  0
11.6587 2892109 177.691 3 1 0.0197462 4 2889176 2889180 13 0 1 20 1  0
12.3011 3068320 188.518 5 8 0.157966 51 3068311 3068330 13 0 1 20 1  0
10.1518 2888848 177.491 3 1 0.0197462 3 2888848 2888849 13 0 1 20 1  0
10.2235 3031488 186.255 2 2 0.0394922 1 3031488 3031489 13 0 1 20 1  0
10.307 3083720 189.464 2 2 0.0394922 1 3083720 3083721 13 0 1 20 1  0
11.498 3156082 193.91 8 0 0 1 3156082 3156083 13 0 1 20 1  0
15.7834 3229132 198.398 8 0 0 1 3175393 3175395 13 0 1 20 1  0
0 3143680 193.148 8 0 0 353 3177667 3177668 13 0 1 20 1  0
19.1776 3229133 198.398 1 0 0 2 3175394 3175396 13 0 1 20 1  0
14.1614 3261178 200.367 12 955 29.1746 218 3259460 3261964 13 0 1 20 1  0
13.044 3175393 195.096 3 1 0.0197462 5 3175391 3175395 13 0 1 20 1  0
16.3318 3334309 204.86 8 137 2.72927 840 3334210 3334382 13 0 1 20 1  0
10.7876 3160636 194.189 2 2 0.0394922 1 3160636 3160637 13 0 1 20 1  0
12.955 3309444 203.332 3 2 0.0394922 1 3175390 3175393 13 0 1 20 1  0
10.8634 3175722 195.116 2 3 0.059238 3 3175389 3175392 13 0 1 20 1  0
10.1271 3263975 200.539 5 5 0.0987291 2 3263975 3263976 13 0 1 20 1  0
10.2935 3264163 200.55 4 9 0.177712 2 3264163 3264164 13 0 1 20 1  0
10.1352 3326662 204.39 5 31 0.612292 2 3326662 3326663 13 0 1 20 1  0
0 3143680 193.148 12 955 29.1746 1 3305638 3306450 13 0 1 20 1  0
10.6005 3305548 203.093 12 1106 38.6837 2 3305060 3305766 13 0 1 20 1  0
0 3143680 193.148 7 2696 661.69 706 3233678 3233715 13 0 1 20 1  0
11.7141 3231555 198.547 3 2725 696.612 1 3229336 3229342 13 0 1 20 1  0
12.5342 3231170 198.523 3 2728 700.329 2 3229279 3229306 13 0 1 20 1  0
16.6459 3230365 198.474 3 2733 706.566 1 3229167 3230424 13 0 1 20 1  0
11.6876 3228172 198.339 2 2747 724.33 1 3228140 3229004 13 0 1 20 1  0
10.2234 3227848 198.319 2 2749 726.903 1 3227848 3227849 13 0 1 20 1  0
10.457 3227379 198.29 2 2752 730.781 1 3227379 3227380 13 0 1 20 1  0
10.083 3227160 198.277 2 2755 734.68 1 3227160 3227161 13 0 1 20 1  0
15.2893 3557910 218.598 8 0 0 1 3410839 3410845 13 0 1 20 1  0
17.6502 3411218 209.585 8 381 8.09252 3017 3411026 3411371 13 0 1 20 1  0
15.0419 3664521 225.148 1 0 0 1 3410832 3410846 13 0 1 20 1  0
15.478 3410834 209.562 4 2 0.0394922 30 3410822 3410839 13 0 1 20 1  0
17.2779 3664469 225.145 9 1 0.0197462 201 3411873 3412059 13 0 1 20 1  0
13.4793 3522492 216.422 3 2 0.0394922 4 3410824 3410841 13 0 1 20 1  0
18.1576 3475894 213.559 8 160 3.19842 987 3411467 3411572 13 0 1 20 1  0
10.8774 3444088 211.605 5 23 0.454207 5 3410786 3410795 13 0 1 20 1  0
12.0427 3577464 219.799 11 119 2.36524 10 3576494 3580416 13 0 1 20 1  0
10.7836 3577763 219.818 5 132 2.6279 29 3577750 3577767 13 0 1 20 1  0
16.3619 3632264 223.166 12 1347 59.9959 55 3630582 3634408 13 0 1 20 1  0
15.2466 3658944 224.806 9 1621 98.0427 468 3629494 3630099 13 0 1 20 1  0
0 3405824 209.254 7 1561 88.0804 151 3654954 3655077 13 0 1 20 1  0
11.156 3621663 222.515 10 2752 730.781 9 3621004 3622592 13 0 1 20 1  0
10.0563 3585612 220.3 12 3085 1319.04 1 3585580 3585630 13 0 1 20 1  0
11.4689 3911294 240.31 8 0 0 1 3906084 3906088 13 0 1 20 1  0
0 3667968 225.36 8 0 0 35 3911294 3911298 13 0 1 20 1  0
13.1239 3911295 240.31 4 1 0.0197462 13 3906077 3906088 13 0 1 20 1  0
0 3667968 225.36 1 0 0 29 3906082 3906089 13 0 1 20 1  0
11.4966 3906080 239.99 3 2 0.0394922 2 3906079 3906082 13 0 1 20 1  0
13.5983 3868666 237.691 12 1 0.0197462 6 3667968 3674834 13 0 1 20 1  0
10.2613 3901859 239.73 3 3 0.059238 2 3901859 3901860 13 0 1 20 1  0
11.3731 3911942 240.35 3 4 0.0789836 2 3901857 3901859 13 0 1 20 1  0
11.3545 3824881 235.001 10 118 2.34509 2 3803709 3803736 13 0 1 20 1  0
13.2391 3803238 233.671 10 551 12.6654 760 3802798 3803471 13 0 1 20 1  0
10.5501 3830310 235.334 12 394 8.4113 1 3830010 3831080 13 0 1 20 1  0
11.123 3797854 233.34 12 2531 493.809 2 3796684 3800318 13 0 1 20 1  0
10.2861 3978843 244.46 8 0 0 1 3978843 3978844 13 0 1 20 1  0
16.1837 4048997 248.77 8 0 0 1 4020033 4020034 13 0 1 20 1  0
0 3930112 241.466 8 0 0 1 4048997 4048998 13 0 1 20 1  0
10.2025 3978844 244.46 1 0 0 1 3978844 3978845 13 0 1 20 1  0
13.5443 4048997 248.77 1 0 0 1 4020034 4020035 13 0 1 20 1  0
0 3930112 241.466 1 0 0 1 4048997 4048999 13 0 1 20 1  0
10.3106 4153782 255.208 4 2 0.0394922 6 4153781 4153783 13 0 1 20 1  0
11.1259 4160608 255.628 12 255 5.20048 3 4158590 4161814 13 0 1 20 1  0
12.5523 4177897 256.69 11 2924 991.427 17 4176084 4179222 13 0 1 20 1  0
16.9768 4192252 257.572 12 3030 1196.46 37 4190114 4192258 13 0 1 20 1  0
15.0795 4410822 271.001 8 0 0 1 4279946 4279949 13 0 1 20 1  0
0 4192256 257.572 8 0 0 277 4279969 4279970 13 0 1 20 1  0
17.8511 4279947 262.96 1 0 0 5 4279946 4279949 13 0 1 20 1  0
17.987 4341524 266.743 11 17 0.335692 2511 4296982 4300816 13 0 1 20 1  0
14.1173 4429586 272.154 3 0 0 17 4427658 4427663 13 0 1 20 1  0
11.5459 4320716 265.465 6 10 0.197458 21 4320696 4320727 13 0 1 20 1  0
11.5355 4321044 265.485 5 1 0.0197462 2 4320723 4320748 13 0 1 20 1  0
10.0625 4318778 265.346 6 1 0.0197462 1 4318778 4318779 13 0 1 20 1  0
12.318 4427658 272.035 3 2 0.0394922 3 4427656 4427661 13 0 1 20 1  0
10.8364 4298592 264.105 12 7 0.13822 2 4298238 4299626 13 0 1 20 1  0
10.0078 4297215 264.021 11 213 4.30073 1 4297215 4297216 13 0 1 20 1  0
10.3047 4341435 266.738 5 428 9.26654 1 4341435 4341442 13 0 1 20 1  0
10.4858 4296842 263.998 12 431 9.34358 2 4296764 4297854 13 0 1 20 1  0
0 4192256 257.572 8 841 23.4205 10 4338644 4339168 13 0 1 20 1  0
17.0367 4290098 263.584 12 1591 92.93 965 4285120 4292456 13 0 1 20 1  0
0 4192256 257.572 8 1366 62.086 362 4291720 4291771 13 0 1 20 1  0
11.8496 4335060 266.346 8 1398 65.7667 17 4288930 4289005 13 0 1 20 1  0
10.8399 4335080 266.347 6 1386 64.3622 3 4291409 4291427 13 0 1 20 1  0
14.9563 4323948 265.663 8 1863 150.863 292 4284717 4285600 13 0 1 20 1  0
15.9556 4257453 261.578 10 2515 479.991 97 4255364 4260891 13 0 1 20 1  0
0 4192256 257.572 7 2478 449.501 21 4260668 4260793 13 0 1 20 1  0
16.5242 4192258 257.572 11 3120 1403.5 82 4192256 4195495 13 0 1 20 1  0
11.7071 4713041 289.569 8 0 0 1 4713041 4713042 13 0 1 20 1  0
10.1784 4691572 288.25 1 0 0 1 4691572 4691573 13 0 1 20 1  0
10.7419 4517687 277.567 2 4 0.0789836 7 4517687 4517689 13 0 1 20 1  0
16.191 4642709 285.248 10 277 5.68288 1121 4642450 4642940 13 0 1 20 1  0
0 4454400 273.678 2 1 0.0197462 453 4644426 4644428 13 0 1 20 1  0
15.7514 4645346 285.41 5 18 0.355443 80 4643345 4643360 13 0 1 20 1  0
10.5386 4528438 278.227 12 3234 1717.95 1 4527504 4529760 13 0 1 20 1  0
13.6976 4731728 290.717 8 0 0 1 4731728 4731729 13 0 1 20 1  0
16.3349 4961103 304.81 8 0 0 1 4795726 4795727 13 0 1 20 1  0
0 4716544 289.784 8 0 0 264 4957569 4957570 13 0 1 20 1  0
19.9912 4961104 304.81 1 0 0 1 4731728 4731730 13 0 1 20 1  0
0 4716544 289.784 1 0 0 16 4795726 4795727 13 0 1 20 1  0
17.7258 4963256 304.942 2 0 0 4 4961103 4961106 13 0 1 20 1  0
14.6319 4962728 304.91 3 0 0 11 4962726 4962730 13 0 1 20 1  0
20.8591 4976693 305.768 11 214 4.32186 7240 4970164 4978689 13 0 1 20 1  0
10.5804 4974650 305.642 7 372 7.87435 5 4970744 4970786 13 0 1 20 1  0
0 4716544 289.784 10 754 19.6863 1 4975168 4975420 13 0 1 20 1  0
0 4716544 289.784 6 900 26.2647 104 4969288 4969344 13 0 1 20 1  0
0 4716544 289.784 6 1484 76.7434 381 4964960 4964970 13 0 1 20 1  0
10.8959 4978676 305.89 12 2029 202.621 6 4978104 4978690 13 0 1 20 1  0
0 4716544 289.784 7 2197 273.031 3 4948749 4948880 13 0 1 20 1  0
10.3322 4914478 301.946 12 2675 637.499 2 4914122 4915808 13 0 1 20 1  0
10.4436 4880950 299.886 12 2945 1029.05 1 4879428 4881416 13 0 1 20 1  0
12.6289 5024545 308.708 8 0 0 1 5024545 5024546 13 0 1 20 1  0
11.5718 5024545 308.708 1 0 0 1 5024545 5024546 13 0 1 20 1  0
10.2347 5296474 325.415 8 0 0 1 5296474 5296475 13 0 1 20 1  0
15.7916 5297269 325.464 8 0 0 1 5297269 5297270 13 0 1 20 1  0
0 5240832 321.997 8 0 0 242 5299560 5299561 13 0 1 20 1  0
18.9368 5303075 325.821 1 0 0 4 5297269 5297271 13 0 1 20 1  0
23.9276 5479740 336.675 8 9 0.177712 4470 5479521 5479900 13 0 1 20 1  0
10.0683 5478883 336.623 4 5 0.0987291 1 5478883 5478884 13 0 1 20 1  0
14.9712 5253100 322.75 12 1344 59.6722 120 5251506 5254480 13 0 1 20 1  0
10.0096 5248005 322.437 8 417 8.98632 1 5248005 5248006 13 0 1 20 1  0
0 5240832 321.997 12 852 23.9304 1 5475588 5476760 13 0 1 20 1  0
10.6238 5250046 322.563 12 1615 96.9984 10 5249388 5250554 13 0 1 20 1  0
22.0797 5240832 321.997 12 2014 197.294 218 5240832 5243720 13 0 1 20 1  0
15.7608 5541742 340.485 8 0 0 1 5541741 5541743 13 0 1 20 1  0
0 5502976 338.103 8 0 0 35 5543003 5543005 13 0 1 20 1  0
18.9448 5543004 340.562 1 0 0 2 5541741 5541744 13 0 1 20 1  0
0 5502976 338.103 1 0 0 3 5543003 5543005 13 0 1 20 1  0
18.0512 5544496 340.654 2 0 0 2 5541741 5541743 13 0 1 20 1  0
13.126 5656549 347.538 3 4 0.0789836 17 5656548 5656551 13 0 1 20 1  0
13.4528 5578358 342.734 8 35 0.691372 105 5578335 5578387 13 0 1 20 1  0
12.633 5692094 349.722 5 25 0.493721 59 5578448 5578461 13 0 1 20 1  0
10.3637 5577970 342.71 7 264 5.39683 2 5577941 5577986 13 0 1 20 1  0
10.9013 5765120 354.209 12 2968 1071.89 1 5764924 5765122 13 0 1 20 1  0
11.0915 5598876 343.995 12 3003 1140.52 1 5597518 5600442 13 0 1 20 1  0
11.974 5534818 340.059 12 3193 1597.48 1 5530978 5536846 13 0 1 20 1  0
15.6987 5767200 354.337 8 0 0 2526 5767200 5767202 13 0 1 20 1  0
15.7654 5767201 354.337 1 0 0 1 5767200 5767202 13 0 1 20 1  0
17.6092 5946347 365.344 2 0 0 7 5767200 5767203 13 0 1 20 1  0
10.0784 5811285 357.045 4 6 0.118475 2 5811285 5811286 13 0 1 20 1  0
11.1069 5808028 356.845 4 21 0.414699 33 5808024 5808033 13 0 1 20 1  0
10.1289 5795324 356.065 4 106 2.10381 2 5795322 5795325 13 0 1 20 1  0
10.2262 5807556 356.816 7 29 0.572762 4 5807549 5807559 13 0 1 20 1  0
10.2992 5794490 356.013 4 38 0.750701 3 5794490 5794493 13 0 1 20 1  0
10.2157 5804573 356.633 5 32 0.63206 2 5804569 5804575 13 0 1 20 1  0
20.6354 5810090 356.972 10 927 27.6603 6218 5793510 5795370 13 0 1 20 1  0
10.6918 5804432 356.624 8 245 4.98385 4 5804418 5804470 13 0 1 20 1  0
16.1744 5795256 356.061 12 720 18.3591 291 5794488 5796332 13 0 1 20 1  0
16.4155 5765132 354.21 11 2175 262.575 109 5765120 5767781 13 0 1 20 1  0
11.9833 5797074 356.172 12 2426 409.893 6 5790716 5798898 13 0 1 20 1  0
10.1951 5788205 355.627 10 2709 677.123 1 5788125 5788804 13 0 1 20 1  0
13.3634 6055730 372.064 8 0 0 1 6055730 6055731 13 0 1 20 1  0
15.8121 6276976 385.657 8 0 0 1 6055882 6055883 13 0 1 20 1  0
0 6027264 370.315 8 0 0 376 6056043 6056048 13 0 1 20 1  0
16.5096 6056058 372.084 1 0 0 4 6055882 6055884 13 0 1 20 1  0
12.4307 6262275 384.754 3 0 0 1 6056044 6056060 13 0 1 20 1  0
22.0867 6067386 372.78 8 191 3.83918 3089 6067273 6067515 13 0 1 20 1  0
11.5615 6244394 383.656 2 1 0.0197462 1 6067706 6067708 13 0 1 20 1  0
14.3585 6243741 383.615 3 2 0.0394922 2 6067704 6067710 13 0 1 20 1  0
11.5149 6244719 383.676 2 2 0.0394922 1 6067704 6067706 13 0 1 20 1  0
14.522 6244567 383.666 3 3 0.059238 2 6067702 6067708 13 0 1 20 1  0
15.682 6432162 395.192 8 0 0 1 6432162 6432163 13 0 1 20 1  0
15.6838 6433815 395.294 8 0 0 1 6433107 6433109 13 0 1 20 1  0
10.5838 6289831 386.447 11 119 2.36524 2 6289794 6289878 13 0 1 20 1  0
17.6009 6433108 395.25 1 0 0 2 6432162 6432164 13 0 1 20 1  0
0 6289408 386.421 1 0 0 4 6433107 6433109 13 0 1 20 1  0
12.4948 6432160 395.192 2 1 0.0197462 2 6432160 6432161 13 0 1 20 1  0
10.0306 6433813 395.293 2 1 0.0197462 2 6433813 6433814 13 0 1 20 1  0
15.6408 6289408 386.421 12 2247 298.364 9 6289408 6292712 13 0 1 20 1  0
10.6159 6573970 403.905 8 0 0 1 6573970 6573971 13 0 1 20 1  0
15.3967 6717910 412.748 8 0 0 1 6608243 6608244 13 0 1 20 1  0
0 6551552 402.527 8 0 0 3681 6608267 6608275 13 0 1 20 1  0
18.3096 6794680 417.465 1 0 0 1 6608243 6608245 13 0 1 20 1  0
33.341 6608896 406.051 12 191 3.83918 4986 6606450 6611634 13 0 1 20 1  0
10.5541 6638444 407.866 5 19 0.375194 16 6609363 6609365 13 0 1 20 1  0
10.1271 6609350 406.078 4 25 0.493721 1 6609350 6609351 13 0 1 20 1  0
15.4297 6649298 408.533 9 257 5.244 675 6607789 6609473 13 0 1 20 1  0
13.6524 6745078 414.418 9 55 1.0873 1 6637848 6638211 13 0 1 20 1  0
11.2724 6823204 419.218 8 0 0 1 6823204 6823205 13 0 1 20 1  0
15.5219 7006232 430.463 8 0 0 1 6824204 6824205 13 0 1 20 1  0
0 6813696 418.633 8 0 0 8 6900319 6900321 13 0 1 20 1  0
10.4043 6823205 419.218 1 0 0 1 6823205 6823206 13 0 1 20 1  0
17.2355 6900320 423.956 1 0 0 1 6900319 6900322 13 0 1 20 1  0
0 6813696 418.633 1 0 0 8 6901982 6901983 13 0 1 20 1  0
13.8176 6936416 426.173 2 0 0 2 6900319 6900322 13 0 1 20 1  0
15.6894 7308062 449.007 8 0 0 1 7198417 7198425 13 0 1 20 1  0
0 7075840 434.74 8 0 0 7 7198458 7198459 13 0 1 20 1  0
18.3532 7239367 444.787 1 0 0 1 7198417 7198426 13 0 1 20 1  0
0 7075840 434.74 1 0 0 33 7198458 7198459 13 0 1 20 1  0
16.0062 7198419 442.271 2 0 0 17 7198417 7198427 13 0 1 20 1  0
15.3687 7330703 450.398 5 31 0.612292 247 7330687 7330723 13 0 1 20 1  0
10.0531 7146537 439.083 11 115 2.28468 1 7146527 7146549 13 0 1 20 1  0
12.1149 7443053 457.301 8 0 0 1 7443053 7443054 13 0 1 20 1  0
16.3088 7509885 461.407 8 0 0 1 7509885 7509886 13 0 1 20 1  0
0 7337984 450.846 8 0 0 6796 7583544 7583546 13 0 1 20 1  0
15.3792 7509886 461.407 1 0 0 1 7509886 7509887 13 0 1 20 1  0
13.228 7583545 465.933 1 0 0 2 7583544 7583546 13 0 1 20 1  0
29.3483 7421360 455.968 12 136 2.70898 13274 7418646 7424692 13 0 1 20 1  0
14.203 7421670 455.987 5 26 0.513479 146 7419821 7419836 13 0 1 20 1  0
10.1528 7422319 456.027 2 3 0.059238 2 7422319 7422320 13 0 1 20 1  0
10.1757 7419521 455.855 3 9 0.177712 4 7419521 7419522 13 0 1 20 1  0
0 7337984 450.846 11 1509 80.2575 1 7595362 7595857 13 0 1 20 1  0
12.6623 7416718 455.683 10 2344 354.399 5 7416114 7417118 13 0 1 20 1  0
10.1794 7517778 461.892 11 3005 1144.58 1 7517649 7517793 13 0 1 20 1  0
11.698 7709510 473.672 8 0 0 1 7709510 7709511 13 0 1 20 1  0
16.328 7839096 481.634 8 0 0 1 7839096 7839098 13 0 1 20 1  0
0 7600128 466.952 8 0 0 1 7850393 7850394 13 0 1 20 1  0
11.302 7720651 474.357 2 0 0 2 7720651 7720652 13 0 1 20 1  0
19.2916 7839097 481.634 1 0 0 3 7839096 7839099 13 0 1 20 1  0
0 7600128 466.952 2 0 0 1 7839096 7839099 13 0 1 20 1  0
10.0896 7672565 471.402 6 1 0.0197462 1 7672565 7672566 13 0 1 20 1  0
11.0942 7978145 490.177 8 0 0 1 7978145 7978146 13 0 1 20 1  0
16.7769 7995738 491.258 8 0 0 1 7995738 7995739 13 0 1 20 1  0
0 7862272 483.058 8 0 0 2 8026790 8026791 13 0 1 20 1  0
11.5287 7983754 490.522 3 0 0 5 7983747 7983756 13 0 1 20 1  0
12.9072 7995739 491.258 1 0 0 1 7995738 7995740 13 0 1 20 1  0
0 7862272 483.058 1 0 0 3 8026790 8026792 13 0 1 20 1  0
12.2744 8026791 493.166 2 0 0 1 7983746 7983755 13 0 1 20 1  0
18.2427 8191194 503.267 4 1 0.0197462 82 8191179 8191201 13 0 1 20 1  0
16.0092 8234411 505.922 8 0 0 1 8191184 8191203 13 0 1 20 1  0
0 8124416 499.164 8 0 0 7 8200269 8200270 13 0 1 20 1  0
14.83 8342435 512.559 1 0 0 1 8191178 8191204 13 0 1 20 1  0
0 8124416 499.164 1 0 0 7 8200269 8200271 13 0 1 20 1  0
16.0125 8489035 521.566 8 0 0 1 8489035 8489036 13 0 1 20 1  0
16.25 8585342 527.483 8 0 0 1 8585342 8585343 13 0 1 20 1  0
0 8386560 515.27 8 0 0 9 8608905 8608906 13 0 1 20 1  0
10.0455 8489035 521.566 1 0 0 1 8489035 8489036 13 0 1 20 1  0
19.4699 8632364 530.372 2 0 0 12 8614213 8614229 13 0 1 20 1  0
0 8386560 515.27 1 0 0 6 8585342 8585344 13 0 1 20 1  0
10.5022 8495753 521.979 2 0 0 1 8495753 8495754 13 0 1 20 1  0
11.1301 8614221 529.258 4 0 0 3 8614220 8614223 13 0 1 20 1  0
14.5858 8739779 536.972 8 0 0 2 8739779 8739780 13 0 1 20 1  0
10.8103 8660645 532.11 1 0 0 1 8660645 8660646 13 0 1 20 1  0
10.9735 8740219 536.999 1 0 0 1 8740219 8740220 13 0 1 20 1  0
16.5224 8952785 550.059 8 0 0 1 8952785 8952786 13 0 1 20 1  0
12.1894 8952785 550.059 1 0 0 1 8952785 8952786 13 0 1 20 1  0
10.3932 9159696 562.772 12 2794 787.292 1 9158208 9160060 13 0 1 20 1  0
10.1282 9058943 556.581 8 3039 1215.71 1 9058931 9058952 13 0 1 20 1  0
10.5692 9052874 556.209 10 3084 1316.7 1 9052696 9053154 13 0 1 20 1  0
11.1647 9039108 555.363 12 3189 1586.18 2 9037528 9041152 13 0 1 20 1  0
10.2327 9089438 558.455 12 3262 1805.4 1 9089352 9089632 13 0 1 20 1  0
10.5523 9202229 565.385 8 0 0 1 9202229 9202230 13 0 1 20 1  0
16.1215 9298212 571.282 8 0 0 1 9298212 9298213 13 0 1 20 1  0
0 9172992 563.589 8 0 0 2 9326865 9326867 13 0 1 20 1  0
10.788 9298213 571.282 1 0 0 1 9298213 9298214 13 0 1 20 1  0
17.824 9326866 573.043 1 0 0 7 9326865 9326868 13 0 1 20 1  0
0 9172992 563.589 1 0 0 1 9329454 9329455 13 0 1 20 1  0
10.3134 9353472 574.677 12 3182 1566.62 1 9352924 9354266 13 0 1 20 1  0
15.8134 9556107 587.127 8 0 0 2 9556107 9556108 13 0 1 20 1  0
0 9435136 579.695 8 0 0 4 9557009 9557010 13 0 1 20 1  0
10.0982 9496521 583.466 1 0 0 1 9496521 9496522 13 0 1 20 1  0
14.5501 9556107 587.127 1 0 0 2 9555373 9555375 13 0 1 20 1  0
0 9435136 579.695 1 0 0 3 9556107 9556108 13 0 1 20 1  0
12.7315 9710257 596.598 8 0 0 1 9710257 9710258 13 0 1 20 1  0
14.7753 9876815 606.831 8 0 0 1 9812659 9812660 13 0 1 20 1  0
0 9697280 595.801 8 0 0 2 9818715 9818716 13 0 1 20 1  0
12.5172 9710258 596.598 1 0 0 2 9710257 9710259 13 0 1 20 1  0
0 9697280 595.801 1 0 0 1 9812659 9812661 13 0 1 20 1  0
16.2541 10129735 622.371 8 0 0 1 10129735 10129736 13 0 1 20 1  0
16.4711 10171063 624.91 8 0 0 1 10135909 10135910 13 0 1 20 1  0
0 9959424 611.907 8 0 0 6 10143766 10143771 13 0 1 20 1  0
19.5234 10143769 623.233 2 0 0 22 10143766 10143776 13 0 1 20 1  0
0 9959424 611.907 1 0 0 2 10171063 10171065 13 0 1 20 1  0
12.8669 10017945 615.503 11 135 2.6887 5 10016625 10025786 13 0 1 20 1  0
10.5742 10095671 620.278 11 114 2.26455 1 10095614 10096314 13 0 1 20 1  0
10.1676 10283509 631.819 8 0 0 1 10283509 10283510 13 0 1 20 1  0
19.9582 10476443 643.673 3 0 0 45 10410032 10410045 13 0 1 20 1  0
0 10221568 628.013 8 0 0 163 10410031 10410037 13 0 1 20 1  0
11.5513 10283509 631.819 1 0 0 1 10283509 10283510 13 0 1 20 1  0
20.1839 10427029 640.637 1 0 0 1 10297930 10297933 13 0 1 20 1  0
19.5039 10410089 639.596 5 2 0.0394922 255 10410042 10410104 13 0 1 20 1  0
10.0408 10297930 632.705 2 1 0.0197462 1 10297930 10297931 13 0 1 20 1  0
10.1361 10386162 638.126 12 3229 1702.78 1 10385872 10386258 13 0 1 20 1  0
16.2631 10544893 647.878 8 0 0 1 10495090 10495093 13 0 1 20 1  0
0 10483712 644.119 8 0 0 3 10532112 10532113 13 0 1 20 1  0
13.7223 10544894 647.878 1 0 0 1 10495085 10495094 13 0 1 20 1  0
0 10483712 644.119 1 0 0 1 10544893 10544895 13 0 1 20 1  0
13.2061 10495086 644.818 3 1 0.0197462 15 10495081 10495091 13 0 1 20 1  0
10.1583 10745813 660.223 11 3228 1699.77 1 10745792 10745857 13 0 1 20 1  0
10.2741 10533154 647.157 10 3246 1754.9 2 10533041 10533279 13 0 1 20 1  0
15.4394 10916056 670.682 8 0 0 1 10762746 10762752 13 0 1 20 1  0
0 10745856 660.225 8 0 0 149 10762806 10762810 13 0 1 20 1  0
17.6253 10890146 669.091 1 0 0 5 10762745 10762752 13 0 1 20 1  0
0 10745856 660.225 1 0 0 11 10762807 10762820 13 0 1 20 1  0
14.7646 10762729 661.262 7 22 0.434452 320 10762703 10762773 13 0 1 20 1  0
11.6189 10791775 663.047 2 2 0.0394922 2 10762811 10762814 13 0 1 20 1  0
10.9216 10855196 666.943 2 3 0.059238 1 10791773 10791775 13 0 1 20 1  0
11.5903 10991115 675.294 3 10 0.197458 1 10762729 10762737 13 0 1 20 1  0
15.2272 11010979 676.515 8 0 0 1 11010979 11010980 13 0 1 20 1  0
15.4604 11149384 685.018 8 0 0 1 11149384 11149385 13 0 1 20 1  0
0 11008000 676.331 8 0 0 3 11153169 11153170 13 0 1 20 1  0
11.3099 11010980 676.515 1 0 0 1 11010980 11010981 13 0 1 20 1  0
10.2282 11155008 685.364 1 0 0 1 11155008 11155009 13 0 1 20 1  0
12.5191 11089125 681.316 10 1860 150.06 17 11087702 11089890 13 0 1 20 1  0
15.4226 11295051 693.968 8 0 0 1 11295051 11295052 13 0 1 20 1  0
15.4359 11338380 696.63 8 0 0 1 11297399 11297400 13 0 1 20 1  0
0 11270144 692.438 8 0 0 8 11297862 11297864 13 0 1 20 1  0
14.9185 11297863 694.141 1 0 0 1 11297862 11297864 13 0 1 20 1  0
0 11270144 692.438 1 0 0 2 11338380 11338382 13 0 1 20 1  0
12.279 11369939 698.569 10 922 27.3972 69 11369665 11370357 13 0 1 20 1  0
10.2678 11281948 693.163 10 3305 1948.45 1 11281494 11282009 13 0 1 20 1  0
15.5907 11573194 711.057 8 0 0 1 11573194 11573195 13 0 1 20 1  0
15.7139 11590887 712.144 8 0 0 1 11578105 11578106 13 0 1 20 1  0
0 11532288 708.544 8 0 0 10 11578595 11578596 13 0 1 20 1  0
10.1451 11573194 711.057 1 0 0 1 11573194 11573195 13 0 1 20 1  0
18.5208 11698900 718.78 1 0 0 4 11578595 11578597 13 0 1 20 1  0
0 11532288 708.544 1 0 0 25 11590888 11590889 13 0 1 20 1  0
11.0614 11683427 717.83 2 0 0 1 11683427 11683428 13 0 1 20 1  0
18.0194 11694323 718.499 2 0 0 2 11683950 11683952 13 0 1 20 1  0
16.5809 11695817 718.591 3 1 0.0197462 12 11694320 11694324 13 0 1 20 1  0
11.4372 11693357 718.44 2 1 0.0197462 1 11693357 11693358 13 0 1 20 1  0
10.8201 11798186 724.88 8 0 0 1 11798186 11798187 13 0 1 20 1  0
15.7971 12037068 739.557 8 0 0 1 11894762 11894763 13 0 1 20 1  0
0 11794432 724.65 8 0 0 5 11899420 11899421 13 0 1 20 1  0
10.8647 11798188 724.881 2 0 0 4 11798187 11798189 13 0 1 20 1  0
14.4463 12037068 739.557 1 0 0 2 12037068 12037070 13 0 1 20 1  0
0 11794432 724.65 1 0 0 2 12038793 12038794 13 0 1 20 1  0
10.3267 12080078 742.2 8 0 0 1 12080078 12080079 13 0 1 20 1  0
15.7705 12204498 749.844 8 0 0 1 12080820 12080821 13 0 1 20 1  0
0 12056576 740.756 8 0 0 9 12081855 12081856 13 0 1 20 1  0
11.2799 12080079 742.2 1 0 0 1 12080079 12080080 13 0 1 20 1  0
14.4644 12204498 749.844 1 0 0 2 12081855 12081856 13 0 1 20 1  0
0 12056576 740.756 1 0 0 3 12171740 12171741 13 0 1 20 1  0
13.2101 12215586 750.526 3 1 0.0197462 63 12215583 12215590 13 0 1 20 1  0
12.4143 12063388 741.175 12 199 4.00631 1 12062946 12064446 13 0 1 20 1  0
15.1095 12533045 770.03 8 0 0 1 12446478 12446481 13 0 1 20 1  0
0 12318720 756.862 8 0 0 8 12447702 12447705 13 0 1 20 1  0
17.0197 12447704 764.787 1 0 0 3 12446479 12446481 13 0 1 20 1  0
0 12318720 756.862 1 0 0 5 12447703 12447705 13 0 1 20 1  0
12.0674 12446477 764.712 2 1 0.0197462 4 12446477 12446478 13 0 1 20 1  0
10.5646 12398643 761.773 11 3235 1721 2 12398466 12398901 13 0 1 20 1  0
11.4576 12624961 775.678 8 0 0 1 12624961 12624962 13 0 1 20 1  0
14.5912 12666985 778.26 8 0 0 1 12666985 12666987 13 0 1 20 1  0
0 12580864 772.968 8 0 0 16 12667863 12667864 13 0 1 20 1  0
16.5237 12666986 778.26 1 0 0 3 12666985 12666988 13 0 1 20 1  0
0 12580864 772.968 1 0 0 2 12667863 12667864 13 0 1 20 1  0
13.9822 12626475 775.771 7 16 0.315943 100 12626455 12626498 13 0 1 20 1  0
11.3617 12639774 776.588 6 22 0.434452 24 12626477 12626503 13 0 1 20 1  0
14.1504 12875059 791.044 8 0 0 1 12875059 12875060 13 0 1 20 1  0
15.6997 12880130 791.355 8 0 0 1 12879608 12879609 13 0 1 20 1  0
0 12843008 789.074 8 0 0 635 12880130 12880131 13 0 1 20 1  0
12.2551 12880130 791.355 1 0 0 1 12880130 12880131 13 0 1 20 1  0
16.9662 13096218 804.632 1 0 0 3 12952047 12952048 13 0 1 20 1  0
10.0647 12953926 795.889 2 0 0 1 12953926 12953927 13 0 1 20 1  0
11.4783 13095649 804.597 3 0 0 3 13095648 13095652 13 0 1 20 1  0
18.6127 13063104 802.597 12 165 3.30108 315 13059786 13082720 13 0 1 20 1  0
12.7298 13069880 803.013 7 213 4.30073 22 13063336 13064387 13 0 1 20 1  0
10.0134 13063413 802.616 4 186 3.73511 1 13063413 13063414 13 0 1 20 1  0
13.3395 13053337 801.997 10 1481 76.332 90 13052852 13054149 13 0 1 20 1  0
17.8196 13026732 800.362 12 2330 345.705 104 13022698 13030372 13 0 1 20 1  0
0 12843008 789.074 12 2329 345.092 1 13023394 13029366 13 0 1 20 1  0
0 12843008 789.074 8 2369 370.472 2 13023732 13024035 13 0 1 20 1  0
21.1547 13100951 804.922 11 3128 1423.56 247 13099243 13105153 13 0 1 20 1  0
0 12843008 789.074 7 3096 1345.02 32 13105002 13105020 13 0 1 20 1  0
15.7074 13289033 816.478 8 0 0 1 13289033 13289034 13 0 1 20 1  0
15.7808 13314941 818.07 8 0 0 1 13314941 13314942 13 0 1 20 1  0
10.6882 13289034 816.478 1 0 0 1 13289034 13289035 13 0 1 20 1  0
13.1213 13314942 818.07 1 0 0 5 13314941 13314943 13 0 1 20 1  0
10.3232 13221975 812.358 4 19 0.375194 2 13221974 13221977 13 0 1 20 1  0
10.4549 13242963 813.648 10 23 0.454207 3 13242954 13242975 13 0 1 20 1  0
10.0189 13240058 813.469 11 868 24.6885 1 13240038 13240060 13 0 1 20 1  0
10.9538 13237978 813.341 12 1190 45.13 6 13237490 13238718 13 0 1 20 1  0
25.1178 13105224 805.185 12 3299 1927.83 1452 13105152 13108548 13 0 1 20 1  0
0 13105152 805.18 8 2376 375.101 3 13170386 13170617 13 0 1 20 1  0
12.8468 13136526 807.108 12 2593 551.211 3 13135864 13138780 13 0 1 20 1  0
11.5894 13113015 805.664 8 2985 1104.69 110 13112354 13115799 13 0 1 20 1  0
15.3048 13426027 824.895 8 0 0 1 13426027 13426028 13 0 1 20 1  0
15.5491 13561262 833.204 8 0 0 1 13426830 13426831 13 0 1 20 1  0
0 13367296 821.287 8 0 0 9 13461843 13461844 13 0 1 20 1  0
11.7566 13426028 824.895 1 0 0 1 13426028 13426029 13 0 1 20 1  0
15.3517 13474912 827.899 1 0 0 1 13474911 13474913 13 0 1 20 1  0
0 13367296 821.287 1 0 0 3 13561054 13561057 13 0 1 20 1  0
13.4643 13561057 833.191 3 1 0.0197462 6 13561055 13561060 13 0 1 20 1  0
14.508 13445169 826.071 8 236 4.79021 798 13445091 13445302 13 0 1 20 1  0
14.2357 13635084 837.74 8 0 0 12 13635084 13635086 13 0 1 20 1  0
16.8256 13635085 837.74 1 0 0 2 13635085 13635086 13 0 1 20 1  0
11.87 13804909 848.174 1 0 0 1 13804380 13804381 13 0 1 20 1  0
0 13629440 837.393 1 0 0 1 13804909 13804910 13 0 1 20 1  0
15.8889 13747508 844.647 12 50 0.988221 598 13744310 13760548 13 0 1 20 1  0
14.811 13732663 843.735 11 1734 119.921 176 13731444 13734934 13 0 1 20 1  0
0 13629440 837.393 8 1492 77.8512 27 13739390 13739457 13 0 1 20 1  0
10.2466 13861577 851.655 9 1613 96.6528 2 13734647 13734841 13 0 1 20 1  0
10.5914 13859697 851.54 9 1733 119.708 4 13732621 13733573 13 0 1 20 1  0
0 13629440 837.393 8 2051 210.694 1 13723209 13723249 13 0 1 20 1  0
11.8903 14153648 869.6 12 3051 1241.86 7 14152538 14153730 13 0 1 20 1  0
10.526 14182330 871.362 8 0 0 1 14182330 14182331 13 0 1 20 1  0
10.2882 14267002 876.565 8 0 0 1 14264169 14264172 13 0 1 20 1  0
0 14153728 869.605 8 0 0 8 14264410 14264411 13 0 1 20 1  0
10.0108 14265113 876.448 11 381 8.09252 1 14265113 14265127 13 0 1 20 1  0
14.7027 14263890 876.373 12 3230 1705.81 46 14261064 14267878 13 0 1 20 1  0
11.5013 14306540 878.994 12 3041 1220.03 2 14281458 14282300 13 0 1 20 1  0
0 14153728 869.605 12 3041 1220.03 7 14303554 14307294 13 0 1 20 1  0
14.7552 14530175 892.734 8 0 0 1 14445885 14445888 13 0 1 20 1  0
0 14415872 885.711 8 0 0 7 14462800 14462803 13 0 1 20 1  0
17.1319 14530176 892.734 1 0 0 1 14445886 14445889 13 0 1 20 1  0
0 14415872 885.711 1 0 0 11 14462792 14462804 13 0 1 20 1  0
14.1397 14445887 887.555 2 0 0 3 14445886 14445889 13 0 1 20 1  0
13.4478 14462800 888.594 3 1 0.0197462 17 14462795 14462803 13 0 1 20 1  0
11.3127 14529247 892.677 2 2 0.0394922 1 14529246 14529248 13 0 1 20 1  0
10.075 14555110 894.266 9 832 23.0099 1 14555102 14555113 13 0 1 20 1  0
13.8703 14708550 903.693 8 0 0 1 14708550 14708551 13 0 1 20 1  0
14.8238 14800607 909.349 8 0 0 1 14713169 14713170 13 0 1 20 1  0
0 14678016 901.817 8 0 0 5 14718060 14718061 13 0 1 20 1  0
10.5779 14713170 903.977 1 0 0 1 14713170 14713171 13 0 1 20 1  0
15.3837 14822202 910.676 1 0 0 7 14718060 14718062 13 0 1 20 1  0
0 14678016 901.817 1 0 0 4 14800608 14800609 13 0 1 20 1  0
10.0007 14847939 912.257 2 1 0.0197462 1 14847939 14847940 13 0 1 20 1  0
11.0795 14940150 917.923 12 3106 1369.09 2 14939084 14940162 13 0 1 20 1  0
16.5456 15088080 927.012 8 0 0 1 14954188 14954191 13 0 1 20 1  0
0 14940160 917.923 8 0 0 10 14954442 14954443 13 0 1 20 1  0
18.6428 15104780 928.038 1 0 0 3 14954188 14954192 13 0 1 20 1  0
0 14940160 917.923 1 0 0 22 15087648 15087650 13 0 1 20 1  0
16.5577 14954190 918.785 2 0 0 12 14954188 14954192 13 0 1 20 1  0
11.5234 15160246 931.445 3 0 0 1 14954188 14954193 13 0 1 20 1  0
10.5081 15105629 928.09 3 1 0.0197462 1 14954186 14954188 13 0 1 20 1  0
10.9116 14967365 919.595 9 1988 188.39 1 14967291 14967437 13 0 1 20 1  0
17.0866 15245922 936.709 8 0 0 1 15245922 15245923 13 0 1 20 1  0
17.0682 15293716 939.646 8 0 0 1 15270656 15270658 13 0 1 20 1  0
0 15202304 934.03 8 0 0 5 15289828 15289831 13 0 1 20 1  0
20.1612 15293716 939.646 1 0 0 3 15245922 15245924 13 0 1 20 1  0
0 15202304 934.03 1 0 0 24 15270656 15270659 13 0 1 20 1  0
19.5085 15289829 939.407 2 0 0 19 15270656 15270659 13 0 1 20 1  0
10.0884 15270655 938.229 1 1 0.0197462 1 15270655 15270656 13 0 1 20 1  0
106.726 15463930 950.104 12 2921 986.167 2692 15458886 15464450 13 0 1 20 1  0
0 15202304 934.03 4 2868 897.699 3076 15464440 15464449 13 0 1 20 1  0
10.1764 15460669 949.903 3 2938 1016.35 1 15460669 15460670 13 0 1 20 1  0
10.0597 15459069 949.805 4 2946 1030.87 1 15459069 15459070 13 0 1 20 1  0
11.3984 15460373 949.885 4 2946 1030.87 1 15459369 15459371 13 0 1 20 1  0
10.0976 15458853 949.792 4 2949 1036.37 2 15458853 15458854 13 0 1 20 1  0
10.2647 15458487 949.769 5 2954 1045.6 1 15458487 15458488 13 0 1 20 1  0
10.1195 15442079 948.761 4 3139 1451.6 1 15442079 15442080 13 0 1 20 1  0
17.4653 15488727 951.627 8 0 0 1 15488727 15488728 13 0 1 20 1  0
17.6365 15722444 965.987 8 0 0 1 15491673 15491675 13 0 1 20 1  0
0 15464448 950.136 8 0 0 25 15519416 15519417 13 0 1 20 1  0
21.2061 15579243 957.189 1 0 0 2 15488727 15488729 13 0 1 20 1  0
0 15464448 950.136 1 0 0 68 15491673 15491676 13 0 1 20 1  0
18.0134 15543366 954.984 2 0 0 6 15491673 15491676 13 0 1 20 1  0
12.4856 15519413 953.513 3 0 0 3 15519411 15519416 13 0 1 20 1  0
10.086 15488726 951.627 1 1 0.0197462 1 15488726 15488727 13 0 1 20 1  0
10.1385 15574247 956.882 1 1 0.0197462 1 15574247 15574248 13 0 1 20 1  0
11.2786 15538894 954.71 4 2 0.0394922 5 15538893 15538896 13 0 1 20 1  0
10.7137 15577031 957.053 2 3 0.059238 1 15577031 15577032 13 0 1 20 1  0
10.796 15582254 957.374 3 4 0.0789836 2 15582254 15582256 13 0 1 20 1  0
25.4795 15518675 953.467 11 2139 246.322 5119 15490655 15495424 13 0 1 20 1  0
0 15464448 950.136 8 895 26.013 3 15557210 15557312 13 0 1 20 1  0
0 15464448 950.136 12 1297 54.8153 1 15553404 15553934 13 0 1 20 1  0
81.5894 15464448 950.136 12 3167 1525.49 10414 15464448 15469934 13 0 1 20 1  0
0 15464448 950.136 12 1514 80.979 1 15550636 15552640 13 0 1 20 1  0
30.4258 15489437 951.671 11 2243 296.254 1507 15488208 15496220 13 0 1 20 1  0
44.9491 15484236 951.351 12 2971 1077.6 817 15472884 15487450 13 0 1 20 1  0
10.0262 15477321 950.927 7 2961 1058.66 1 15477321 15477322 13 0 1 20 1  0
10.0427 15481515 951.184 6 2963 1062.42 2 15481515 15481516 13 0 1 20 1  0
10.1198 15483012 951.276 5 2968 1071.89 1 15483012 15483013 13 0 1 20 1  0
10.2772 15483262 951.292 5 2973 1081.43 1 15483262 15483263 13 0 1 20 1  0
10.0036 15483868 951.329 5 2980 1094.94 1 15483868 15483869 13 0 1 20 1  0
12.7686 15469303 950.434 5 3149 1477.57 1 15464451 15467597 13 0 1 20 1  0
10.7421 15466913 950.287 4 3159 1504 1 15464924 15464934 13 0 1 20 1  0
11.5997 15760137 968.303 8 0 0 1 15760137 15760138 13 0 1 20 1  0
16.5694 15942143 979.485 8 0 0 1 15760592 15760594 13 0 1 20 1  0
0 15726592 966.242 8 0 0 193 15788515 15788516 13 0 1 20 1  0
18.9589 15760593 968.331 1 0 0 2 15760592 15760594 13 0 1 20 1  0
24.8229 15889490 976.25 3 0 0 69 15889485 15889497 13 0 1 20 1  0
10.4316 15791138 970.207 2 2 0.0394922 2 15791138 15791139 13 0 1 20 1  0
11.8217 15805936 971.117 5 17 0.335692 9 15794188 15794199 13 0 1 20 1  0
10.0967 15791909 970.255 4 17 0.335692 2 15791909 15791910 13 0 1 20 1  0
11.363 15804095 971.004 4 24 0.473963 14 15794947 15794959 13 0 1 20 1  0
10.0996 15793547 970.355 3 14 0.276446 3 15793547 15793548 13 0 1 20 1  0
11.3309 15794951 970.442 4 27 0.533239 21 15794943 15794955 13 0 1 20 1  0
10.009 15793006 970.322 4 22 0.434452 1 15793006 15793007 13 0 1 20 1  0
16.8852 15993009 982.61 8 0 0 1 15993009 15993010 13 0 1 20 1  0
17.2198 16249577 998.374 8 0 0 1 15993601 15993602 13 0 1 20 1  0
0 15988736 982.348 8 0 0 14 16001305 16001306 13 0 1 20 1  0
19.9114 16004044 983.288 1 0 0 3 15993009 15993011 13 0 1 20 1  0
0 15988736 982.348 1 0 0 35 15993601 15993602 13 0 1 20 1  0
10.1915 15993600 982.647 2 0 0 1 15993600 15993601 13 0 1 20 1  0
13.955 16161515 992.963 3 1 0.0197462 22 16062881 16062885 13 0 1 20 1  0
10.209 16063914 986.967 1 1 0.0197462 1 16063914 16063915 13 0 1 20 1  0
10.2329 16249576 998.374 1 1 0.0197462 1 16249576 16249577 13 0 1 20 1  0
13.7818 16062883 986.904 2 1 0.0197462 9 16062882 16062884 13 0 1 20 1  0
10.5353 16177622 993.953 4 14 0.276446 15 16177621 16177624 13 0 1 20 1  0
12.2777 16186270 994.484 10 14 0.276446 6 16185728 16186393 13 0 1 20 1  0
13.4854 15989272 982.381 12 1857 149.262 25 15988736 15992290 13 0 1 20 1  0
76.5547 3229274 198.407 9 2739 714.125 913 3228836 3229713 13 0 1 20 1 1
