10.7538 18581 1.14162 8 0 0 1 18581 18582 13 0 1 20 1  0
14.3685 195925 12.0376 8 0 0 8 195917 195918 13 0 1 20 1  0
0 2048 0.125829 8 0 0 190 195925 195929 13 0 1 20 1  0
10.587 2730 0.167731 1 0 0 1 2730 2731 13 0 1 20 1  0
12.696 195918 12.0372 1 0 0 1 6637 6641 13 0 1 20 1  0
14.6369 151754 9.32377 4 1 0.0197462 14 2725 2732 13 0 1 20 1  0
14.2164 6639 0.4079 3 0 0 2 2726 2734 13 0 1 20 1  0
15.7578 160501 9.86118 5 0 0 2 2733 2740 13 0 1 20 1  0
15.6068 126925 7.79827 6 1 0.0197462 13 49979 50010 13 0 1 20 1  0
10.96 15942 0.979476 9 16 0.315943 3 15778 15958 13 0 1 20 1  0
10.0046 4028 0.24748 3 2 0.0394922 1 4028 4029 13 0 1 20 1  0
10.1626 49994 3.07163 6 4 0.0789836 2 49994 49995 13 0 1 20 1  0
10.1558 113457 6.9708 11 65 1.28571 2 113451 113462 13 0 1 20 1  0
11.1715 371683 22.8362 8 0 0 1 371683 371684 13 0 1 20 1  0
11.5822 508127 31.2193 8 0 0 1 508127 508128 13 0 1 20 1  0
10.3509 346342 21.2793 1 0 0 1 346342 346343 13 0 1 20 1  0
13.2318 508128 31.2194 1 0 0 2 371683 371685 13 0 1 20 1  0
0 260096 15.9803 1 0 0 185 485718 485719 13 0 1 20 1  0
16.4605 518284 31.8434 5 0 0 10 350810 350832 13 0 1 20 1  0
17.693 368379 22.6332 7 1 0.0197462 24 351418 351469 13 0 1 20 1  0
10.2415 371681 22.8361 1 1 0.0197462 1 371681 371682 13 0 1 20 1  0
11.0714 352094 21.6327 3 1 0.0197462 1 352094 352095 13 0 1 20 1  0
10.0785 351456 21.5935 7 3 0.059238 1 351456 351457 13 0 1 20 1  0
10.0127 457024 28.0796 12 1979 185.402 1 457020 457026 13 0 1 20 1  0
11.5097 522160 32.0815 12 3316 1986.84 2 521462 522242 13 0 1 20 1  0
0 522240 32.0864 8 0 0 28916 757161 757164 13 0 1 20 1  0
10.239 621899 38.2095 1 0 0 1 621899 621900 13 0 1 20 1  0
10.1106 537197 33.0054 4 1 0.0197462 1 537197 537198 13 0 1 20 1  0
10.0944 755419 46.4129 4 4 0.0789836 1 755419 755420 13 0 1 20 1  0
16.066 773358 47.5151 6 5 0.0987291 74 759992 760028 13 0 1 20 1  0
32.3716 782360 48.0682 11 81 1.60397 22 616592 616645 13 0 1 20 1  0
10.3724 761686 46.798 4 66 1.30557 1 761036 761040 13 0 1 20 1  0
11.3214 773107 47.4997 3 146 2.91228 1 758078 758096 13 0 1 20 1  0
10.0006 616549 37.8808 11 174 3.4865 1 616549 616550 13 0 1 20 1  0
10.0719 759182 46.6441 5 353 7.42028 2 759182 759183 13 0 1 20 1  0
14.7802 614467 37.7528 11 778 20.666 132 613844 615333 13 0 1 20 1  0
14.4823 781681 48.0265 10 477 10.5591 2 761279 763055 13 0 1 20 1  0
10.9122 761579 46.7914 3 513 11.5589 6 761578 761581 13 0 1 20 1  0
10.1031 757007 46.5105 5 556 12.8152 4 757007 757008 13 0 1 20 1  0
12.006 772639 47.4709 6 616 14.6943 4 759501 759548 13 0 1 20 1  0
46.842 756570 46.4837 8 2820 824.444 1698 698105 698109 13 0 1 20 1  0
12.3767 779897 47.9169 5 904 26.4676 9 758782 758785 13 0 1 20 1  0
14.6112 772286 47.4492 8 1037 34.0377 146 750486 751666 13 0 1 20 1  0
10.1538 758928 46.6285 5 1069 36.1249 1 758928 758929 13 0 1 20 1  0
10.5605 756643 46.4881 6 1111 39.0421 2 756639 756648 13 0 1 20 1  0
11.3877 759586 46.669 6 1163 42.9558 4 758598 758629 13 0 1 20 1  0
11.1193 756978 46.5087 5 1370 62.5349 6 756974 756982 13 0 1 20 1  0
10.9048 783813 48.1575 6 1427 69.2849 2 755735 755821 13 0 1 20 1  0
13.054 599752 36.8488 12 1892 158.845 2 597792 605832 13 0 1 20 1  0
14.8454 717012 44.0532 12 2697 662.864 9 685310 688578 13 0 1 20 1  0
11.553 720151 44.2461 11 2680 643.177 5 719105 720917 13 0 1 20 1  0
17.3813 684784 42.0731 12 2711 679.529 7 681642 698472 13 0 1 20 1  0
11.558 754978 46.3858 2 2842 857.246 1 754947 756080 13 0 1 20 1  0
11.1245 755232 46.4015 2 2844 860.292 1 754589 754592 13 0 1 20 1  0
10.1102 754422 46.3517 2 2845 861.819 1 754422 754423 13 0 1 20 1  0
11.2202 755303 46.4058 2 2845 861.819 1 754437 754438 13 0 1 20 1  0
10.5614 755000 46.3872 2 2846 863.349 1 754227 754229 13 0 1 20 1  0
10.2434 754081 46.3307 2 2847 864.882 1 754081 754082 13 0 1 20 1  0
10.015 753865 46.3175 2 2848 866.417 1 753865 753866 13 0 1 20 1  0
10.4908 753900 46.3196 2 2848 866.417 1 753899 753901 13 0 1 20 1  0
10.0934 755082 46.3922 2 2849 867.955 1 755082 755083 13 0 1 20 1  0
10.8537 752638 46.2421 4 2856 878.797 1 752271 752273 13 0 1 20 1  0
12.3024 751994 46.2025 4 2857 880.356 2 751989 752033 13 0 1 20 1  0
12.4352 1051830 64.6244 8 0 0 1 1051830 1051831 13 0 1 20 1  0
19.9101 1061933 65.2452 8 0 0 1 1052483 1052484 13 0 1 20 1  0
0 1046528 64.2987 8 0 0 194 1054435 1054438 13 0 1 20 1  0
25.1531 1066819 65.5454 1 0 0 1 1051830 1051832 13 0 1 20 1  0
29.1463 1061932 65.2451 2 0 0 8 1051830 1051832 13 0 1 20 1  0
29.4405 1108184 68.0868 3 0 0 5 1054434 1054439 13 0 1 20 1  0
19.762 1135870 69.7878 3 1 0.0197462 7 1058995 1058999 13 0 1 20 1  0
11.7106 1117693 68.6711 6 0 0 1 1069469 1069496 13 0 1 20 1  0
10.5666 1058996 65.0647 1 1 0.0197462 1 1058996 1058997 13 0 1 20 1  0
10.1343 1054759 64.8044 2 1 0.0197462 1 1054759 1054760 13 0 1 20 1  0
11.8554 1278279 78.5375 5 2 0.0394922 3 1065893 1065898 13 0 1 20 1  0
12.0988 1069482 65.709 6 1 0.0197462 2 1069465 1069497 13 0 1 20 1  0
10.8798 1054435 64.7845 2 2 0.0394922 1 1054435 1054436 13 0 1 20 1  0
10.5045 1258558 77.3258 12 3181 1563.84 1 1258038 1258758 13 0 1 20 1  0
10.0162 1525536 93.7289 8 0 0 1 1525536 1525537 13 0 1 20 1  0
18.8475 1322274 81.2405 6 0 0 57 1309229 1309253 13 0 1 20 1  0
10.0032 1309233 80.4393 6 3 0.059238 384 1309233 1309234 13 0 1 20 1  0
10.0124 1309227 80.4389 2 0 0 1 1309227 1309228 13 0 1 20 1  0
10.7172 1314114 80.7392 3 1 0.0197462 1 1314114 1314115 13 0 1 20 1  0
10.4062 1331702 81.8198 3 2 0.0394922 1 1331702 1331703 13 0 1 20 1  0
10.3701 1310550 80.5202 4 2 0.0394922 1 1310550 1310551 13 0 1 20 1  0
10.1741 1320966 81.1601 5 4 0.0789836 1 1320966 1320967 13 0 1 20 1  0
11.1263 1514587 93.0562 9 5 0.0987291 3 1320733 1322187 13 0 1 20 1  0
10.605 1313593 80.7072 10 18 0.355443 2 1313580 1313620 13 0 1 20 1  0
10.2905 1570794 96.5096 12 2630 588.597 1 1570616 1570818 13 0 1 20 1  0
11.0223 1634083 100.398 8 0 0 1 1634083 1634084 13 0 1 20 1  0
12.4328 1708348 104.961 8 0 0 4 1674144 1674145 13 0 1 20 1  0
10.2569 1571277 96.5393 8 0 0 365 1571234 1571280 13 0 1 20 1  0
10.97 1629493 100.116 1 0 0 1 1629493 1629494 13 0 1 20 1  0
17.5105 1708349 104.961 2 0 0 20 1571163 1571176 13 0 1 20 1  0
17.5677 1770604 108.786 5 0 0 1 1571156 1571214 13 0 1 20 1  0
19.9628 1630160 100.157 6 0 0 37 1571165 1571205 13 0 1 20 1  0
11.8411 1713388 105.271 2 1 0.0197462 2 1708347 1708350 13 0 1 20 1  0
10.086 1595257 98.0126 7 7 0.13822 1 1595257 1595258 13 0 1 20 1  0
10.9477 1675406 102.937 3 24 0.473963 11 1675404 1675408 13 0 1 20 1  0
11.5377 1675505 102.943 11 64 1.26585 5 1674377 1675575 13 0 1 20 1  0
16.8544 1836440 112.831 5 0 0 8 1836409 1836459 13 0 1 20 1  0
13.1727 1989279 122.221 2 0 0 2 1834146 1834148 13 0 1 20 1  0
0 1832960 112.617 1 0 0 258 1883993 1883994 13 0 1 20 1  0
13.384 1923427 118.175 3 0 0 1 1834147 1834149 13 0 1 20 1  0
15.0598 1883991 115.752 4 0 0 2 1836408 1836455 13 0 1 20 1  0
19.4964 1955057 120.119 6 0 0 47 1836405 1836464 13 0 1 20 1  0
13.0768 2186396 134.332 5 0 0 6 2101668 2101695 13 0 1 20 1  0
0 2095104 128.723 1 0 0 108 2342158 2342159 13 0 1 20 1  0
10.0447 2101664 129.126 2 0 0 2 2101664 2101665 13 0 1 20 1  0
15.0997 2119273 130.208 6 0 0 18 2101659 2101697 13 0 1 20 1  0
12.4682 2103857 129.261 9 1 0.0197462 8 2103710 2103889 13 0 1 20 1  0
10.7296 2334303 143.42 3 1 0.0197462 1 2160632 2160651 13 0 1 20 1  0
11.5025 2160640 132.75 5 2 0.0394922 3 2101673 2101682 13 0 1 20 1  0
10.5942 2462639 151.305 8 0 0 1 2462639 2462640 13 0 1 20 1  0
15.1717 2521644 154.93 6 1 0.0197462 24 2521622 2521672 13 0 1 20 1  0
0 2357248 144.829 2 0 0 3 2521645 2521663 13 0 1 20 1  0
10.2614 2421756 148.793 12 1874 153.842 2 2421686 2422716 13 0 1 20 1  0
12.8085 2655515 163.155 5 0 0 12 2655503 2655525 13 0 1 20 1  0
0 2619392 160.935 3 0 0 1 2869354 2869357 13 0 1 20 1  0
12.3422 2880535 176.98 10 1831 142.517 28 2878627 2881537 13 0 1 20 1  0
0 2619392 160.935 9 1796 133.914 2 2881238 2881537 13 0 1 20 1  0
11.92 2862736 175.886 12 2299 327.204 5 2861870 2863760 13 0 1 20 1  0
10.1275 2837657 174.346 10 2576 534.839 1 2837629 2837765 13 0 1 20 1  0
15.2064 3094596 190.132 9 135 2.6887 505 2895965 2896105 13 0 1 20 1  0
11.162 3102098 190.593 8 0 0 1 3094624 3094625 13 0 1 20 1  0
14.6278 2892632 177.723 12 962 29.5642 10093 2889866 2917180 13 0 1 20 1  0
10.2832 2990965 183.765 1 0 0 2 2990965 2990966 13 0 1 20 1  0
0 2881536 177.042 1 0 0 10 3094443 3094444 13 0 1 20 1  0
17.4626 2895838 177.92 11 421 9.08782 252 2892500 2896401 13 0 1 20 1  0
12.2732 2919331 179.364 10 136 2.70898 5 2897239 2897248 13 0 1 20 1  0
22.6669 2908717 178.712 10 970 30.0151 5250 2890533 2894223 13 0 1 20 1  0
11.6405 2947868 181.117 10 175 3.50716 3 2895540 2897217 13 0 1 20 1  0
10.8953 2947524 181.096 5 395 8.436 25 2947515 2947536 13 0 1 20 1  0
10.0413 2932199 180.154 5 460 10.1021 1 2932199 2932200 13 0 1 20 1  0
10.9933 2915857 179.15 6 1060 35.5264 1 2907973 2908214 13 0 1 20 1  0
12.6885 2915312 179.117 10 1161 42.7988 2 2900767 2901502 13 0 1 20 1  0
11.888 3341431 205.298 8 76 1.50439 52 3341411 3341457 13 0 1 20 1  0
0 3143680 193.148 6 72 1.42481 8 3371972 3371979 13 0 1 20 1  0
10.5792 3442297 211.495 2 0 0 2 3442297 3442299 13 0 1 20 1  0
10.6175 3564437 218.999 4 0 0 2 3564436 3564443 13 0 1 20 1  0
11.0115 3465056 212.893 7 1 0.0197462 4 3465048 3465075 13 0 1 20 1  0
16.1308 3563722 218.955 9 393 8.38662 1716 3563495 3563959 13 0 1 20 1  0
10.4219 3915000 240.538 2 0 0 2 3911575 3911579 13 0 1 20 1  0
0 3667968 225.36 2 0 0 1 3914998 3915001 13 0 1 20 1  0
10.6643 3911576 240.327 3 0 0 1 3911576 3911577 13 0 1 20 1  0
11.8093 3914911 240.532 9 4 0.0789836 9 3914726 3915143 13 0 1 20 1  0
10.687 3885040 238.697 12 26 0.513479 1 3882392 3885720 13 0 1 20 1  0
10.8981 3912418 240.379 12 333 6.95136 2 3878828 3884160 13 0 1 20 1  0
0 3667968 225.36 12 333 6.95136 1 3912308 3913184 13 0 1 20 1  0
11.6475 3911066 240.296 12 978 30.4721 7 3852002 3853620 13 0 1 20 1  0
0 3667968 225.36 12 748 19.4471 1 3911478 3912566 13 0 1 20 1  0
0 3667968 225.36 12 978 30.4721 1 3910426 3912084 13 0 1 20 1  0
24.7486 4099979 251.903 1 0 0 18 4099978 4099982 13 0 1 20 1  0
0 3930112 241.466 8 0 0 2 4099991 4099994 13 0 1 20 1  0
0 3930112 241.466 1 0 0 5 4099991 4099995 13 0 1 20 1  0
12.2575 3960865 243.356 7 0 0 11 3960848 3960913 13 0 1 20 1  0
10.8293 4013179 246.57 6 55 1.0873 23 4013172 4013187 13 0 1 20 1  0
10.8119 4333561 266.254 3 0 0 5 4223840 4223849 13 0 1 20 1  0
0 4192256 257.572 2 0 0 80 4248608 4248612 13 0 1 20 1  0
11.8219 4223833 259.512 7 0 0 108 4223809 4223890 13 0 1 20 1  0
10.1217 4347883 267.134 3 2 0.0394922 1 4347882 4347884 13 0 1 20 1  0
10.865 4248476 261.026 7 135 2.6887 19 4223713 4223750 13 0 1 20 1  0
12.2229 4671205 286.999 3 0 0 3 4456640 4456669 13 0 1 20 1  0
0 4454400 273.678 2 0 0 179 4518169 4518205 13 0 1 20 1  0
12.4256 4712856 289.558 4 1 0.0197462 4 4456645 4456665 13 0 1 20 1  0
14.2245 4518182 277.597 6 0 0 105 4456644 4456672 13 0 1 20 1  0
14.2426 4524017 277.956 7 0 0 106 4456618 4456669 13 0 1 20 1  0
11.116 4456608 273.814 4 70 1.38505 18 4456598 4456610 13 0 1 20 1  0
19.0349 4759349 292.414 8 0 0 1 4723232 4723234 13 0 1 20 1  0
0 4716544 289.784 8 0 0 327 4735917 4735918 13 0 1 20 1  0
22.8241 4829655 296.734 2 0 0 17 4723232 4723235 13 0 1 20 1  0
15.3891 4747370 291.678 7 1 0.0197462 269 4747311 4747412 13 0 1 20 1  0
13.1595 4846673 297.78 9 399 8.53508 497 4757973 4758030 13 0 1 20 1  0
10.8617 4769109 293.014 2 1 0.0197462 1 4769109 4769110 13 0 1 20 1  0
10.1622 4741511 291.318 4 1 0.0197462 2 4741511 4741512 13 0 1 20 1  0
10.0016 4799391 294.875 2 2 0.0394922 1 4799391 4799392 13 0 1 20 1  0
10.0709 4940055 303.517 4 3 0.059238 1 4940055 4940056 13 0 1 20 1  0
13.3922 4758373 292.354 7 81 1.60397 151 4747276 4747330 13 0 1 20 1  0
10.4404 4978052 305.852 12 2788 778.959 1 4977520 4978480 13 0 1 20 1  0
10.3902 4978650 305.888 12 3025 1185.9 2 4978282 4978690 13 0 1 20 1  0
10.0988 5035097 309.356 8 0 0 1 5035097 5035098 13 0 1 20 1  0
19.4722 5092047 312.855 8 0 0 80 5035728 5035729 13 0 1 20 1  0
0 4978688 305.891 8 0 0 7060 5043223 5043229 13 0 1 20 1  0
24.5299 5092048 312.855 1 0 0 31 4981500 4981503 13 0 1 20 1  0
27.9489 5091068 312.795 2 0 0 2 4981501 4981503 13 0 1 20 1  0
24.2232 5063549 311.104 3 0 0 63 5035095 5035099 13 0 1 20 1  0
16.4013 5082918 312.294 4 52 1.02784 187 5045302 5045316 13 0 1 20 1  0
12.5914 5086844 312.536 6 0 0 6 5011981 5011994 13 0 1 20 1  0
17.1153 5045314 309.984 4 20 0.394946 944 5043216 5043224 13 0 1 20 1  0
10.3586 5035082 309.355 3 74 1.46459 7 5035082 5035083 13 0 1 20 1  0
10.4021 5034585 309.325 3 1 0.0197462 1 5034585 5034586 13 0 1 20 1  0
11.0196 5034263 309.305 2 2 0.0394922 5 5034263 5034264 13 0 1 20 1  0
10.1639 4981498 306.063 3 2 0.0394922 1 4981498 4981499 13 0 1 20 1  0
10.0297 5011987 307.936 5 4 0.0789836 1 5011987 5011988 13 0 1 20 1  0
10.0474 5043404 309.867 5 5 0.0987291 1 5043404 5043405 13 0 1 20 1  0
11.4874 5092213 312.866 2 6 0.118475 6 5035094 5035098 13 0 1 20 1  0
13.0527 5129433 315.152 5 64 1.26585 108 5045295 5045312 13 0 1 20 1  0
14.8541 5078683 312.034 4 10 0.197458 2 5035092 5035100 13 0 1 20 1  0
10.439 5044182 309.915 2 23 0.454207 2 5044182 5044183 13 0 1 20 1  0
10.2136 5043219 309.855 3 34 0.671599 7 5043219 5043220 13 0 1 20 1  0
10.5094 5090084 312.735 2 30 0.592527 1 5045313 5045321 13 0 1 20 1  0
11.0499 5089254 312.684 2 38 0.750701 1 5045309 5045319 13 0 1 20 1  0
11.3691 5059471 310.854 5 142 2.83086 17 5045279 5045292 13 0 1 20 1  0
10.183 5055664 310.62 5 299 6.17388 1 5055659 5055669 13 0 1 20 1  0
10.9695 5089621 312.706 7 469 10.3429 6 5089603 5089632 13 0 1 20 1  0
0 4978688 305.891 9 575 13.3936 3 5089396 5089406 13 0 1 20 1  0
10.9339 5044987 309.964 9 1327 57.8694 4 5044927 5045306 13 0 1 20 1  0
11.4057 5044160 309.913 11 1645 102.332 11 5043770 5044752 13 0 1 20 1  0
10.1423 5240818 321.996 12 3172 1539.08 1 5240674 5240834 13 0 1 20 1  0
24.6784 5473478 336.29 5 0 0 703 5274293 5274328 13 0 1 20 1  0
0 5240832 321.997 8 0 0 451 5335679 5335680 13 0 1 20 1  0
15.3326 5290261 325.034 5 0 0 2 5254114 5254147 13 0 1 20 1  0
12.0997 5328877 327.406 3 9 0.177712 10 5328875 5328880 13 0 1 20 1  0
10.1111 5477854 336.559 2 3 0.059238 1 5477854 5477855 13 0 1 20 1  0
10.2225 5335683 327.824 4 4 0.0789836 3 5335683 5335684 13 0 1 20 1  0
10.7744 5488591 337.219 2 5 0.0987291 1 5328880 5328883 13 0 1 20 1  0
10.0565 5274303 324.053 6 7 0.13822 1 5274303 5274304 13 0 1 20 1  0
10.4106 5407305 332.225 8 62 1.22615 1 5407300 5407320 13 0 1 20 1  0
10.4215 5337094 327.911 9 556 12.8152 2 5337052 5337159 13 0 1 20 1  0
0 5240832 321.997 9 565 13.0873 1 5472816 5472817 13 0 1 20 1  0
10.0392 5452922 335.028 12 2933 1007.38 1 5452878 5452934 13 0 1 20 1  0
10.0265 5541025 340.441 8 0 0 2 5541025 5541026 13 0 1 20 1  0
18.6321 5761292 353.974 8 0 0 31 5631934 5631935 13 0 1 20 1  0
0 5502976 338.103 8 0 0 3664 5641876 5641879 13 0 1 20 1  0
11.611 5541025 340.441 1 0 0 1 5541025 5541026 13 0 1 20 1  0
22.8927 5762096 354.023 1 0 0 6 5631794 5631795 13 0 1 20 1  0
27.1385 5659284 347.706 2 0 0 9 5541010 5541028 13 0 1 20 1  0
21.3937 5762282 354.035 3 1 0.0197462 68 5541022 5541026 13 0 1 20 1  0
12.4496 5727369 351.89 5 0 0 1 5541009 5541025 13 0 1 20 1  0
15.4866 5717055 351.256 4 5 0.0987291 102 5527674 5527679 13 0 1 20 1  0
15.3498 5728934 351.986 7 32 0.63206 295 5717052 5717057 13 0 1 20 1  0
12.4061 5641889 346.638 5 6 0.118475 9 5641883 5641893 13 0 1 20 1  0
15.5659 5761293 353.974 3 6 0.118475 9 5641877 5641886 13 0 1 20 1  0
13.7483 5680111 348.986 5 3 0.059238 2 5541016 5541023 13 0 1 20 1  0
16.4037 5679960 348.977 4 4 0.0789836 1 5527674 5527676 13 0 1 20 1  0
13.5251 5685963 349.346 5 4 0.0789836 2 5641874 5641895 13 0 1 20 1  0
10.3428 5654094 347.388 2 5 0.0987291 1 5654094 5654095 13 0 1 20 1  0
10.2272 5649509 347.106 2 6 0.118475 1 5649509 5649510 13 0 1 20 1  0
16.1301 5680606 349.016 4 8 0.157966 74 5527674 5527677 13 0 1 20 1  0
10.1191 5527669 339.62 4 11 0.217204 1 5527669 5527670 13 0 1 20 1  0
12.7021 5716713 351.235 3 19 0.375194 4 5641873 5641876 13 0 1 20 1  0
10.0612 5652426 347.285 3 22 0.434452 1 5652426 5652427 13 0 1 20 1  0
10.5007 5662044 347.876 3 45 0.889211 7 5662044 5662048 13 0 1 20 1  0
10.4841 5662524 347.905 4 54 1.06748 7 5662522 5662528 13 0 1 20 1  0
10.2878 5668230 348.256 3 37 0.730923 1 5668230 5668231 13 0 1 20 1  0
10.3381 5761786 354.004 12 1074 36.4614 1 5761462 5762206 13 0 1 20 1  0
22.091 5774804 354.804 6 0 0 460 5769738 5769766 13 0 1 20 1  0
0 5765120 354.209 8 0 0 5466 5768290 5768291 13 0 1 20 1  0
19.3234 5776247 354.893 1 0 0 3 5766827 5766829 13 0 1 20 1  0
16.2175 5996215 368.407 7 48 0.948609 94 5774727 5774819 13 0 1 20 1  0
18.3638 5837386 358.649 9 39 0.770481 297 5769780 5769987 13 0 1 20 1  0
12.0899 5771359 354.592 2 4 0.0789836 2 5769761 5769767 13 0 1 20 1  0
11.0348 5771853 354.623 1 1 0.0197462 1 5771382 5771383 13 0 1 20 1  0
17.8006 5771381 354.594 2 1 0.0197462 6 5766828 5766830 13 0 1 20 1  0
18.0563 5785058 355.434 3 2 0.0394922 6 5766829 5766831 13 0 1 20 1  0
11.2111 5766827 354.314 2 3 0.059238 5 5766827 5766828 13 0 1 20 1  0
10.5455 5768294 354.404 4 2 0.0394922 1 5768294 5768295 13 0 1 20 1  0
19.8186 5769764 354.494 4 4 0.0789836 68 5769757 5769772 13 0 1 20 1  0
19.7145 5822718 357.748 9 60 1.18646 283 5774542 5775026 13 0 1 20 1  0
18.0429 5779975 355.122 3 4 0.0789836 7 5769759 5769769 13 0 1 20 1  0
18.7757 6027024 370.3 11 283 5.81591 563 5836035 5836402 13 0 1 20 1  0
10.7002 5792041 355.863 2 8 0.157966 1 5769755 5769764 13 0 1 20 1  0
16.7902 5983095 367.601 9 55 1.0873 75 5774709 5775022 13 0 1 20 1  0
15.035 5978974 367.348 8 75 1.48449 45 5774795 5774863 13 0 1 20 1  0
11.6415 5994001 368.271 4 27 0.533239 5 5769747 5769758 13 0 1 20 1  0
10.0367 5995600 368.37 6 358 7.53893 1 5995599 5995602 13 0 1 20 1  0
0 5765120 354.209 8 1447 71.8175 1 6023583 6024633 13 0 1 20 1  0
13.7332 6013332 369.459 11 1919 166.654 30 6011270 6014745 13 0 1 20 1  0
13.6654 6027244 370.314 12 2587 545.376 15 6025734 6027266 13 0 1 20 1  0
12.9142 5995452 368.361 12 2703 669.956 4 5991862 5998488 13 0 1 20 1  0
10.9322 5946340 365.343 12 2870 900.888 2 5943882 5947614 13 0 1 20 1  0
0 5765120 354.209 12 2870 900.888 1 5981954 5982712 13 0 1 20 1  0
11.8218 6165856 378.83 8 0 0 1 6165856 6165858 13 0 1 20 1  0
10.0054 6034399 370.753 1 0 0 1 6034399 6034400 13 0 1 20 1  0
15.2108 6165857 378.83 1 0 0 4 6034407 6034408 13 0 1 20 1  0
39.7643 6027880 370.353 12 582 13.6105 14676 6027264 6034168 13 0 1 20 1  0
14.0777 6173590 379.305 3 0 0 1 6027868 6027896 13 0 1 20 1  0
16.0517 6168853 379.014 2 1 0.0197462 56 6168853 6168869 13 0 1 20 1  0
10.0026 6032102 370.612 3 2 0.0394922 1 6032102 6032103 13 0 1 20 1  0
10.1462 6033051 370.671 3 12 0.236951 1 6033051 6033052 13 0 1 20 1  0
10.0244 6033373 370.69 3 13 0.256698 1 6033373 6033374 13 0 1 20 1  0
10.1074 6032069 370.61 3 16 0.315943 1 6032069 6032070 13 0 1 20 1  0
12.5545 6031733 370.59 3 25 0.493721 12 6030757 6030761 13 0 1 20 1  0
10.0631 6168548 378.996 9 50 0.988221 1 6168547 6168550 13 0 1 20 1  0
12.45 6044806 371.393 12 2516 480.844 2 6042062 6046814 13 0 1 20 1  0
10.6181 6371025 391.436 4 4 0.0789836 25 6371025 6371026 13 0 1 20 1  0
33.6958 6502130 399.491 7 0 0 903 6370648 6371063 13 0 1 20 1  0
0 6289408 386.421 1 0 0 20863 6500131 6500132 13 0 1 20 1  0
32.0177 6518385 400.49 7 2 0.0394922 2225 6370650 6371057 13 0 1 20 1  0
16.8097 6510536 400.007 4 6 0.118475 41 6444484 6444487 13 0 1 20 1  0
10.1942 6476383 397.909 3 2 0.0394922 1 6476383 6476384 13 0 1 20 1  0
20.0834 6479529 398.102 8 64 1.26585 409 6444341 6444489 13 0 1 20 1  0
10.3759 6485569 398.473 3 9 0.177712 4 6485569 6485570 13 0 1 20 1  0
17.1622 6445501 396.012 9 98 1.94347 447 6444164 6445603 13 0 1 20 1  0
13.2317 6494254 399.007 4 17 0.335692 24 6479596 6479598 13 0 1 20 1  0
10.1988 6480998 398.193 4 9 0.177712 1 6480998 6480999 13 0 1 20 1  0
10.0227 6441538 395.768 4 13 0.256698 1 6441538 6441539 13 0 1 20 1  0
10.1077 6483500 398.346 5 15 0.296194 1 6483500 6483501 13 0 1 20 1  0
13.604 6519583 400.563 4 61 1.2063 28 6494220 6494234 13 0 1 20 1  0
10.0424 6500160 399.37 3 34 0.671599 1 6500160 6500161 13 0 1 20 1  0
10.376 6500049 399.363 3 79 1.56412 2 6480861 6480863 13 0 1 20 1  0
10.1048 6480825 398.182 3 99 1.96349 2 6480825 6480826 13 0 1 20 1  0
14.3954 6506950 399.787 8 179 3.58989 1 6445146 6445177 13 0 1 20 1  0
10.3548 6483958 398.374 6 576 13.4244 2 6483951 6483973 13 0 1 20 1  0
13.0224 6551220 402.507 12 664 16.3164 3 6476122 6476526 13 0 1 20 1  0
10.1997 6506331 399.749 7 727 18.6267 1 6506326 6506335 13 0 1 20 1  0
11.045 6516591 400.379 8 998 31.6415 9 6516550 6516648 13 0 1 20 1  0
12.6532 6482107 398.261 9 1028 33.4707 57 6442532 6442810 13 0 1 20 1  0
12.7809 6514109 400.227 9 1189 45.0476 119 6497648 6497870 13 0 1 20 1  0
11.1168 6497370 399.198 8 1247 50.0659 1 6497334 6497433 13 0 1 20 1  0
10.1356 6471341 397.599 11 1859 149.794 2 6471330 6471349 13 0 1 20 1  0
15.7109 6504652 399.646 12 3060 1261.84 4 6501980 6507840 13 0 1 20 1  0
10.1655 6825294 419.346 8 0 0 1 6825294 6825295 13 0 1 20 1  0
19.2789 7067240 434.211 6 1 0.0197462 60 6813723 6813755 13 0 1 20 1  0
10.5969 6813736 418.636 1 0 0 22072 6813736 6813737 13 0 1 20 1  0
17.9198 7057485 433.612 5 2 0.0394922 181 6813721 6813747 13 0 1 20 1  0
26.9475 7051333 433.234 7 2 0.0394922 2775 6813710 6814124 13 0 1 20 1  0
26.0535 6839349 420.21 9 0 0 1217 6813792 6814105 13 0 1 20 1  0
27.8678 6868761 422.017 9 58 1.14679 1747 6813696 6813873 13 0 1 20 1  0
14.1758 6839446 420.216 3 3 0.059238 12 6838793 6838799 13 0 1 20 1  0
10.2983 6839126 420.196 3 4 0.0789836 1 6839126 6839127 13 0 1 20 1  0
10.2169 6814037 418.654 3 11 0.217204 2 6814037 6814038 13 0 1 20 1  0
10.1664 6836808 420.053 3 15 0.296194 1 6836808 6836809 13 0 1 20 1  0
10.3104 6839065 420.192 3 37 0.730923 2 6839065 6839066 13 0 1 20 1  0
18.7122 7045950 432.903 8 89 1.76354 200 6835987 6836090 13 0 1 20 1  0
11.6136 6866155 421.857 3 46 0.909008 5 6866152 6866158 13 0 1 20 1  0
10.0996 6837374 420.088 4 57 1.12696 2 6837374 6837375 13 0 1 20 1  0
11.5826 7056383 433.544 9 466 10.2624 3 6867583 6868091 13 0 1 20 1  0
10.6431 7047191 432.979 10 1544 85.4438 2 7047045 7047458 13 0 1 20 1  0
23.2438 7097553 436.074 7 2 0.0394922 578 7085194 7085825 13 0 1 20 1  0
11.6842 7188135 441.639 8 0 0 1 7116373 7116374 13 0 1 20 1  0
0 7075840 434.74 8 0 0 14214 7179506 7179507 13 0 1 20 1  0
17.2499 7179511 441.109 3 0 0 13 7085231 7085273 13 0 1 20 1  0
20.9204 7164614 440.194 8 0 0 147 7085152 7085702 13 0 1 20 1  0
19.9503 7115627 437.184 9 0 0 23 7085235 7085783 13 0 1 20 1  0
10.618 7116372 437.23 2 1 0.0197462 1 7116372 7116373 13 0 1 20 1  0
20.0227 7085236 435.317 9 57 1.12696 387 7085103 7085610 13 0 1 20 1  0
20.2896 7210649 443.022 9 1 0.0197462 188 7085244 7085773 13 0 1 20 1  0
11.1021 7165927 440.275 2 2 0.0394922 2 7165927 7165928 13 0 1 20 1  0
12.0098 7144365 438.95 3 5 0.0987291 21 7102058 7102060 13 0 1 20 1  0
18.1486 7322321 449.883 8 322 6.69721 506 7084541 7084942 13 0 1 20 1  0
10.0329 7093901 435.849 4 4 0.0789836 3 7093901 7093902 13 0 1 20 1  0
18.6534 7278470 447.189 7 5 0.0987291 23 7093875 7094309 13 0 1 20 1  0
10.1245 7102053 436.35 4 10 0.197458 3 7102053 7102054 13 0 1 20 1  0
11.2211 7145015 438.99 5 6 0.118475 8 7085766 7085776 13 0 1 20 1  0
18.9106 7100763 436.271 7 13 0.256698 73 7085438 7085529 13 0 1 20 1  0
13.7745 7151618 439.395 10 38 0.750701 3 7084996 7085629 13 0 1 20 1  0
10.1585 7115682 437.188 4 23 0.454207 2 7115682 7115683 13 0 1 20 1  0
11.7952 7115317 437.165 4 85 1.68372 11 7085363 7085384 13 0 1 20 1  0
11.9495 7098913 436.157 5 290 5.97193 10 7084909 7084962 13 0 1 20 1  0
14.4138 7114628 437.123 6 418 9.01165 135 7084388 7084445 13 0 1 20 1  0
11.6084 7150019 439.297 8 671 16.5625 31 7113744 7113892 13 0 1 20 1  0
10.7506 7208792 442.908 7 687 17.1348 1 7113767 7113816 13 0 1 20 1  0
10.8511 7321334 449.823 7 1001 31.8203 11 7321307 7321359 13 0 1 20 1  0
10.1383 7208965 442.919 8 1008 32.241 1 7208951 7208976 13 0 1 20 1  0
0 7075840 434.74 8 1008 32.241 1 7321248 7321256 13 0 1 20 1  0
10.8766 7317705 449.6 8 1312 56.3224 1 7317570 7317776 13 0 1 20 1  0
16.1959 7350037 451.586 10 526 11.9313 1304 7344779 7345161 13 0 1 20 1  0
16.4571 7510509 461.446 7 6 0.118475 233 7346143 7346199 13 0 1 20 1  0
0 7337984 450.846 8 0 0 1105 7446061 7446062 13 0 1 20 1  0
18.7564 7569076 465.044 4 1 0.0197462 50 7350684 7350695 13 0 1 20 1  0
10.1091 7347439 451.427 2 0 0 4 7347439 7347440 13 0 1 20 1  0
10.3851 7441179 457.186 2 1 0.0197462 3 7441179 7441180 13 0 1 20 1  0
10.0337 7546614 463.664 2 2 0.0394922 1 7546614 7546615 13 0 1 20 1  0
10.2291 7445729 457.466 2 3 0.059238 1 7445729 7445730 13 0 1 20 1  0
10.0223 7346176 451.349 7 3 0.059238 1 7346176 7346177 13 0 1 20 1  0
13.6469 7473416 459.167 7 4 0.0789836 2 7346165 7346197 13 0 1 20 1  0
11.7977 7564831 464.783 3 7 0.13822 4 7446051 7446055 13 0 1 20 1  0
11.7206 7446055 457.486 3 5 0.0987291 2 7446052 7446057 13 0 1 20 1  0
10.2565 7351667 451.686 3 7 0.13822 1 7351667 7351668 13 0 1 20 1  0
10.3044 7368202 452.702 5 81 1.60397 1 7368195 7368206 13 0 1 20 1  0
10.4252 7547832 463.739 12 2265 308.048 2 7547264 7548238 13 0 1 20 1  0
10.9513 7521904 462.146 12 2869 899.292 1 7520920 7522464 13 0 1 20 1  0
10.0677 7602265 467.083 8 0 0 6786 7602265 7602266 13 0 1 20 1  0
21.2316 7663629 470.853 8 80 1.58404 573 7663519 7664340 13 0 1 20 1  0
16.4538 7664430 470.903 3 0 0 4 7602263 7602272 13 0 1 20 1  0
20.1995 7770923 477.445 9 61 1.2063 1718 7663453 7663871 13 0 1 20 1  0
10.5809 7606816 467.363 2 1 0.0197462 4 7606816 7606817 13 0 1 20 1  0
15.0828 7700875 473.142 4 1 0.0197462 36 7602270 7602272 13 0 1 20 1  0
10.3923 7610393 467.583 2 2 0.0394922 1 7610393 7610394 13 0 1 20 1  0
10.0471 7622433 468.322 3 8 0.157966 1 7622433 7622434 13 0 1 20 1  0
14.4911 7854397 482.574 7 63 1.246 49 7664299 7664314 13 0 1 20 1  0
10.0988 7772059 477.515 5 65 1.28571 1 7772059 7772060 13 0 1 20 1  0
10.389 7688100 472.357 3 76 1.50439 3 7688100 7688102 13 0 1 20 1  0
11.9034 7726580 474.721 12 282 5.79369 15 7724990 7727016 13 0 1 20 1  0
10.3774 7767812 477.254 3 96 1.90345 2 7767810 7767815 13 0 1 20 1  0
10.0867 7726731 474.73 5 442 9.6283 1 7726731 7726732 13 0 1 20 1  0
10.0134 7713362 473.909 6 557 12.8453 5 7713362 7713363 13 0 1 20 1  0
10.2384 7725266 474.64 12 731 18.781 1 7725136 7725342 13 0 1 20 1  0
10.4314 7699917 473.083 7 737 19.0141 2 7699890 7699943 13 0 1 20 1  0
10.0837 7723146 474.51 12 1028 33.4707 1 7723008 7723188 13 0 1 20 1  0
27.4565 7897148 485.201 7 1 0.0197462 5746 7863935 7864048 13 0 1 20 1  0
16.9349 8115468 498.614 8 0 0 1 8019148 8019149 13 0 1 20 1  0
10.1104 7864000 483.164 6 3 0.059238 26210 7864000 7864001 13 0 1 20 1  0
10.1061 7864030 483.166 1 0 0 1 7864030 7864031 13 0 1 20 1  0
21.5144 8115470 498.614 2 0 0 9 7873668 7873674 13 0 1 20 1  0
10.2208 7863999 483.164 2 0 0 1 7863999 7864000 13 0 1 20 1  0
23.1594 8115797 498.635 3 0 0 70 7863985 7864002 13 0 1 20 1  0
22.7538 8020207 492.762 10 37 0.730923 53 8010810 8030074 13 0 1 20 1  0
17.8323 8026299 493.136 6 1 0.0197462 9 7863978 7864021 13 0 1 20 1  0
14.2985 8019130 492.695 4 5 0.0987291 3 7878200 7878202 13 0 1 20 1  0
16.722 7879393 484.11 8 71 1.40493 63 7863747 7863869 13 0 1 20 1  0
10.1047 8088280 496.944 2 3 0.059238 1 8088280 8088281 13 0 1 20 1  0
10.2061 7877229 483.977 6 10 0.197458 9 7877229 7877230 13 0 1 20 1  0
10.1647 7897069 485.196 3 6 0.118475 1 7897069 7897070 13 0 1 20 1  0
15.773 8103375 497.871 4 21 0.414699 39 7873295 7873297 13 0 1 20 1  0
13.4724 8020908 492.805 12 108 2.14396 12 7896224 7897608 13 0 1 20 1  0
12.0165 7874239 483.793 4 73 1.4447 16 7874231 7874244 13 0 1 20 1  0
10.3098 7878189 484.036 3 11 0.217204 3 7878189 7878190 13 0 1 20 1  0
13.2806 8051622 494.692 5 37 0.730923 15 7877185 7877189 13 0 1 20 1  0
14.0215 8060415 495.232 4 25 0.493721 2 7877201 7877208 13 0 1 20 1  0
10.259 7873294 483.735 4 22 0.434452 1 7873294 7873295 13 0 1 20 1  0
14.8242 7881062 484.212 6 56 1.10713 39 7863875 7863893 13 0 1 20 1  0
10.4021 8114747 498.57 2 31 0.612292 2 8060418 8060419 13 0 1 20 1  0
13.7384 8062060 495.333 7 35 0.691372 9 7873573 7873574 13 0 1 20 1  0
10.1262 7876165 483.912 3 47 0.928807 3 7876165 7876166 13 0 1 20 1  0
17.2539 8041737 494.084 11 247 5.02705 523 7987589 7989353 13 0 1 20 1  0
13.4763 8049328 494.551 4 58 1.14679 19 7874240 7874249 13 0 1 20 1  0
10.9968 8062618 495.367 6 205 4.13218 10 8062601 8062632 13 0 1 20 1  0
10.3277 8018908 492.682 4 131 2.60765 7 8018907 8018910 13 0 1 20 1  0
11.3475 7989177 490.855 4 368 7.77803 5 7896764 7896779 13 0 1 20 1  0
13.2355 8019900 492.743 12 457 10.0225 4 7894512 7897012 13 0 1 20 1  0
10.054 7878417 484.05 5 450 9.83766 4 7878417 7878418 13 0 1 20 1  0
13.8499 8018570 492.661 7 571 13.2706 98 7894907 7894936 13 0 1 20 1  0
10.7978 8028301 493.259 5 582 13.6105 1 7895473 7895512 13 0 1 20 1  0
11.593 8048666 494.51 7 631 15.1893 12 7895333 7895455 13 0 1 20 1  0
10.8154 8045334 494.305 12 1342 59.4573 3 7891696 7892602 13 0 1 20 1  0
22.0722 8158454 501.255 7 6 0.118475 2650 8126482 8126489 13 0 1 20 1  0
15.0005 8277199 508.551 3 0 0 3 8126517 8126547 13 0 1 20 1  0
0 8124416 499.164 1 0 0 3409 8158483 8158484 13 0 1 20 1  0
10.4682 8126504 499.292 4 4 0.0789836 5 8126504 8126505 13 0 1 20 1  0
10.0843 8149607 500.712 4 6 0.118475 1 8149607 8149608 13 0 1 20 1  0
10.4554 8225095 505.35 3 10 0.197458 3 8225094 8225096 13 0 1 20 1  0
10.0192 8147379 500.575 7 8 0.157966 2 8147379 8147380 13 0 1 20 1  0
14.8822 8231007 505.713 7 9 0.177712 198 8158074 8158763 13 0 1 20 1  0
10.7568 8155777 501.091 3 13 0.256698 3 8155775 8155779 13 0 1 20 1  0
11.0954 8159033 501.291 4 16 0.315943 9 8149267 8149270 13 0 1 20 1  0
10.9874 8228017 505.529 3 17 0.335692 2 8149266 8149268 13 0 1 20 1  0
10.1357 8149267 500.691 4 17 0.335692 2 8149267 8149268 13 0 1 20 1  0
11.3919 8159678 501.331 3 20 0.394946 5 8149262 8149265 13 0 1 20 1  0
12.8348 8164978 501.656 8 161 3.21894 82 8157768 8157926 13 0 1 20 1  0
10.2022 8281534 508.817 8 489 10.8874 1 8164253 8164365 13 0 1 20 1  0
10.6953 8164188 501.608 6 535 12.1928 8 8157041 8157043 13 0 1 20 1  0
10.0648 8251695 506.984 7 656 16.0382 1 8251691 8251698 13 0 1 20 1  0
10.5753 8228597 505.565 6 922 27.3972 1 8228589 8228608 13 0 1 20 1  0
14.7075 8272241 508.246 8 1565 88.7123 67 8271716 8272742 13 0 1 20 1  0
25.245 8579421 527.12 7 153 3.05512 4168 8406037 8406083 13 0 1 20 1  0
0 8386560 515.27 6 0 0 9624 8579438 8579453 13 0 1 20 1  0
13.4447 8408361 516.61 3 7 0.13822 27 8408359 8408364 13 0 1 20 1  0
10.5041 8483802 521.245 6 2 0.0394922 1 8483798 8483806 13 0 1 20 1  0
18.2715 8628789 530.153 5 364 7.68211 1109 8513986 8513989 13 0 1 20 1  0
12.0679 8546976 525.126 9 35 0.691372 1 8544710 8547701 13 0 1 20 1  0
10.1818 8406042 516.467 4 191 3.83918 30 8406042 8406043 13 0 1 20 1  0
10.4275 8418062 517.206 3 206 4.15321 24 8418062 8418063 13 0 1 20 1  0
11.2088 8638930 530.776 7 293 6.03907 19 8418005 8418077 13 0 1 20 1  0
12.6582 8643802 531.075 5 77 1.5243 28 8514086 8514101 13 0 1 20 1  0
14.3982 8516790 523.272 8 899 26.2142 184 8516614 8516984 13 0 1 20 1  0
13.9592 8516842 523.275 8 889 25.7136 150 8513770 8513781 13 0 1 20 1  0
11.2902 8593234 527.968 10 1053 35.0672 7 8593084 8593554 13 0 1 20 1  0
11.3882 8538308 524.594 12 1351 60.4302 2 8537428 8539538 13 0 1 20 1  0
10.0359 8510366 522.877 12 2660 620.763 1 8510364 8510780 13 0 1 20 1  0
13.772 8830242 542.53 5 0 0 15 8830229 8830253 13 0 1 20 1  0
10.22 8672132 532.816 2 0 0 2 8672132 8672133 13 0 1 20 1  0
0 8648704 531.376 2 0 0 5603 8828961 8828964 13 0 1 20 1  0
10.2725 8664987 532.377 3 0 0 1 8664987 8664988 13 0 1 20 1  0
16.6167 8846869 543.552 7 0 0 92 8672125 8672142 13 0 1 20 1  0
33.6255 8861452 544.448 12 300 6.19641 4221 8808770 8829808 13 0 1 20 1  0
25.7103 8812658 541.45 12 27 0.533239 2758 8809392 8833212 13 0 1 20 1  0
20.2685 8828231 542.406 11 27 0.533239 4 8810297 8832476 13 0 1 20 1  0
10.1027 8818783 541.826 7 48 0.948609 1 8818781 8818785 13 0 1 20 1  0
10.343 8650400 531.481 3 53 1.04766 3 8650399 8650401 13 0 1 20 1  0
0 8648704 531.376 10 1948 175.467 18 8801358 8803797 13 0 1 20 1  0
11.9884 8779140 539.39 12 2745 721.765 1 8776856 8781458 13 0 1 20 1  0
0 8648704 531.376 12 2745 721.765 1 8828656 8830426 13 0 1 20 1  0
11.817 8965260 550.826 5 1 0.0197462 6 8919689 8919735 13 0 1 20 1  0
0 8910848 547.482 3 0 0 31 8940191 8940220 13 0 1 20 1  0
13.1552 8919701 548.026 7 1 0.0197462 16 8919670 8919753 13 0 1 20 1  0
10.4788 8940217 549.287 4 1 0.0197462 1 8940217 8940218 13 0 1 20 1  0
13.405 9197754 565.11 8 0 0 1 9197754 9197756 13 0 1 20 1  0
17.3031 9197754 565.11 2 0 0 15 9197752 9197757 13 0 1 20 1  0
0 9172992 563.589 2 0 0 46 9265406 9265407 13 0 1 20 1  0
12.941 9265412 569.267 4 0 0 12 9206220 9206235 13 0 1 20 1  0
13.8361 9413709 578.378 7 5 0.0987291 18 9265365 9265455 13 0 1 20 1  0
12.1347 9405598 577.88 9 86 1.70367 18 9405259 9405640 13 0 1 20 1  0
11.8123 9401985 577.658 4 3 0.059238 5 9197742 9197747 13 0 1 20 1  0
10.8582 9327489 573.081 4 14 0.276446 8 9327487 9327492 13 0 1 20 1  0
10.9825 9435057 579.69 11 93 1.84346 2 9434965 9435106 13 0 1 20 1  0
11.3801 9389792 576.909 12 170 3.40399 1 9389696 9389842 13 0 1 20 1  0
10.2743 9404040 577.784 11 399 8.53508 1 9403971 9404060 13 0 1 20 1  0
10.0108 9433768 579.611 12 550 12.6356 1 9433768 9433800 13 0 1 20 1  0
10.9018 9422398 578.912 12 1709 114.698 5 9421850 9423536 13 0 1 20 1  0
11.1882 9336566 573.639 12 1808 136.804 6 9333474 9338970 13 0 1 20 1  0
13.5604 9435136 579.695 12 1925 168.44 17 9434438 9435138 13 0 1 20 1  0
11.9302 9434972 579.685 12 2755 734.68 4 9433266 9435138 13 0 1 20 1  0
10.962 9416362 578.541 12 2861 886.624 1 9415536 9417618 13 0 1 20 1  0
12.0712 9532698 585.689 2 0 0 7 9532697 9532700 13 0 1 20 1  0
0 9435136 579.695 3 0 0 1 9561644 9561645 13 0 1 20 1  0
11.0522 9497224 583.509 3 6 0.118475 4 9497224 9497226 13 0 1 20 1  0
10.0532 9475792 582.193 7 20 0.394946 1 9475792 9475793 13 0 1 20 1  0
11.0701 9478523 582.36 9 31 0.612292 10 9478501 9478553 13 0 1 20 1  0
11.2799 9718272 597.091 8 0 0 1 9718272 9718273 13 0 1 20 1  0
11.8876 9718272 597.091 1 0 0 1 9718272 9718274 13 0 1 20 1  0
0 9697280 595.801 1 0 0 179 9770076 9770079 13 0 1 20 1  0
14.8057 9770076 600.273 3 0 0 4 9727805 9727814 13 0 1 20 1  0
12.328 9782116 601.013 5 2 0.0394922 11 9770064 9770073 13 0 1 20 1  0
23.5151 9779071 600.826 7 414 8.91049 5289 9778977 9779156 13 0 1 20 1  0
12.7289 9773949 600.511 4 1 0.0197462 1 9727806 9727814 13 0 1 20 1  0
11.5308 9727810 597.677 4 2 0.0394922 5 9727809 9727814 13 0 1 20 1  0
14.1625 9734806 598.106 11 211 4.25852 271 9734479 9735189 13 0 1 20 1  0
0 9697280 595.801 12 599 14.146 28 9760402 9760416 13 0 1 20 1  0
10.9009 9759071 599.597 11 649 15.7974 4 9758977 9759516 13 0 1 20 1  0
11.5534 9757710 599.514 12 1116 39.4034 4 9756808 9758348 13 0 1 20 1  0
10.5008 9729294 597.768 12 1398 65.7667 1 9728942 9730212 13 0 1 20 1  0
10.5089 9718894 597.129 11 2367 369.16 1 9717805 9718975 13 0 1 20 1  0
10.2002 9959394 611.905 12 2922 987.917 1 9958910 9959426 13 0 1 20 1  0
15.3814 10029358 616.204 12 37 0.730923 9 10027412 10033306 13 0 1 20 1  0
0 9959424 611.907 8 0 0 179 10033739 10033740 13 0 1 20 1  0
10.4972 10026904 616.053 1 0 0 1 10026904 10026905 13 0 1 20 1  0
15.8079 10033752 616.474 2 0 0 7 10026904 10026906 13 0 1 20 1  0
17.5087 10181526 625.553 4 1 0.0197462 117 10027396 10027407 13 0 1 20 1  0
13.0229 10179352 625.419 8 1 0.0197462 81 10179304 10179400 13 0 1 20 1  0
11.1118 10028705 616.164 2 1 0.0197462 1 10028705 10028706 13 0 1 20 1  0
14.8609 10031483 616.334 3 1 0.0197462 7 10028703 10028709 13 0 1 20 1  0
14.015 10215317 627.629 4 8 0.157966 44 10073415 10073418 13 0 1 20 1  0
10.2376 10073414 618.911 4 9 0.177712 3 10073414 10073415 13 0 1 20 1  0
13.4384 10162946 624.411 5 74 1.46459 167 10162934 10162959 13 0 1 20 1  0
13.8651 10231303 628.611 4 0 0 4 10231298 10231310 13 0 1 20 1  0
0 10221568 628.013 2 0 0 12 10381942 10381947 13 0 1 20 1  0
14.3281 10427618 640.673 5 0 0 12 10231290 10231297 13 0 1 20 1  0
12.1505 10381936 637.866 3 3 0.059238 15 10381934 10381938 13 0 1 20 1  0
15.4402 10676022 655.935 8 0 0 1 10676022 10676023 13 0 1 20 1  0
10.3411 10574560 649.701 2 1 0.0197462 2 10574560 10574561 13 0 1 20 1  0
15.3106 10676023 655.935 1 0 0 1 10676022 10676024 13 0 1 20 1  0
0 10483712 644.119 1 0 0 27 10744538 10744539 13 0 1 20 1  0
10.3379 10603606 651.486 2 0 0 1 10603606 10603607 13 0 1 20 1  0
12.1442 10744537 660.144 2 0 0 2 10626260 10626261 13 0 1 20 1  0
14.3442 10744860 660.164 3 0 0 6 10561649 10561653 13 0 1 20 1  0
13.5241 10652050 654.462 5 0 0 40 10561635 10561658 13 0 1 20 1  0
15.465 10744588 660.147 10 4 0.0789836 138 10579313 10579347 13 0 1 20 1  0
10.7704 10561642 648.907 6 2 0.0394922 5 10561638 10561647 13 0 1 20 1  0
11.0304 10745855 660.225 11 2677 639.764 2 10745407 10745857 13 0 1 20 1  0
17.762 10731964 659.372 12 2784 773.453 12 10726286 10735948 13 0 1 20 1  0
0 10483712 644.119 9 2779 766.625 2 10733799 10734008 13 0 1 20 1  0
11.3598 10717854 658.505 12 2850 869.495 1 10713066 10719732 13 0 1 20 1  0
10.2953 10745254 660.188 12 3100 1354.6 1 10744576 10745858 13 0 1 20 1  0
11.589 10810417 664.192 8 0 0 1 10810417 10810418 13 0 1 20 1  0
14.9617 10998633 675.756 8 0 0 1 10998633 10998634 13 0 1 20 1  0
10.5954 10810418 664.192 1 0 0 1 10810418 10810419 13 0 1 20 1  0
12.0943 11006721 676.253 1 0 0 1 10998633 10998635 13 0 1 20 1  0
0 10745856 660.225 1 0 0 85 11006721 11006722 13 0 1 20 1  0
12.0424 10776971 662.137 4 4 0.0789836 18 10776969 10776975 13 0 1 20 1  0
12.4194 10843084 666.199 12 133 2.64815 59 10841144 10844270 13 0 1 20 1  0
16.8294 10823275 664.982 11 278 5.70501 201 10817707 10829517 13 0 1 20 1  0
10.3307 10759357 661.055 5 10 0.197458 5 10759356 10759364 13 0 1 20 1  0
10.1021 10821834 664.893 5 7 0.13822 1 10821834 10821836 13 0 1 20 1  0
10.0963 10825068 665.092 5 20 0.394946 1 10825064 10825069 13 0 1 20 1  0
10.0005 10761829 661.207 11 73 1.4447 1 10761829 10761830 13 0 1 20 1  0
13.4881 10833580 665.615 12 1567 89.0299 35 10808368 10815134 13 0 1 20 1  0
20.4649 10811308 664.247 12 1725 118.014 1526 10805784 10815462 13 0 1 20 1  0
0 10745856 660.225 10 1083 37.0742 552 10837976 10838320 13 0 1 20 1  0
12.1686 10793107 663.128 8 2197 273.031 28 10792550 10793217 13 0 1 20 1  0
11.4907 10827391 665.235 11 2339 351.27 8 10803591 10803670 13 0 1 20 1  0
0 10745856 660.225 11 2339 351.27 3 10825687 10828040 13 0 1 20 1  0
10.8949 10778016 662.201 10 2411 399.13 1 10772571 10778891 13 0 1 20 1  0
12.3998 10758223 660.985 11 2584 542.482 5 10756749 10762596 13 0 1 20 1  0
12.1512 10793249 663.137 11 2651 610.933 1 10791604 10795213 13 0 1 20 1  0
10.6663 11019139 677.016 8 0 0 1 11019139 11019140 13 0 1 20 1  0
11.7283 11024545 677.348 8 0 0 1 11024545 11024546 13 0 1 20 1  0
11.0802 11024546 677.348 1 0 0 1 11024546 11024547 13 0 1 20 1  0
12.0627 11113764 682.83 3 0 0 2 11054148 11054153 13 0 1 20 1  0
0 11008000 676.331 2 0 0 18 11100341 11100349 13 0 1 20 1  0
12.9847 11100346 682.005 4 1 0.0197462 4 11054140 11054188 13 0 1 20 1  0
13.2671 11054165 679.168 6 0 0 26 11054149 11054181 13 0 1 20 1  0
11.6248 11198482 688.035 3 1 0.0197462 1 11100343 11100351 13 0 1 20 1  0
10.24 11064237 679.787 3 2 0.0394922 1 11064237 11064238 13 0 1 20 1  0
11.2598 11118362 683.112 10 67 1.32543 5 11118324 11118692 13 0 1 20 1  0
0 11008000 676.331 9 41 0.810049 2 11118694 11118711 13 0 1 20 1  0
12.6346 11489938 705.942 5 0 0 4 11352249 11352267 13 0 1 20 1  0
11.4729 11504249 706.821 4 1 0.0197462 4 11352260 11352272 13 0 1 20 1  0
0 11270144 692.438 3 0 0 153 11494469 11494478 13 0 1 20 1  0
13.7525 11494455 706.219 7 2 0.0394922 23 11342453 11342528 13 0 1 20 1  0
10.9142 11342432 696.879 5 71 1.40493 24 11342421 11342437 13 0 1 20 1  0
11.3953 11352193 697.479 5 69 1.36517 28 11342422 11342441 13 0 1 20 1  0
12.0794 11491979 706.067 6 72 1.42481 16 11342425 11342445 13 0 1 20 1  0
11.2441 11470000 704.717 7 90 1.78351 64 11469963 11470013 13 0 1 20 1  0
11.4868 11504702 706.849 12 82 1.6239 1 11502326 11506232 13 0 1 20 1  0
12.0126 11780188 723.775 4 0 0 13 11714775 11714780 13 0 1 20 1  0
0 11532288 708.544 4 0 0 1 11780186 11780201 13 0 1 20 1  0
10.6856 11714777 719.756 4 1 0.0197462 3 11714777 11714778 13 0 1 20 1  0
13.3541 11808017 725.485 3 0 0 3 11807995 11808021 13 0 1 20 1  0
0 11794432 724.65 2 0 0 74 11854700 11854701 13 0 1 20 1  0
16.1707 11919151 732.313 5 0 0 34 11808003 11808012 13 0 1 20 1  0
14.0928 11889361 730.482 3 3 0.059238 8 11889359 11889363 13 0 1 20 1  0
10.1406 11802236 725.129 4 3 0.059238 2 11802236 11802237 13 0 1 20 1  0
12.1264 11899122 731.082 2 3 0.059238 3 11899122 11899124 13 0 1 20 1  0
11.9551 11899450 731.102 2 2 0.0394922 1 11899450 11899451 13 0 1 20 1  0
12.179 11890014 730.522 3 2 0.0394922 2 11889361 11889363 13 0 1 20 1  0
10.824 11924273 732.627 3 8 0.157966 4 11924273 11924275 13 0 1 20 1  0
12.5552 12153436 746.707 12 90 1.78351 7 12151460 12154450 13 0 1 20 1  0
11.721 12254760 752.932 8 0 0 1 12253128 12253129 13 0 1 20 1  0
0 12056576 740.756 8 0 0 89 12254760 12254761 13 0 1 20 1  0
14.1347 12254758 752.932 2 1 0.0197462 6 12254758 12254760 13 0 1 20 1  0
10.1998 12149818 746.485 2 0 0 1 12149818 12149819 13 0 1 20 1  0
15.3701 12153720 746.725 3 0 0 13 12149815 12149821 13 0 1 20 1  0
12.4201 12303022 755.898 7 3 0.059238 13 12303001 12303072 13 0 1 20 1  0
11.3504 12155012 746.804 4 4 0.0789836 2 12155011 12155013 13 0 1 20 1  0
10.0795 12151764 746.604 4 2 0.0394922 1 12151764 12151765 13 0 1 20 1  0
10.1709 12167714 747.584 6 2 0.0394922 2 12167714 12167716 13 0 1 20 1  0
10.1036 12153061 746.684 4 3 0.059238 1 12153061 12153062 13 0 1 20 1  0
15.0716 12319270 756.896 8 0 0 33 12319270 12319274 13 0 1 20 1  0
20.606 12319272 756.896 2 0 0 43 12319269 12319274 13 0 1 20 1  0
12.165 12390257 761.257 4 0 0 1 12319267 12319276 13 0 1 20 1  0
13.9343 12389286 761.198 6 0 0 68 12389260 12389301 13 0 1 20 1  0
10.1993 12554471 771.347 7 9 0.177712 3 12554468 12554472 13 0 1 20 1  0
10.1849 12553819 771.307 8 504 11.3047 5 12553795 12553821 13 0 1 20 1  0
10.1883 12331576 757.652 12 2099 229.437 2 12331330 12331670 13 0 1 20 1  0
34.0998 12807733 786.907 3 0 0 397 12718926 12718932 13 0 1 20 1  0
0 12580864 772.968 8 0 0 206 12771002 12771003 13 0 1 20 1  0
11.0434 12728874 782.062 7 1 0.0197462 5 12669651 12669695 13 0 1 20 1  0
12.1811 12718925 781.451 2 1 0.0197462 2 12718925 12718926 13 0 1 20 1  0
10.8131 12807606 786.899 1 1 0.0197462 1 12807606 12807607 13 0 1 20 1  0
11.432 12669671 778.425 7 2 0.0394922 9 12669640 12669698 13 0 1 20 1  0
10.6267 12728544 782.042 6 291 5.99429 2 12728538 12728556 13 0 1 20 1  0
26.8957 12941701 795.138 6 1 0.0197462 171 12897691 12897725 13 0 1 20 1  0
0 12843008 789.074 8 0 0 62 12941696 12941697 13 0 1 20 1  0
10.7686 12869788 790.72 1 0 0 1 12869788 12869789 13 0 1 20 1  0
10.5854 12867790 790.597 2 0 0 1 12867790 12867791 13 0 1 20 1  0
10.0561 12897713 792.435 6 3 0.059238 1 12897713 12897714 13 0 1 20 1  0
10.1034 13017961 799.823 3 8 0.157966 1 13017961 13017962 13 0 1 20 1  0
10.2636 13029335 800.522 3 9 0.177712 1 13029335 13029336 13 0 1 20 1  0
10.1261 13018919 799.882 4 91 1.80349 1 13018919 13018920 13 0 1 20 1  0
10.7435 13086087 804.009 6 217 4.38533 4 12897449 12897459 13 0 1 20 1  0
18.6439 13295846 816.897 8 0 0 2 13295845 13295847 13 0 1 20 1  0
0 13105152 805.18 8 0 0 14 13338609 13338610 13 0 1 20 1  0
10.7643 13288596 816.451 1 0 0 1 13288596 13288597 13 0 1 20 1  0
21.4935 13295846 816.897 1 0 0 4 13295846 13295848 13 0 1 20 1  0
12.122 13302898 817.33 4 1 0.0197462 5 13272281 13272285 13 0 1 20 1  0
11.877 13303521 817.368 6 1 0.0197462 9 13303510 13303539 13 0 1 20 1  0
10.0825 13272280 815.449 4 2 0.0394922 1 13272280 13272282 13 0 1 20 1  0
10.1654 13260670 814.736 5 27 0.533239 3 13260670 13260672 13 0 1 20 1  0
10.7549 13157920 808.423 12 3104 1364.24 1 13156904 13158352 13 0 1 20 1  0
11.029 13478015 828.089 8 0 0 1 13478015 13478016 13 0 1 20 1  0
14.6328 13397206 823.124 4 0 0 11 13397198 13397214 13 0 1 20 1  0
0 13367296 821.287 3 0 0 14 13547177 13547178 13 0 1 20 1  0
11.5667 13381277 822.146 6 0 0 3 13381263 13381289 13 0 1 20 1  0
11.4827 13437864 825.622 7 1 0.0197462 7 13381282 13381297 13 0 1 20 1  0
11.1345 13810954 848.545 8 0 0 1 13810954 13810955 13 0 1 20 1  0
16.7249 13880907 852.843 8 0 0 1 13823622 13823623 13 0 1 20 1  0
19.8379 13632980 837.61 9 745 19.3282 5552 13632697 13633285 13 0 1 20 1  0
15.105 13880908 852.843 1 0 0 2 13810954 13810956 13 0 1 20 1  0
0 13629440 837.393 1 0 0 61 13823623 13823624 13 0 1 20 1  0
13.0301 13865668 851.907 3 0 0 3 13747874 13747878 13 0 1 20 1  0
10.2752 13704612 842.011 4 0 0 1 13704612 13704613 13 0 1 20 1  0
12.0639 13797042 847.69 4 0 0 3 13747871 13747876 13 0 1 20 1  0
10.3412 13888443 853.306 5 0 0 2 13888441 13888446 13 0 1 20 1  0
13.4636 13852664 851.108 7 1 0.0197462 14 13852616 13852694 13 0 1 20 1  0
13.7922 13843158 850.524 3 3 0.059238 15 13823615 13823616 13 0 1 20 1  0
10.9702 13847388 850.784 1 1 0.0197462 1 13847388 13847389 13 0 1 20 1  0
10.4354 13810949 848.545 3 2 0.0394922 4 13810949 13810950 13 0 1 20 1  0
10.4444 13747872 844.669 4 1 0.0197462 1 13747872 13747873 13 0 1 20 1  0
10.517 13673705 840.112 5 1 0.0197462 1 13673705 13673706 13 0 1 20 1  0
11.6582 13823617 849.323 2 3 0.059238 7 13823617 13823618 13 0 1 20 1  0
0 13629440 837.393 5 879 25.2211 6 13632889 13632898 13 0 1 20 1  0
14.7222 13907917 854.502 8 0 0 1 13907917 13907918 13 0 1 20 1  0
13.7806 14077570 864.926 8 0 0 1 13991623 13991624 13 0 1 20 1  0
0 13891584 853.499 8 0 0 5 14077570 14077571 13 0 1 20 1  0
14.9282 13907917 854.502 1 0 0 17 13907917 13907919 13 0 1 20 1  0
0 13891584 853.499 1 0 0 13 14077570 14077572 13 0 1 20 1  0
12.0535 14088366 865.589 3 0 0 1 13942681 13942683 13 0 1 20 1  0
10.2209 14116225 867.301 4 0 0 1 14116224 14116229 13 0 1 20 1  0
11.7241 13988012 859.423 7 2 0.0394922 7 13924901 13924911 13 0 1 20 1  0
10.7076 13893277 853.603 2 1 0.0197462 1 13893277 13893278 13 0 1 20 1  0
18.1315 14152608 869.536 12 1785 131.318 22 14082546 14083094 13 0 1 20 1  0
11.2427 14083598 865.296 12 1698 112.472 1 14083006 14084962 13 0 1 20 1  0
0 13891584 853.499 12 1698 112.472 2 14153612 14153730 13 0 1 20 1  0
10.2133 14184620 871.503 8 0 0 1 14184620 14184621 13 0 1 20 1  0
11.2172 14194050 872.082 8 0 0 1 14194050 14194051 13 0 1 20 1  0
19.7334 14167024 870.422 5 4 0.0789836 3551 14165366 14165371 13 0 1 20 1  0
15.3453 14204753 872.74 2 0 0 13 14167020 14167049 13 0 1 20 1  0
10.2536 14166066 870.363 3 2 0.0394922 3 14166066 14166067 13 0 1 20 1  0
26.4032 14241157 874.977 8 2 0.0394922 134 14165944 14168112 13 0 1 20 1  0
21.8398 14208155 872.949 11 11 0.217204 2239 14165620 14167999 13 0 1 20 1  0
10.0532 14156252 869.76 4 1 0.0197462 1 14156252 14156253 13 0 1 20 1  0
12.8916 14331559 880.531 10 382 8.11689 64 14206557 14207532 13 0 1 20 1  0
14.1471 14205071 872.76 3 8 0.157966 12 14167008 14167025 13 0 1 20 1  0
10.5267 14240209 874.918 8 531 12.0762 12 14240186 14240278 13 0 1 20 1  0
11.2872 14325920 880.185 10 1305 55.6142 15 14325666 14326273 13 0 1 20 1  0
10.0496 14465568 888.764 8 0 0 1 14465568 14465569 13 0 1 20 1  0
23.3131 14607520 897.486 3 0 0 27 14468787 14468790 13 0 1 20 1  0
0 14415872 885.711 8 0 0 2801 14594829 14594830 13 0 1 20 1  0
10.5748 14465568 888.764 2 0 0 1 14465568 14465569 13 0 1 20 1  0
23.0326 14629374 898.829 12 6 0.118475 483 14592120 14595368 13 0 1 20 1  0
11.1222 14591241 896.486 2 1 0.0197462 1 14591241 14591242 13 0 1 20 1  0
10.6902 14468783 888.962 3 2 0.0394922 3 14468783 14468784 13 0 1 20 1  0
10.0016 14595103 896.723 10 1 0.0197462 1 14595103 14595104 13 0 1 20 1  0
10.0915 14566305 894.954 3 3 0.059238 2 14566305 14566306 13 0 1 20 1  0
10.0452 14582122 895.926 5 2 0.0394922 1 14582122 14582123 13 0 1 20 1  0
10.1187 14594818 896.706 3 5 0.0987291 1 14594818 14594819 13 0 1 20 1  0
10.0616 14625710 898.604 7 7 0.13822 1 14625710 14625711 13 0 1 20 1  0
10.8584 14594944 896.713 3 9 0.177712 2 14594944 14594945 13 0 1 20 1  0
10.7564 14632587 899.026 3 10 0.197458 1 14607509 14607512 13 0 1 20 1  0
10.5361 14629325 898.826 3 14 0.276446 2 14629324 14629328 13 0 1 20 1  0
10.0332 14746540 906.027 8 0 0 1 14746540 14746541 13 0 1 20 1  0
12.1573 14889541 914.813 8 0 0 4 14861560 14861572 13 0 1 20 1  0
10.0081 14678179 901.827 4 0 0 1000 14678179 14678180 13 0 1 20 1  0
10.3727 14687424 902.395 3 2 0.0394922 3 14687424 14687425 13 0 1 20 1  0
21.7692 14863573 913.218 4 0 0 14 14687279 14687289 13 0 1 20 1  0
10.1273 14687285 902.387 2 0 0 1 14687285 14687286 13 0 1 20 1  0
16.8525 14750452 906.268 4 2 0.0394922 5 14687278 14687280 13 0 1 20 1  0
16.2052 14752077 906.368 3 1 0.0197462 7 14687608 14687610 13 0 1 20 1  0
17.1049 14885588 914.57 4 1 0.0197462 6 14687417 14687426 13 0 1 20 1  0
11.2544 14864217 913.257 2 2 0.0394922 2 14864217 14864219 13 0 1 20 1  0
10.768 14751090 906.307 6 2 0.0394922 2 14751084 14751098 13 0 1 20 1  0
10.4523 14687928 902.426 5 3 0.059238 2 14687928 14687929 13 0 1 20 1  0
11.3293 14894353 915.109 7 3 0.059238 2 14815546 14815582 13 0 1 20 1  0
10.3351 14860813 913.048 3 5 0.0987291 1 14752726 14752727 13 0 1 20 1  0
10.8877 14861463 913.088 3 6 0.118475 6 14752723 14752726 13 0 1 20 1  0
11.9099 14862446 913.149 5 6 0.118475 4 14750114 14750116 13 0 1 20 1  0
10.0522 14853323 912.588 5 8 0.157966 1 14853323 14853324 13 0 1 20 1  0
10.1646 14861132 913.068 5 10 0.197458 1 14861132 14861133 13 0 1 20 1  0
10.7374 14861336 913.08 9 20 0.394946 2 14861323 14861353 13 0 1 20 1  0
10.2937 14827211 910.984 3 35 0.691372 1 14827211 14827213 13 0 1 20 1  0
10.0249 14862608 913.159 3 76 1.50439 1 14862608 14862609 13 0 1 20 1  0
13.726 15107262 928.19 8 0 0 1 15107262 15107263 13 0 1 20 1  0
18.4951 15123206 929.17 8 0 0 1 15108559 15108560 13 0 1 20 1  0
0 14940160 917.923 8 0 0 617 15108885 15108886 13 0 1 20 1  0
11.3956 15107252 928.19 1 0 0 1 15107252 15107253 13 0 1 20 1  0
24.1314 15123209 929.17 1 0 0 5 15107263 15107264 13 0 1 20 1  0
36.6917 15114417 928.63 3 0 0 56 14953939 14953981 13 0 1 20 1  0
14.2 15188091 933.156 4 0 0 1 14957529 14957552 13 0 1 20 1  0
14.9963 14953966 918.772 5 1 0.0197462 13 14953935 14953980 13 0 1 20 1  0
11.205 15110544 928.392 7 4 0.0789836 7 14953910 14953986 13 0 1 20 1  0
10.5106 15108884 928.29 3 2 0.0394922 7 15108884 15108885 13 0 1 20 1  0
17.4454 15113273 928.559 2 1 0.0197462 1 15109042 15109045 13 0 1 20 1  0
13.8385 15110516 928.39 2 2 0.0394922 1 15109040 15109043 13 0 1 20 1  0
10.964 15162886 931.608 9 8 0.157966 2 15162862 15162912 13 0 1 20 1  0
10.4832 15109028 928.299 4 7 0.13822 3 15109028 15109029 13 0 1 20 1  0
10.0324 15089485 927.098 6 445 9.70658 1 15089485 15089486 13 0 1 20 1  0
10.6497 15359359 943.679 8 0 0 1 15359359 15359360 13 0 1 20 1  0
23.8391 15416618 947.197 3 0 0 18 15278286 15278291 13 0 1 20 1  0
0 15202304 934.03 8 0 0 631 15416605 15416609 13 0 1 20 1  0
27.449 15304076 940.282 7 0 0 817 15271728 15271808 13 0 1 20 1  0
10.0439 15278289 938.698 3 1 0.0197462 1 15278289 15278290 13 0 1 20 1  0
15.8546 15336007 942.244 4 2 0.0394922 22 15303791 15303794 13 0 1 20 1  0
12.8999 15333655 942.1 5 16 0.315943 163 15304006 15304024 13 0 1 20 1  0
10.3279 15414202 947.049 12 193 3.88089 1 15414166 15414280 13 0 1 20 1  0
11.9375 15611728 959.185 8 0 0 1 15611726 15611729 13 0 1 20 1  0
0 15464448 950.136 8 0 0 1322 15669351 15669352 13 0 1 20 1  0
10.332 15471393 950.562 1 0 0 1 15471393 15471394 13 0 1 20 1  0
14.0063 15672285 962.905 1 0 0 1 15567474 15567475 13 0 1 20 1  0
21.5756 15670338 962.786 4 0 0 19 15481132 15481138 13 0 1 20 1  0
18.7474 15683355 963.585 5 1 0.0197462 2 15582081 15582093 13 0 1 20 1  0
14.555 15675216 963.085 6 0 0 1 15612666 15612695 13 0 1 20 1  0
17.0637 15640498 960.952 7 2 0.0394922 58 15612625 15612679 13 0 1 20 1  0
15.2173 15674324 963.03 12 65 1.28571 37 15669104 15685478 13 0 1 20 1  0
12.3891 15673259 962.965 2 1 0.0197462 1 15582081 15582083 13 0 1 20 1  0
14.4066 15582078 957.363 3 3 0.059238 29 15582076 15582082 13 0 1 20 1  0
15.3895 15683686 963.606 3 2 0.0394922 1 15582077 15582084 13 0 1 20 1  0
10.0584 15481129 951.161 5 2 0.0394922 1 15481129 15481130 13 0 1 20 1  0
10.1137 15612668 959.242 6 4 0.0789836 1 15612668 15612669 13 0 1 20 1  0
11.1938 15680742 963.425 5 6 0.118475 2 15670320 15670327 13 0 1 20 1  0
10.0596 15688779 963.919 5 170 3.40399 1 15688777 15688780 13 0 1 20 1  0
12.3553 15639642 960.9 8 502 11.2486 129 15639472 15639695 13 0 1 20 1  0
12.752 15682056 963.505 12 472 10.4237 14 15670306 15682452 13 0 1 20 1  0
0 15464448 950.136 12 435 9.44669 2 15670004 15682254 13 0 1 20 1  0
11.1015 15747837 967.547 8 0 0 1 15747837 15747838 13 0 1 20 1  0
11.1686 15929199 978.69 8 0 0 1 15929199 15929200 13 0 1 20 1  0
10.0062 15832596 972.755 2 0 0 1 15832596 15832597 13 0 1 20 1  0
14.6914 15841853 973.323 5 0 0 35 15841844 15841870 13 0 1 20 1  0
0 15726592 966.242 2 0 0 73 15841044 15841048 13 0 1 20 1  0
19.6061 15934163 978.995 8 0 0 28 15920251 15920405 13 0 1 20 1  0
10.7095 15834521 972.873 3 1 0.0197462 2 15834521 15834522 13 0 1 20 1  0
12.6198 15920327 978.145 7 2 0.0394922 7 15920308 15920362 13 0 1 20 1  0
11.7782 16010911 983.71 8 0 0 1 16010911 16010912 13 0 1 20 1  0
13.6931 16019384 984.231 8 0 0 1 16019384 16019385 13 0 1 20 1  0
0 15988736 982.348 8 0 0 561 16108948 16108949 13 0 1 20 1  0
10.709 16010910 983.71 2 0 0 2 16010910 16010911 13 0 1 20 1  0
12.7109 16019385 984.231 1 0 0 1 16019384 16019386 13 0 1 20 1  0
12.8435 16142150 991.774 2 0 0 1 16019384 16019386 13 0 1 20 1  0
15.9254 16039557 985.47 5 0 0 7 16039533 16039569 13 0 1 20 1  0
10.4278 16032375 985.029 4 0 0 1 16032375 16032376 13 0 1 20 1  0
22.5347 16220292 996.575 12 3 0.059238 48 16108764 16115158 13 0 1 20 1  0
10.7353 16042139 985.629 3 1 0.0197462 1 16042139 16042140 13 0 1 20 1  0
11.0279 16218968 996.493 3 1 0.0197462 1 16044743 16044744 13 0 1 20 1  0
13.2864 16161641 992.971 4 1 0.0197462 3 16039533 16039568 13 0 1 20 1  0
15.0288 16227444 997.014 5 1 0.0197462 1 16042125 16042144 13 0 1 20 1  0
10.4147 16059933 986.722 3 6 0.118475 2 16059932 16059934 13 0 1 20 1  0
11.8318 16238677 997.704 3 187 3.7559 33 16238674 16238684 13 0 1 20 1  0
10.0512 16219794 996.544 4 182 3.65206 1 16219794 16219795 13 0 1 20 1  0
11.0108 16219578 996.531 12 388 8.26363 1 16218874 16219660 13 0 1 20 1  0
11.0838 16205254 995.651 10 2478 449.501 6 16203364 16205749 13 0 1 20 1  0
34.4883 16298990 1001.41 3 0 0 88 16255399 16255404 13 0 1 20 1  0
15.5337 16255470 998.736 9 1 0.0197462 430 16255178 16255665 13 0 1 20 1  0
10.9691 16258377 998.915 1 0 0 1 16258377 16258378 13 0 1 20 1  0
10.0998 16252818 998.573 2 0 0 1 16252818 16252819 13 0 1 20 1  0
10.8477 16356140 1004.92 1 1 0.0197462 1 16298911 16298914 13 0 1 20 1  0
18.9483 16356472 1004.94 2 1 0.0197462 1 16298909 16298915 13 0 1 20 1  0
10.1212 16258977 998.952 5 2 0.0394922 1 16258977 16258978 13 0 1 20 1  0
12.2902 16375197 1006.09 2 3 0.059238 1 16298908 16298912 13 0 1 20 1  0
10.0507 16452726 1010.86 3 137 2.72927 1 16452726 16452728 13 0 1 20 1  0
10.0306 16252252 998.538 12 611 14.5317 2 16252248 16252296 13 0 1 20 1  0
10.7602 16604465 1020.18 3 0 0 2 16604464 16604469 13 0 1 20 1  0
10.538 16722968 1027.46 4 17 0.335692 17 16722967 16722970 13 0 1 20 1  0
10.0152 16631774 1021.86 4 16 0.315943 1 16631774 16631775 13 0 1 20 1  0
0 16513024 1014.56 5 23 0.454207 1 16722949 16722963 13 0 1 20 1  0
11.268 16722638 1027.44 4 159 3.17792 56 16722625 16722647 13 0 1 20 1  0
10.0438 16722381 1027.42 4 256 5.22223 1 16722381 16722382 13 0 1 20 1  0
10.0069 16722329 1027.42 3 275 5.63868 1 16722329 16722330 13 0 1 20 1  0
10.9265 16775146 1030.66 12 2818 821.525 1 16774338 16775170 13 0 1 20 1  0
10.2814 16774990 1030.66 12 3149 1477.57 1 16774870 16775170 13 0 1 20 1  0
10.4628 16866755 1036.29 8 0 0 4 16866755 16866756 13 0 1 20 1  0
33.2296 16942898 1040.97 12 5 0.0987291 55 16939630 17017546 13 0 1 20 1  0
16.88 17004771 1044.77 8 0 0 1 16866970 16866976 13 0 1 20 1  0
0 16775168 1030.67 8 0 0 11590 16866980 16866981 13 0 1 20 1  0
44.7025 16919560 1039.54 12 7 0.13822 171 16939490 17037314 13 0 1 20 1  0
26.1088 17004772 1044.77 2 0 0 3 16866960 16866981 13 0 1 20 1  0
38.6578 16958236 1041.91 12 0 0 2 16939578 17035166 13 0 1 20 1  0
10.4065 16940687 1040.84 1 1 0.0197462 1 16918122 16918129 13 0 1 20 1  0
14.5602 16981414 1043.34 2 1 0.0197462 1 16867087 16867096 13 0 1 20 1  0
21.8987 16942296 1040.93 3 1 0.0197462 2 16866960 16866978 13 0 1 20 1  0
13.5746 17010957 1045.15 6 1 0.0197462 2 16868692 16868714 13 0 1 20 1  0
10.2374 16867411 1036.33 2 2 0.0394922 1 16867411 16867412 13 0 1 20 1  0
10.1795 16869012 1036.43 2 3 0.059238 1 16869012 16869013 13 0 1 20 1  0
11.7612 16941589 1040.89 2 3 0.059238 1 16907359 16907360 13 0 1 20 1  0
18.7191 16942948 1040.97 3 3 0.059238 1 16866958 16866973 13 0 1 20 1  0
15.6055 17009338 1045.05 3 3 0.059238 2 16867082 16867098 13 0 1 20 1  0
13.0572 17031917 1046.44 4 3 0.059238 1 16867081 16867097 13 0 1 20 1  0
16.0433 16963148 1042.22 3 4 0.0789836 1 16866960 16866970 13 0 1 20 1  0
16.4433 16961852 1042.14 5 5 0.0987291 1 16867401 16867407 13 0 1 20 1  0
15.1952 16973584 1042.86 5 5 0.0987291 1 16867617 16867628 13 0 1 20 1  0
12.8414 16982704 1043.42 6 5 0.0987291 1 16908437 16908453 13 0 1 20 1  0
16.6088 16920466 1039.59 4 7 0.13822 2 16866953 16866964 13 0 1 20 1  0
13.8111 16981722 1043.36 4 7 0.13822 1 16867082 16867087 13 0 1 20 1  0
14.4711 16969994 1042.64 6 7 0.13822 1 16868690 16868691 13 0 1 20 1  0
10.1961 16866956 1036.31 4 9 0.177712 2 16866956 16866957 13 0 1 20 1  0
13.0233 16978792 1043.18 5 10 0.197458 1 16908102 16908112 13 0 1 20 1  0
12.4102 16956626 1041.82 4 11 0.217204 1 16918206 16918210 13 0 1 20 1  0
10.2503 16918210 1039.45 3 12 0.236951 1 16918210 16918211 13 0 1 20 1  0
11.2861 16941720 1040.9 5 419 9.03701 29 16917951 16917968 13 0 1 20 1  0
12.8964 16941728 1040.9 12 539 12.31 4 16918414 16920232 13 0 1 20 1  0
0 16775168 1030.67 12 394 8.4113 7 16941386 16942816 13 0 1 20 1  0
10.8271 16918658 1039.48 4 401 8.58478 4 16918636 16918689 13 0 1 20 1  0
0 16775168 1030.67 4 401 8.58478 88 16918965 16918997 13 0 1 20 1  0
14.4541 16919514 1039.53 12 464 10.2088 84 16917518 16920968 13 0 1 20 1  0
10.848 16919600 1039.54 5 418 9.01165 2 16918591 16918651 13 0 1 20 1  0
10.6151 16919246 1039.52 4 425 9.18978 1 16917946 16917952 13 0 1 20 1  0
10.0471 16917903 1039.44 3 445 9.70658 1 16917903 16917904 13 0 1 20 1  0
14.277 16909470 1038.92 12 2605 563.068 45 16905622 16911752 13 0 1 20 1  0
0 16775168 1030.67 12 2595 553.169 3 16927334 16930732 13 0 1 20 1  0
10.0047 16906780 1038.75 6 2612 570.103 1 16906780 16906781 13 0 1 20 1  0
0 16775168 1030.67 6 2612 570.103 14 16907793 16907794 13 0 1 20 1  0
10.0082 17042227 1047.07 8 0 0 1 17042227 17042228 13 0 1 20 1  0
18.3058 17273589 1061.29 2 0 0 23 17042550 17042556 13 0 1 20 1  0
0 17037312 1046.77 8 0 0 6595 17048426 17048430 13 0 1 20 1  0
10.1722 17042227 1047.07 1 0 0 2 17042227 17042228 13 0 1 20 1  0
22.5145 17093393 1050.22 3 0 0 5 17042549 17042557 13 0 1 20 1  0
20.9041 17093073 1050.2 4 0 0 18 17048420 17048439 13 0 1 20 1  0
10.7317 17048434 1047.46 2 1 0.0197462 3 17048434 17048435 13 0 1 20 1  0
13.7652 17273005 1061.25 2 1 0.0197462 1 17049402 17049410 13 0 1 20 1  0
10.2891 17049407 1047.52 2 2 0.0394922 1 17049407 17049408 13 0 1 20 1  0
12.9572 17145845 1053.44 3 2 0.0394922 1 17049403 17049409 13 0 1 20 1  0
11.4472 17093720 1050.24 3 6 0.118475 4 17057970 17057972 13 0 1 20 1  0
12.3987 17057333 1048 5 4 0.0789836 2 17057321 17057339 13 0 1 20 1  0
10.61 17093179 1050.2 5 7 0.13822 3 17057325 17057330 13 0 1 20 1  0
10.0831 17057974 1048.04 5 10 0.197458 1 17057974 17057975 13 0 1 20 1  0
11.247 17119628 1051.83 8 2836 848.173 2 17116864 17117197 13 0 1 20 1  0
0 17037312 1046.77 8 2836 848.173 2 17118657 17119708 13 0 1 20 1  0
122.921 755599 46.424 10 2841 855.727 15869 694723 696124 13 0 1 20 1 1
