0 122460 202.485
1 122459 202.524
2 122459 202.458
3 122458 202.437
4 122458 202.451
5 122458 202.384
6 122458 202.343
7 122458 202.308
8 122457 202.297
9 122457 202.288
10 122457 202.197
11 122457 202.172
12 122457 202.133
13 122457 202.098
14 122457 202.097
15 122457 202.083
16 122457 202.088
17 122455 201.918
18 122455 201.924
19 122456 202.015
20 122456 202.063
21 122457 202.149
22 122456 202.115
23 122456 202.073
24 122456 202.04
25 122456 202.031
26 122455 202.029
27 122455 202.035
28 122455 202.042
29 122455 201.995
30 122455 201.988
31 122455 201.946
32 122455 202.031
33 122456 201.953
34 122456 201.939
35 122456 201.95
36 122456 201.989
37 122456 201.979
38 122456 201.954
39 122456 201.947
40 122456 201.975
41 122457 201.959
42 122457 202.05
43 122457 202.025
44 122457 202.043
45 122457 202.082
46 122457 202.098
47 122457 202.129
48 122457 202.131
49 122457 202.093
50 122457 202.041
51 122457 202.003
52 122456 201.985
53 122456 201.911
54 122456 201.838
55 122456 201.903
56 122456 201.914
57 122456 201.885
58 122456 201.837
59 122455 201.824
60 122455 201.849
61 122455 201.872
62 122455 201.893
63 122454 201.853
64 122454 201.773
65 122454 201.801
66 122454 201.88
67 122454 201.913
68 122453 201.827
69 122453 201.871
70 122453 201.913
71 122453 201.911
72 122452 201.855
73 122452 201.887
74 122452 201.841
75 122451 201.862
76 122451 201.89
77 122451 201.889
78 122451 201.831
79 122450 201.781
80 122450 201.711
81 122450 201.718
82 122449 201.691
83 122449 201.661
84 122449 201.666
85 122449 201.668
86 122449 201.73
87 122449 201.669
88 122449 201.598
89 122448 201.592
90 122448 201.597
91 122448 201.518
92 122448 201.437
93 122448 201.389
94 122448 201.333
95 122447 201.372
96 122447 201.444
97 122447 201.42
98 122447 201.409
99 122447 201.379
100 122447 201.372
101 122446 201.373
102 122446 201.404
103 122446 201.431
104 122446 201.439
105 122446 201.42
106 122446 201.428
107 122446 201.428
108 122446 201.423
109 122445 201.386
110 122445 201.417
111 122445 201.416
112 122445 201.477
113 122444 201.458
114 122444 201.479
115 122444 201.514
116 122444 201.461
117 122443 201.463
118 122443 201.458
119 122443 201.449
120 122443 201.523
121 122443 201.558
122 122443 201.58
123 122443 201.64
124 122442 201.656
125 122442 201.682
126 122442 201.679
127 122442 201.628
128 122442 201.586
129 122442 201.578
130 122442 201.544
131 122442 201.502
132 122442 201.544
133 122442 201.516
134 122442 201.463
135 122442 201.466
136 122442 201.457
137 122442 201.465
138 122442 201.451
139 122442 201.419
140 122442 201.373
141 122442 201.371
142 122442 201.361
143 122442 201.352
144 122442 201.306
145 122442 201.321
146 122442 201.304
147 122441 201.31
148 122441 201.314
149 122441 201.267
150 122441 201.23
151 122441 201.252
152 122441 201.209
153 122441 201.134
154 122441 201.118
155 122441 201.114
156 122441 201.088
157 122441 201.097
158 122440 201.105
159 122440 201.157
160 122440 201.122
161 122440 201.162
162 122440 201.172
163 122439 201.183
164 122439 201.16
165 122439 201.128
166 122439 201.159
167 122439 201.136
168 122438 201.101
169 122438 201.067
170 122438 201.042
171 122438 201.064
172 122438 201.121
173 122438 201.131
174 122438 201.13
175 122438 201.14
176 122438 201.187
177 122438 201.174
178 122438 201.216
179 122438 201.149
180 122437 201.195
181 122437 201.231
182 122437 201.286
183 122437 201.313
184 122437 201.353
185 122437 201.434
186 122438 201.416
187 122438 201.436
188 122438 201.48
189 122438 201.483
190 122438 201.46
191 122438 201.462
192 122439 201.508
193 122439 201.483
194 122439 201.446
195 122439 201.47
196 122439 201.485
197 122439 201.49
198 122439 201.463
199 122439 201.496
200 122439 201.523
201 122438 201.573
202 122438 201.591
203 122438 201.606
204 122438 201.534
205 122438 201.469
206 122438 201.451
207 122437 201.429
208 122437 201.392
209 122437 201.387
210 122437 201.368
211 122437 201.38
212 122437 201.352
213 122436 201.351
214 122436 201.303
215 122436 201.243
216 122436 201.185
217 122435 201.162
218 122435 201.178
219 122435 201.15
220 122434 201.126
221 122434 201.086
222 122433 201.121
223 122433 201.071
224 122433 201.097
225 122432 201.075
226 122432 201.089
227 122432 201.054
228 122432 201.005
229 122432 201.004
230 122431 200.974
231 122431 200.928
232 122431 200.948
233 122431 200.878
234 122431 200.878
235 122431 200.849
236 122430 200.812
237 122430 200.83
238 122430 200.84
239 122430 200.79
240 122430 200.818
241 122430 200.786
242 122430 200.758
243 122430 200.812
244 122429 200.829
245 122429 200.79
246 122429 200.813
247 122429 200.798
248 122429 200.814
249 122429 200.787
250 122429 200.784
251 122429 200.769
252 122428 200.759
253 122428 200.724
254 122428 200.676
255 122428 200.672
256 122428 200.601
257 122428 200.63
258 122428 200.639
259 122428 200.61
260 122428 200.62
261 122428 200.637
262 122428 200.649
263 122428 200.6
264 122428 200.618
265 122428 200.593
266 122428 200.609
267 122428 200.612
268 122428 200.659
269 122428 200.689
270 122429 200.677
271 122429 200.778
272 122429 200.767
273 122429 200.786
274 122430 200.796
275 122430 200.792
276 122431 200.799
277 122431 200.82
278 122431 200.816
279 122431 200.875
280 122431 200.938
281 122432 200.947
282 122432 200.946
283 122432 200.925
284 122433 201.004
285 122433 201.069
286 122433 201.088
287 122434 201.142
288 122434 201.181
289 122434 201.151
290 122434 201.092
291 122435 201.088
292 122435 201.128
293 122435 201.134
294 122435 201.18
295 122435 201.243
296 122435 201.186
297 122435 201.233
298 122435 201.229
299 122435 201.238
300 122435 201.255
301 122435 201.28
302 122435 201.291
303 122435 201.276
304 122435 201.264
305 122435 201.26
306 122435 201.243
307 122435 201.32
308 122435 201.311
309 122435 201.368
310 122435 201.385
311 122435 201.406
312 122435 201.354
313 122435 201.355
314 122435 201.33
315 122435 201.392
316 122436 201.368
317 122436 201.373
318 122436 201.363
319 122436 201.319
320 122436 201.34
321 122436 201.361
322 122436 201.422
323 122436 201.427
324 122436 201.365
325 122436 201.356
326 122436 201.349
327 122437 201.321
328 122437 201.38
329 122437 201.378
330 122437 201.363
331 122437 201.352
332 122437 201.375
333 122437 201.346
334 122437 201.337
335 122437 201.312
336 122437 201.318
337 122437 201.334
338 122438 201.363
339 122437 201.26
340 122437 201.276
341 122437 201.257
342 122437 201.268
343 122437 201.238
344 122437 201.265
345 122437 201.29
346 122437 201.326
347 122437 201.318
348 122437 201.263
349 122437 201.24
350 122437 201.251
351 122437 201.313
352 122437 201.276
353 122437 201.294
354 122437 201.297
355 122437 201.354
356 122437 201.364
357 122437 201.334
358 122437 201.333
359 122437 201.403
360 122438 201.386
361 122438 201.39
362 122437 201.4
363 122438 201.437
364 122438 201.411
365 122437 201.418
366 122437 201.432
367 122437 201.422
368 122437 201.434
369 122436 201.437
370 122436 201.424
371 122436 201.441
372 122436 201.409
373 122435 201.353
374 122435 201.255
375 122435 201.273
376 122435 201.286
377 122434 201.226
378 122434 201.178
379 122434 201.151
380 122434 201.168
381 122434 201.175
382 122433 201.203
383 122433 201.123
384 122433 201.115
385 122433 201.073
386 122432 201.048
387 122432 201.003
388 122432 201.052
389 122432 201.095
390 122431 201.063
391 122431 200.991
392 122431 200.982
393 122431 200.989
394 122431 201.017
395 122430 200.981
396 122430 201.015
397 122430 200.963
398 122430 200.94
399 122430 200.914
400 122430 200.819
401 122430 200.85
402 122430 200.856
403 122430 200.838
404 122430 200.821
405 122430 200.887
406 122430 200.931
407 122430 200.892
408 122430 200.853
409 122430 200.951
410 122430 200.979
411 122431 200.981
412 122430 200.953
413 122430 200.966
414 122430 200.966
415 122430 201.011
416 122430 201.019
417 122430 201.033
418 122430 200.98
419 122431 200.992
420 122431 200.994
421 122431 200.959
422 122431 200.948
423 122430 200.981
424 122431 201.016
425 122431 201.017
426 122431 201.038
427 122431 201.03
428 122431 201.049
429 122431 201.085
430 122431 201.099
431 122431 201.121
432 122431 201.18
433 122431 201.147
434 122431 201.132
435 122431 201.134
436 122430 201.14
437 122430 201.115
438 122430 201.137
439 122430 201.132
440 122430 201.137
441 122430 201.111
442 122430 201.121
443 122430 201.094
444 122430 201.112
445 122430 201.06
446 122430 201.064
447 122430 201.036
448 122430 201.05
449 122430 201.035
450 122430 201.148
451 122430 201.183
452 122429 201.134
453 122429 201.162
454 122429 201.167
455 122430 201.145
456 122429 201.124
457 122429 201.096
458 122429 201.031
459 122429 201.081
460 122429 200.995
461 122429 201.014
462 122429 201.035
463 122429 201.095
464 122429 201.118
465 122429 201.136
466 122429 201.133
467 122429 201.137
468 122429 201.104
469 122429 201.098
470 122429 201.118
471 122429 201.14
472 122429 201.129
473 122429 201.069
474 122429 201.037
475 122429 201.082
476 122430 201.095
477 122430 201.155
478 122430 201.17
479 122430 201.196
480 122431 201.186
481 122431 201.221
482 122431 201.207
483 122432 201.201
484 122432 201.226
485 122432 201.254
486 122432 201.31
487 122433 201.326
488 122433 201.324
489 122433 201.376
490 122434 201.413
491 122434 201.412
492 122434 201.457
493 122435 201.517
494 122435 201.522
495 122435 201.504
496 122435 201.507
497 122435 201.504
498 122436 201.546
499 122436 201.558
500 122436 201.634
501 122436 201.645
502 122437 201.642
503 122437 201.65
504 122437 201.684
505 122438 201.757
506 122438 201.818
507 122438 201.831
508 122438 201.857
509 122438 201.866
510 122438 201.837
511 122438 201.85
