0 119766 1546.18
1 119777 1572.19
2 119770 1569.48
3 119791 1561.6
4 119818 1575.69
5 119825 1582.57
6 119801 1586.1
7 119843 1575.26
8 119845 1579.65
9 119840 1589.88
10 119828 1593.58
11 119859 1576.86
12 119853 1582.09
13 119859 1584
14 119844 1581.98
15 119873 1550.61
16 119869 1555.94
17 119863 1560.06
18 119862 1555.05
19 119911 1544.92
20 119883 1546.9
21 119904 1548.01
22 119903 1550.54
23 119935 1541.8
24 119929 1549.35
25 119926 1538.81
26 119935 1531.59
27 119971 1525.71
28 119933 1518.08
29 119953 1524.77
30 119971 1508.73
31 119967 1512.42
32 119964 1527.1
33 119944 1510.86
34 119968 1506.37
35 119954 1515.58
36 119925 1505.66
37 119920 1514.35
38 119963 1496.85
39 119906 1498.94
40 119919 1508.24
41 119911 1504.97
42 119936 1508.15
43 119892 1524.44
44 119899 1523.77
45 119887 1540.33
46 119908 1545.64
47 119855 1580.33
48 119869 1587.56
49 119871 1594.97
50 119859 1607.71
51 119825 1631.88
52 119834 1643.12
53 119833 1645.66
54 119821 1653.78
55 119798 1665.1
56 119791 1670.28
57 119814 1680.66
58 119773 1687.29
59 119764 1677.33
60 119767 1697.68
61 119760 1684.02
62 119731 1683.76
63 119737 1684.3
64 119707 1660.58
65 119736 1663.75
66 119687 1674.23
67 119694 1644.2
68 119692 1653.52
69 119675 1633.8
70 119641 1638.48
71 119676 1646.91
72 119635 1618.2
73 119653 1614.37
74 119617 1610.4
75 119630 1588.91
76 119622 1592.29
77 119610 1571.47
78 119595 1555.46
79 119617 1563.11
80 119587 1545.34
81 119593 1538
82 119596 1531.55
83 119589 1523.39
84 119596 1516.47
85 119573 1515.27
86 119585 1505.27
87 119576 1514.16
88 119588 1508.8
89 119563 1507.99
90 119598 1510.34
91 119570 1527.22
92 119606 1515.62
93 119585 1519.41
94 119601 1532.22
95 119585 1536.9
96 119618 1551.87
97 119587 1553.11
98 119624 1554.3
99 119612 1588.35
100 119631 1583.32
101 119634 1592.1
102 119638 1610.78
103 119633 1606.49
104 119652 1628.39
105 119634 1627.89
106 119648 1632.35
107 119658 1655.01
108 119644 1640.34
109 119665 1645.59
110 119653 1669.16
111 119667 1639.43
112 119664 1646.82
113 119657 1654.16
114 119654 1650.55
115 119681 1652.2
116 119648 1633.77
117 119675 1633.18
118 119658 1645.34
119 119681 1617.85
120 119653 1617.59
121 119664 1619.4
122 119656 1610.59
123 119681 1606.88
124 119637 1593.34
125 119667 1595.83
126 119653 1595.68
127 119661 1587.28
128 119642 1585.88
129 119652 1585.05
130 119649 1584.98
131 119649 1576.65
132 119627 1572.61
133 119645 1586
134 119656 1575.41
135 119634 1582.96
136 119650 1585.22
137 119648 1588.29
138 119667 1593.33
139 119642 1585.48
140 119662 1592.67
141 119648 1606.72
142 119681 1586.15
143 119639 1604.07
144 119677 1603.33
145 119672 1599.61
146 119676 1603.32
147 119651 1603.52
148 119683 1620.97
149 119668 1621.66
150 119686 1612.41
151 119660 1630.57
152 119684 1625.36
153 119689 1625.37
154 119671 1630.51
155 119668 1618.66
156 119690 1640.55
157 119675 1632.84
158 119676 1624.99
159 119680 1626.21
160 119675 1613.61
161 119692 1615.41
162 119661 1607.79
163 119675 1581.73
164 119680 1593.14
165 119670 1569.03
166 119648 1562.86
167 119678 1564.18
168 119650 1543.46
169 119677 1543.96
170 119636 1531.2
171 119664 1516.94
172 119651 1529.31
173 119662 1510.59
174 119631 1513.63
175 119667 1519.06
176 119639 1517.35
177 119655 1515
178 119640 1512.71
179 119651 1512.05
180 119644 1514.72
181 119644 1518.54
182 119635 1518.71
183 119646 1526.24
184 119649 1534.97
185 119639 1536
186 119663 1540.72
187 119645 1560.82
188 119665 1549.91
189 119656 1561.42
190 119665 1574.39
191 119651 1579.73
192 119682 1588
193 119652 1587.08
194 119686 1594.12
195 119667 1630.18
196 119696 1613.92
197 119682 1622.84
198 119697 1638.82
199 119688 1631.81
200 119713 1645.74
201 119683 1639.14
202 119716 1642.3
203 119709 1660.68
204 119716 1637.1
205 119722 1639.45
206 119722 1648.25
207 119735 1621.46
208 119728 1623.61
209 119723 1627.87
210 119732 1628.87
211 119749 1627.58
212 119736 1616.33
213 119747 1614
214 119750 1619.01
215 119753 1603.47
216 119748 1609.88
217 119743 1616.12
218 119756 1593.48
219 119752 1590.74
220 119732 1602.41
221 119743 1600.66
222 119756 1592.3
223 119746 1578.32
224 119738 1587.62
225 119749 1595.57
226 119744 1581.79
227 119749 1574.03
228 119724 1588.4
229 119753 1574.35
230 119742 1573.38
231 119735 1577
232 119721 1576.92
233 119754 1576.48
234 119721 1561.32
235 119729 1566.23
236 119718 1591.03
237 119724 1578.79
238 119725 1584.24
239 119702 1614.13
240 119730 1602.15
241 119723 1601.12
242 119721 1596.22
243 119702 1597.48
244 119730 1600.81
245 119707 1582.36
246 119718 1583.7
247 119706 1597.78
248 119721 1570.72
249 119721 1561.75
250 119700 1586.53
251 119735 1571.37
252 119746 1561.17
253 119751 1552.8
254 119744 1546.92
255 119784 1550.13
256 119770 1533.21
257 119793 1525.33
258 119777 1537.05
259 119812 1509.36
260 119808 1501.78
261 119808 1520.21
262 119845 1484.75
263 119868 1434.83
264 119877 1442.26
265 119877 1399.09
266 119908 1388.01
267 119913 1381.69
268 119945 1322.16
269 119919 1323.85
270 119966 1289.54
271 119989 1234.5
272 119976 1241.8
273 120005 1205.32
274 120030 1163.49
275 120035 1168.18
276 120039 1123.74
277 120052 1123.92
278 120060 1110.3
279 120090 1061.13
280 120058 1070.75
281 120106 1045.22
282 120105 1017.72
283 120099 1026.07
284 120111 992.812
285 120107 982.222
286 120113 983.45
287 120113 940.331
288 120109 934.985
289 120117 926.412
290 120141 885.99
291 120098 903.131
292 120144 878.426
293 120130 854.969
294 120119 882.875
295 120122 890.432
296 120119 861.87
297 120118 907.253
298 120133 884.596
299 120106 866.768
300 120114 904.873
301 120144 877.809
302 120100 893.968
303 120114 914.386
304 120135 876.241
305 120089 906
306 120105 923.629
307 120099 909.822
308 120080 949.918
309 120118 937.083
310 120079 939.382
311 120092 961.351
312 120128 924.523
313 120072 944.033
314 120104 945.091
315 120108 906.727
316 120065 936.117
317 120106 926.737
318 120082 921.195
319 120074 960.639
320 120113 948.049
321 120068 950.36
322 120093 960.872
323 120128 922.724
324 120077 944.972
325 120112 938.471
326 120112 899.649
327 120075 939.581
328 120110 930.55
329 120087 920.92
330 120079 966.333
331 120119 956.281
332 120073 959.155
333 120094 981.137
334 120123 945.268
335 120077 966.725
336 120089 995.754
337 120130 956.604
338 120073 979.278
339 120114 967.015
340 120116 951.735
341 120080 984.524
342 120115 985.177
343 120073 1013.45
344 120080 1060.99
345 120086 1061.44
346 120067 1094
347 120054 1140.93
348 120086 1146.83
349 120039 1184.79
350 120056 1198.92
351 120049 1209.75
352 120014 1247.59
353 120051 1253.86
354 119996 1286.47
355 120008 1332.77
356 120014 1332.88
357 119991 1364.69
358 119980 1406.78
359 120004 1401.83
360 119968 1438.14
361 119975 1450.35
362 119967 1448.21
363 119942 1487.46
364 119975 1492.85
365 119919 1511.64
366 119933 1555.15
367 119937 1558.62
368 119918 1580.06
369 119905 1625.86
370 119942 1623.98
371 119905 1657.74
372 119908 1677.74
373 119916 1667.71
374 119911 1680.28
375 119937 1663.68
376 119895 1664.57
377 119940 1664.37
378 119921 1643.88
379 119927 1643.95
380 119923 1641.22
381 119931 1620.88
382 119922 1616.81
383 119930 1610.9
384 119927 1594
385 119924 1600.6
386 119964 1579.67
387 119920 1573.56
388 119957 1580.58
389 119944 1561.45
390 119954 1555.97
391 119963 1540.02
392 119981 1524.2
393 119987 1526.64
394 119980 1515.21
395 119982 1508.55
396 119997 1500.54
397 120025 1489.62
398 119991 1471.25
399 120035 1445.92
400 120038 1427.64
401 120040 1399.92
402 120053 1377.34
403 120070 1344.11
404 120082 1322.97
405 120086 1301.15
406 120095 1265.88
407 120096 1248.9
408 120126 1230.18
409 120104 1214.74
410 120117 1213.9
411 120115 1203.67
412 120102 1194.81
413 120118 1203.22
414 120097 1199.69
415 120097 1177.83
416 120094 1191.91
417 120074 1182.73
418 120053 1192.13
419 120084 1202.88
420 120039 1186.99
421 120058 1198.65
422 120049 1204.71
423 120023 1214.09
424 120020 1226.61
425 119994 1224.81
426 120013 1213.15
427 120002 1221.29
428 119967 1225.34
429 119959 1224.59
430 119966 1251.28
431 119927 1282.49
432 119935 1296.92
433 119936 1329.13
434 119882 1341.97
435 119875 1374.71
436 119851 1385.45
437 119832 1381.02
438 119812 1397.66
439 119788 1423.8
440 119786 1441.11
441 119764 1451.93
442 119750 1426.97
443 119739 1436.35
444 119760 1452.62
445 119733 1454.22
446 119749 1429.82
447 119724 1419.9
448 119746 1416.81
449 119750 1418.1
450 119731 1419.06
451 119713 1383.35
452 119722 1369.51
453 119715 1383.41
454 119693 1381
455 119693 1361.79
456 119671 1339.63
457 119698 1336.24
458 119673 1366.08
459 119672 1338.77
460 119662 1310.21
461 119668 1322.12
462 119667 1309.55
463 119653 1296.92
464 119624 1258.95
465 119610 1226.42
466 119645 1246.74
467 119617 1236.74
468 119620 1236.24
469 119624 1235.38
470 119634 1234.29
471 119628 1238.18
472 119621 1232.02
473 119633 1218.47
474 119640 1221.89
475 119650 1205.55
476 119625 1214.59
477 119647 1185.98
478 119644 1191.86
479 119661 1223.1
480 119640 1229.98
481 119656 1228.05
482 119658 1209.18
483 119665 1226.23
484 119662 1253.69
485 119660 1246.07
486 119671 1239.7
487 119672 1242.84
488 119682 1251.73
489 119664 1251.55
490 119677 1249.48
491 119668 1246.11
492 119678 1247.11
493 119663 1244.48
494 119661 1259.64
495 119670 1248.55
496 119676 1259.96
497 119679 1275.82
498 119669 1260.36
499 119684 1248.76
500 119685 1250.82
501 119691 1275.69
502 119677 1280.7
503 119693 1259.67
504 119685 1253.88
505 119684 1273.44
506 119682 1302.17
507 119668 1303.54
508 119680 1267.09
509 119658 1295.73
510 119662 1317.74
511 119647 1307.33
