10.2173 207961 12.7771 8 215 4.343 4 207944 207987 13 0 1 20 1  0
11.3545 91009 5.59159 3 1382 63.9006 12 90900 90903 13 0 1 20 1  0
0 2048 0.125829 3 1382 63.9006 6 91007 91046 13 0 1 20 1  0
10.23 87910 5.40119 4 1579 90.9594 2 87907 87912 13 0 1 20 1  0
10.0249 86588 5.31997 12 1695 111.873 1 86322 86686 13 0 1 20 1  0
11.8304 82164 5.04816 12 1915 165.473 4 80502 84652 13 0 1 20 1  0
15.6536 276358 16.9794 9 93 1.84346 440 260302 260411 13 0 1 20 1  0
19.5494 308744 18.9692 12 455 9.96951 409 305382 312050 13 0 1 20 1  0
10.1838 305448 18.7667 4 743 19.2493 1 305448 305449 13 0 1 20 1  0
10.2129 307043 18.8647 4 743 19.2493 1 306075 306076 13 0 1 20 1  0
0 260096 15.9803 4 743 19.2493 1 307042 307044 13 0 1 20 1  0
10.0671 307372 18.8849 4 746 19.3678 2 307372 307373 13 0 1 20 1  0
0 260096 15.9803 4 1132 40.5808 1 307023 307024 13 0 1 20 1  0
10.1091 306381 18.824 4 1138 41.0307 1 306380 306382 13 0 1 20 1  0
10.0072 290673 17.8589 5 1938 172.377 1 290673 290674 13 0 1 20 1  0
10.9249 274740 16.88 8 2282 317.482 11 274685 274969 13 0 1 20 1  0
11.1028 644837 39.6188 9 439 9.55029 92 644762 644911 13 0 1 20 1  0
10.0601 594087 36.5007 7 1731 119.282 1 594087 594089 13 0 1 20 1  0
0 522240 32.0864 7 2759 739.91 229 643900 643901 13 0 1 20 1  0
10.8724 913720 56.139 12 3261 1802.2 1 912602 914060 13 0 1 20 1  0
11.2878 1088889 66.9013 8 224 4.5339 6 1088839 1088947 13 0 1 20 1  0
11.9516 1080293 66.3732 8 753 19.6463 62 1080136 1081037 13 0 1 20 1  0
0 1046528 64.2987 7 664 16.3164 8 1213225 1213258 13 0 1 20 1  0
10.1129 1078788 66.2807 5 1003 31.94 1 1078787 1078789 13 0 1 20 1  0
10.3239 1078987 66.293 5 1083 37.0742 3 1078796 1078812 13 0 1 20 1  0
0 1046528 64.2987 5 1083 37.0742 1 1078977 1078990 13 0 1 20 1  0
10.1062 1077980 66.2311 3 1175 43.9097 1 1077980 1077981 13 0 1 20 1  0
11.4061 1101784 67.6936 12 1238 49.2538 1 1100776 1102706 13 0 1 20 1  0
11.9692 1099393 67.5467 4 1534 83.9293 192 1098775 1098838 13 0 1 20 1  0
10.3739 1100932 67.6413 5 1461 73.6439 3 1099407 1099422 13 0 1 20 1  0
0 1046528 64.2987 5 1461 73.6439 196 1099768 1099772 13 0 1 20 1  0
10.8997 1100052 67.5872 3 1496 78.4109 7 1099377 1099378 13 0 1 20 1  0
10.0589 1100616 67.6218 3 1464 74.0411 1 1100616 1100619 13 0 1 20 1  0
10.4421 1100516 67.6157 4 1478 75.9228 1 1099528 1099531 13 0 1 20 1  0
10.4433 1100567 67.6188 4 1488 77.2954 1 1099157 1099161 13 0 1 20 1  0
11.4904 1097741 67.4452 5 1858 149.528 1 1097728 1097753 13 0 1 20 1  0
0 1046528 64.2987 5 1858 149.528 1 1099132 1099231 13 0 1 20 1  0
11.1558 1406419 86.4104 11 2204 276.444 9 1405309 1407143 13 0 1 20 1  0
10.0134 1405864 86.3763 6 2204 276.444 1 1405864 1405865 13 0 1 20 1  0
10.8046 1406620 86.4227 6 2209 278.908 1 1405595 1405773 13 0 1 20 1  0
0 1308672 80.4048 6 2209 278.908 2 1406597 1406639 13 0 1 20 1  0
10.8629 1711716 105.168 7 1 0.0197462 11 1711699 1711731 13 0 1 20 1  0
10.2087 1683478 103.433 8 262 5.35308 1 1683463 1683501 13 0 1 20 1  0
11.3134 1832960 112.617 11 644 15.6269 8 1832790 1832961 13 0 1 20 1  0
11.1114 1831180 112.508 5 1141 41.2574 74 1831092 1831306 13 0 1 20 1  0
0 1570816 96.5109 5 1043 34.4205 24 1832057 1832183 13 0 1 20 1  0
10.7617 1830009 112.436 11 1732 119.495 3 1829550 1830455 13 0 1 20 1  0
15.5287 1824322 112.086 12 2806 804.227 10 1711084 1711474 13 0 1 20 1  0
0 1570816 96.5109 12 2806 804.227 2 1790678 1793100 13 0 1 20 1  0
10.4575 1818121 111.705 8 2859 883.484 2 1818103 1818266 13 0 1 20 1  0
12.6039 1919181 117.914 9 1037 34.0377 418 1918941 1920711 13 0 1 20 1  0
10.86 1912197 117.485 10 682 16.9545 23 1912072 1912348 13 0 1 20 1  0
11.0688 1994386 122.535 9 693 17.3529 5 1912307 1912509 13 0 1 20 1  0
10.3684 1832972 112.618 4 886 25.565 209 1832960 1832973 13 0 1 20 1  0
10.7315 1994353 122.533 3 807 21.8999 3 1925309 1925312 13 0 1 20 1  0
10.1482 1920005 117.965 3 832 23.0099 3 1920005 1920006 13 0 1 20 1  0
10.3682 1994258 122.527 3 832 23.0099 1 1925245 1925246 13 0 1 20 1  0
11.0697 1920623 118.003 5 1049 34.8072 6 1919124 1919242 13 0 1 20 1  0
10.0036 1920384 117.988 3 1065 35.8578 1 1920384 1920385 13 0 1 20 1  0
10.5875 1917789 117.829 3 1600 94.4355 2 1917789 1917793 13 0 1 20 1  0
10.4691 1917692 117.823 3 1612 96.4804 4 1917692 1917693 13 0 1 20 1  0
10.4207 1917455 117.808 3 1623 98.3932 2 1917455 1917458 13 0 1 20 1  0
0 1832960 112.617 3 1623 98.3932 350 1917549 1917550 13 0 1 20 1  0
13.7285 1914910 117.652 10 1793 133.201 481 1913895 1917644 13 0 1 20 1  0
10.6525 1879379 115.469 7 2601 559.088 1 1879362 1879489 13 0 1 20 1  0
15.6174 1832962 112.617 10 2796 790.09 80 1832960 1835866 13 0 1 20 1  0
10.5232 1878398 115.409 7 2618 576.202 1 1878385 1878405 13 0 1 20 1  0
10.6804 1899538 116.708 8 2661 621.865 1 1899446 1899615 13 0 1 20 1  0
14.6801 1865556 114.62 8 2768 751.814 81 1832964 1833092 13 0 1 20 1  0
10.4139 1846690 113.461 8 2869 899.292 2 1846683 1846704 13 0 1 20 1  0
11.0622 2031520 124.817 12 3294 1910.82 1 2030242 2033520 13 0 1 20 1  0
12.9374 2258470 138.76 12 2917 979.196 4 2255556 2261650 13 0 1 20 1  0
17.1609 2388326 146.739 12 737 19.0141 784 2366058 2370526 13 0 1 20 1  0
12.9658 2368410 145.515 12 298 6.15136 146 2367052 2371808 13 0 1 20 1  0
0 2357248 144.829 4 797 21.468 13 2388536 2388660 13 0 1 20 1  0
10.3299 2386849 146.648 3 969 29.9585 3 2386847 2386851 13 0 1 20 1  0
11.9617 2386087 146.601 6 1198 45.7938 119 2385682 2385784 13 0 1 20 1  0
0 2357248 144.829 6 1175 43.9097 24 2386185 2386272 13 0 1 20 1  0
10.6357 2384256 146.489 6 1335 58.7111 1 2384246 2384275 13 0 1 20 1  0
10.329 2383736 146.457 4 1381 63.7857 6 2383733 2383737 13 0 1 20 1  0
16.1889 2814422 172.918 12 250 5.09196 367 2715330 2718322 13 0 1 20 1  0
0 2619392 160.935 12 108 2.14396 10 2812650 2817012 13 0 1 20 1  0
11.1533 2800226 172.046 3 1822 140.254 1 2800225 2800229 13 0 1 20 1  0
10.1698 2768516 170.098 12 1986 187.722 2 2768062 2769244 13 0 1 20 1  0
11.2543 2794346 171.685 12 2002 193.134 2 2766024 2769590 13 0 1 20 1  0
0 2619392 160.935 12 2002 193.134 1 2793030 2796108 13 0 1 20 1  0
12.7577 2786433 171.198 6 2262 306.413 22 2783420 2783449 13 0 1 20 1  0
11.3903 2787060 171.237 5 2250 299.957 3 2784449 2784457 13 0 1 20 1  0
0 2619392 160.935 5 2245 297.307 61 2786692 2786704 13 0 1 20 1  0
10.9948 2784588 171.085 5 2260 305.327 8 2784579 2784629 13 0 1 20 1  0
13.4781 3143680 193.148 12 2847 864.882 40 3141828 3143682 13 0 1 20 1  0
0 2881536 177.042 7 2911 968.832 5 3142899 3142906 13 0 1 20 1  0
10.3756 3256940 200.106 12 400 8.55992 1 3256362 3257066 13 0 1 20 1  0
14.0024 3255948 200.045 12 697 17.4994 15 3254766 3263360 13 0 1 20 1  0
0 3143680 193.148 12 659 16.1421 14 3279772 3281962 13 0 1 20 1  0
11.2983 3280862 201.576 12 717 18.2453 2 3255274 3262626 13 0 1 20 1  0
10.6015 3325523 204.32 4 1839 144.56 6 3325516 3325545 13 0 1 20 1  0
10.3213 3326051 204.353 4 1838 144.303 2 3325552 3325558 13 0 1 20 1  0
0 3143680 193.148 4 1838 144.303 17 3325780 3325781 13 0 1 20 1  0
10.3193 3327040 204.413 3 1847 146.631 1 3327040 3327041 13 0 1 20 1  0
10.0214 3325261 204.304 4 1849 147.154 1 3325261 3325262 13 0 1 20 1  0
10.2127 3324879 204.281 3 1855 148.732 1 3324879 3324880 13 0 1 20 1  0
10.4199 3325784 204.336 4 1883 156.324 3 3325781 3325786 13 0 1 20 1  0
10.5324 3324965 204.286 3 1872 153.296 2 3324964 3324967 13 0 1 20 1  0
10.2978 3326411 204.375 3 1876 154.39 1 3325034 3325037 13 0 1 20 1  0
10.425 3325726 204.333 3 1886 157.16 1 3325094 3325099 13 0 1 20 1  0
10.1333 3325957 204.347 4 1892 158.845 1 3324965 3324968 13 0 1 20 1  0
10.15 3321602 204.079 5 2149 250.733 1 3321601 3321603 13 0 1 20 1  0
10.2677 3158394 194.052 10 2864 891.353 4 3158150 3158979 13 0 1 20 1  0
0 3143680 193.148 8 2859 883.484 1 3158715 3159875 13 0 1 20 1  0
11.5857 3668372 225.385 8 0 0 8162 3668358 3668383 13 0 1 20 1  0
14.0333 3668377 225.385 1 0 0 2 3668358 3668384 13 0 1 20 1  0
17.0117 3669053 225.427 2 0 0 1 3668348 3668384 13 0 1 20 1  0
19.0476 3681738 226.206 3 0 0 1 3668346 3668384 13 0 1 20 1  0
18.6363 3679215 226.051 4 0 0 3 3668346 3668384 13 0 1 20 1  0
24.0733 3857384 236.998 5 0 0 4 3668338 3668388 13 0 1 20 1  0
34.9268 3871094 237.84 7 11 0.217204 5385 3668288 3668368 13 0 1 20 1  0
12.8886 3669713 225.467 2 1 0.0197462 2 3668358 3668381 13 0 1 20 1  0
16.799 3929029 241.4 4 3 0.059238 3 3668339 3668374 13 0 1 20 1  0
23.6013 3926474 241.243 6 6 0.118475 151 3669008 3669037 13 0 1 20 1  0
22.5633 3894206 239.26 5 1 0.0197462 1 3668335 3668384 13 0 1 20 1  0
21.6041 3849563 236.517 5 2 0.0394922 1 3668333 3668381 13 0 1 20 1  0
18.6228 3860961 237.217 5 5 0.0987291 11 3668327 3668368 13 0 1 20 1  0
11.2022 3677946 225.973 3 5 0.0987291 5 3668339 3668341 13 0 1 20 1  0
10.1231 3838125 235.814 5 21 0.414699 1 3838122 3838135 13 0 1 20 1  0
15.4769 3838035 235.809 10 59 1.16662 19 3837584 3838453 13 0 1 20 1  0
10.0124 3748164 230.287 8 51 1.00803 4 3748164 3748165 13 0 1 20 1  0
12.3237 3837409 235.77 5 356 7.4914 175 3747690 3747702 13 0 1 20 1  0
10.1111 3747650 230.256 3 370 7.82614 12 3747649 3747656 13 0 1 20 1  0
10.1942 3836321 235.704 4 775 20.5415 5 3836321 3836322 13 0 1 20 1  0
10.1992 3836269 235.7 3 785 20.9587 2 3836269 3836270 13 0 1 20 1  0
10.4791 3867353 237.61 3 1097 38.0464 1 3867353 3867354 13 0 1 20 1  0
10.0127 3930889 241.514 8 0 0 4429 3930889 3930890 13 0 1 20 1  0
10.5735 4191763 257.542 8 0 0 1 3930896 3930897 13 0 1 20 1  0
14.128 4191769 257.542 4 1 0.0197462 7 3930887 3930889 13 0 1 20 1  0
10.1752 3930884 241.514 4 3 0.059238 2 3930884 3930885 13 0 1 20 1  0
17.9529 4083713 250.903 8 234 4.74734 434 4005847 4006081 13 0 1 20 1  0
16.4128 4013861 246.612 8 321 6.67423 418 4005551 4006045 13 0 1 20 1  0
14.3925 4005454 246.095 8 484 10.75 680 4005244 4005570 13 0 1 20 1  0
10.241 3932222 241.596 2 1 0.0197462 1 3932222 3932223 13 0 1 20 1  0
14.4668 4188233 257.325 4 2 0.0394922 7 3930885 3930888 13 0 1 20 1  0
15.3617 3977429 244.373 5 2 0.0394922 5 3935429 3935461 13 0 1 20 1  0
11.6846 3985021 244.84 3 3 0.059238 1 3934144 3934149 13 0 1 20 1  0
14.1899 4069250 250.015 4 3 0.059238 2 3932210 3932216 13 0 1 20 1  0
11.6512 4069897 250.054 4 6 0.118475 1 3935458 3935461 13 0 1 20 1  0
10.023 3952320 242.831 6 15 0.296194 1 3952320 3952321 13 0 1 20 1  0
18.5616 4083708 250.903 8 237 4.81166 136 4005846 4006065 13 0 1 20 1  0
10.6238 4087339 251.126 4 209 4.21635 1 4014000 4014010 13 0 1 20 1  0
10.9117 4081900 250.792 4 714 18.1319 3 4004714 4004723 13 0 1 20 1  0
12.1481 4080805 250.725 7 917 27.1362 200 4080730 4080898 13 0 1 20 1  0
11.7982 3960568 243.337 10 2592 550.234 29 3958597 3963055 13 0 1 20 1  0
0 3930112 241.466 7 2563 522.647 3 3963965 3963967 13 0 1 20 1  0
11.3605 4022619 247.15 10 2920 984.419 1 4021934 4023925 13 0 1 20 1  0
12.2146 4193028 257.62 8 0 0 8337 4193028 4193029 13 0 1 20 1  0
13.5901 4246560 260.909 8 0 0 1 4193032 4193033 13 0 1 20 1  0
16.637 4246561 260.909 1 0 0 4 4193027 4193034 13 0 1 20 1  0
16.3114 4348819 267.191 1 0 0 1 4193081 4193084 13 0 1 20 1  0
20.9161 4247183 260.947 3 0 0 3 4193026 4193032 13 0 1 20 1  0
20.3934 4447748 273.27 3 0 0 1 4193079 4193082 13 0 1 20 1  0
21.8406 4262154 261.867 4 0 0 2 4193325 4193344 13 0 1 20 1  0
22.0495 4302233 264.329 5 1 0.0197462 14 4193324 4193340 13 0 1 20 1  0
24.549 4300316 264.211 6 1 0.0197462 316 4198893 4198932 13 0 1 20 1  0
27.2167 4296732 263.991 7 0 0 3134 4279138 4279238 13 0 1 20 1  0
10.8549 4193026 257.62 2 1 0.0197462 1 4193026 4193027 13 0 1 20 1  0
13.744 4247829 260.987 2 1 0.0197462 1 4193080 4193081 13 0 1 20 1  0
18.4545 4343119 266.841 3 1 0.0197462 1 4193159 4193165 13 0 1 20 1  0
21.4846 4431469 272.269 5 1 0.0197462 2 4198895 4198936 13 0 1 20 1  0
10.182 4193492 257.648 2 2 0.0394922 1 4193492 4193493 13 0 1 20 1  0
10.3211 4406615 270.742 2 2 0.0394922 1 4198318 4198320 13 0 1 20 1  0
13.0053 4193807 257.667 3 4 0.0789836 1 4192501 4192507 13 0 1 20 1  0
10.8314 4193149 257.627 3 6 0.118475 1 4192823 4192826 13 0 1 20 1  0
13.6093 4308432 264.71 4 6 0.118475 1 4192496 4192501 13 0 1 20 1  0
10.3329 4363777 268.11 3 7 0.13822 1 4193146 4193150 13 0 1 20 1  0
11.8835 4358576 267.791 4 7 0.13822 2 4193149 4193151 13 0 1 20 1  0
11.0898 4372903 268.671 4 8 0.157966 1 4193798 4193802 13 0 1 20 1  0
10.912 4299205 264.143 3 510 11.4739 1 4295562 4295569 13 0 1 20 1  0
10.0733 4298771 264.116 2 655 16.0036 1 4295171 4295173 13 0 1 20 1  0
11.013 4298637 264.108 3 685 17.0625 7 4294982 4294995 13 0 1 20 1  0
11.1773 4298541 264.102 4 721 18.3972 5 4294823 4294962 13 0 1 20 1  0
10.1112 4293219 263.775 3 1066 35.9244 2 4293219 4293220 13 0 1 20 1  0
12.7019 4476491 275.036 8 0 0 1 4455856 4455864 13 0 1 20 1  0
12.7765 4605028 282.933 8 0 0 1 4456753 4456754 13 0 1 20 1  0
0 4454400 273.678 8 0 0 9242 4463523 4463524 13 0 1 20 1  0
17.0354 4605029 282.933 1 0 0 1 4455841 4455845 13 0 1 20 1  0
19.5493 4482228 275.388 2 0 0 1 4455839 4455868 13 0 1 20 1  0
19.3372 4542120 279.068 2 0 0 1 4463603 4463612 13 0 1 20 1  0
19.6736 4605640 282.971 2 0 0 1 4463928 4463938 13 0 1 20 1  0
28.9866 4484943 275.555 7 0 0 8251 4484849 4485315 13 0 1 20 1  0
22.3357 4568482 280.688 3 0 0 1 4463602 4463613 13 0 1 20 1  0
22.4993 4599436 282.589 3 0 0 1 4463927 4463939 13 0 1 20 1  0
22.1244 4661867 286.425 3 0 0 1 4464251 4464270 13 0 1 20 1  0
22.921 4597221 282.453 4 0 0 1 4455835 4455868 13 0 1 20 1  0
21.801 4684825 287.836 5 0 0 2 4464251 4464269 13 0 1 20 1  0
13.2125 4697448 288.611 2 1 0.0197462 1 4463601 4463603 13 0 1 20 1  0
16.2067 4658434 286.214 3 2 0.0394922 1 4463595 4463605 13 0 1 20 1  0
14.1296 4463923 274.263 3 3 0.059238 1 4455851 4455859 13 0 1 20 1  0
18.5096 4616756 283.653 4 3 0.059238 1 4455840 4455859 13 0 1 20 1  0
16.6721 4576012 281.15 4 4 0.0789836 3 4455847 4455856 13 0 1 20 1  0
11.5392 4642196 285.217 3 5 0.0987291 2 4455851 4455854 13 0 1 20 1  0
11.3626 4463592 274.243 3 6 0.118475 3 4455850 4455852 13 0 1 20 1  0
14.1024 4465548 274.363 4 6 0.118475 3 4455847 4455849 13 0 1 20 1  0
10.346 4608974 283.175 3 7 0.13822 1 4463588 4463593 13 0 1 20 1  0
10.5797 4602133 282.755 4 10 0.197458 1 4463908 4463910 13 0 1 20 1  0
10.3691 4464231 274.282 4 11 0.217204 2 4463582 4463584 13 0 1 20 1  0
10.6309 4578890 281.327 5 20 0.394946 1 4464210 4464217 13 0 1 20 1  0
10.0832 4469376 274.598 6 1891 158.563 1 4469351 4469379 13 0 1 20 1  0
10.0837 4468234 274.528 5 1936 171.765 1 4468230 4468235 13 0 1 20 1  0
20.5082 4716518 289.783 12 2783 772.083 454 4712724 4716546 13 0 1 20 1  0
0 4454400 273.678 7 2618 576.202 36 4716509 4716545 13 0 1 20 1  0
15.7416 4651222 285.771 12 3135 1441.34 54 4647090 4655674 13 0 1 20 1  0
15.0842 4619822 283.842 12 3271 1834.45 1 4616264 4623814 13 0 1 20 1  0
11.9226 4923566 302.504 10 93 1.84346 1 4923268 4923905 13 0 1 20 1  0
18.4406 4779846 293.674 11 363 7.65818 130 4778674 4788685 13 0 1 20 1  0
0 4716544 289.784 11 319 6.62833 31 4847758 4849477 13 0 1 20 1  0
10.6486 4861835 298.711 8 1481 76.332 6 4861592 4862423 13 0 1 20 1  0
11.3642 5130776 315.235 10 453 9.91668 27 5105277 5105551 13 0 1 20 1  0
0 4978688 305.891 10 230 4.66179 1 5131263 5131428 13 0 1 20 1  0
10.4407 5105284 313.669 8 534 12.1636 3 5105242 5105328 13 0 1 20 1  0
0 4978688 305.891 9 450 9.83766 2 5130842 5130926 13 0 1 20 1  0
10.0723 5129696 315.169 5 804 21.7696 1 5129696 5129698 13 0 1 20 1  0
10.024 5129635 315.165 10 814 22.2063 1 5129615 5129641 13 0 1 20 1  0
10.7357 5033840 309.279 12 1005 32.0601 2 5033452 5034420 13 0 1 20 1  0
11.2221 5162000 317.153 12 1210 46.8068 1 5161424 5163140 13 0 1 20 1  0
12.514 5158868 316.961 12 1637 100.882 3 5156348 5162278 13 0 1 20 1  0
10.2649 4978698 305.891 12 2935 1010.96 1 4978688 4978960 13 0 1 20 1  0
10.621 5400618 331.814 12 643 15.5929 1 5395926 5400926 13 0 1 20 1  0
16.281 5388385 331.062 8 1891 158.563 642 5383274 5391147 13 0 1 20 1  0
0 5240832 321.997 4 1678 108.534 1310 5389689 5389692 13 0 1 20 1  0
10.232 5384695 330.836 4 1911 164.301 6 5384695 5384696 13 0 1 20 1  0
10.1497 5383770 330.779 4 1883 156.324 3 5383770 5383771 13 0 1 20 1  0
10.0021 5384002 330.793 5 1889 158 1 5384002 5384003 13 0 1 20 1  0
10.1746 5302655 325.795 2 2956 1049.32 1 5302655 5302656 13 0 1 20 1  0
10.8767 5304954 325.936 3 2960 1056.79 1 5304953 5304955 13 0 1 20 1  0
10.1488 5302507 325.786 3 2971 1077.6 1 5302507 5302508 13 0 1 20 1  0
10.6021 5305442 325.966 3 2975 1085.28 1 5305439 5305443 13 0 1 20 1  0
10.5101 5273154 323.983 3 2987 1108.62 1 5273154 5273155 13 0 1 20 1  0
10.4653 5277261 324.235 3 2990 1114.53 1 5277261 5277262 13 0 1 20 1  0
11.7285 5275238 324.111 4 3000 1134.47 5 5275234 5275241 13 0 1 20 1  0
0 5240832 321.997 5 2996 1126.45 270 5275070 5275079 13 0 1 20 1  0
10.2685 5276297 324.176 4 2998 1130.46 1 5276296 5276299 13 0 1 20 1  0
11.43 5275419 324.122 5 3004 1142.55 2 5275416 5275422 13 0 1 20 1  0
10.4588 5269789 323.776 3 3007 1148.64 1 5269789 5269790 13 0 1 20 1  0
10.2192 5272689 323.954 4 3008 1150.68 1 5272689 5272695 13 0 1 20 1  0
10.7067 5271536 323.883 3 3013 1160.93 1 5271535 5271537 13 0 1 20 1  0
10.5723 5290706 325.061 4 3046 1230.9 1 5290706 5290708 13 0 1 20 1  0
10.2904 5261261 323.252 4 3049 1237.46 1 5261260 5261262 13 0 1 20 1  0
10.1299 5272248 323.927 2 3089 1328.43 1 5272248 5272249 13 0 1 20 1  0
10.2752 5290854 325.07 3 3093 1337.89 1 5290851 5290856 13 0 1 20 1  0
10.0159 5276685 324.2 3 3116 1393.58 1 5276685 5276686 13 0 1 20 1  0
10.14 5242720 322.113 3 3133 1436.23 1 5242720 5242721 13 0 1 20 1  0
10.0169 5241653 322.047 3 3138 1449.02 1 5241653 5241654 13 0 1 20 1  0
10.4671 5241881 322.061 3 3138 1449.02 1 5241881 5241882 13 0 1 20 1  0
11.4577 5241071 322.011 3 3141 1456.75 1 5241069 5241072 13 0 1 20 1  0
10.1197 5254979 322.866 4 3167 1525.49 2 5254978 5254981 13 0 1 20 1  0
16.9589 5252091 322.688 8 3297 1921.01 13 5242332 5242333 13 0 1 20 1  0
10.3803 5254502 322.837 4 3173 1541.81 2 5254499 5254503 13 0 1 20 1  0
10.1843 5254885 322.86 3 3174 1544.55 1 5254885 5254886 13 0 1 20 1  0
11.7821 5256614 322.966 4 3174 1544.55 1 5253147 5253158 13 0 1 20 1  0
11.5097 5255070 322.871 3 3175 1547.29 2 5255068 5255072 13 0 1 20 1  0
10.3209 5252325 322.703 3 3176 1550.04 1 5252324 5252326 13 0 1 20 1  0
10.0281 5254813 322.856 4 3176 1550.04 1 5254813 5254814 13 0 1 20 1  0
10.9779 5256887 322.983 4 3176 1550.04 1 5255038 5255043 13 0 1 20 1  0
10.2034 5255801 322.916 4 3179 1558.3 1 5255801 5255802 13 0 1 20 1  0
10.2515 5250231 322.574 3 3189 1586.18 1 5250231 5250232 13 0 1 20 1  0
11.0055 5253527 322.777 4 3192 1594.64 3 5253524 5253532 13 0 1 20 1  0
10.1319 5270066 323.793 4 3234 1717.95 1 5270066 5270067 13 0 1 20 1  0
13.0855 5261461 323.264 8 3306 1951.91 3 5244742 5244743 13 0 1 20 1  0
17.0223 5268193 323.678 8 3279 1860.66 15 5240995 5240997 13 0 1 20 1  0
15.2653 5241484 322.037 8 3299 1927.83 10167 5241084 5241085 13 0 1 20 1  0
18.3412 5248318 322.457 8 3285 1880.56 4 5241012 5241013 13 0 1 20 1  0
15.581 5270549 323.823 8 3278 1857.36 6 5241300 5241301 13 0 1 20 1  0
10.5744 5267827 323.655 1 3260 1799.01 1 5267827 5267828 13 0 1 20 1  0
10.4956 5270474 323.818 1 3260 1799.01 1 5270474 5270475 13 0 1 20 1  0
10.2829 5271998 323.912 1 3261 1802.2 1 5271998 5271999 13 0 1 20 1  0
10.4315 5273323 323.993 1 3261 1802.2 1 5273323 5273324 13 0 1 20 1  0
16.0691 5259117 323.12 8 3311 1969.3 2 5242217 5242218 13 0 1 20 1  0
10.4109 5269065 323.731 1 3262 1805.4 1 5269065 5269066 13 0 1 20 1  0
13.7503 5245070 322.257 8 3264 1811.82 4 5241839 5241840 13 0 1 20 1  0
18.805 5272885 323.966 8 3276 1850.79 4 5240945 5240946 13 0 1 20 1  0
10.4417 5252245 322.698 1 3266 1818.25 1 5252245 5252246 13 0 1 20 1  0
10.9853 5269815 323.777 1 3266 1818.25 1 5261680 5261681 13 0 1 20 1  0
10.4775 5272146 323.921 2 3266 1818.25 1 5272146 5272147 13 0 1 20 1  0
11.232 5273137 323.982 2 3266 1818.25 1 5273137 5273138 13 0 1 20 1  0
10.063 5251508 322.653 1 3267 1821.48 1 5251508 5251509 13 0 1 20 1  0
10.8658 5272786 323.96 1 3267 1821.48 1 5272744 5272745 13 0 1 20 1  0
16.1486 5265409 323.507 8 3268 1824.71 1 5241051 5241052 13 0 1 20 1  0
10.0982 5271543 323.884 1 3268 1824.71 1 5271543 5271544 13 0 1 20 1  0
13.7069 5275152 324.105 8 3269 1827.95 1 5241637 5241638 13 0 1 20 1  0
16.9386 5250896 322.615 8 3270 1831.2 6 5241129 5241130 13 0 1 20 1  0
12.1324 5250914 322.616 1 3283 1873.9 4 5250914 5250915 13 0 1 20 1  0
11.7538 5264176 323.431 1 3270 1831.2 1 5251408 5251409 13 0 1 20 1  0
10.1718 5251338 322.642 1 3271 1834.45 1 5251338 5251339 13 0 1 20 1  0
11.8076 5260624 323.213 1 3271 1834.45 1 5251602 5251603 13 0 1 20 1  0
10.631 5245862 322.306 1 3272 1837.7 1 5245862 5245863 13 0 1 20 1  0
10.471 5251689 322.664 1 3272 1837.7 1 5249907 5249908 13 0 1 20 1  0
10.1813 5246087 322.32 1 3273 1840.97 1 5246087 5246088 13 0 1 20 1  0
11.3113 5251954 322.68 1 3273 1840.97 1 5251122 5251123 13 0 1 20 1  0
10.9914 5252621 322.721 2 3273 1840.97 1 5252621 5252622 13 0 1 20 1  0
18.0772 5256366 322.951 8 3298 1924.42 5 5241507 5241509 13 0 1 20 1  0
10.206 5242093 322.074 1 3274 1844.23 1 5242093 5242094 13 0 1 20 1  0
14.4207 5261309 323.255 1 3274 1844.23 1 5242107 5242108 13 0 1 20 1  0
10.2268 5241687 322.049 1 3275 1847.51 1 5241687 5241688 13 0 1 20 1  0
14.2216 5271952 323.909 1 3275 1847.51 1 5242029 5242031 13 0 1 20 1  0
10.3644 5245429 322.279 1 3276 1850.79 1 5245429 5245430 13 0 1 20 1  0
11.3114 5267245 323.62 1 3276 1850.79 1 5251120 5251121 13 0 1 20 1  0
10.1842 5265319 323.501 2 3276 1850.79 1 5265319 5265320 13 0 1 20 1  0
15.6685 5263086 323.364 8 3277 1854.07 3 5240938 5240942 13 0 1 20 1  0
10.2424 5241908 322.063 1 3277 1854.07 1 5241908 5241909 13 0 1 20 1  0
12.069 5265158 323.491 1 3277 1854.07 1 5246156 5246157 13 0 1 20 1  0
10.0086 5243381 322.153 1 3278 1857.36 1 5243381 5243382 13 0 1 20 1  0
12.2158 5247521 322.408 1 3278 1857.36 1 5243537 5243538 13 0 1 20 1  0
10.3813 5240996 322.007 1 3279 1860.66 1 5240996 5240997 13 0 1 20 1  0
10.7172 5269755 323.774 1 3279 1860.66 1 5246373 5246374 13 0 1 20 1  0
10.4564 5247010 322.376 1 3280 1863.96 1 5247010 5247011 13 0 1 20 1  0
11.2249 5269254 323.743 2 3280 1863.96 2 5269254 5269255 13 0 1 20 1  0
10.0726 5246229 322.328 1 3281 1867.27 1 5246229 5246230 13 0 1 20 1  0
13.0807 5251414 322.647 1 3281 1867.27 1 5250444 5250446 13 0 1 20 1  0
10.4071 5269080 323.732 2 3281 1867.27 1 5269080 5269081 13 0 1 20 1  0
10.4027 5270611 323.826 2 3281 1867.27 1 5270611 5270612 13 0 1 20 1  0
10.5431 5249882 322.553 1 3282 1870.58 1 5249882 5249883 13 0 1 20 1  0
11.5983 5250162 322.57 1 3282 1870.58 2 5250162 5250164 13 0 1 20 1  0
10.063 5250721 322.604 2 3282 1870.58 1 5250721 5250722 13 0 1 20 1  0
10.0135 5241268 322.023 1 3283 1873.9 1 5241268 5241269 13 0 1 20 1  0
11.7389 5242437 322.095 1 3304 1945 2 5242437 5242438 13 0 1 20 1  0
12.2598 5266595 323.58 1 3284 1877.23 1 5242793 5242794 13 0 1 20 1  0
11.5892 5248314 322.456 1 3295 1914.21 2 5248314 5248315 13 0 1 20 1  0
11.8692 5268263 323.682 1 3285 1880.56 1 5249191 5249192 13 0 1 20 1  0
10.2748 5248498 322.468 1 3286 1883.9 1 5248498 5248499 13 0 1 20 1  0
11.7981 5268378 323.689 1 3286 1883.9 2 5256331 5256332 13 0 1 20 1  0
16.619 5273670 324.014 8 3287 1887.24 1 5241421 5241422 13 0 1 20 1  0
11.5238 5251975 322.681 1 3287 1887.24 1 5251975 5251976 13 0 1 20 1  0
12.8902 5267371 323.627 1 3287 1887.24 1 5252182 5252183 13 0 1 20 1  0
10.3534 5242050 322.072 1 3288 1890.59 1 5242050 5242051 13 0 1 20 1  0
10.8997 5269636 323.766 1 3288 1890.59 1 5254528 5254529 13 0 1 20 1  0
10.7578 5249828 322.549 2 3289 1893.95 2 5249828 5249829 13 0 1 20 1  0
11.044 5251139 322.63 1 3289 1893.95 1 5251139 5251141 13 0 1 20 1  0
10.4505 5242401 322.093 1 3290 1897.31 1 5242401 5242402 13 0 1 20 1  0
13.0889 5268495 323.696 1 3290 1897.31 2 5245052 5245054 13 0 1 20 1  0
10.4012 5266317 323.562 1 3291 1900.68 1 5266317 5266318 13 0 1 20 1  0
12.3223 5267027 323.606 1 3291 1900.68 1 5267027 5267028 13 0 1 20 1  0
10.4128 5244508 322.223 1 3292 1904.05 1 5244508 5244509 13 0 1 20 1  0
10.2621 5268954 323.725 1 3292 1904.05 1 5253239 5253240 13 0 1 20 1  0
10.2864 5244926 322.248 1 3293 1907.43 1 5244926 5244927 13 0 1 20 1  0
12.3728 5253862 322.797 1 3293 1907.43 1 5250045 5250046 13 0 1 20 1  0
10.0302 5249758 322.545 1 3294 1910.82 1 5249758 5249759 13 0 1 20 1  0
12.8749 5251297 322.64 1 3294 1910.82 1 5251296 5251298 13 0 1 20 1  0
19.3634 5264288 323.438 8 3295 1914.21 1 5241167 5241168 13 0 1 20 1  0
10.8336 5247194 322.388 1 3295 1914.21 1 5247194 5247195 13 0 1 20 1  0
11.0184 5248110 322.444 1 3296 1917.6 1 5248110 5248111 13 0 1 20 1  0
10.3941 5252092 322.689 1 3297 1921.01 1 5252092 5252093 13 0 1 20 1  0
10.8972 5271759 323.897 1 3297 1921.01 1 5262521 5262522 13 0 1 20 1  0
11.0606 5241508 322.038 1 3298 1924.42 1 5241508 5241509 13 0 1 20 1  0
12.8098 5255718 322.911 1 3298 1924.42 1 5247315 5247316 13 0 1 20 1  0
12.3352 5242027 322.07 1 3299 1927.83 1 5242027 5242028 13 0 1 20 1  0
12.8129 5247529 322.408 8 3300 1931.25 2 5241690 5241691 13 0 1 20 1  0
10.9447 5248429 322.463 1 3300 1931.25 1 5248429 5248430 13 0 1 20 1  0
10.0929 5260536 323.207 1 3300 1931.25 1 5260536 5260537 13 0 1 20 1  0
10.0355 5269434 323.754 1 3301 1934.68 1 5269434 5269435 13 0 1 20 1  0
10.4741 5243617 322.168 8 3307 1955.38 2 5243617 5243618 13 0 1 20 1  0
11.8791 5269185 323.739 1 3304 1945 1 5269185 5269186 13 0 1 20 1  0
10.4032 5249032 322.501 1 3305 1948.45 1 5249032 5249033 13 0 1 20 1  0
10.2794 5258136 323.06 1 3306 1951.91 1 5258136 5258137 13 0 1 20 1  0
10.4679 5248405 322.462 1 3307 1955.38 1 5248405 5248406 13 0 1 20 1  0
10.4224 5252713 322.727 1 3307 1955.38 1 5252713 5252714 13 0 1 20 1  0
10.5805 5266427 323.569 1 3308 1958.85 1 5266427 5266428 13 0 1 20 1  0
10.3503 5270510 323.82 1 3308 1958.85 1 5270510 5270511 13 0 1 20 1  0
10.5003 5251545 322.655 2 3308 1958.85 1 5251545 5251546 13 0 1 20 1  0
11.0847 5247303 322.394 1 3312 1972.79 1 5247303 5247304 13 0 1 20 1  0
10.0428 5252936 322.74 1 3312 1972.79 1 5252936 5252937 13 0 1 20 1  0
10.7479 5266987 323.604 2 3314 1979.8 1 5266987 5266988 13 0 1 20 1  0
11.3667 5267346 323.626 2 3314 1979.8 1 5267346 5267347 13 0 1 20 1  0
10.0144 5253655 322.785 1 3316 1986.84 1 5253655 5253656 13 0 1 20 1  0
10.7348 5503696 338.147 2 3 0.059238 44205 5503696 5503699 13 0 1 20 1  0
31.7622 5511311 338.615 4 0 0 6 5504020 5504029 13 0 1 20 1  0
26.2641 5511308 338.615 2 0 0 2 5503703 5503707 13 0 1 20 1  0
26.1099 5688841 349.522 2 0 0 1 5504021 5504029 13 0 1 20 1  0
36.2815 5761508 353.987 7 1 0.0197462 14345 5529344 5529399 13 0 1 20 1  0
36.0022 5594399 343.72 6 1 0.0197462 60 5511274 5511334 13 0 1 20 1  0
30.4244 5557898 341.477 4 1 0.0197462 13 5503692 5503701 13 0 1 20 1  0
12.253 5508250 338.427 2 2 0.0394922 1 5503688 5503700 13 0 1 20 1  0
23.9544 5640958 346.58 4 3 0.059238 1 5504008 5504021 13 0 1 20 1  0
14.3268 5504008 338.166 3 6 0.118475 13 5503691 5503694 13 0 1 20 1  0
14.6305 5504654 338.206 3 5 0.0987291 1 5503693 5503696 13 0 1 20 1  0
14.4093 5689552 349.566 3 5 0.0987291 2 5504006 5504016 13 0 1 20 1  0
16.6026 5528935 339.698 8 211 4.25852 108 5528812 5529032 13 0 1 20 1  0
18.7801 5594709 343.739 5 9 0.177712 14 5503672 5503680 13 0 1 20 1  0
12.6981 5579555 342.808 4 10 0.197458 1 5503675 5503681 13 0 1 20 1  0
11.7933 5545328 340.705 4 12 0.236951 1 5503994 5504001 13 0 1 20 1  0
10.0499 5504970 338.225 3 15 0.296194 1 5503994 5503996 13 0 1 20 1  0
10.9713 5509193 338.485 4 18 0.355443 2 5503982 5503988 13 0 1 20 1  0
10.6697 5581612 342.934 4 20 0.394946 1 5504954 5504960 13 0 1 20 1  0
10.1688 5599090 344.008 4 22 0.434452 1 5509183 5509185 13 0 1 20 1  0
10.0383 5581494 342.927 8 31 0.612292 1 5581494 5581495 13 0 1 20 1  0
20.2087 5594020 343.697 6 188 3.7767 919 5526812 5526829 13 0 1 20 1  0
11.0634 5575718 342.572 3 156 3.11648 13 5529017 5529092 13 0 1 20 1  0
11.9564 5640602 346.559 3 175 3.50716 5 5528967 5529055 13 0 1 20 1  0
16.1384 5751684 353.383 5 182 3.65206 1 5542794 5542796 13 0 1 20 1  0
11.0975 5640576 346.557 2 183 3.6728 1 5528950 5529028 13 0 1 20 1  0
10.0367 5526812 339.567 5 186 3.73511 1 5526812 5526813 13 0 1 20 1  0
11.5071 5575650 342.568 2 194 3.90176 1 5528926 5529002 13 0 1 20 1  0
11.5979 5594274 343.712 2 215 4.343 3 5528865 5528882 13 0 1 20 1  0
11.8002 5575597 342.565 2 223 4.51263 2 5528854 5528864 13 0 1 20 1  0
10.749 5761332 353.976 2 242 4.91916 3 5593860 5593950 13 0 1 20 1  0
10.1587 5575400 342.553 3 305 6.30938 1 5575400 5575401 13 0 1 20 1  0
11.7711 5751323 353.361 2 347 7.27865 1 5593632 5593695 13 0 1 20 1  0
11.8868 5593617 343.672 2 386 8.21461 5 5593537 5593542 13 0 1 20 1  0
13.9533 5751276 353.358 3 351 7.37298 4 5593605 5593716 13 0 1 20 1  0
11.9756 5761376 353.979 2 356 7.4914 1 5593610 5593691 13 0 1 20 1  0
11.3005 5593571 343.669 2 388 8.26363 4 5593550 5593583 13 0 1 20 1  0
10.8245 5593534 343.667 2 388 8.26363 6 5593534 5593535 13 0 1 20 1  0
10.1421 5593507 343.665 2 398 8.51027 1 5593507 5593508 13 0 1 20 1  0
10.3744 5593475 343.663 2 404 8.65954 2 5593475 5593476 13 0 1 20 1  0
11.4445 5751141 353.35 2 420 9.0624 1 5593448 5593461 13 0 1 20 1  0
10.1492 5593434 343.661 2 430 9.31787 3 5593434 5593435 13 0 1 20 1  0
11.0183 5593385 343.658 2 463 10.1821 21 5593385 5593386 13 0 1 20 1  0
10.1172 5593376 343.657 2 448 9.78513 1 5593376 5593377 13 0 1 20 1  0
10.6064 5593299 343.652 2 493 10.9979 10 5593299 5593300 13 0 1 20 1  0
10.3517 5593260 343.65 2 507 11.3891 4 5593260 5593261 13 0 1 20 1  0
10.4541 5593038 343.636 2 589 13.8295 15 5593038 5593039 13 0 1 20 1  0
11.4208 5592935 343.63 2 626 15.0231 8 5592933 5592937 13 0 1 20 1  0
10.1423 5592985 343.633 2 602 14.2418 1 5592985 5592986 13 0 1 20 1  0
10.6377 5592972 343.632 2 608 14.4347 1 5592972 5592973 13 0 1 20 1  0
10.8556 5592813 343.622 3 634 15.2895 36 5592813 5592814 13 0 1 20 1  0
10.3146 5592851 343.625 2 652 15.9003 2 5592851 5592852 13 0 1 20 1  0
10.381 5592570 343.607 3 727 18.6267 6 5592570 5592571 13 0 1 20 1  0
10.4269 5592336 343.593 2 823 22.6052 14 5592336 5592337 13 0 1 20 1  0
10.5444 5592442 343.6 2 793 21.2972 4 5592442 5592443 13 0 1 20 1  0
10.174 5592309 343.591 3 797 21.468 3 5592309 5592310 13 0 1 20 1  0
10.742 5592248 343.588 3 810 22.0308 3 5592248 5592249 13 0 1 20 1  0
10.01 5758251 353.787 2 985 30.8769 1 5758251 5758252 13 0 1 20 1  0
10.0677 5758148 353.781 2 1003 31.94 1 5758148 5758149 13 0 1 20 1  0
11.1257 5758187 353.783 2 1003 31.94 2 5758186 5758188 13 0 1 20 1  0
10.5521 5591109 343.518 3 1017 32.7893 16 5591109 5591110 13 0 1 20 1  0
10.3196 5590720 343.494 4 1084 37.1429 24 5590720 5590721 13 0 1 20 1  0
10.1636 5590466 343.478 4 1120 39.6948 4 5590466 5590467 13 0 1 20 1  0
10.3558 5757649 353.75 3 1070 36.192 1 5757649 5757650 13 0 1 20 1  0
10.9515 5748099 353.163 6 1802 135.352 2 5748011 5748107 13 0 1 20 1  0
10.0123 5746863 353.087 5 1852 147.941 1 5746863 5746864 13 0 1 20 1  0
13.7542 5748648 353.197 12 2713 681.943 1 5746466 5752472 13 0 1 20 1  0
21.5552 5775742 354.862 10 241 4.89763 46374 5775130 5776128 13 0 1 20 1  0
14.4899 5906652 362.905 8 0 0 1 5775775 5775778 13 0 1 20 1  0
14.4821 5955248 365.89 8 0 0 1 5775781 5775899 13 0 1 20 1  0
27.2033 5775833 354.867 6 0 0 759 5775763 5776566 13 0 1 20 1  0
18.0338 5916496 363.509 1 0 0 1 5775775 5775903 13 0 1 20 1  0
21.3755 5900774 362.544 2 0 0 1 5766610 5766622 13 0 1 20 1  0
23.7898 5955254 365.891 4 0 0 2 5766612 5766618 13 0 1 20 1  0
24.3165 5954268 365.83 5 0 0 3 5775769 5775903 13 0 1 20 1  0
20.8159 5996976 368.454 6 0 0 2 5783202 5783252 13 0 1 20 1  0
32.6292 5984959 367.716 7 0 0 330 5775747 5776581 13 0 1 20 1  0
14.2794 5938132 364.839 2 1 0.0197462 1 5775777 5775896 13 0 1 20 1  0
12.1226 6023922 370.11 2 1 0.0197462 1 5776091 5776224 13 0 1 20 1  0
24.2485 5937998 364.831 5 2 0.0394922 7 5775763 5775898 13 0 1 20 1  0
13.91 5904804 362.791 4 7 0.13822 10 5775772 5775883 13 0 1 20 1  0
10.5056 5768815 354.436 3 2 0.0394922 2 5768815 5768816 13 0 1 20 1  0
13.3 5903178 362.691 3 4 0.0789836 2 5768810 5768813 13 0 1 20 1  0
18.367 5998288 368.535 4 4 0.0789836 1 5766600 5766605 13 0 1 20 1  0
10.1594 5766599 354.3 3 5 0.0987291 2 5766599 5766600 13 0 1 20 1  0
15.9189 5964917 366.484 4 6 0.118475 7 5775759 5775886 13 0 1 20 1  0
10.5692 5905126 362.811 3 9 0.177712 2 5775797 5775800 13 0 1 20 1  0
10.0001 5901867 362.611 3 11 0.217204 1 5901867 5901868 13 0 1 20 1  0
10.0201 5938348 364.852 4 15 0.296194 1 5937966 5937970 13 0 1 20 1  0
11.0364 5989001 367.964 5 18 0.355443 1 5775822 5775841 13 0 1 20 1  0
18.7191 5850993 359.485 10 324 6.74322 2719 5774968 5775900 13 0 1 20 1  0
10.9685 5988710 367.946 3 170 3.40399 6 5775440 5775554 13 0 1 20 1  0
10.515 5940210 364.966 4 162 3.23946 3 5775467 5775565 13 0 1 20 1  0
10.4771 5996634 368.433 4 166 3.32164 3 5775793 5775885 13 0 1 20 1  0
10.0456 5964569 366.463 2 193 3.88089 1 5964569 5964570 13 0 1 20 1  0
10.1199 5937580 364.805 2 314 6.51397 1 5937580 5937581 13 0 1 20 1  0
10.7523 5984267 367.673 2 346 7.25513 1 5775069 5775164 13 0 1 20 1  0
10.7607 5984195 367.669 2 364 7.68211 1 5775015 5775108 13 0 1 20 1  0
10.3714 5984210 367.67 2 367 7.75402 1 5775035 5775076 13 0 1 20 1  0
10.1889 5984161 367.667 2 378 8.01957 1 5775025 5775046 13 0 1 20 1  0
10.3852 5984109 367.664 2 403 8.63459 1 5774961 5774980 13 0 1 20 1  0
10.6866 5984048 367.66 2 424 9.16424 3 5774877 5774925 13 0 1 20 1  0
10.005 5984075 367.662 2 430 9.31787 1 5984075 5984076 13 0 1 20 1  0
10.6948 5984020 367.658 2 435 9.44669 1 5774873 5774903 13 0 1 20 1  0
10.4792 5983991 367.656 2 455 9.96951 1 5774834 5774853 13 0 1 20 1  0
10.4984 5983757 367.642 2 516 11.6443 1 5774669 5774671 13 0 1 20 1  0
11.631 5983610 367.633 4 591 13.8924 5 5849999 5850157 13 0 1 20 1  0
10.7177 5774320 354.774 2 706 17.8323 8 5774319 5774321 13 0 1 20 1  0
10.3556 5774359 354.777 2 636 15.3566 2 5774359 5774360 13 0 1 20 1  0
10.2913 5774301 354.773 2 703 17.7208 2 5774301 5774302 13 0 1 20 1  0
12.4728 5774241 354.769 3 714 18.1319 11 5774034 5774040 13 0 1 20 1  0
10.1936 5774211 354.768 2 681 16.9186 2 5774211 5774212 13 0 1 20 1  0
11.4041 5983309 367.615 5 663 16.2814 1 5849698 5850184 13 0 1 20 1  0
10.9246 5773269 354.71 2 898 26.1638 2 5773268 5773271 13 0 1 20 1  0
10.1466 5848291 359.319 2 1056 35.2633 1 5848291 5848292 13 0 1 20 1  0
10.4891 5848273 359.318 2 1069 36.1249 1 5848273 5848274 13 0 1 20 1  0
10.871 5847300 359.258 3 1154 42.2533 2 5771651 5771656 13 0 1 20 1  0
10.0714 5847223 359.253 2 1190 45.13 1 5847223 5847224 13 0 1 20 1  0
10.1749 5771072 354.575 3 1225 48.103 1 5771072 5771073 13 0 1 20 1  0
10.5076 5771025 354.572 2 1231 48.6309 1 5771025 5771027 13 0 1 20 1  0
10.8049 5846198 359.19 3 1308 55.9167 1 5770585 5770590 13 0 1 20 1  0
10.6921 5770077 354.514 3 1330 58.1837 1 5770077 5770078 13 0 1 20 1  0
11.674 5845496 359.147 5 1371 62.6476 22 5769831 5769993 13 0 1 20 1  0
11.8714 5845630 359.155 4 1375 63.1005 1 5769498 5769541 13 0 1 20 1  0
10.0942 5844843 359.107 3 1425 69.0365 1 5844843 5844844 13 0 1 20 1  0
10.0273 5844423 359.081 4 1446 71.6888 1 5844423 5844424 13 0 1 20 1  0
11.0108 5768103 354.392 5 1532 83.6296 1 5768090 5768112 13 0 1 20 1  0
11.1508 5794954 356.042 9 2269 310.242 6 5794525 5795355 13 0 1 20 1  0
10.4278 6028749 370.406 8 0 0 16435 6028749 6028750 13 0 1 20 1  0
14.6564 6112830 375.572 8 0 0 1 6029064 6029067 13 0 1 20 1  0
20.4441 6281642 385.944 2 0 0 4 6029064 6029068 13 0 1 20 1  0
17.9106 6116808 375.817 1 0 0 1 6028749 6028751 13 0 1 20 1  0
28.1507 6081655 373.657 5 0 0 12 6032682 6032687 13 0 1 20 1  0
30.2757 6105140 375.1 6 1 0.0197462 2632 6033637 6033819 13 0 1 20 1  0
14.4591 6094869 374.469 2 1 0.0197462 4 6029062 6029064 13 0 1 20 1  0
20.6205 6093137 374.362 3 1 0.0197462 2 6029061 6029065 13 0 1 20 1  0
10.6098 6029840 370.473 2 2 0.0394922 4 6029840 6029841 13 0 1 20 1  0
10.5721 6186107 380.074 2 2 0.0394922 1 6046456 6046485 13 0 1 20 1  0
10.3352 6029059 370.425 3 2 0.0394922 1 6029059 6029060 13 0 1 20 1  0
20.4678 6081987 373.677 4 2 0.0394922 2 6032987 6032995 13 0 1 20 1  0
16.8425 6154915 378.158 3 2 0.0394922 1 6032332 6032333 13 0 1 20 1  0
10.1645 6032679 370.648 5 2 0.0394922 1 6032679 6032680 13 0 1 20 1  0
18.9038 6222006 382.28 4 3 0.059238 1 6033634 6033665 13 0 1 20 1  0
17.4699 6247015 383.817 4 4 0.0789836 1 6033632 6033647 13 0 1 20 1  0
10.2533 6031341 370.566 3 5 0.0987291 1 6031341 6031342 13 0 1 20 1  0
12.6909 6097791 374.648 3 5 0.0987291 2 6032988 6032991 13 0 1 20 1  0
12.5979 6086515 373.955 3 6 0.118475 1 6029831 6029833 13 0 1 20 1  0
11.5247 6109201 375.349 3 7 0.13822 1 6033631 6033640 13 0 1 20 1  0
11.2638 6247622 383.854 3 7 0.13822 1 6033735 6033791 13 0 1 20 1  0
12.2642 6151368 377.94 4 8 0.157966 1 6033731 6033786 13 0 1 20 1  0
11.3189 6102669 374.948 4 9 0.177712 1 6033626 6033633 13 0 1 20 1  0
11.7504 6232318 382.914 5 14 0.276446 1 6046435 6046450 13 0 1 20 1  0
15.6978 6033740 370.713 6 17 0.335692 1 6033712 6033763 13 0 1 20 1  0
14.2922 6084876 373.855 6 18 0.355443 5 6033714 6033758 13 0 1 20 1  0
14.1063 6171934 379.204 7 215 4.343 189 6033292 6033349 13 0 1 20 1  0
12.8556 6084516 373.833 6 200 4.02726 89 6033348 6033390 13 0 1 20 1  0
10.5228 6033081 370.672 2 326 6.78933 37 6033081 6033082 13 0 1 20 1  0
10.0598 6057531 372.175 4 181 3.63133 1 6057531 6057532 13 0 1 20 1  0
10.176 6057442 372.169 3 228 4.6191 13 6057442 6057443 13 0 1 20 1  0
10.1052 6091843 374.283 2 234 4.74734 1 6091843 6091844 13 0 1 20 1  0
10.1328 6091796 374.28 2 244 4.96227 1 6091796 6091797 13 0 1 20 1  0
10.162 6057341 372.163 3 259 5.28758 1 6057341 6057342 13 0 1 20 1  0
10.001 6080916 373.611 9 263 5.37495 1 6080916 6080917 13 0 1 20 1  0
10.0901 6057236 372.157 2 315 6.5368 2 6057236 6057237 13 0 1 20 1  0
10.0468 6080676 373.597 4 304 6.28675 5 6080676 6080677 13 0 1 20 1  0
10.4526 6084249 373.816 2 316 6.55965 2 6084249 6084250 13 0 1 20 1  0
10.0399 6057163 372.152 2 335 6.99785 1 6057163 6057164 13 0 1 20 1  0
10.256 6104397 375.054 2 346 7.25513 2 6104397 6104398 13 0 1 20 1  0
10.4583 6080898 373.61 2 352 7.39661 1 6080898 6080899 13 0 1 20 1  0
10.0431 6084165 373.811 2 353 7.42028 1 6084165 6084166 13 0 1 20 1  0
10.2992 6046028 371.468 2 367 7.75402 9 6046028 6046029 13 0 1 20 1  0
10.0017 6081172 373.627 3 385 8.19014 1 6081172 6081173 13 0 1 20 1  0
10.3822 6171105 379.153 3 531 12.0762 2 6171105 6171106 13 0 1 20 1  0
10.2793 6168910 379.018 5 926 27.6075 1 6168902 6168911 13 0 1 20 1  0
10.2505 6168756 379.008 4 983 30.7608 1 6168755 6168757 13 0 1 20 1  0
45.3527 640377 39.3448 7 2787 777.579 369 640214 640767 13 0 1 20 1 1
