10.1974 15112 0.928481 8 0 0 1 15112 15113 13 0 1 20 1  0
10.2206 29246 1.79687 8 0 0 1 29246 29247 13 0 1 20 1  0
12.851 15113 0.928543 1 0 0 1 15113 15115 13 0 1 20 1  0
0 2048 0.125829 1 0 0 668 29247 29248 13 0 1 20 1  0
14.7216 234222 14.3906 2 0 0 1 15113 15115 13 0 1 20 1  0
21.9489 46150 2.83546 9 232 4.70454 2469 45986 46476 13 0 1 20 1  0
17.2216 51183 3.14468 5 5 0.0987291 235 45988 45997 13 0 1 20 1  0
14.831 51520 3.16539 6 12 0.236951 7 45999 46455 13 0 1 20 1  0
11.1999 8206 0.504177 11 79 1.56412 1 3160 8239 13 0 1 20 1  0
11.4394 21962 1.34935 6 96 1.90345 14 21314 21317 13 0 1 20 1  0
10.0061 21274 1.30707 6 117 2.32495 1 21274 21275 13 0 1 20 1  0
11.6316 216560 13.3054 10 786 21.0008 2 216344 216848 13 0 1 20 1  0
10.1189 43960 2.7009 10 1414 67.6857 1 43904 43967 13 0 1 20 1  0
11.3268 229288 14.0875 11 2088 225 3 227328 230579 13 0 1 20 1  0
10.5354 2048 0.125829 11 2081 222.221 2 2048 2315 13 0 1 20 1  0
13.6614 29078 1.78655 12 2566 525.436 8 26682 31684 13 0 1 20 1  0
14.6424 338459 20.7949 2 0 0 3 338458 338462 13 0 1 20 1  0
0 260096 15.9803 1 0 0 41 455687 455689 13 0 1 20 1  0
10.0539 337644 20.7448 2 0 0 1 337644 337645 13 0 1 20 1  0
13.1363 422446 25.9551 7 5 0.0987291 49 422424 422497 13 0 1 20 1  0
13.4746 297662 18.2884 7 176 3.52783 109 297625 297705 13 0 1 20 1  0
11.6186 501430 30.8079 12 130 2.5874 1 500768 503154 13 0 1 20 1  0
11.85 491482 30.1967 12 1925 168.44 3 489320 492818 13 0 1 20 1  0
10.9929 714964 43.9274 2 0 0 2 714964 714965 13 0 1 20 1  0
11.1308 736696 45.2626 2 0 0 1 736696 736698 13 0 1 20 1  0
10.0642 703113 43.1993 3 0 0 1 703113 703114 13 0 1 20 1  0
22.8362 702570 43.1659 12 2317 337.823 4008 698234 707074 13 0 1 20 1  0
0 522240 32.0864 12 195 3.92265 1 762304 762670 13 0 1 20 1  0
0 522240 32.0864 12 525 11.9024 1140 760626 762244 13 0 1 20 1  0
12.1079 761036 46.758 12 666 16.3865 1 738104 740376 13 0 1 20 1  0
17.2512 754122 46.3333 12 1567 89.0299 52 730122 733934 13 0 1 20 1  0
10.2843 650402 39.9607 12 2776 762.557 1 649696 650562 13 0 1 20 1  0
0 522240 32.0864 12 2776 762.557 1 672220 672474 13 0 1 20 1  0
12.7088 898563 55.2077 2 0 0 2 895641 895642 13 0 1 20 1  0
11.0686 846029 51.98 2 0 0 1 846029 846030 13 0 1 20 1  0
0 784384 48.1926 2 0 0 1 898563 898565 13 0 1 20 1  0
10.1799 846072 51.9827 11 2372 372.449 1 846017 846090 13 0 1 20 1  0
10.6824 1075265 66.0643 8 0 0 1 1075265 1075266 13 0 1 20 1  0
10.113 1242040 76.3109 8 0 0 1 1242040 1242041 13 0 1 20 1  0
15.8914 1241718 76.2912 2 0 0 3 1136532 1136533 13 0 1 20 1  0
0 1046528 64.2987 1 0 0 3 1241878 1241879 13 0 1 20 1  0
10.4693 1114705 68.4875 2 0 0 1 1114705 1114706 13 0 1 20 1  0
10.8319 1159209 71.2218 9 1769 127.632 3 1157800 1159339 13 0 1 20 1  0
10.6276 1136730 69.8407 11 1884 156.602 2 1135843 1137118 13 0 1 20 1  0
13.1791 1109484 68.1667 12 2062 214.849 9 1107308 1112650 13 0 1 20 1  0
10.6563 1569291 96.4172 8 0 0 1 1569291 1569292 13 0 1 20 1  0
14.4812 1569292 96.4173 2 0 0 3 1569291 1569294 13 0 1 20 1  0
0 1308672 80.4048 1 0 0 2 1569937 1569938 13 0 1 20 1  0
11.2501 1315374 80.8166 3 4 0.0789836 6 1315373 1315376 13 0 1 20 1  0
10.7028 1349288 82.9003 12 64 1.26585 1 1348950 1350086 13 0 1 20 1  0
0 1308672 80.4048 12 64 1.26585 1 1570534 1570706 13 0 1 20 1  0
11.4549 1485468 91.2672 12 2462 436.923 1 1485062 1487902 13 0 1 20 1  0
12.5876 1599618 98.2805 2 0 0 2 1599616 1599619 13 0 1 20 1  0
14.0869 1777912 109.235 12 1036 33.9743 96 1776304 1778794 13 0 1 20 1  0
0 1570816 96.5109 12 1344 59.6722 16 1773610 1776030 13 0 1 20 1  0
14.3852 1622044 99.6584 12 2091 226.202 55 1619406 1624544 13 0 1 20 1  0
0 1570816 96.5109 12 2074 219.476 17 1754550 1756822 13 0 1 20 1  0
12.2312 1753294 107.722 11 2121 238.576 3 1619305 1621813 13 0 1 20 1  0
10.9915 1701362 104.532 12 2690 654.686 1 1699854 1701860 13 0 1 20 1  0
12.3049 1893121 116.313 8 0 0 1 1893121 1893122 13 0 1 20 1  0
14.9207 1952302 119.949 8 0 0 1 1930085 1930090 13 0 1 20 1  0
0 1832960 112.617 8 0 0 3 1952302 1952304 13 0 1 20 1  0
13.18 1893122 116.313 1 0 0 1 1893122 1893123 13 0 1 20 1  0
19.1324 1952303 119.949 2 0 0 21 1893121 1893123 13 0 1 20 1  0
0 1832960 112.617 1 0 0 31 1952302 1952306 13 0 1 20 1  0
11.3065 1930086 118.584 4 6 0.118475 13 1930086 1930088 13 0 1 20 1  0
11.3132 1994487 122.541 3 7 0.13822 5 1994486 1994489 13 0 1 20 1  0
11.2134 1891842 116.235 12 175 3.50716 1 1890220 1892364 13 0 1 20 1  0
10.3377 2016054 123.866 12 375 7.94685 1 2016010 2016106 13 0 1 20 1  0
16.1156 2001910 122.997 12 1820 139.756 93 1999414 2003582 13 0 1 20 1  0
0 1832960 112.617 12 1070 36.192 1 2057774 2058728 13 0 1 20 1  0
0 1832960 112.617 12 1350 60.3213 1 2055722 2056770 13 0 1 20 1  0
10.5953 2146794 131.899 8 0 0 1 2146794 2146795 13 0 1 20 1  0
10.6855 2254706 138.529 8 0 0 1 2250227 2250228 13 0 1 20 1  0
0 2095104 128.723 8 0 0 1 2254706 2254707 13 0 1 20 1  0
10.8762 2107744 129.5 1 0 0 1 2107744 2107745 13 0 1 20 1  0
13.0853 2250227 138.254 2 0 0 2 2107743 2107745 13 0 1 20 1  0
0 2095104 128.723 1 0 0 5 2250227 2250229 13 0 1 20 1  0
10.4437 2298186 141.201 3 0 0 1 2298184 2298187 13 0 1 20 1  0
14.211 2126042 130.624 12 1741 121.425 6 2105688 2108340 13 0 1 20 1  0
0 2095104 128.723 12 1715 115.931 2 2124840 2128464 13 0 1 20 1  0
13.4732 2095110 128.724 12 2141 247.198 9 2095104 2096430 13 0 1 20 1  0
10.9715 2612080 160.486 7 236 4.79021 21 2612058 2612106 13 0 1 20 1  0
12.9342 2486270 152.756 12 953 29.0641 96 2484964 2487622 13 0 1 20 1  0
10.1618 2551112 156.74 12 424 9.16424 1 2487598 2487616 13 0 1 20 1  0
0 2357248 144.829 12 424 9.16424 1 2551096 2551148 13 0 1 20 1  0
11.4312 2483144 152.564 12 1370 62.5349 3 2482332 2484108 13 0 1 20 1  0
10.6704 2478714 152.292 12 1652 103.618 2 2478188 2479610 13 0 1 20 1  0
10.6996 2454054 150.777 12 2260 305.327 1 2453728 2454952 13 0 1 20 1  0
10.3074 2833750 174.106 8 0 0 1 2833750 2833751 13 0 1 20 1  0
10.2499 2772272 170.328 3 0 0 1 2772272 2772274 13 0 1 20 1  0
10.1072 2863769 175.95 3 8 0.157966 1 2863769 2863770 13 0 1 20 1  0
13.3246 2619404 160.936 12 102 2.02359 3 2619392 2622804 13 0 1 20 1  0
10.2296 2660105 163.437 11 49 0.968414 1 2652969 2660118 13 0 1 20 1  0
32.5018 2881536 177.042 12 1014 32.6056 3849 2879420 2881538 13 0 1 20 1  0
0 2619392 160.935 6 1042 34.3564 283 2881510 2881517 13 0 1 20 1  0
10.8529 2868492 176.24 10 2125 240.276 2 2866890 2868686 13 0 1 20 1  0
10.6293 2918173 179.293 1 0 0 1 2918173 2918174 13 0 1 20 1  0
10.4522 3015018 185.243 1 0 0 1 3015018 3015019 13 0 1 20 1  0
16.6211 3120966 191.752 11 138 2.74957 989 3059444 3059620 13 0 1 20 1  0
0 2881536 177.042 7 0 0 16 3121533 3121601 13 0 1 20 1  0
11.045 3125775 192.048 7 4 0.0789836 3 3120575 3120915 13 0 1 20 1  0
0 2881536 177.042 8 396 8.46073 2 3120763 3120873 13 0 1 20 1  0
12.871 3055212 187.712 12 1096 37.9762 109 3054182 3056130 13 0 1 20 1  0
10.2759 2884742 177.239 12 1645 102.332 9 2884288 2885056 13 0 1 20 1  0
10.0679 3115390 191.41 9 1319 57.0393 2 3115390 3115490 13 0 1 20 1  0
10.1801 3127553 192.157 11 1762 126.051 1 3127513 3128285 13 0 1 20 1  0
11.1964 3008678 184.853 12 2437 417.97 2 3007552 3010430 13 0 1 20 1  0
10.4878 3404986 209.202 11 132 2.6279 1 3404950 3405006 13 0 1 20 1  0
10.2264 3369898 207.047 12 2186 267.752 1 3369800 3369990 13 0 1 20 1  0
10.285 3452642 212.13 8 0 0 1 3452642 3452643 13 0 1 20 1  0
10.1984 3583701 220.183 3 0 0 1 3583701 3583702 13 0 1 20 1  0
10.6917 3407180 209.337 2 3 0.059238 10 3407180 3407182 13 0 1 20 1  0
10.3726 3405906 209.259 12 64 1.26585 1 3405878 3406270 13 0 1 20 1  0
10.3111 3535756 217.237 10 2173 261.645 2 3535661 3535889 13 0 1 20 1  0
11.8026 3519776 216.255 10 2390 384.534 6 3518791 3521224 13 0 1 20 1  0
10.2045 3856809 236.962 8 0 0 2 3856809 3856810 13 0 1 20 1  0
10.462 3856798 236.962 1 0 0 3 3856798 3856799 13 0 1 20 1  0
10.9209 3776760 232.044 11 414 8.91049 1 3776640 3777032 13 0 1 20 1  0
10.1648 3917280 240.678 11 666 16.3865 1 3917229 3917322 13 0 1 20 1  0
12.2246 3928070 241.341 11 2944 1027.22 10 3926759 3930113 13 0 1 20 1  0
10.0189 3852194 236.679 12 3105 1366.66 1 3852194 3852248 13 0 1 20 1  0
12.7889 3866824 237.578 12 3166 1522.79 3 3864322 3869066 13 0 1 20 1  0
10.0342 3994262 245.407 1 0 0 1 3994262 3994263 13 0 1 20 1  0
13.6344 4159951 255.587 2 0 0 2 4159950 4159953 13 0 1 20 1  0
10.7084 3987618 244.999 2 1 0.0197462 1 3987618 3987619 13 0 1 20 1  0
10.9216 4077116 250.498 12 139 2.76988 1 4075612 4078206 13 0 1 20 1  0
17.3774 4047520 248.68 11 1274 52.5793 413 4002538 4003480 13 0 1 20 1  0
0 3930112 241.466 11 1274 52.5793 95 4012302 4013391 13 0 1 20 1  0
10.7939 4069589 250.036 8 1410 67.2009 4 4045465 4045588 13 0 1 20 1  0
10.1104 4025910 247.352 10 2135 244.579 1 4025742 4026086 13 0 1 20 1  0
15.1265 3996910 245.57 11 2541 502.646 30 3992034 3999400 13 0 1 20 1  0
11.0087 3982131 244.662 11 2655 615.282 4 3980495 3982643 13 0 1 20 1  0
11.6831 3961901 243.419 10 2789 780.342 18 3960891 3962361 13 0 1 20 1  0
10.1903 4192184 257.568 12 2966 1068.09 1 4192162 4192258 13 0 1 20 1  0
10.5264 4161764 255.699 12 2975 1085.28 2 4160460 4162106 13 0 1 20 1  0
10.2235 4144378 254.631 12 3049 1237.46 1 4144202 4144408 13 0 1 20 1  0
11.6923 4111394 252.604 12 3151 1482.82 1 4110336 4113974 13 0 1 20 1  0
10.5112 4240929 260.563 8 0 0 1 4240929 4240930 13 0 1 20 1  0
10.6165 4292595 263.737 8 0 0 1 4292595 4292596 13 0 1 20 1  0
11.4549 4232817 260.064 2 0 0 2 4232817 4232818 13 0 1 20 1  0
14.1055 4302175 264.326 2 0 0 3 4240930 4240932 13 0 1 20 1  0
0 4192256 257.572 1 0 0 4 4302174 4302177 13 0 1 20 1  0
10.2767 4403643 270.56 9 388 8.26363 1 4403635 4403704 13 0 1 20 1  0
10.0706 4303346 264.398 12 2009 195.55 1 4303070 4303366 13 0 1 20 1  0
13.0306 4376880 268.915 12 2065 215.997 1 4374754 4392864 13 0 1 20 1  0
0 4192256 257.572 12 2065 215.997 1 4438552 4441842 13 0 1 20 1  0
10.5961 4258154 261.621 12 2305 330.706 1 4257034 4259518 13 0 1 20 1  0
10.1411 4322496 265.574 12 3161 1509.35 1 4322072 4322560 13 0 1 20 1  0
10.9474 4569970 280.779 8 0 0 1 4569969 4569971 13 0 1 20 1  0
12.4644 4484853 275.549 1 0 0 1 4484853 4484854 13 0 1 20 1  0
17.3329 4569969 280.779 2 0 0 4 4484853 4484855 13 0 1 20 1  0
0 4454400 273.678 1 0 0 7 4569967 4569971 13 0 1 20 1  0
11.6017 4465848 274.382 8 236 4.79021 53 4465808 4465911 13 0 1 20 1  0
0 4454400 273.678 8 164 3.28053 5 4466001 4466062 13 0 1 20 1  0
11.2002 4648757 285.62 10 424 9.16424 3 4548635 4548832 13 0 1 20 1  0
11.5825 4549135 279.499 9 366 7.73002 39 4549048 4549199 13 0 1 20 1  0
12.4668 4845058 297.68 8 0 0 2 4845058 4845059 13 0 1 20 1  0
0 4716544 289.784 8 0 0 67 4850569 4850570 13 0 1 20 1  0
10.5096 4791161 294.369 1 0 0 1 4791161 4791162 13 0 1 20 1  0
16.097 4850571 298.019 2 0 0 35 4776450 4776454 13 0 1 20 1  0
13.7113 4962427 304.892 3 0 0 19 4776443 4776454 13 0 1 20 1  0
14.4242 4844407 297.64 3 5 0.0987291 16 4844093 4844097 13 0 1 20 1  0
10.9658 4844096 297.621 4 2 0.0394922 3 4844096 4844097 13 0 1 20 1  0
10.2786 4810868 295.58 10 285 5.86039 1 4810859 4810882 13 0 1 20 1  0
25.3547 4797196 294.74 12 2183 266.33 893 4793298 4802868 13 0 1 20 1  0
15.2498 4765596 292.798 12 2547 508.024 7 4763062 4769642 13 0 1 20 1  0
10.0966 4978230 305.862 12 3012 1158.87 1 4977934 4978344 13 0 1 20 1  0
10.5231 5174039 317.893 8 0 0 1 5174039 5174040 13 0 1 20 1  0
10.6038 5214061 320.352 8 0 0 1 5214061 5214062 13 0 1 20 1  0
13.4424 5174040 317.893 2 0 0 2 5174039 5174042 13 0 1 20 1  0
10.5308 5214056 320.352 3 1 0.0197462 1 5214056 5214057 13 0 1 20 1  0
15.3341 5191848 318.987 12 975 30.3 47 5116412 5118992 13 0 1 20 1  0
0 4978688 305.891 12 817 22.3386 3 5238936 5240834 13 0 1 20 1  0
23.1957 5182612 318.42 12 1742 121.642 285 5041458 5046950 13 0 1 20 1  0
0 4978688 305.891 12 1691 111.078 30 5181784 5185794 13 0 1 20 1  0
11.9333 5159176 316.98 12 2278 315.237 2 5157812 5161360 13 0 1 20 1  0
10.0962 5128544 315.098 12 2402 392.808 1 5127990 5128784 13 0 1 20 1  0
11.028 5259382 323.136 8 0 0 1 5259382 5259383 13 0 1 20 1  0
14.2538 5262726 323.342 8 0 0 1 5262726 5262727 13 0 1 20 1  0
0 5240832 321.997 8 0 0 2 5263365 5263366 13 0 1 20 1  0
13.241 5259383 323.136 1 0 0 1 5259383 5259384 13 0 1 20 1  0
15.5921 5262727 323.342 1 0 0 4 5260770 5260771 13 0 1 20 1  0
0 5240832 321.997 1 0 0 24 5262726 5262728 13 0 1 20 1  0
13.8317 5263364 323.381 2 0 0 16 5259383 5259385 13 0 1 20 1  0
12.3946 5267574 323.64 4 9 0.177712 12 5263343 5263348 13 0 1 20 1  0
10.1106 5248418 322.463 2 1 0.0197462 1 5248418 5248419 13 0 1 20 1  0
12.0559 5240848 321.998 11 698 17.5362 4 5240832 5241237 13 0 1 20 1  0
10.2396 5253227 322.758 11 1518 81.5608 2 5253051 5253286 13 0 1 20 1  0
10.9757 5586282 343.221 8 0 0 1 5586282 5586283 13 0 1 20 1  0
11.3186 5749475 353.248 8 0 0 1 5749475 5749476 13 0 1 20 1  0
10.0726 5529135 339.71 1 0 0 1 5529135 5529136 13 0 1 20 1  0
13.751 5586282 343.221 1 0 0 2 5529312 5529313 13 0 1 20 1  0
0 5502976 338.103 1 0 0 8 5586281 5586283 13 0 1 20 1  0
15.3382 5749477 353.248 2 0 0 2 5586281 5586284 13 0 1 20 1  0
10.0652 5640824 346.572 11 865 24.5448 1 5640809 5640891 13 0 1 20 1  0
10.2847 5583150 343.029 10 1027 33.4082 2 5583012 5583168 13 0 1 20 1  0
10.3501 5578600 342.749 9 1474 75.3804 1 5578591 5578614 13 0 1 20 1  0
11.0153 5597471 343.909 10 1704 113.681 7 5597032 5597555 13 0 1 20 1  0
11.578 5977821 367.277 2 0 0 2 5977820 5977822 13 0 1 20 1  0
0 5765120 354.209 1 0 0 2 6016994 6016995 13 0 1 20 1  0
12.8787 6004844 368.938 12 69 1.36517 1 5998820 6013772 13 0 1 20 1  0
10.3859 5925016 364.033 12 193 3.88089 1 5923980 5925060 13 0 1 20 1  0
16.56 6026112 370.244 12 1561 88.0804 50 5989222 5992696 13 0 1 20 1  0
0 5765120 354.209 12 1561 88.0804 1 6023750 6027266 13 0 1 20 1  0
10.7146 5978388 367.312 12 2259 304.786 3 5977630 5978766 13 0 1 20 1  0
17.2149 6027272 370.316 12 1551 86.5199 160 6027264 6028764 13 0 1 20 1  0
11.5595 6368196 391.262 3 0 0 3 6368195 6368198 13 0 1 20 1  0
11.5938 6395866 392.962 1 0 0 1 6372995 6372996 13 0 1 20 1  0
0 6289408 386.421 1 0 0 4 6395866 6395867 13 0 1 20 1  0
11.5862 6488152 398.632 12 857 24.1652 2 6486790 6488808 13 0 1 20 1  0
12.4435 6484582 398.413 12 1338 59.0298 8 6483264 6485818 13 0 1 20 1  0
0 6289408 386.421 12 1068 36.058 1 6541438 6541472 13 0 1 20 1  0
0 6289408 386.421 12 1338 59.0298 1 6538378 6538394 13 0 1 20 1  0
11.5009 6551502 402.524 12 1745 122.293 11 6550496 6551554 13 0 1 20 1  0
154.241 6419153 394.393 10 2809 808.517 867 6418174 6420118 13 0 1 20 1  0
0 6289408 386.421 8 2758 738.599 541 6421203 6421419 13 0 1 20 1  0
11.0926 6420041 394.447 3 2803 799.959 1 6418807 6418811 13 0 1 20 1  0
11.1169 6419811 394.433 2 2807 805.654 1 6418733 6418741 13 0 1 20 1  0
11.6946 6419479 394.413 2 2808 807.084 1 6418687 6418692 13 0 1 20 1  0
10.0982 6417419 394.286 2 2821 825.908 1 6417419 6417420 13 0 1 20 1  0
15.7477 6417351 394.282 3 2822 827.374 1 6417254 6418474 13 0 1 20 1  0
10.0169 6417125 394.268 2 2823 828.842 1 6417125 6417126 13 0 1 20 1  0
11.7982 6416793 394.248 3 2825 831.787 1 6416738 6416860 13 0 1 20 1  0
10.1057 6416201 394.211 3 2828 836.225 1 6416201 6416202 13 0 1 20 1  0
13.4038 6414576 394.112 6 2839 852.698 2 6414027 6414664 13 0 1 20 1  0
12.7771 6593263 405.09 8 0 0 1 6593263 6593265 13 0 1 20 1  0
0 6551552 402.527 8 0 0 19 6621901 6621905 13 0 1 20 1  0
20.6237 6593262 405.09 3 0 0 4 6593256 6593267 13 0 1 20 1  0
18.1541 6620181 406.744 4 0 0 16 6593255 6593269 13 0 1 20 1  0
11.0086 6627404 407.188 10 1480 76.1954 25 6626916 6627724 13 0 1 20 1  0
10.0658 6740187 414.117 11 888 25.664 1 6739988 6740191 13 0 1 20 1  0
10.0874 6556492 402.831 10 2088 225 1 6556488 6556557 13 0 1 20 1  0
10.8033 6714132 412.516 10 2133 243.712 4 6713584 6714231 13 0 1 20 1  0
11.1428 6649088 408.52 12 2770 754.486 1 6648550 6650282 13 0 1 20 1  0
10.1737 6629530 407.318 11 2877 912.142 1 6629507 6629558 13 0 1 20 1  0
11.3581 6839017 420.189 8 0 0 1 6839017 6839018 13 0 1 20 1  0
15.2163 6911057 424.615 8 0 0 1 6890988 6890989 13 0 1 20 1  0
0 6813696 418.633 8 0 0 168 6896498 6896499 13 0 1 20 1  0
10.1647 6814197 418.664 1 0 0 1 6814197 6814198 13 0 1 20 1  0
16.3977 6911058 424.615 1 0 0 2 6817560 6817561 13 0 1 20 1  0
11.4995 6872810 422.265 2 0 0 5 6872810 6872811 13 0 1 20 1  0
20.7723 6897805 423.801 3 0 0 50 6890969 6890978 13 0 1 20 1  0
13.4046 6920180 425.176 5 2 0.0394922 7 6890959 6890972 13 0 1 20 1  0
12.1858 6898767 423.86 2 1 0.0197462 3 6890985 6890987 13 0 1 20 1  0
13.5487 6912064 424.677 5 1 0.0197462 1 6890970 6890974 13 0 1 20 1  0
11.6454 6890968 423.381 5 3 0.059238 6 6890968 6890970 13 0 1 20 1  0
11.6295 7141931 438.8 8 0 0 1 7141931 7141932 13 0 1 20 1  0
21.0665 7150272 439.313 3 0 0 49 7141928 7141933 13 0 1 20 1  0
0 7075840 434.74 8 0 0 52 7149583 7149584 13 0 1 20 1  0
15.5156 7149279 439.252 1 0 0 4 7141929 7141933 13 0 1 20 1  0
10.6619 7117111 437.275 3 0 0 1 7117111 7117112 13 0 1 20 1  0
11.3937 7148639 439.212 3 4 0.0789836 6 7148638 7148641 13 0 1 20 1  0
10.1023 7149560 439.269 3 8 0.157966 1 7149560 7149561 13 0 1 20 1  0
10.958 7260553 446.088 9 160 3.19842 1 7260518 7260586 13 0 1 20 1  0
10.6701 7145828 439.04 12 938 28.2469 1 7145036 7146128 13 0 1 20 1  0
11.4655 7337932 450.843 12 3005 1144.58 2 7335622 7337986 13 0 1 20 1  0
10.2846 7323548 449.959 12 3071 1286.69 1 7322408 7323608 13 0 1 20 1  0
11.5761 7467185 458.784 1 0 0 1 7465722 7465724 13 0 1 20 1  0
0 7337984 450.846 1 0 0 5 7466209 7466211 13 0 1 20 1  0
12.9523 7465723 458.694 2 0 0 1 7465722 7465724 13 0 1 20 1  0
10.3817 7481510 459.664 12 218 4.40651 1 7481492 7481552 13 0 1 20 1  0
13.769 7477018 459.388 12 963 29.6203 4 7475708 7479248 13 0 1 20 1  0
11.9966 7473324 459.161 12 1626 98.9214 5 7459452 7474270 13 0 1 20 1  0
11.1779 7457462 458.186 12 1719 116.76 1 7456710 7458556 13 0 1 20 1  0
15.0324 7452321 457.871 11 2176 263.042 95 7450457 7454515 13 0 1 20 1  0
0 7337984 450.846 11 2019 199.054 1 7459187 7461986 13 0 1 20 1  0
10.261 7415824 455.628 11 2596 554.151 1 7415742 7415841 13 0 1 20 1  0
11.2287 7401990 454.778 12 2697 662.864 1 7400400 7403504 13 0 1 20 1  0
11.4703 7385072 453.739 12 2798 792.897 3 7383228 7387566 13 0 1 20 1  0
13.1191 7624818 468.469 8 0 0 2 7624818 7624821 13 0 1 20 1  0
18.4742 7624819 468.469 2 0 0 3 7624511 7624514 13 0 1 20 1  0
0 7600128 466.952 1 0 0 8 7624817 7624821 13 0 1 20 1  0
10.2357 7624510 468.45 3 0 0 1 7624510 7624511 13 0 1 20 1  0
11.055 7753550 476.378 4 0 0 1 7624820 7624824 13 0 1 20 1  0
10.155 7695976 472.841 11 77 1.5243 1 7695956 7695982 13 0 1 20 1  0
10.3687 7693048 472.661 12 408 8.75959 2 7692954 7693250 13 0 1 20 1  0
10.0891 7689982 472.472 7 1250 50.3394 1 7689982 7689984 13 0 1 20 1  0
11.2522 7677230 471.689 11 1881 155.769 4 7676320 7677924 13 0 1 20 1  0
12.9071 7869069 483.476 3 0 0 2 7869067 7869071 13 0 1 20 1  0
10.1834 8094264 497.312 12 2690 654.686 1 8093946 8094378 13 0 1 20 1  0
12.253 8367340 514.089 8 0 0 1 8367340 8367341 13 0 1 20 1  0
11.2563 8332597 511.955 1 0 0 2 8332597 8332598 13 0 1 20 1  0
14.1192 8367341 514.089 2 0 0 3 8333628 8333629 13 0 1 20 1  0
0 8124416 499.164 1 0 0 8 8339903 8339904 13 0 1 20 1  0
15.2809 8261101 507.562 10 1033 33.7846 90 8260223 8261791 13 0 1 20 1  0
0 8124416 499.164 10 802 21.6831 5 8349534 8349937 13 0 1 20 1  0
12.5132 8489135 521.572 8 0 0 1 8489135 8489137 13 0 1 20 1  0
17.6051 8489136 521.573 2 0 0 3 8417989 8417991 13 0 1 20 1  0
0 8386560 515.27 1 0 0 9 8463653 8463654 13 0 1 20 1  0
12.858 8517186 523.296 12 1830 142.264 4 8514768 8520378 13 0 1 20 1  0
10.9163 8538832 524.626 12 1992 189.733 1 8538000 8539386 13 0 1 20 1  0
10.6431 8802723 540.839 8 0 0 1 8802723 8802724 13 0 1 20 1  0
11.0094 8802723 540.839 1 0 0 1 8802723 8802724 13 0 1 20 1  0
11.9832 8841683 543.233 1 0 0 2 8841683 8841684 13 0 1 20 1  0
0 8648704 531.376 1 0 0 1 8847202 8847203 13 0 1 20 1  0
10.6891 8847202 543.572 2 0 0 1 8847202 8847203 13 0 1 20 1  0
20.0296 8723904 535.997 12 1550 86.3654 889 8721278 8726572 13 0 1 20 1  0
0 8648704 531.376 9 182 3.65206 68 8872972 8872975 13 0 1 20 1  0
10.5875 8853568 543.963 10 413 8.88527 3 8698274 8698378 13 0 1 20 1  0
11.3102 8885408 545.919 11 293 6.03907 4 8885116 8885587 13 0 1 20 1  0
10.0973 8698249 534.42 10 457 10.0225 1 8698248 8698255 13 0 1 20 1  0
10.2936 8879142 545.534 12 1466 74.3071 1 8724994 8725062 13 0 1 20 1  0
0 8648704 531.376 7 1496 78.4109 2 8725390 8725391 13 0 1 20 1  0
0 8648704 531.376 7 1783 130.852 2 8718855 8719057 13 0 1 20 1  0
10.6821 8844788 543.424 12 2368 369.815 2 8844010 8845874 13 0 1 20 1  0
13.0177 8831982 542.637 12 2513 478.292 3 8829524 8833834 13 0 1 20 1  0
12.3773 8810668 541.327 12 2679 642.037 3 8809076 8813766 13 0 1 20 1  0
15.1121 8862912 544.537 12 2698 664.041 8 8806214 8811556 13 0 1 20 1  0
0 8648704 531.376 12 2695 660.517 4 8859942 8865784 13 0 1 20 1  0
10.1422 9000758 553.007 8 0 0 1 9000758 9000759 13 0 1 20 1  0
10.686 9040580 555.453 8 0 0 1 9040580 9040581 13 0 1 20 1  0
0 8910848 547.482 8 0 0 2 9051611 9051612 13 0 1 20 1  0
10.0395 9000759 553.007 1 0 0 1 9000759 9000760 13 0 1 20 1  0
17.2175 9051610 556.131 2 0 0 3 9051608 9051613 13 0 1 20 1  0
0 8910848 547.482 1 0 0 3 9051609 9051612 13 0 1 20 1  0
11.356 9001084 553.027 2 0 0 1 9001084 9001085 13 0 1 20 1  0
10.2007 9134778 561.241 4 0 0 1 9134778 9134779 13 0 1 20 1  0
11.4679 9133310 561.151 9 551 12.6654 10 9054977 9055268 13 0 1 20 1  0
0 8910848 547.482 9 320 6.65127 9 9078006 9078094 13 0 1 20 1  0
10.2483 9079823 557.864 9 366 7.73002 1 9079814 9079835 13 0 1 20 1  0
10.1821 9055376 556.362 9 396 8.46073 1 9055373 9055379 13 0 1 20 1  0
11.5197 9054669 556.319 10 768 20.2534 10 9054346 9054961 13 0 1 20 1  0
13.926 9026343 554.578 11 2469 442.382 2 9023998 9030342 13 0 1 20 1  0
10.9049 8911452 547.52 12 3036 1209.26 1 8910848 8911708 13 0 1 20 1  0
10.3393 9221043 566.541 8 0 0 1 9221043 9221044 13 0 1 20 1  0
11.5847 9239820 567.695 8 0 0 1 9239817 9239821 13 0 1 20 1  0
0 9172992 563.589 8 0 0 8 9244029 9244030 13 0 1 20 1  0
15.6512 9239819 567.694 2 0 0 12 9239818 9239823 13 0 1 20 1  0
0 9172992 563.589 2 0 0 1 9240459 9240460 13 0 1 20 1  0
10.6236 9244024 567.953 3 1 0.0197462 3 9239815 9239819 13 0 1 20 1  0
19.5078 9264813 569.23 11 1663 105.67 2956 9263076 9266797 13 0 1 20 1  0
11.7312 9277470 570.008 7 94 1.86345 42 9277445 9277815 13 0 1 20 1  0
0 9172992 563.589 7 1652 103.618 2 9265257 9265615 13 0 1 20 1  0
10.6665 9544274 586.4 8 0 0 1 9544274 9544275 13 0 1 20 1  0
10.1823 9545251 586.46 8 0 0 1 9545251 9545253 13 0 1 20 1  0
13.543 9545252 586.46 2 0 0 3 9545251 9545254 13 0 1 20 1  0
0 9435136 579.695 1 0 0 2 9545252 9545254 13 0 1 20 1  0
11.5549 9544275 586.4 2 0 0 1 9544275 9544276 13 0 1 20 1  0
10.7597 9435304 579.705 12 288 5.92726 1 9435136 9436532 13 0 1 20 1  0
11.5429 9435920 579.743 10 1496 78.4109 3 9435478 9436358 13 0 1 20 1  0
12.7974 9619868 591.045 11 1846 146.371 20 9619221 9621023 13 0 1 20 1  0
10.1734 9580652 588.635 12 2482 452.702 1 9580534 9580712 13 0 1 20 1  0
11.6834 9892974 607.824 2 0 0 2 9892974 9892975 13 0 1 20 1  0
10.2543 9849059 605.126 4 0 0 1 9849058 9849069 13 0 1 20 1  0
11.7319 10054666 617.759 8 0 0 1 10054666 10054667 13 0 1 20 1  0
11.1582 10097264 620.376 8 0 0 1 10097263 10097265 13 0 1 20 1  0
0 9959424 611.907 8 0 0 1 10202077 10202078 13 0 1 20 1  0
14.7656 10097264 620.376 1 0 0 2 9980959 9980961 13 0 1 20 1  0
0 9959424 611.907 1 0 0 9 9982259 9982260 13 0 1 20 1  0
12.6583 10130614 622.425 11 852 23.9304 40 10008255 10009343 13 0 1 20 1  0
11.3141 10176707 625.257 9 339 7.09109 36 10131607 10131612 13 0 1 20 1  0
0 9959424 611.907 9 339 7.09109 33 10176653 10176821 13 0 1 20 1  0
12.2864 10008951 614.95 11 803 21.7263 45 10008389 10009509 13 0 1 20 1  0
10.4482 10128715 622.308 10 1321 57.2457 3 10128567 10129180 13 0 1 20 1  0
11.0251 10121916 621.891 12 1791 132.728 5 10120698 10123884 13 0 1 20 1  0
11.9568 10234730 628.822 1 0 0 2 10234730 10234731 13 0 1 20 1  0
12.7962 10375665 637.481 1 0 0 1 10375665 10375666 13 0 1 20 1  0
0 10221568 628.013 1 0 0 5 10466264 10466268 13 0 1 20 1  0
14.6675 10466265 643.047 2 0 0 2 10466264 10466268 13 0 1 20 1  0
12.823 10331867 634.79 11 1374 62.9869 280 10312631 10313065 13 0 1 20 1  0
0 10221568 628.013 11 1197 45.7103 21 10333541 10334887 13 0 1 20 1  0
11.5662 10313904 633.686 12 1197 45.7103 20 10313124 10314644 13 0 1 20 1  0
13.759 10304036 633.08 12 2246 297.835 37 10302254 10307998 13 0 1 20 1  0
0 10221568 628.013 11 2184 266.803 2 10467570 10469057 13 0 1 20 1  0
10.11 10468113 643.161 10 2197 273.031 1 10468108 10468153 13 0 1 20 1  0
23.5077 10576969 649.849 3 0 0 53 10576962 10576975 13 0 1 20 1  0
0 10483712 644.119 8 0 0 61 10613815 10613817 13 0 1 20 1  0
12.3409 10678085 656.062 4 5 0.0987291 20 10576966 10576974 13 0 1 20 1  0
12.1427 10745048 660.176 12 84 1.66377 1 10741992 10745858 13 0 1 20 1  0
12.309 10682181 656.313 10 798 21.5109 48 10681847 10682522 13 0 1 20 1  0
10.5567 10644202 653.98 12 599 14.146 1 10644034 10644378 13 0 1 20 1  0
13.3663 10483734 644.121 12 1850 147.416 48 10483712 10485866 13 0 1 20 1  0
15.0209 10654780 654.63 12 2142 247.637 62 10652720 10656784 13 0 1 20 1  0
10.4626 10614992 652.185 12 2613 571.115 1 10614530 10616410 13 0 1 20 1  0
10.8783 10928544 671.45 8 0 0 1 10928544 10928545 13 0 1 20 1  0
10.7535 10980655 674.651 8 0 0 1 10980655 10980656 13 0 1 20 1  0
13.473 10980655 674.651 1 0 0 2 10980654 10980656 13 0 1 20 1  0
10.2042 10756646 660.888 3 0 0 2 10756646 10756647 13 0 1 20 1  0
10.8405 11020090 677.074 8 0 0 1 11020089 11020093 13 0 1 20 1  0
0 11008000 676.331 8 0 0 2 11139895 11139896 13 0 1 20 1  0
17.9745 11020091 677.074 2 0 0 4 11020088 11020094 13 0 1 20 1  0
0 11008000 676.331 1 0 0 13 11020739 11020741 13 0 1 20 1  0
11.5219 11270050 692.432 12 2566 525.436 7 11269036 11270146 13 0 1 20 1  0
10.8851 11497008 706.376 1 0 0 1 11497008 11497009 13 0 1 20 1  0
13.9149 11442729 703.041 3 0 0 23 11405279 11405281 13 0 1 20 1  0
0 11270144 692.438 3 0 0 7 11442727 11442735 13 0 1 20 1  0
12.5233 11322059 695.627 5 13 0.256698 54 11322054 11322066 13 0 1 20 1  0
14.6919 11408775 700.955 11 959 29.3967 452 11393025 11394303 13 0 1 20 1  0
0 11270144 692.438 11 10 0.197458 2 11396676 11396677 13 0 1 20 1  0
13.6567 11395036 700.111 10 471 10.3967 163 11394781 11395346 13 0 1 20 1  0
0 11270144 692.438 11 223 4.51263 151 11411041 11411187 13 0 1 20 1  0
11.9156 11390589 699.838 11 1386 64.3622 3 11389769 11391225 13 0 1 20 1  0
11.3992 11287782 693.521 12 1801 135.111 1 11286712 11289562 13 0 1 20 1  0
14.1179 11270196 692.441 11 2281 316.919 21 11270144 11271732 13 0 1 20 1  0
10.9513 11551550 709.727 8 0 0 1 11551550 11551551 13 0 1 20 1  0
11.5791 11784153 724.018 8 0 0 1 11776858 11776859 13 0 1 20 1  0
0 11532288 708.544 8 0 0 2 11777501 11777502 13 0 1 20 1  0
15.0659 11776857 723.57 3 0 0 2 11776855 11776861 13 0 1 20 1  0
0 11532288 708.544 1 0 0 12 11679787 11679788 13 0 1 20 1  0
16.2182 11777502 723.61 2 0 0 1 11551549 11551552 13 0 1 20 1  0
10.1412 11679788 717.606 3 0 0 1 11679788 11679789 13 0 1 20 1  0
10.9092 11862505 728.832 8 0 0 1 11862505 11862506 13 0 1 20 1  0
10.9553 11985115 736.365 8 0 0 1 11985113 11985116 13 0 1 20 1  0
12.1497 11862395 728.826 1 0 0 1 11862395 11862396 13 0 1 20 1  0
18.006 11985115 736.365 2 0 0 3 11985113 11985117 13 0 1 20 1  0
0 11794432 724.65 1 0 0 4 11985113 11985117 13 0 1 20 1  0
21.5227 12265234 753.576 2 0 0 27 12109920 12109924 13 0 1 20 1  0
0 12056576 740.756 8 0 0 16 12265233 12265236 13 0 1 20 1  0
0 12056576 740.756 1 0 0 4 12111527 12111529 13 0 1 20 1  0
10.9141 12213646 750.406 12 713 18.0943 3 12211956 12213874 13 0 1 20 1  0
11.8606 12210808 750.232 12 1190 45.13 9 12209868 12211422 13 0 1 20 1  0
13.5649 12200852 749.62 12 1776 129.232 12 12198874 12202940 13 0 1 20 1  0
12.6952 12184002 748.585 12 2194 271.581 7 12182900 12185844 13 0 1 20 1  0
10.7454 12170506 747.756 12 2372 372.449 3 12170172 12171084 13 0 1 20 1  0
10.8446 12513528 768.831 8 0 0 1 12513528 12513529 13 0 1 20 1  0
12.0938 12379414 760.591 1 0 0 1 12379414 12379415 13 0 1 20 1  0
14.853 12513529 768.831 2 0 0 2 12379413 12379415 13 0 1 20 1  0
0 12318720 756.862 1 0 0 6 12471512 12471513 13 0 1 20 1  0
11.7089 12580832 772.966 12 403 8.63459 1 12574002 12580866 13 0 1 20 1  0
10.1316 12570452 772.329 12 818 22.3829 2 12570354 12570464 13 0 1 20 1  0
11.4497 12566745 772.101 11 1350 60.3213 10 12566360 12567591 13 0 1 20 1  0
10.9304 12580864 772.968 12 1709 114.698 1 12580678 12580866 13 0 1 20 1  0
11.0882 12591297 773.609 8 0 0 1 12591297 12591298 13 0 1 20 1  0
11.9854 12769547 784.561 8 0 0 1 12639752 12639753 13 0 1 20 1  0
0 12580864 772.968 8 0 0 1 12769547 12769548 13 0 1 20 1  0
11.0342 12591077 773.596 1 0 0 1 12591077 12591078 13 0 1 20 1  0
13.6689 12591298 773.609 1 0 0 2 12591297 12591299 13 0 1 20 1  0
0 12580864 772.968 1 0 0 5 12639753 12639754 13 0 1 20 1  0
10.3323 12842868 789.066 12 103 2.04364 1 12841590 12842902 13 0 1 20 1  0
11.2607 12901788 792.686 8 0 0 1 12901788 12901789 13 0 1 20 1  0
12.5146 13066065 802.779 8 0 0 2 13062953 13062954 13 0 1 20 1  0
0 12843008 789.074 8 0 0 2 13064132 13064133 13 0 1 20 1  0
10.7572 12969430 796.842 1 0 0 1 12969430 12969431 13 0 1 20 1  0
12.5183 13066065 802.779 1 0 0 1 13064132 13064134 13 0 1 20 1  0
0 12843008 789.074 1 0 0 9 13066065 13066066 13 0 1 20 1  0
10.0677 13063803 802.64 2 0 0 1 13063803 13063804 13 0 1 20 1  0
12.4408 13064133 802.66 2 0 0 2 13064131 13064134 13 0 1 20 1  0
12.8298 13065766 802.761 3 0 0 3 13064129 13064134 13 0 1 20 1  0
13.0222 12970414 796.902 12 1562 88.2379 37 12969048 12972246 13 0 1 20 1  0
10.3821 13129413 806.671 8 0 0 1 13129413 13129414 13 0 1 20 1  0
10.252 13345876 819.971 8 0 0 1 13345876 13345877 13 0 1 20 1  0
10.2669 13115136 805.794 1 0 0 1 13115136 13115137 13 0 1 20 1  0
15.4759 13129415 806.671 2 0 0 3 13129413 13129417 13 0 1 20 1  0
0 13105152 805.18 2 0 0 1 13343933 13343934 13 0 1 20 1  0
11.7184 13244811 813.761 3 5 0.0987291 5 13244811 13244813 13 0 1 20 1  0
10.1091 13186987 810.208 11 1603 94.9427 1 13186983 13187020 13 0 1 20 1  0
10.1649 13175292 809.49 11 2007 194.857 1 13175054 13175433 13 0 1 20 1  0
11.1304 13151818 808.048 11 2389 383.853 3 13151419 13152066 13 0 1 20 1  0
11.8319 13539794 831.885 8 0 0 1 13539794 13539796 13 0 1 20 1  0
10.3013 13394862 822.98 1 0 0 1 13394862 13394863 13 0 1 20 1  0
15.3379 13539795 831.885 1 0 0 2 13414815 13414816 13 0 1 20 1  0
0 13367296 821.287 1 0 0 5 13428284 13428285 13 0 1 20 1  0
13.84 13609032 836.139 11 118 2.34509 2 13608407 13612618 13 0 1 20 1  0
10.417 13472321 827.739 11 497 11.109 2 13472074 13472385 13 0 1 20 1  0
13.1669 13465902 827.345 12 1602 94.7733 70 13464310 13468078 13 0 1 20 1  0
11.0407 13457306 826.817 12 2115 236.048 3 13451028 13457980 13 0 1 20 1  0
11.8547 13649075 838.599 8 0 0 1 13649074 13649076 13 0 1 20 1  0
0 13629440 837.393 8 0 0 33 13773481 13773482 13 0 1 20 1  0
14.5132 13649075 838.599 1 0 0 1 13649075 13649076 13 0 1 20 1  0
15.8682 13891111 853.47 2 0 0 2 13649075 13649077 13 0 1 20 1  0
14.4206 13773647 846.253 4 0 0 5 13710704 13710717 13 0 1 20 1  0
10.5622 13752102 844.929 10 584 13.6728 1 13751902 13752126 13 0 1 20 1  0
11.6843 14017679 861.246 8 0 0 1 14017679 14017680 13 0 1 20 1  0
12.4164 14140641 868.801 8 0 0 1 14061809 14061810 13 0 1 20 1  0
0 13891584 853.499 8 0 0 3 14120242 14120243 13 0 1 20 1  0
11.2286 13941878 856.589 1 0 0 2 13941878 13941879 13 0 1 20 1  0
19.2466 14140641 868.801 2 0 0 5 14060946 14060949 13 0 1 20 1  0
0 13891584 853.499 1 0 0 8 14061810 14061811 13 0 1 20 1  0
10.4134 14120241 867.548 4 0 0 1 14120241 14120242 13 0 1 20 1  0
10.9163 14086775 865.491 10 560 12.9357 8 14086609 14086843 13 0 1 20 1  0
15.2722 14086808 865.493 12 1762 126.051 19 14083000 14090498 13 0 1 20 1  0
14.0314 14321022 879.884 9 240 4.87612 369 14320832 14321114 13 0 1 20 1  0
11.2676 14364893 882.579 8 0 0 1 14364893 14364894 13 0 1 20 1  0
14.2996 14212371 873.208 3 0 0 3 14212370 14212375 13 0 1 20 1  0
13.5523 14364893 882.579 1 0 0 1 14322966 14322967 13 0 1 20 1  0
0 14153728 869.605 1 0 0 4 14364893 14364894 13 0 1 20 1  0
10.9537 14380000 883.507 4 0 0 1 14379995 14380004 13 0 1 20 1  0
0 14153728 869.605 7 0 0 160 14323645 14323673 13 0 1 20 1  0
10.5771 14415854 885.71 12 231 4.68316 1 14415808 14415874 13 0 1 20 1  0
11.9372 14374286 883.156 12 605 14.338 64 14373866 14380018 13 0 1 20 1  0
10.515 14370680 882.935 12 1247 50.0659 1 14370404 14371208 13 0 1 20 1  0
20.2363 14365444 882.613 12 1859 149.794 274 14362198 14369826 13 0 1 20 1  0
13.3872 14415692 885.7 12 2624 582.366 2 14412504 14415874 13 0 1 20 1  0
11.5671 14400896 884.791 12 2738 712.86 2 14396552 14402994 13 0 1 20 1  0
10.9542 14384126 883.761 12 2828 836.225 3 14383236 14385890 13 0 1 20 1  0
11.1021 14443863 887.431 8 0 0 1 14443863 14443864 13 0 1 20 1  0
26.7216 14447285 887.641 4 0 0 64 14443437 14443449 13 0 1 20 1  0
0 14415872 885.711 8 0 0 7 14447256 14447260 13 0 1 20 1  0
0 14415872 885.711 1 0 0 34 14443863 14443864 13 0 1 20 1  0
10.1224 14443442 887.405 4 2 0.0394922 2 14443442 14443443 13 0 1 20 1  0
13.0989 14486965 890.079 11 95 1.88345 2 14485978 14492171 13 0 1 20 1  0
10.0158 14487917 890.138 7 102 2.02359 1 14487917 14487918 13 0 1 20 1  0
11.9189 14562080 894.694 12 637 15.3902 40 14561724 14562732 13 0 1 20 1  0
11.2584 14632342 899.011 12 1831 142.517 1 14631244 14633060 13 0 1 20 1  0
11.6452 14463386 888.63 12 2039 206.251 2 14460792 14465604 13 0 1 20 1  0
10.5734 14446871 887.616 11 2339 351.27 1 14446666 14447323 13 0 1 20 1  0
12.1324 14935409 917.631 8 0 0 1 14779081 14779083 13 0 1 20 1  0
0 14678016 901.817 8 0 0 5 14817321 14817324 13 0 1 20 1  0
14.5264 14779082 908.027 1 0 0 1 14779082 14779083 13 0 1 20 1  0
19.5047 14817322 910.376 2 0 0 4 14817320 14817325 13 0 1 20 1  0
0 14678016 901.817 1 0 0 13 14817654 14817656 13 0 1 20 1  0
10.2115 14750493 906.27 2 0 0 1 14750493 14750494 13 0 1 20 1  0
10.3802 14710275 903.799 3 0 0 1 14710275 14710276 13 0 1 20 1  0
16.3235 15114743 928.65 3 0 0 12 15010399 15010405 13 0 1 20 1  0
13.1068 15141760 930.31 8 0 0 1 15114732 15114733 13 0 1 20 1  0
0 14940160 917.923 8 0 0 9 15114739 15114740 13 0 1 20 1  0
11.2238 15010401 922.239 1 0 0 2 15010401 15010402 13 0 1 20 1  0
15.9339 15116176 928.738 1 0 0 2 15083727 15083728 13 0 1 20 1  0
0 14940160 917.923 1 0 0 20 15113230 15113231 13 0 1 20 1  0
10.4885 15113226 928.557 2 2 0.0394922 1 15113226 15113227 13 0 1 20 1  0
17.6014 15184432 932.931 12 249 5.07031 32 15161718 15164308 13 0 1 20 1  0
0 14940160 917.923 12 249 5.07031 3 15182406 15188012 13 0 1 20 1  0
12.8914 15138166 930.089 12 1344 59.6722 16 15136576 15140174 13 0 1 20 1  0
12.1926 15084112 926.768 12 2544 505.327 2 15082686 15089164 13 0 1 20 1  0
10.0028 15251732 937.066 12 2572 531.057 1 15251732 15251734 13 0 1 20 1  0
18.29 15644452 961.195 12 1394 65.2952 1104 15642354 15646368 13 0 1 20 1  0
0 15464448 950.136 12 1388 64.5943 10 15661744 15661884 13 0 1 20 1  0
11.427 15591138 957.919 12 2539 500.866 4 15590030 15592534 13 0 1 20 1  0
10.7677 15726584 966.241 12 2840 854.211 1 15725810 15726594 13 0 1 20 1  0
10.8894 15799699 970.733 1 0 0 1 15799699 15799700 13 0 1 20 1  0
14.2329 15888953 976.217 11 132 2.6279 80 15885369 15889632 13 0 1 20 1  0
0 15726592 966.242 9 87 1.72362 1 15889827 15889830 13 0 1 20 1  0
10.1508 15802288 970.893 12 652 15.9003 1 15802266 15802382 13 0 1 20 1  0
0 15726592 966.242 12 652 15.9003 1 15886628 15886686 13 0 1 20 1  0
23.78 15878008 975.545 12 1597 93.931 1420 15794682 15796256 13 0 1 20 1  0
0 15726592 966.242 12 1461 73.6439 69 15968568 15969080 13 0 1 20 1  0
0 15726592 966.242 8 2208 278.413 1 15857489 15857525 13 0 1 20 1  0
0 15726592 966.242 8 2430 412.812 1 15841409 15841432 13 0 1 20 1  0
10.4152 16178441 994.003 8 0 0 1 16178441 16178442 13 0 1 20 1  0
11.1641 16119594 990.388 1 0 0 2 16119594 16119595 13 0 1 20 1  0
12.2333 16250381 998.423 1 0 0 1 16120530 16120532 13 0 1 20 1  0
0 15988736 982.348 1 0 0 9 16178442 16178443 13 0 1 20 1  0
12.0205 16120531 990.445 2 0 0 1 16120530 16120532 13 0 1 20 1  0
13.5204 16249740 998.384 3 0 0 1 16207015 16207019 13 0 1 20 1  0
12.0237 16207015 995.759 4 0 0 1 16207013 16207018 13 0 1 20 1  0
25.5889 16047930 985.985 11 1660 105.106 9340 16045900 16049567 13 0 1 20 1  0
0 15988736 982.348 7 852 23.9304 91 16057513 16057534 13 0 1 20 1  0
11.4545 16324070 1002.95 3 0 0 2 16324069 16324072 13 0 1 20 1  0
11.2688 16331615 1003.41 1 0 0 2 16331614 16331616 13 0 1 20 1  0
11.459 16512764 1014.54 12 2779 766.625 1 16509986 16513026 13 0 1 20 1  0
10.7047 16742226 1028.64 8 0 0 1 16742226 16742227 13 0 1 20 1  0
12.0129 16694383 1025.7 1 0 0 1 16694383 16694384 13 0 1 20 1  0
13.9167 16732594 1028.05 4 0 0 7 16732586 16732599 13 0 1 20 1  0
0 16513024 1014.56 1 0 0 6 16733869 16733870 13 0 1 20 1  0
10.7085 16578755 1018.6 11 2111 234.378 2 16577873 16579138 13 0 1 20 1  0
10.3927 16513024 1014.56 12 3134 1438.78 1 16513024 16513270 13 0 1 20 1  0
10.0121 16790957 1031.64 1 0 0 1 16790957 16790958 13 0 1 20 1  0
10.731 16794067 1031.83 3 5 0.0987291 5 16794066 16794068 13 0 1 20 1  0
12.1434 17254164 1060.1 8 0 0 1 17254164 17254165 13 0 1 20 1  0
13.9454 17044543 1047.22 2 0 0 3 17044542 17044546 13 0 1 20 1  0
10.3973 17254165 1060.1 1 0 0 1 17254165 17254166 13 0 1 20 1  0
0 17037312 1046.77 3 0 0 1 17202569 17202572 13 0 1 20 1  0
10.166 17521814 1076.54 12 90 1.78351 1 17521648 17522158 13 0 1 20 1  0
10.0623 17802459 1093.78 8 0 0 1 17802459 17802460 13 0 1 20 1  0
10.6554 17718407 1088.62 1 0 0 1 17718407 17718408 13 0 1 20 1  0
12.2401 17802460 1093.78 1 0 0 1 17802358 17802359 13 0 1 20 1  0
0 17561600 1078.98 1 0 0 5 17802460 17802461 13 0 1 20 1  0
13.6467 17802784 1093.8 2 0 0 1 17802356 17802360 13 0 1 20 1  0
12.891 17802357 1093.78 3 0 0 1 17802355 17802359 13 0 1 20 1  0
10.7509 17966005 1103.83 8 0 0 1 17966005 17966006 13 0 1 20 1  0
10.6736 17966006 1103.83 1 0 0 1 17966006 17966007 13 0 1 20 1  0
10.2936 18013277 1106.74 2 0 0 2 18013277 18013278 13 0 1 20 1  0
12.759 18129581 1113.88 1 0 0 1 18129581 18129582 13 0 1 20 1  0
10.8948 18347946 1127.3 12 239 4.85462 1 18086284 18086310 13 0 1 20 1  0
0 18085888 1111.2 12 239 4.85462 1 18347794 18348034 13 0 1 20 1  0
10.6119 18085942 1111.2 11 2849 867.955 2 18085888 18086086 13 0 1 20 1  0
10.3853 18241438 1120.75 12 3191 1591.82 1 18240992 18241602 13 0 1 20 1  0
29.6549 18750880 1152.05 3 0 0 46 18750872 18750886 13 0 1 20 1  0
15.5362 18610204 1143.41 12 2840 854.211 1 18610176 18613004 13 0 1 20 1  0
11.9724 19095116 1173.2 8 0 0 2 19095116 19095119 13 0 1 20 1  0
10.231 19094144 1173.14 2 0 0 2 19094144 19094145 13 0 1 20 1  0
17.4243 19095118 1173.2 2 0 0 3 19095117 19095121 13 0 1 20 1  0
10.1174 19131134 1175.42 12 8 0.157966 1 19131130 19131140 13 0 1 20 1  0
10.9391 19090818 1172.94 12 2353 360.104 6 19090300 19091800 13 0 1 20 1  0
12.0807 6419370 394.406 2 2810 809.952 1 6418639 6419455 13 0 1 20 1 1
