13.7752 2865 0.176026 8 0 0 1 2865 2866 13 0 1 20 1  0
23.1753 171766 10.5533 8 0 0 1 3179 3180 13 0 1 20 1  0
0 2048 0.125829 8 0 0 2109 3505 3507 13 0 1 20 1  0
24.8072 95622 5.87502 1 0 0 1 2865 2867 13 0 1 20 1  0
25.3409 195857 12.0335 1 0 0 1 3179 3181 13 0 1 20 1  0
22.4926 258336 15.8722 1 0 0 1 3505 3507 13 0 1 20 1  0
17.2714 96922 5.95489 2 0 0 1 2865 2867 13 0 1 20 1  0
15.4091 57433 3.52868 3 0 0 40 5988 6013 13 0 1 20 1  0
14.6929 94532 5.80805 4 4 0.0789836 27 35279 35285 13 0 1 20 1  0
11.2169 197154 12.1131 2 1 0.0197462 1 57418 57419 13 0 1 20 1  0
10.0262 35291 2.16828 3 2 0.0394922 2 35291 35292 13 0 1 20 1  0
10.0812 54487 3.34768 3 5 0.0987291 2 54487 54488 13 0 1 20 1  0
10.3831 6000 0.36864 4 4 0.0789836 1 6000 6001 13 0 1 20 1  0
16.0249 260078 15.9792 12 2540 501.755 63 258510 260098 13 0 1 20 1  0
0 2048 0.125829 12 2496 464.084 1 257924 260098 13 0 1 20 1  0
10.6107 2656 0.163185 12 2803 799.959 1 2048 3188 13 0 1 20 1  0
21.769 269088 16.5328 10 17 0.335692 2964 263433 263714 13 0 1 20 1  0
25.4004 358864 22.0486 8 0 0 1 260599 260600 13 0 1 20 1  0
25.0835 457763 28.125 8 0 0 1 261258 261260 13 0 1 20 1  0
26.2672 469147 28.8244 1 0 0 2 260270 260272 13 0 1 20 1  0
23.5289 520865 32.0019 1 0 0 1 260599 260601 13 0 1 20 1  0
18.4074 310393 19.0705 2 0 0 1 260599 260601 13 0 1 20 1  0
20.0486 359843 22.1088 2 0 0 1 261259 261261 13 0 1 20 1  0
13.4084 294653 18.1035 3 0 0 6 266800 266841 13 0 1 20 1  0
11.051 268905 16.5215 2 1 0.0197462 2 268785 268786 13 0 1 20 1  0
10.4969 266833 16.3942 4 5 0.0987291 5 266833 266834 13 0 1 20 1  0
11.8657 288800 17.7439 3 1 0.0197462 3 266829 266840 13 0 1 20 1  0
11.8445 371089 22.7997 3 8 0.157966 15 371088 371092 13 0 1 20 1  0
10.0841 426979 26.2336 8 188 3.7767 1 314368 314375 13 0 1 20 1  0
12.7256 303417 18.6419 11 1017 32.7893 39 267925 269041 13 0 1 20 1  0
10.1984 260139 15.9829 9 2201 274.976 1 260116 260144 13 0 1 20 1  0
24.5051 605110 37.178 8 0 0 1 522493 522495 13 0 1 20 1  0
0 522240 32.0864 8 0 0 2549 522812 522814 13 0 1 20 1  0
25.8493 605111 37.178 1 0 0 1 522494 522496 13 0 1 20 1  0
28.179 783838 48.159 1 0 0 2 522813 522814 13 0 1 20 1  0
20.7185 523491 32.1633 2 0 0 1 522494 522496 13 0 1 20 1  0
17.4488 680132 41.7873 3 0 0 5 523489 523495 13 0 1 20 1  0
17.0511 707774 43.4856 5 2 0.0394922 13 568233 568250 13 0 1 20 1  0
10.5424 764972 46.9999 2 1 0.0197462 1 764972 764973 13 0 1 20 1  0
14.4363 667444 41.0078 3 1 0.0197462 5 568239 568247 13 0 1 20 1  0
13.1227 686943 42.2058 6 5 0.0987291 29 667415 667458 13 0 1 20 1  0
10.7532 746173 45.8449 3 4 0.0789836 1 707760 707783 13 0 1 20 1  0
10.1535 568233 34.9122 5 5 0.0987291 1 568233 568234 13 0 1 20 1  0
14.7546 702893 43.1857 5 5 0.0987291 7 667428 667452 13 0 1 20 1  0
10.0522 637157 39.1469 5 14 0.276446 2 637157 637158 13 0 1 20 1  0
10.1836 628711 38.628 5 12 0.236951 3 628711 628712 13 0 1 20 1  0
23.9818 813108 49.9574 8 0 0 1 784488 784490 13 0 1 20 1  0
24.577 946454 58.1501 8 0 0 1 784810 784812 13 0 1 20 1  0
0 784384 48.1926 8 0 0 848 785136 785138 13 0 1 20 1  0
25.0682 853770 52.4556 1 0 0 1 784488 784490 13 0 1 20 1  0
27.5206 951654 58.4696 1 0 0 2 784810 784813 13 0 1 20 1  0
0 784384 48.1926 1 0 0 1640 785137 785139 13 0 1 20 1  0
21.5462 811873 49.8815 2 0 0 36 784488 784491 13 0 1 20 1  0
20.1842 941253 57.8306 2 0 0 1 784810 784814 13 0 1 20 1  0
12.334 809265 49.7212 4 1 0.0197462 3 809257 809269 13 0 1 20 1  0
10.714 867154 53.2779 4 3 0.059238 1 809261 809264 13 0 1 20 1  0
10.3124 899012 55.2353 4 5 0.0987291 1 899012 899015 13 0 1 20 1  0
15.6004 1007704 61.9133 12 1005 32.0601 216 1006472 1008830 13 0 1 20 1  0
11.7428 940010 57.7542 10 433 9.39508 189 939830 940304 13 0 1 20 1  0
12.0728 972580 59.7553 12 85 1.68372 2 969322 975866 13 0 1 20 1  0
14.42 1000076 61.4447 12 1789 132.257 6 996720 1002598 13 0 1 20 1  0
16.7494 1046611 64.3038 8 0 0 2406 1046611 1046612 13 0 1 20 1  0
26.6089 1148233 70.5474 8 0 0 1 1046945 1046946 13 0 1 20 1  0
28.3781 1157338 71.1068 1 0 0 2 1046611 1046613 13 0 1 20 1  0
24.6708 1059512 65.0964 2 0 0 86 1047262 1047265 13 0 1 20 1  0
18.044 1270671 78.07 2 0 0 1 1048568 1048570 13 0 1 20 1  0
10.114 1101098 67.6515 1 1 0.0197462 1 1101098 1101099 13 0 1 20 1  0
13.4585 1286346 79.0331 9 308 6.37739 421 1286219 1286436 13 0 1 20 1  0
11.3467 1265857 77.7743 10 41 0.810049 1 1265550 1265890 13 0 1 20 1  0
11.8115 1263378 77.6219 12 378 8.01957 1 1263070 1264396 13 0 1 20 1  0
16.0167 1308705 80.4068 8 0 0 817 1308705 1308706 13 0 1 20 1  0
25.2079 1311633 80.5867 8 0 0 1 1309035 1309037 13 0 1 20 1  0
25.2076 1438946 88.4088 8 0 0 1 1309133 1309134 13 0 1 20 1  0
23.2577 1551311 95.3125 8 0 0 1 1309137 1309138 13 0 1 20 1  0
15.9188 1308706 80.4069 1 0 0 1 1308706 1308707 13 0 1 20 1  0
27.7662 1414884 86.9305 1 0 0 1 1309035 1309037 13 0 1 20 1  0
0 1308672 80.4048 1 0 0 1576 1309134 1309135 13 0 1 20 1  0
23.1888 1566322 96.2348 2 0 0 2 1308706 1308708 13 0 1 20 1  0
11.7893 1547135 95.056 4 0 0 6 1547128 1547144 13 0 1 20 1  0
18.3948 1463267 89.9031 9 16 0.315943 2881 1463040 1463690 13 0 1 20 1  0
10.0519 1339283 82.2855 2 1 0.0197462 1 1339283 1339284 13 0 1 20 1  0
14.0966 1368179 84.0609 2 1 0.0197462 3 1368179 1368181 13 0 1 20 1  0
14.0343 1511163 92.8458 3 1 0.0197462 6 1368179 1368182 13 0 1 20 1  0
24.7926 1616028 99.2888 8 0 0 1 1570824 1570826 13 0 1 20 1  0
24.5737 1796672 110.388 8 0 0 1 1571145 1571147 13 0 1 20 1  0
0 1570816 96.5109 8 0 0 17397 1571479 1571481 13 0 1 20 1  0
28.0224 1796673 110.388 1 0 0 1 1570825 1570827 13 0 1 20 1  0
23.2114 1760502 108.165 2 0 0 5 1570825 1570827 13 0 1 20 1  0
34.7997 1746836 107.326 12 1403 66.3606 13058 1742680 1749534 13 0 1 20 1  0
10.9549 1753972 107.764 1 1 0.0197462 1 1753972 1753973 13 0 1 20 1  0
10.5284 1621006 99.5946 2 2 0.0394922 1 1621006 1621007 13 0 1 20 1  0
13.7073 1752001 107.643 2 2 0.0394922 1 1749734 1749735 13 0 1 20 1  0
14.6695 1758226 108.025 3 5 0.0987291 5 1749413 1749416 13 0 1 20 1  0
10.5882 1697112 104.271 3 10 0.197458 6 1697112 1697113 13 0 1 20 1  0
13.7778 1759802 108.122 4 26 0.513479 19 1749676 1749715 13 0 1 20 1  0
12.6797 1822668 111.985 12 141 2.81052 4 1753350 1754816 13 0 1 20 1  0
21.3999 1817726 111.681 12 1289 54.0274 73 1745342 1749522 13 0 1 20 1  0
10.3986 1756934 107.946 5 635 15.323 2 1756933 1756938 13 0 1 20 1  0
12.1543 1771994 108.871 12 2450 427.72 4 1729366 1731122 13 0 1 20 1  0
17.8819 1701258 104.525 12 2613 571.115 17 1697276 1705586 13 0 1 20 1  0
11.336 1721340 105.759 12 2710 678.325 2 1720230 1722558 13 0 1 20 1  0
10.1914 1686750 103.634 12 3038 1213.56 1 1685820 1686778 13 0 1 20 1  0
23.1471 1913565 117.569 8 0 0 1 1833256 1833258 13 0 1 20 1  0
23.2813 2077741 127.656 8 0 0 1 1833583 1833585 13 0 1 20 1  0
0 1832960 112.617 8 0 0 11901 1833915 1833917 13 0 1 20 1  0
24.7305 1856523 114.065 1 0 0 1 1833256 1833258 13 0 1 20 1  0
27.2011 1959079 120.366 1 0 0 1 1833584 1833586 13 0 1 20 1  0
24.5665 2067189 127.008 1 0 0 1 1833915 1833918 13 0 1 20 1  0
17.1652 1886402 115.901 2 0 0 1 1833256 1833259 13 0 1 20 1  0
19.1328 1947047 119.627 2 0 0 1 1833584 1833586 13 0 1 20 1  0
17.1499 2034844 125.021 2 0 0 1 1833915 1833918 13 0 1 20 1  0
13.6725 2002693 123.045 3 0 0 13 1844523 1844525 13 0 1 20 1  0
17.3782 1987811 122.131 8 19 0.375194 179 1987667 1987964 13 0 1 20 1  0
10.5751 1918478 117.871 3 3 0.059238 2 1918478 1918479 13 0 1 20 1  0
11.13 2082341 127.939 3 4 0.0789836 10 2002686 2002687 13 0 1 20 1  0
66.9702 2036222 125.105 12 154 3.07556 2396 2022792 2056076 13 0 1 20 1  0
42.3239 2046238 125.721 12 1389 64.7106 9418 2027222 2051846 13 0 1 20 1  0
33.0254 2016594 123.9 12 1935 171.46 575 2008382 2020364 13 0 1 20 1  0
21.4789 1998718 122.801 12 2286 319.743 250 1993676 2002290 13 0 1 20 1  0
11.2583 1980446 121.679 11 2492 460.803 1 1979413 1982132 13 0 1 20 1  0
12.9963 1948444 119.712 12 2743 719.209 1 1946130 1951162 13 0 1 20 1  0
0 1832960 112.617 12 2743 719.209 1 2094504 2095106 13 0 1 20 1  0
10.1664 1949500 119.777 12 3079 1305.08 1 1949420 1951914 13 0 1 20 1  0
15.3756 2031990 124.845 11 3288 1890.59 2 2028351 2035646 13 0 1 20 1  0
57.4899 2171752 133.432 12 1328 57.974 7470 2153988 2181490 13 0 1 20 1  0
23.3635 2285144 140.399 8 0 0 1 2095625 2095627 13 0 1 20 1  0
20.968 2354869 144.683 8 0 0 1 2095956 2095958 13 0 1 20 1  0
0 2095104 128.723 8 0 0 19123 2096274 2096276 13 0 1 20 1  0
28.3185 2161618 132.81 1 0 0 4 2095306 2095308 13 0 1 20 1  0
25.276 2264832 139.151 1 0 0 1 2095626 2095628 13 0 1 20 1  0
22.1799 2326747 142.955 2 0 0 1 2095625 2095628 13 0 1 20 1  0
19.3239 2354871 144.683 2 0 0 1 2095956 2095959 13 0 1 20 1  0
13.18 2177269 133.771 4 0 0 26 2112900 2112918 13 0 1 20 1  0
10.2923 2115142 129.954 2 1 0.0197462 1 2115142 2115143 13 0 1 20 1  0
10.6848 2162932 132.891 2 1 0.0197462 1 2161618 2161619 13 0 1 20 1  0
10.0243 2106035 129.395 3 1 0.0197462 1 2106035 2106036 13 0 1 20 1  0
10.2514 2100882 129.078 4 2 0.0394922 1 2100882 2100883 13 0 1 20 1  0
10.0717 2175647 133.672 4 3 0.059238 1 2175647 2175648 13 0 1 20 1  0
10.0009 2154809 132.391 6 12 0.236951 1 2154809 2154810 13 0 1 20 1  0
13.3168 2279246 140.037 8 175 3.50716 47 2174884 2175075 13 0 1 20 1  0
18.7962 2302096 141.441 12 456 9.99597 176 2301312 2305186 13 0 1 20 1  0
10.221 2285740 140.436 12 266 5.44065 1 2285678 2285852 13 0 1 20 1  0
10.0131 2161832 132.823 8 736 18.9751 1 2161832 2161833 13 0 1 20 1  0
50.8831 2296022 141.068 12 1534 83.9293 4459 2167856 2173198 13 0 1 20 1  0
14.4376 2279579 140.057 10 1488 77.2954 9 2170653 2171856 13 0 1 20 1  0
10.0238 2147486 131.942 7 1855 148.732 1 2147486 2147487 13 0 1 20 1  0
92.9249 2357248 144.829 12 2082 222.616 1940 2136932 2139042 13 0 1 20 1  0
10.0223 2145644 131.828 7 1902 161.694 1 2145644 2145645 13 0 1 20 1  0
10.0205 2166143 133.088 8 1982 186.393 1 2166143 2166144 13 0 1 20 1  0
13.3102 2158836 132.639 12 2377 375.767 7 2156298 2162342 13 0 1 20 1  0
10.0453 2353936 144.626 7 2035 204.791 1 2353936 2353937 13 0 1 20 1  0
10.1014 2355523 144.723 5 2061 214.468 1 2355523 2355524 13 0 1 20 1  0
10.0075 2355163 144.701 6 2073 219.087 1 2355163 2355164 13 0 1 20 1  0
10.0105 2354873 144.683 6 2089 225.4 1 2354873 2354874 13 0 1 20 1  0
12.2976 2244266 137.888 12 2363 366.549 1 2157440 2161602 13 0 1 20 1  0
10.7348 2277387 139.923 11 2698 664.041 2 2276339 2278188 13 0 1 20 1  0
89.2879 2357252 144.83 12 108 2.14396 44241 2357248 2362984 13 0 1 20 1  0
25.7662 2587764 158.992 8 0 0 19 2357789 2357791 13 0 1 20 1  0
31.5622 2360715 145.042 1 0 0 1 2357340 2357341 13 0 1 20 1  0
30.0923 2575415 158.233 1 0 0 1 2357360 2357361 13 0 1 20 1  0
28.5727 2564087 157.538 2 0 0 4 2357248 2358094 13 0 1 20 1  0
20.1826 2594059 159.379 2 0 0 3 2358106 2358421 13 0 1 20 1  0
23.4887 2451293 150.607 5 3 0.059238 520 2357248 2361598 13 0 1 20 1  0
22.5648 2593103 159.32 6 3 0.059238 142 2357248 2361642 13 0 1 20 1  0
11.3493 2357467 144.843 2 1 0.0197462 1 2357467 2357468 13 0 1 20 1  0
18.5061 2574518 158.178 3 1 0.0197462 5 2357367 2357374 13 0 1 20 1  0
21.9149 2574921 158.203 8 211 4.25852 905 2357248 2361113 13 0 1 20 1  0
10.1498 2358444 144.903 3 3 0.059238 1 2358444 2358445 13 0 1 20 1  0
11.5557 2592781 159.3 2 6 0.118475 1 2451277 2451281 13 0 1 20 1  0
23.7038 2571338 157.983 9 906 26.5695 4989 2357248 2358799 13 0 1 20 1  0
10.0531 2358878 144.929 5 677 16.7755 1 2358878 2358879 13 0 1 20 1  0
10.0134 2584114 158.768 5 781 20.7911 1 2584114 2584115 13 0 1 20 1  0
10.8114 2374818 145.909 5 896 26.0632 4 2357694 2357703 13 0 1 20 1  0
10.0009 2565583 157.629 7 1114 39.2585 1 2565583 2565584 13 0 1 20 1  0
10.5021 2373868 145.85 5 1139 41.1061 2 2373867 2373871 13 0 1 20 1  0
12.6869 2373476 145.826 12 1148 41.7909 15 2357248 2357500 13 0 1 20 1  0
12.1008 2373419 145.823 5 1247 50.0659 23 2373410 2373432 13 0 1 20 1  0
42.5342 2605360 160.073 12 2148 250.289 3944 2542594 2548202 13 0 1 20 1  0
11.7664 2557394 157.126 12 1823 140.504 15 2556082 2559502 13 0 1 20 1  0
16.7496 2538634 155.974 12 2268 309.692 32 2535526 2543336 13 0 1 20 1  0
21.1449 2619392 160.935 12 2664 625.182 96 2357248 2358566 13 0 1 20 1  0
14.377 2587458 158.973 12 2785 774.826 10 2584380 2591250 13 0 1 20 1  0
13.1196 2358052 144.879 12 3302 1938.12 1 2357248 2359692 13 0 1 20 1  0
56.2775 2620442 161 12 1594 93.4292 24184 2619392 2624478 13 0 1 20 1  0
21.9181 2748164 168.847 8 0 0 1 2619936 2619937 13 0 1 20 1  0
22.9545 2777742 170.664 8 0 0 1 2620273 2620275 13 0 1 20 1  0
25.9795 2777743 170.665 1 0 0 1 2619619 2619621 13 0 1 20 1  0
20.4076 2631223 161.662 2 0 0 1 2619619 2619622 13 0 1 20 1  0
17.7522 2879314 176.905 2 0 0 1 2620274 2620276 13 0 1 20 1  0
10.4613 2869621 176.31 1 1 0.0197462 1 2869621 2869622 13 0 1 20 1  0
12.1604 2628666 161.505 2 2 0.0394922 1 2627958 2627959 13 0 1 20 1  0
10.6274 2627957 161.462 2 3 0.059238 1 2627957 2627958 13 0 1 20 1  0
11.3214 2633186 161.783 2 3 0.059238 1 2628664 2628666 13 0 1 20 1  0
10.0517 2631891 161.703 2 4 0.0789836 1 2631891 2631892 13 0 1 20 1  0
10.3799 2629261 161.542 3 6 0.118475 1 2629261 2629262 13 0 1 20 1  0
10.078 2628877 161.518 5 36 0.711146 1 2628877 2628878 13 0 1 20 1  0
10.8972 2627707 161.446 6 928 27.7132 5 2624025 2624486 13 0 1 20 1  0
10.3866 2626845 161.393 6 1013 32.5446 1 2624156 2624199 13 0 1 20 1  0
12.4926 2881518 177.04 12 2573 532 6 2879612 2881538 13 0 1 20 1  0
11.0353 2864366 175.987 12 2882 920.266 3 2863566 2866340 13 0 1 20 1  0
17.5825 2881524 177.041 12 3009 1152.72 31 2878430 2881538 13 0 1 20 1  0
0 2619392 160.935 12 3028 1192.23 1 2880410 2881538 13 0 1 20 1  0
10.0178 2798490 171.939 12 3044 1226.54 1 2798488 2798494 13 0 1 20 1  0
49.7199 2931881 180.135 11 1990 189.061 15933 2922085 2936731 13 0 1 20 1  0
25.3194 3023799 185.782 8 0 0 1 2881909 2881911 13 0 1 20 1  0
22.9353 3083445 189.447 8 0 0 1 2882231 2882233 13 0 1 20 1  0
0 2881536 177.042 8 0 0 27531 2882565 2882566 13 0 1 20 1  0
25.9568 3023800 185.782 1 0 0 1 2881910 2881912 13 0 1 20 1  0
23.7984 3140808 192.971 1 0 0 1 2882231 2882234 13 0 1 20 1  0
10.3403 2943412 180.843 1 1 0.0197462 1 2943412 2943413 13 0 1 20 1  0
11.1343 2946351 181.024 1 1 0.0197462 4 2944969 2944970 13 0 1 20 1  0
10.5678 2885544 177.288 2 1 0.0197462 3 2885544 2885545 13 0 1 20 1  0
10.1154 2885214 177.268 3 1 0.0197462 1 2885214 2885215 13 0 1 20 1  0
10.1733 2890732 177.607 4 2 0.0394922 1 2890732 2890733 13 0 1 20 1  0
10.8382 2943117 180.825 2 4 0.0789836 2 2943117 2943118 13 0 1 20 1  0
10.2935 2942766 180.804 4 3 0.059238 26 2942766 2942767 13 0 1 20 1  0
26.9807 2952586 181.407 4 4 0.0789836 3 2942450 2942451 13 0 1 20 1  0
10.5371 2949010 181.187 2 6 0.118475 5 2949010 2949011 13 0 1 20 1  0
11.6092 2953244 181.447 2 7 0.13822 2 2949248 2949254 13 0 1 20 1  0
11.1499 2951291 181.327 2 9 0.177712 1 2949246 2949251 13 0 1 20 1  0
10.723 2949245 181.202 2 10 0.197458 1 2949245 2949247 13 0 1 20 1  0
10.2965 2943092 180.824 3 10 0.197458 6 2943092 2943093 13 0 1 20 1  0
10.1763 2946832 181.053 2 27 0.533239 3 2946832 2946833 13 0 1 20 1  0
10.1618 2947631 181.102 2 18 0.355443 1 2947631 2947632 13 0 1 20 1  0
10.3335 2951251 181.325 2 29 0.572762 1 2951251 2951252 13 0 1 20 1  0
10.3035 2946597 181.039 3 31 0.612292 2 2946597 2946598 13 0 1 20 1  0
10.2308 2945676 180.982 4 77 1.5243 16 2945676 2945677 13 0 1 20 1  0
10.8664 2953190 181.444 2 41 0.810049 1 2951215 2951217 13 0 1 20 1  0
10.519 2951208 181.322 2 52 1.02784 6 2951208 2951209 13 0 1 20 1  0
10.3496 2944842 180.931 5 260 5.3094 7 2944842 2944843 13 0 1 20 1  0
10.0373 2951021 181.311 3 146 2.91228 1 2951021 2951022 13 0 1 20 1  0
10.1896 2945917 180.997 4 244 4.96227 3 2945917 2945918 13 0 1 20 1  0
10.0618 2946571 181.037 3 248 5.04867 1 2946571 2946572 13 0 1 20 1  0
10.2831 2945184 180.952 5 695 17.426 1 2945184 2945185 13 0 1 20 1  0
10.2683 2934753 180.311 5 1895 159.694 1 2931725 2931727 13 0 1 20 1  0
11.5382 2944951 180.938 11 2506 472.39 13 2943862 2945608 13 0 1 20 1  0
12.6353 2897341 178.013 10 2581 539.603 13 2892562 2900419 13 0 1 20 1  0
10.0625 2911353 178.874 11 2712 680.735 1 2911204 2911370 13 0 1 20 1  0
13.1862 3143537 193.139 11 2785 774.826 18 2881536 2881653 13 0 1 20 1  0
0 2881536 177.042 11 2785 774.826 2 3142768 3143681 13 0 1 20 1  0
10.3281 2898582 178.089 12 2876 910.525 1 2897942 2899390 13 0 1 20 1  0
12.9479 2881784 177.057 11 3083 1314.37 4 2881536 2883488 13 0 1 20 1  0
25.1841 3435929 211.103 8 0 0 1 3406024 3406026 13 0 1 20 1  0
24.8898 3556188 218.492 8 0 0 1 3406356 3406357 13 0 1 20 1  0
19.452 3667007 225.301 8 0 0 1 3407002 3407004 13 0 1 20 1  0
0 3405824 209.254 8 0 0 2490 3407328 3407330 13 0 1 20 1  0
25.9114 3469080 213.14 1 0 0 1 3406025 3406027 13 0 1 20 1  0
27.6719 3609167 221.747 1 0 0 1 3406357 3406358 13 0 1 20 1  0
28.4244 3638410 223.544 1 0 0 1 3407002 3407004 13 0 1 20 1  0
17.3199 3461617 212.682 2 0 0 1 3406024 3406027 13 0 1 20 1  0
20.2514 3619567 222.386 2 0 0 1 3407002 3407005 13 0 1 20 1  0
15.4641 3462149 212.714 3 0 0 15 3439399 3439405 13 0 1 20 1  0
10.1928 3439402 211.317 4 0 0 1 3439402 3439403 13 0 1 20 1  0
19.9221 3624476 222.688 9 35 0.691372 2197 3624208 3625056 13 0 1 20 1  0
10.6737 3451533 212.062 2 1 0.0197462 1 3451533 3451534 13 0 1 20 1  0
10.8864 3624436 222.685 2 1 0.0197462 1 3525639 3525640 13 0 1 20 1  0
10.0068 3453047 212.155 4 1 0.0197462 1 3453047 3453048 13 0 1 20 1  0
11.2339 3464104 212.835 3 2 0.0394922 1 3462145 3462148 13 0 1 20 1  0
10.4147 3646740 224.056 3 3 0.059238 1 3646740 3646741 13 0 1 20 1  0
10.4873 3604938 221.487 7 55 1.0873 6 3604929 3604947 13 0 1 20 1  0
10.055 3594570 220.85 7 45 0.889211 2 3594570 3594571 13 0 1 20 1  0
15.4165 3665416 225.203 12 519 11.73 47 3602276 3605452 13 0 1 20 1  0
11.2261 3606478 221.582 12 109 2.16404 1 3605432 3606540 13 0 1 20 1  0
14.3128 3605296 221.509 12 341 7.13785 4 3602614 3607394 13 0 1 20 1  0
12.1756 3603580 221.404 12 926 27.6075 2 3603202 3604334 13 0 1 20 1  0
10.1842 3622460 222.564 9 1255 50.7984 1 3622436 3622472 13 0 1 20 1  0
10.233 3597596 221.036 12 1602 94.7733 1 3597484 3597856 13 0 1 20 1  0
17.4492 3654856 224.554 12 1803 135.593 65 3592410 3595494 13 0 1 20 1  0
0 3405824 209.254 12 1803 135.593 1 3650002 3658538 13 0 1 20 1  0
10.537 3634178 223.284 12 2234 291.56 1 3633660 3635674 13 0 1 20 1  0
10.1399 3667926 225.357 12 2430 412.812 1 3667878 3667970 13 0 1 20 1  0
25.2669 3844756 236.222 8 0 0 1 3667988 3667990 13 0 1 20 1  0
0 3667968 225.36 8 0 0 720 3668307 3668309 13 0 1 20 1  0
16.9416 3667989 225.361 1 0 0 1287 3667989 3667990 13 0 1 20 1  0
25.7279 3701122 227.397 1 0 0 1 3668307 3668310 13 0 1 20 1  0
25.3679 3863935 237.4 1 0 0 1 3668624 3668625 13 0 1 20 1  0
23.694 3927292 241.293 1 0 0 1 3668959 3668961 13 0 1 20 1  0
17.7195 3797645 233.327 2 0 0 1 3667989 3667991 13 0 1 20 1  0
15.3147 3701332 227.41 3 0 0 12 3701327 3701347 13 0 1 20 1  0
10.8809 3858082 237.041 2 1 0.0197462 1 3858082 3858083 13 0 1 20 1  0
12.6643 3694008 226.96 12 62 1.22615 3 3692960 3695374 13 0 1 20 1  0
10.958 3668814 225.412 12 469 10.3429 1 3668152 3676328 13 0 1 20 1  0
10.3954 3692528 226.869 12 481 10.668 1 3692174 3692612 13 0 1 20 1  0
11.6338 3691464 226.804 12 748 19.4471 2 3691044 3692200 13 0 1 20 1  0
12.5541 3686758 226.514 12 1458 73.2487 10 3685144 3687608 13 0 1 20 1  0
0 3667968 225.36 11 2739 714.125 621 3904684 3906063 13 0 1 20 1  0
12.0047 3890687 239.044 2 2832 842.178 1 3890626 3891529 13 0 1 20 1  0
10.5521 3890435 239.028 2 2836 848.173 2 3890435 3890447 13 0 1 20 1  0
11.6203 3890755 239.048 2 2834 845.17 1 3890300 3890303 13 0 1 20 1  0
10.0033 3890031 239.003 2 2836 848.173 1 3890031 3890032 13 0 1 20 1  0
10.1421 3889476 238.969 3 2839 852.698 1 3889476 3889477 13 0 1 20 1  0
24.5569 3950382 242.711 8 0 0 1 3930217 3930219 13 0 1 20 1  0
25.3367 4139834 254.351 8 0 0 1 3930546 3930548 13 0 1 20 1  0
0 3930112 241.466 8 0 0 2199 3931206 3931207 13 0 1 20 1  0
29.8015 3932824 241.633 1 0 0 3 3930218 3930220 13 0 1 20 1  0
20.7434 4081566 250.771 2 0 0 3 3930547 3930549 13 0 1 20 1  0
18.8442 4132686 253.912 2 0 0 1 3931206 3931209 13 0 1 20 1  0
21.1836 4014901 246.676 3 0 0 24 3932822 3932828 13 0 1 20 1  0
13.7058 4109164 252.467 4 2 0.0394922 16 4009171 4009176 13 0 1 20 1  0
10.2317 4072124 250.191 6 2 0.0394922 3 4072124 4072126 13 0 1 20 1  0
10.2611 4009167 246.323 3 9 0.177712 2 4009167 4009168 13 0 1 20 1  0
10.1246 3992408 245.294 12 18 0.355443 1 3991766 3992590 13 0 1 20 1  0
10.2964 3979406 244.495 12 1679 108.728 2 3979158 3979576 13 0 1 20 1  0
25.4182 4314959 265.111 8 0 0 1 4192637 4192639 13 0 1 20 1  0
25.0382 4426103 271.94 8 0 0 1 4192949 4192951 13 0 1 20 1  0
0 4192256 257.572 8 0 0 679 4193605 4193608 13 0 1 20 1  0
29.5611 4409199 270.901 1 0 0 1 4192637 4192639 13 0 1 20 1  0
0 4192256 257.572 1 0 0 1307 4192950 4192952 13 0 1 20 1  0
21.0502 4407259 270.782 2 0 0 1 4192637 4192639 13 0 1 20 1  0
12.1794 4405307 270.662 3 0 0 1 4196371 4196373 13 0 1 20 1  0
11.5519 4307055 264.625 4 1 0.0197462 9 4287887 4287895 13 0 1 20 1  0
20.0747 4273052 262.536 8 4 0.0789836 532 4272930 4273284 13 0 1 20 1  0
10.1718 4209369 258.624 2 1 0.0197462 1 4209369 4209370 13 0 1 20 1  0
12.1204 4417322 271.4 2 1 0.0197462 1 4405623 4405624 13 0 1 20 1  0
11.7366 4202628 258.209 3 3 0.059238 5 4202627 4202629 13 0 1 20 1  0
10.6815 4243682 260.732 3 6 0.118475 1 4243682 4243684 13 0 1 20 1  0
47.5631 4440160 272.803 12 2075 219.866 5195 4432916 4445714 13 0 1 20 1  0
0 4192256 257.572 6 1452 72.4646 503 4454278 4454385 13 0 1 20 1  0
16.9399 4454392 273.678 12 2624 582.366 59 4451228 4454402 13 0 1 20 1  0
0 4192256 257.572 12 2742 717.935 1 4452342 4454402 13 0 1 20 1  0
11.7833 4421634 271.665 12 2749 726.903 1 4420782 4423556 13 0 1 20 1  0
43.2442 4461902 274.139 12 148 2.95305 19630 4458652 4464652 13 0 1 20 1  0
25.9747 4559394 280.129 8 0 0 1 4455017 4455019 13 0 1 20 1  0
26.0782 4644260 285.343 8 0 0 1 4455335 4455337 13 0 1 20 1  0
15.0792 4454679 273.695 1 0 0 1 4454679 4454680 13 0 1 20 1  0
33.64 4570431 280.807 2 0 0 4857 4455016 4455020 13 0 1 20 1  0
19.0257 4644261 285.343 2 0 0 1 4455335 4455338 13 0 1 20 1  0
18.5608 4710700 289.425 2 0 0 1 4455585 4455604 13 0 1 20 1  0
10.6031 4460855 274.075 1 1 0.0197462 1 4460855 4460856 13 0 1 20 1  0
10.55 4458838 273.951 2 1 0.0197462 1 4458838 4458839 13 0 1 20 1  0
10.1085 4461138 274.092 2 2 0.0394922 1 4461138 4461139 13 0 1 20 1  0
10.663 4455580 273.751 2 4 0.0789836 4 4455580 4455581 13 0 1 20 1  0
10.1519 4559378 280.128 2 9 0.177712 1 4559378 4559379 13 0 1 20 1  0
10.0835 4461801 274.133 5 42 0.829836 3 4461801 4461802 13 0 1 20 1  0
10.4207 4462761 274.192 4 52 1.02784 8 4462761 4462762 13 0 1 20 1  0
10.0643 4471695 274.741 7 372 7.87435 2 4471695 4471696 13 0 1 20 1  0
13.4726 4716873 289.805 8 0 0 6050 4716873 4716874 13 0 1 20 1  0
24.019 4861449 298.687 8 0 0 1 4717189 4717191 13 0 1 20 1  0
20.3488 4973840 305.593 8 0 0 1 4717518 4717521 13 0 1 20 1  0
28.109 4798409 294.814 1 0 0 1 4716873 4716875 13 0 1 20 1  0
27.0729 4876381 299.605 1 0 0 1 4717190 4717192 13 0 1 20 1  0
26.4125 4774365 293.337 2 0 0 1714 4716873 4716875 13 0 1 20 1  0
18.4622 4866635 299.006 2 0 0 1 4717190 4717192 13 0 1 20 1  0
23.1097 4763959 292.698 7 32 0.63206 2071 4745434 4745505 13 0 1 20 1  0
13.4938 4755628 292.186 2 2 0.0394922 8 4755627 4755630 13 0 1 20 1  0
10.7993 4755667 292.188 1 1 0.0197462 1 4755667 4755668 13 0 1 20 1  0
10.0157 4747269 291.672 2 1 0.0197462 1 4747269 4747270 13 0 1 20 1  0
10.1847 4745447 291.56 4 52 1.02784 6 4745447 4745448 13 0 1 20 1  0
10.0023 4763297 292.657 7 396 8.46073 1 4763297 4763298 13 0 1 20 1  0
14.2324 4748110 291.724 11 1683 109.506 41 4746376 4749845 13 0 1 20 1  0
0 4716544 289.784 9 1613 96.6528 1 4750433 4750434 13 0 1 20 1  0
24.9193 5082058 312.242 8 0 0 1 4978724 4978726 13 0 1 20 1  0
47.2256 5213324 320.307 12 61 1.2063 8357 5093592 5097164 13 0 1 20 1  0
10.7191 4978726 305.893 2 0 0 31902 4978726 4978727 13 0 1 20 1  0
29.9638 5075545 311.841 1 0 0 1 4978725 4978727 13 0 1 20 1  0
27.7765 5129958 315.185 1 0 0 1 4979050 4979052 13 0 1 20 1  0
25.5552 5216067 320.475 1 0 0 1 4979366 4979368 13 0 1 20 1  0
24.7143 5221147 320.787 3 0 0 38 4990633 4990641 13 0 1 20 1  0
15.4069 5095231 313.051 5 4 0.0789836 267 5053739 5053752 13 0 1 20 1  0
10.0666 5183804 318.493 1 1 0.0197462 1 5183804 5183805 13 0 1 20 1  0
31.5576 5183748 318.489 11 330 6.88179 1980 5093830 5094719 13 0 1 20 1  0
10.3395 4990633 306.624 3 4 0.0789836 2 4990633 4990634 13 0 1 20 1  0
18.0246 5216132 320.479 3 3 0.059238 5 5008239 5008243 13 0 1 20 1  0
16.3663 5053723 310.501 5 41 0.810049 296 5053711 5053742 13 0 1 20 1  0
29.889 5158650 316.947 11 80 1.58404 274 5094527 5095446 13 0 1 20 1  0
11.2279 5008239 307.706 2 6 0.118475 6 5008238 5008240 13 0 1 20 1  0
27.7737 5154927 316.719 11 1068 36.058 1899 5091462 5092425 13 0 1 20 1  0
10.7338 5179321 318.217 6 1270 52.1995 4 5152955 5153430 13 0 1 20 1  0
10.6858 5178537 318.169 6 1342 59.4573 2 5152523 5152536 13 0 1 20 1  0
10.3466 5178202 318.149 6 1379 63.5565 3 5178194 5178205 13 0 1 20 1  0
20.8833 5158018 316.909 12 2132 243.28 541 5153614 5163422 13 0 1 20 1  0
14.4076 5143760 316.033 12 1842 145.333 23 5141180 5145986 13 0 1 20 1  0
10.0301 5155132 316.731 12 2514 479.141 1 5155126 5155138 13 0 1 20 1  0
10.8706 5142234 315.939 12 2775 761.206 3 5141300 5144212 13 0 1 20 1  0
10.8606 5112422 314.107 12 2814 815.718 2 5111450 5113662 13 0 1 20 1  0
22.8931 5241454 322.035 4 2 0.0394922 3790 5241439 5241470 13 0 1 20 1  0
29.8018 5336586 327.88 12 312 6.46836 7802 5334044 5339524 13 0 1 20 1  0
24.9995 5398687 331.695 8 0 0 1 5241277 5241283 13 0 1 20 1  0
15.9395 5240918 322.002 1 0 0 1 5240918 5240919 13 0 1 20 1  0
26.7759 5474693 336.365 1 0 0 1 5241244 5241253 13 0 1 20 1  0
28.2427 5359596 329.294 2 0 0 1084 5241243 5241253 13 0 1 20 1  0
22.6339 5338956 328.025 4 1 0.0197462 13 5241243 5241252 13 0 1 20 1  0
0 5240832 321.997 6 902 26.366 242 5334296 5334305 13 0 1 20 1  0
0 5240832 321.997 8 1743 121.859 12 5323744 5326086 13 0 1 20 1  0
24.4821 5606115 344.44 8 0 0 1 5503113 5503115 13 0 1 20 1  0
24.587 5728087 351.934 8 0 0 1 5503436 5503438 13 0 1 20 1  0
23.083 5759271 353.85 8 0 0 1 5503772 5503774 13 0 1 20 1  0
17.7167 5516403 338.928 10 570 13.2399 2304 5516054 5517052 13 0 1 20 1  0
14.8442 5503114 338.111 1 0 0 2 5503114 5503115 13 0 1 20 1  0
24.5938 5603833 344.299 1 0 0 1 5503437 5503439 13 0 1 20 1  0
24.0929 5755207 353.6 1 0 0 1 5503772 5503774 13 0 1 20 1  0
0 5502976 338.103 1 0 0 1367 5504093 5504095 13 0 1 20 1  0
17.852 5606116 344.44 2 0 0 1 5503437 5503439 13 0 1 20 1  0
17.1194 5662956 347.932 2 0 0 2 5503772 5503775 13 0 1 20 1  0
15.3329 5750184 353.291 2 0 0 1 5504094 5504095 13 0 1 20 1  0
10.762 5518282 339.043 3 0 0 1 5518278 5518284 13 0 1 20 1  0
21.4832 5517099 338.971 10 164 3.28053 1907 5516581 5517637 13 0 1 20 1  0
10.3247 5630305 345.926 2 1 0.0197462 1 5630305 5630306 13 0 1 20 1  0
11.0602 5663928 347.992 3 2 0.0394922 2 5663928 5663929 13 0 1 20 1  0
12.5024 5748260 353.173 11 528 11.9892 10 5516013 5517167 13 0 1 20 1  0
10.4761 5760022 353.896 8 519 11.73 1 5516758 5516835 13 0 1 20 1  0
15.1625 5744786 352.96 12 1441 71.0484 195 5742402 5746618 13 0 1 20 1  0
10.9664 5763198 354.091 11 1019 32.9122 7 5746484 5747002 13 0 1 20 1  0
0 5502976 338.103 9 1358 61.1975 8 5761316 5761322 13 0 1 20 1  0
15.4837 5765108 354.208 12 2171 260.718 71 5762954 5765122 13 0 1 20 1  0
10.0046 5662636 347.912 12 3111 1381.28 1 5662636 5662640 13 0 1 20 1  0
25.0415 5832691 358.361 8 0 0 1 5765120 5765123 13 0 1 20 1  0
18.7601 6012041 369.38 8 0 0 1 5765449 5765451 13 0 1 20 1  0
10.0225 5765153 354.211 10 207 4.17424 6959 5765153 5765154 13 0 1 20 1  0
24.3732 5907744 362.972 1 0 0 1 5765121 5765123 13 0 1 20 1  0
18.4396 6004886 368.94 2 0 0 1 5765120 5765124 13 0 1 20 1  0
13.6987 5966266 366.567 3 0 0 25 5779133 5779152 13 0 1 20 1  0
46.5599 5960186 366.194 12 556 12.8152 11622 5765120 5765924 13 0 1 20 1  0
10.0483 5768365 354.408 1 1 0.0197462 1 5768365 5768366 13 0 1 20 1  0
11.3114 5808977 356.904 2 1 0.0197462 1 5808977 5808978 13 0 1 20 1  0
10.2161 5968159 366.684 2 1 0.0197462 1 5968159 5968160 13 0 1 20 1  0
10.205 5794733 356.028 3 1 0.0197462 1 5794733 5794734 13 0 1 20 1  0
11.3631 5816252 357.351 2 2 0.0394922 5 5816251 5816254 13 0 1 20 1  0
10.2159 5959555 366.155 5 1128 40.2834 1 5959554 5959556 13 0 1 20 1  0
19.4069 5846234 359.193 12 1815 138.518 20 5813562 5816412 13 0 1 20 1  0
19.3357 6016234 369.637 12 1891 158.563 13 5810934 5817252 13 0 1 20 1  0
10.0037 5830312 358.214 12 2292 323.165 1 5830312 5830314 13 0 1 20 1  0
15.8132 6027264 370.315 12 2416 402.686 1 5925976 5932630 13 0 1 20 1  0
0 5765120 354.209 12 2416 402.686 1 6024252 6027266 13 0 1 20 1  0
0 5765120 354.209 12 2656 616.374 1 5935832 5938282 13 0 1 20 1  0
12.7956 5946355 365.344 11 2969 1073.79 3 5942904 5947790 13 0 1 20 1  0
10.5322 5909940 363.107 12 3098 1349.8 1 5908326 5910662 13 0 1 20 1  0
49.793 6078080 373.437 12 307 6.3547 8639 6069724 6081872 13 0 1 20 1  0
23.4713 6160846 378.522 8 0 0 2 6027785 6027786 13 0 1 20 1  0
21.1379 6262726 384.782 8 0 0 1 6028271 6028273 13 0 1 20 1  0
10.0115 6027264 370.315 11 1451 72.3348 17380 6027264 6027265 13 0 1 20 1  0
26.278 6160847 378.522 1 0 0 1 6027785 6027787 13 0 1 20 1  0
10.5653 6073158 373.135 1 1 0.0197462 1 6073158 6073159 13 0 1 20 1  0
10.3946 6064673 372.613 2 1 0.0197462 1 6064673 6064674 13 0 1 20 1  0
18.7526 6080675 373.597 2 1 0.0197462 1 6072213 6072217 13 0 1 20 1  0
10.7248 6074015 373.187 2 2 0.0394922 1 6074015 6074016 13 0 1 20 1  0
15.9586 6079515 373.525 4 5 0.0987291 2 6075122 6075124 13 0 1 20 1  0
11.0643 6162487 378.623 7 2 0.0394922 1 6072724 6072820 13 0 1 20 1  0
10.0244 6072755 373.11 2 3 0.059238 1 6072755 6072756 13 0 1 20 1  0
10.4057 6072217 373.077 4 4 0.0789836 5 6072217 6072218 13 0 1 20 1  0
10.9343 6079185 373.505 2 11 0.217204 8 6079185 6079186 13 0 1 20 1  0
10.4524 6072393 373.088 3 7 0.13822 5 6072393 6072394 13 0 1 20 1  0
10.2171 6079058 373.497 4 82 1.6239 3 6079058 6079059 13 0 1 20 1  0
34.1109 6226666 382.566 12 774 20.5002 6505 6068264 6079330 13 0 1 20 1  0
13.0389 6209241 381.496 11 2153 252.52 17 6048977 6050042 13 0 1 20 1  0
12.332 6027730 370.344 12 2848 866.417 6 6027264 6030234 13 0 1 20 1  0
25.1015 6545746 402.171 8 0 0 1 6289523 6289525 13 0 1 20 1  0
0 6289408 386.421 8 0 0 783 6289852 6289855 13 0 1 20 1  0
14.899 6289524 386.428 1 0 0 1 6289524 6289525 13 0 1 20 1  0
24.3774 6313252 387.886 1 0 0 1 6289853 6289855 13 0 1 20 1  0
23.3812 6436077 395.433 1 0 0 1 6290173 6290175 13 0 1 20 1  0
25.7126 6545747 402.171 1 0 0 1 6290493 6290495 13 0 1 20 1  0
0 6289408 386.421 1 0 0 1323 6290829 6290830 13 0 1 20 1  0
15.9722 6339899 389.523 2 0 0 1 6289853 6289855 13 0 1 20 1  0
17.215 6459967 396.9 2 0 0 1 6290173 6290175 13 0 1 20 1  0
11.755 6412735 393.998 3 0 0 9 6302571 6302574 13 0 1 20 1  0
19.1946 6398775 393.141 10 46 0.909008 2449 6297430 6297554 13 0 1 20 1  0
10.219 6341252 389.607 4 1 0.0197462 1 6341252 6341253 13 0 1 20 1  0
11.6339 6386958 392.415 11 1832 142.771 3 6385963 6387540 13 0 1 20 1  0
22.2436 6622749 406.902 8 0 0 1 6551607 6551609 13 0 1 20 1  0
24.2976 6744605 414.389 8 0 0 1 6551926 6551927 13 0 1 20 1  0
0 6551552 402.527 8 0 0 761 6552245 6552247 13 0 1 20 1  0
28.4559 6780033 416.565 1 0 0 1 6551608 6551610 13 0 1 20 1  0
0 6551552 402.527 1 0 0 1485 6551926 6551928 13 0 1 20 1  0
18.0584 6566213 403.428 2 0 0 1 6551608 6551610 13 0 1 20 1  0
21.1853 6721383 412.962 2 0 0 2 6551927 6551929 13 0 1 20 1  0
13.5405 6726413 413.271 3 0 0 8 6675609 6675615 13 0 1 20 1  0
10.0297 6769636 415.926 1 1 0.0197462 1 6769636 6769637 13 0 1 20 1  0
11.1577 6745918 414.469 2 1 0.0197462 1 6726414 6726415 13 0 1 20 1  0
24.5495 6930518 425.811 8 0 0 1 6813994 6813996 13 0 1 20 1  0
24.7392 7043253 432.737 8 0 0 1 6814330 6814332 13 0 1 20 1  0
23.5774 7070229 434.395 8 0 0 1 6814661 6814662 13 0 1 20 1  0
0 6813696 418.633 8 0 0 848 6814991 6814992 13 0 1 20 1  0
25.4996 6839831 420.239 1 0 0 2 6813994 6813996 13 0 1 20 1  0
27.8939 7005891 430.442 1 0 0 1 6814331 6814332 13 0 1 20 1  0
0 6813696 418.633 1 0 0 1526 6814661 6814663 13 0 1 20 1  0
19.7059 7066989 434.196 2 0 0 1 6814661 6814663 13 0 1 20 1  0
12.9102 7069261 434.335 3 0 0 2 6839830 6839835 13 0 1 20 1  0
10.2851 7042284 432.678 1 1 0.0197462 1 7042284 7042285 13 0 1 20 1  0
10.6168 6947082 426.829 2 1 0.0197462 1 6947082 6947083 13 0 1 20 1  0
11.0768 7020668 431.35 2 1 0.0197462 1 6981028 6981029 13 0 1 20 1  0
10.9203 7068604 434.295 3 3 0.059238 8 7068604 7068606 13 0 1 20 1  0
10.5523 6936538 426.181 3 5 0.0987291 3 6936538 6936539 13 0 1 20 1  0
28.9133 6967886 428.107 12 1191 45.2124 7810 6965814 6970574 13 0 1 20 1  0
0 6813696 418.633 7 916 27.0843 106 6969347 6969355 13 0 1 20 1  0
11.4547 6960690 427.665 12 2642 601.258 1 6960030 6961310 13 0 1 20 1  0
25.3256 7115228 437.16 8 0 0 1 7076082 7076084 13 0 1 20 1  0
24.8547 7316437 449.522 8 0 0 1 7076393 7076394 13 0 1 20 1  0
0 7075840 434.74 8 0 0 3868 7076747 7076749 13 0 1 20 1  0
26.3856 7241684 444.929 1 0 0 1 7076083 7076085 13 0 1 20 1  0
26.9143 7316438 449.522 1 0 0 1 7076393 7076395 13 0 1 20 1  0
19.5017 7089243 435.563 2 0 0 1 7076083 7076085 13 0 1 20 1  0
17.4345 7239406 444.789 2 0 0 1 7076393 7076395 13 0 1 20 1  0
17.9822 7287832 447.764 2 0 0 1 7076747 7076750 13 0 1 20 1  0
17.3577 7335621 450.701 2 0 0 1 7077215 7077218 13 0 1 20 1  0
44.6174 7288542 447.808 12 374 7.92266 9725 7257592 7260734 13 0 1 20 1  0
10.8994 7270941 446.727 5 17 0.335692 9 7270938 7270944 13 0 1 20 1  0
10.6562 7286862 447.705 1 1 0.0197462 1 7286862 7286863 13 0 1 20 1  0
11.7465 7144336 438.948 2 1 0.0197462 1 7089241 7089243 13 0 1 20 1  0
10.1588 7106519 436.625 3 1 0.0197462 1 7106519 7106520 13 0 1 20 1  0
13.452 7202582 442.527 3 3 0.059238 12 7183407 7183409 13 0 1 20 1  0
10.6509 7183406 441.348 3 4 0.0789836 1 7183406 7183407 13 0 1 20 1  0
0 7075840 434.74 12 310 6.42284 11 7285126 7290244 13 0 1 20 1  0
10.0034 7258036 445.934 12 774 20.5002 1 7258036 7258038 13 0 1 20 1  0
22.1071 7238900 444.758 12 2066 216.381 389 7235410 7244296 13 0 1 20 1  0
14.0027 7280312 447.302 12 2474 446.323 5 7267948 7282020 13 0 1 20 1  0
22.8292 7402735 454.824 8 0 0 1 7338208 7338210 13 0 1 20 1  0
22.0797 7528678 462.562 8 0 0 1 7338530 7338532 13 0 1 20 1  0
22.7123 7574820 465.397 8 0 0 1 7338871 7338873 13 0 1 20 1  0
0 7337984 450.846 8 0 0 795 7339198 7339199 13 0 1 20 1  0
24.3473 7357877 452.068 1 0 0 2 7338209 7338211 13 0 1 20 1  0
23.0873 7546228 463.64 1 0 0 1 7338531 7338533 13 0 1 20 1  0
23.6068 7585544 466.056 1 0 0 1 7338871 7338873 13 0 1 20 1  0
0 7337984 450.846 1 0 0 1503 7339198 7339200 13 0 1 20 1  0
17.1883 7389578 454.016 2 0 0 2 7338209 7338211 13 0 1 20 1  0
16.228 7467628 458.811 2 0 0 5 7338531 7338533 13 0 1 20 1  0
12.1444 7423424 456.095 4 2 0.0394922 13 7423419 7423428 13 0 1 20 1  0
10.152 7475244 459.279 12 61 1.2063 1 7475226 7475258 13 0 1 20 1  0
24.3041 7667280 471.078 8 0 0 1 7600331 7600333 13 0 1 20 1  0
24.3698 7743322 475.75 8 0 0 1 7600652 7600654 13 0 1 20 1  0
0 7600128 466.952 8 0 0 816 7600992 7600994 13 0 1 20 1  0
29.8699 7774207 477.647 1 0 0 2 7600332 7600334 13 0 1 20 1  0
0 7600128 466.952 1 0 0 1639 7600652 7600654 13 0 1 20 1  0
12.8208 7654818 470.312 3 0 0 4 7607023 7607025 13 0 1 20 1  0
10.5602 7830095 481.081 1 1 0.0197462 1 7830095 7830096 13 0 1 20 1  0
12.2298 7625218 468.493 3 1 0.0197462 5 7625217 7625222 13 0 1 20 1  0
10.0549 7607197 467.386 3 1 0.0197462 1 7607197 7607198 13 0 1 20 1  0
16.7021 7695485 472.811 9 222 4.49138 1459 7695328 7695785 13 0 1 20 1  0
10.04 7703541 473.306 5 8 0.157966 1 7703541 7703544 13 0 1 20 1  0
10.1677 7849919 482.299 3 9 0.177712 1 7849919 7849920 13 0 1 20 1  0
10.333 7641768 469.51 4 23 0.454207 7 7641763 7641769 13 0 1 20 1  0
12.1817 7862106 483.048 12 2874 907.302 4 7859504 7862274 13 0 1 20 1  0
14.1085 7862433 483.068 8 0 0 808 7862433 7862434 13 0 1 20 1  0
23.6465 7939307 487.791 8 0 0 1 7862769 7862771 13 0 1 20 1  0
23.4715 8056150 494.97 8 0 0 1 7863087 7863088 13 0 1 20 1  0
21.714 8109942 498.275 8 0 0 1 7863418 7863420 13 0 1 20 1  0
28.1663 7914603 486.273 1 0 0 2 7862433 7862435 13 0 1 20 1  0
25.608 8101166 497.736 1 0 0 1 7862769 7862771 13 0 1 20 1  0
0 7862272 483.058 1 0 0 1496 7863087 7863089 13 0 1 20 1  0
10.0208 7862434 483.068 2 0 0 1 7862434 7862435 13 0 1 20 1  0
18.3574 7978654 490.208 2 0 0 2 7863088 7863089 13 0 1 20 1  0
15.7748 8074835 496.118 3 0 0 10 7895433 7895436 13 0 1 20 1  0
10.122 7888934 484.696 1 1 0.0197462 1 7888934 7888935 13 0 1 20 1  0
10.2992 7968249 489.569 1 1 0.0197462 1 7968249 7968250 13 0 1 20 1  0
10.314 7897386 485.215 2 1 0.0197462 1 7897386 7897387 13 0 1 20 1  0
12.1665 8075184 496.139 3 1 0.0197462 1 7895432 7895435 13 0 1 20 1  0
15.6536 8124731 499.183 8 0 0 818 8124731 8124732 13 0 1 20 1  0
24.8562 8161296 501.43 8 0 0 1 8125217 8125220 13 0 1 20 1  0
24.8227 8381636 514.968 8 0 0 1 8125529 8125530 13 0 1 20 1  0
29.3558 8209067 504.365 1 0 0 1 8124731 8124733 13 0 1 20 1  0
27.1727 8293893 509.577 1 0 0 1 8125218 8125220 13 0 1 20 1  0
26.2658 8351084 513.091 1 0 0 1 8125530 8125531 13 0 1 20 1  0
0 8124416 499.164 1 0 0 1535 8125866 8125868 13 0 1 20 1  0
22.0092 8160644 501.39 2 0 0 7 8124731 8124734 13 0 1 20 1  0
20.4102 8261396 507.58 2 0 0 1 8125218 8125220 13 0 1 20 1  0
20.1683 8381637 514.968 2 0 0 1 8125866 8125869 13 0 1 20 1  0
10.0644 8130755 499.554 3 0 0 1 8130755 8130756 13 0 1 20 1  0
12.0359 8291037 509.401 3 0 0 1 8137888 8137892 13 0 1 20 1  0
10.0188 8159017 501.29 1 1 0.0197462 1 8159017 8159018 13 0 1 20 1  0
10.6209 8137888 499.992 2 1 0.0197462 1 8137888 8137889 13 0 1 20 1  0
10.3431 8210366 504.445 3 1 0.0197462 1 8209067 8209068 13 0 1 20 1  0
10.2047 8210049 504.425 3 2 0.0394922 1 8210049 8210050 13 0 1 20 1  0
15.7849 8386832 515.287 8 0 0 2318 8386832 8386833 13 0 1 20 1  0
23.5624 8392022 515.606 8 0 0 1 8387154 8387156 13 0 1 20 1  0
23.6011 8529668 524.063 8 0 0 1 8387474 8387475 13 0 1 20 1  0
21.2796 8633294 530.43 8 0 0 1 8387813 8387816 13 0 1 20 1  0
26.7914 8440772 518.601 1 0 0 2 8386832 8386834 13 0 1 20 1  0
25.1837 8533532 524.3 1 0 0 1 8387154 8387156 13 0 1 20 1  0
25.0361 8613471 529.212 1 0 0 1 8387474 8387476 13 0 1 20 1  0
18.0936 8559857 525.918 2 0 0 1 8388129 8388131 13 0 1 20 1  0
13.402 8575496 526.878 3 0 0 24 8389428 8389431 13 0 1 20 1  0
11.72 8389426 515.446 2 1 0.0197462 2 8389426 8389427 13 0 1 20 1  0
11.2501 8624517 529.89 2 1 0.0197462 1 8399177 8399178 13 0 1 20 1  0
10.0977 8426351 517.715 5 6 0.118475 1 8426351 8426352 13 0 1 20 1  0
10.847 8575249 526.863 10 47 0.928807 1 8574901 8575898 13 0 1 20 1  0
22.8654 8722163 535.89 8 0 0 1 8648723 8648725 13 0 1 20 1  0
22.6346 8899763 546.801 8 0 0 1 8649052 8649054 13 0 1 20 1  0
0 8648704 531.376 8 0 0 826 8649372 8649373 13 0 1 20 1  0
24.175 8877989 545.464 1 0 0 1 8648724 8648726 13 0 1 20 1  0
23.8062 8899764 546.801 1 0 0 2 8649052 8649054 13 0 1 20 1  0
0 8648704 531.376 1 0 0 1454 8649372 8649374 13 0 1 20 1  0
16.6347 8727362 536.209 2 0 0 1 8648724 8648726 13 0 1 20 1  0
13.3447 8844898 543.431 4 0 0 6 8788346 8788348 13 0 1 20 1  0
11.1207 8649053 531.398 2 1 0.0197462 2 8649052 8649054 13 0 1 20 1  0
35.571 8887120 546.025 12 1130 40.4319 7944 8884484 8889830 13 0 1 20 1  0
0 8648704 531.376 8 788 21.0851 485 8887671 8888531 13 0 1 20 1  0
10.8331 8823468 542.114 12 2457 433.065 1 8822440 8823906 13 0 1 20 1  0
12.4311 8880736 545.632 12 2554 514.37 17 8778330 8781330 13 0 1 20 1  0
0 8648704 531.376 12 2542 503.538 2 8879484 8881982 13 0 1 20 1  0
15.9389 8911128 547.5 8 0 0 794 8911128 8911129 13 0 1 20 1  0
23.4766 9061590 556.744 8 0 0 1 8911463 8911464 13 0 1 20 1  0
21.2456 9166213 563.172 8 0 0 1 8911786 8911787 13 0 1 20 1  0
24.2277 9036885 555.226 1 0 0 2 8911128 8911130 13 0 1 20 1  0
22.938 9125598 560.677 1 0 0 2 8911463 8911465 13 0 1 20 1  0
0 8910848 547.482 1 0 0 1495 8911786 8911788 13 0 1 20 1  0
10.5276 8911129 547.5 2 0 0 1 8911129 8911130 13 0 1 20 1  0
16.8915 9051188 556.105 2 0 0 1 8911787 8911788 13 0 1 20 1  0
15.5903 9144284 561.825 2 0 0 1 8913090 8913093 13 0 1 20 1  0
12.1784 9141241 561.638 3 0 0 1 9021342 9021348 13 0 1 20 1  0
11.1659 9140273 561.578 4 0 0 7 9140265 9140287 13 0 1 20 1  0
10.5472 9044363 555.686 1 1 0.0197462 1 9044363 9044364 13 0 1 20 1  0
10.3487 9093915 558.73 1 1 0.0197462 1 9057362 9057363 13 0 1 20 1  0
10.5833 9006347 553.35 2 1 0.0197462 1 9006347 9006348 13 0 1 20 1  0
10.2503 8930346 548.68 3 1 0.0197462 1 8930346 8930347 13 0 1 20 1  0
11.5046 9145662 561.909 3 1 0.0197462 1 9019388 9019392 13 0 1 20 1  0
11.3006 9019386 554.151 4 3 0.059238 8 9019385 9019390 13 0 1 20 1  0
11.3167 9138390 561.463 12 425 9.18978 8 9138036 9140980 13 0 1 20 1  0
10.1626 9138008 561.439 12 806 21.8564 2 9137948 9138046 13 0 1 20 1  0
21.3676 9372045 575.818 8 0 0 1 9173044 9173046 13 0 1 20 1  0
17.9116 9433959 579.622 8 0 0 1 9173363 9173365 13 0 1 20 1  0
0 9172992 563.589 8 0 0 2069 9173692 9173694 13 0 1 20 1  0
23.21 9373994 575.938 1 0 0 1 9173044 9173047 13 0 1 20 1  0
19.97 9423563 578.984 1 0 0 1 9173364 9173366 13 0 1 20 1  0
17.4503 9218854 566.406 2 0 0 1 9173044 9173047 13 0 1 20 1  0
17.5521 9354127 574.718 4 7 0.13822 128 9354120 9354137 13 0 1 20 1  0
11.6655 9189621 564.61 2 1 0.0197462 1 9189621 9189622 13 0 1 20 1  0
10.5911 9208132 565.748 2 1 0.0197462 1 9208132 9208133 13 0 1 20 1  0
10.2604 9217288 566.31 4 4 0.0789836 3 9217288 9217289 13 0 1 20 1  0
14.2275 9217794 566.341 12 235 4.76877 380 9216332 9219820 13 0 1 20 1  0
10.9079 9435270 579.703 8 0 0 735 9435270 9435271 13 0 1 20 1  0
20.703 9457690 581.08 8 0 0 1 9435589 9435591 13 0 1 20 1  0
21.4638 9680343 594.76 8 0 0 1 9435916 9435917 13 0 1 20 1  0
12.0984 9435270 579.703 1 0 0 1 9435270 9435271 13 0 1 20 1  0
22.6136 9438844 579.923 1 0 0 2 9435590 9435591 13 0 1 20 1  0
22.4286 9652391 593.043 1 0 0 1 9435916 9435918 13 0 1 20 1  0
16.9943 9696599 595.759 1 0 0 1 9436243 9436245 13 0 1 20 1  0
0 9435136 579.695 1 0 0 1133 9436563 9436565 13 0 1 20 1  0
10.11 9436244 579.763 2 0 0 1 9436244 9436245 13 0 1 20 1  0
10.121 9461318 581.303 3 0 0 1 9461318 9461319 13 0 1 20 1  0
10.8046 9562076 587.494 3 0 0 4 9486341 9486346 13 0 1 20 1  0
10.0695 9510993 584.355 2 1 0.0197462 1 9510993 9510994 13 0 1 20 1  0
11.4101 9555061 587.063 3 4 0.0789836 5 9485377 9485379 13 0 1 20 1  0
12.2288 9494792 583.36 3 7 0.13822 7 9490599 9490601 13 0 1 20 1  0
12.287 9588984 589.147 4 8 0.157966 17 9588982 9588989 13 0 1 20 1  0
10.0806 9485378 582.782 3 5 0.0987291 1 9485378 9485379 13 0 1 20 1  0
11.3088 9490601 583.102 3 6 0.118475 1 9490601 9490602 13 0 1 20 1  0
10.0418 9486284 582.837 5 27 0.533239 1 9486284 9486285 13 0 1 20 1  0
10.5168 9697905 595.839 8 0 0 763 9697905 9697906 13 0 1 20 1  0
21.7985 9781751 600.991 8 0 0 1 9698223 9698225 13 0 1 20 1  0
21.9229 9859429 605.763 8 0 0 1 9698552 9698553 13 0 1 20 1  0
11.1642 9697573 595.819 1 0 0 1 9697573 9697574 13 0 1 20 1  0
21.5904 9772656 600.432 1 0 0 1 9697905 9697907 13 0 1 20 1  0
21.9636 9852927 605.364 1 0 0 1 9698223 9698225 13 0 1 20 1  0
0 9697280 595.801 1 0 0 1205 9698553 9698554 13 0 1 20 1  0
15.471 9782723 601.05 2 0 0 2 9698223 9698225 13 0 1 20 1  0
11.7644 9946428 611.109 3 0 0 4 9782720 9782726 13 0 1 20 1  0
10.0616 9756076 599.413 2 1 0.0197462 1 9756076 9756077 13 0 1 20 1  0
10.0245 9713736 596.812 2 2 0.0394922 1 9713736 9713737 13 0 1 20 1  0
12.0976 9831906 604.072 12 1642 101.786 3 9830566 9833358 13 0 1 20 1  0
11.4774 9959539 611.914 8 0 0 735 9959539 9959540 13 0 1 20 1  0
20.7703 10091487 620.021 8 0 0 1 9959855 9959856 13 0 1 20 1  0
20.7154 10191274 626.152 8 0 0 1 9960193 9960195 13 0 1 20 1  0
10.32 9959540 611.914 1 0 0 1 9959540 9959541 13 0 1 20 1  0
22.6254 10071012 618.763 1 0 0 1 9959855 9959857 13 0 1 20 1  0
23.3982 10164618 624.514 1 0 0 2 9960194 9960196 13 0 1 20 1  0
0 9959424 611.907 1 0 0 1212 9960511 9960513 13 0 1 20 1  0
10.3885 9959856 611.934 2 0 0 1 9959856 9959857 13 0 1 20 1  0
10.0058 10088614 619.844 3 0 0 1 10088614 10088615 13 0 1 20 1  0
10.298 10116893 621.582 3 0 0 2 10116892 10116897 13 0 1 20 1  0
10.5556 10029145 616.191 7 0 0 1 10028818 10029150 13 0 1 20 1  0
10.2413 10117857 621.641 3 1 0.0197462 2 10117857 10117858 13 0 1 20 1  0
10.1026 10205900 627.05 1 1 0.0197462 1 10205900 10205901 13 0 1 20 1  0
13.2554 10019864 615.62 2 1 0.0197462 16 10019863 10019865 13 0 1 20 1  0
10.1618 10088945 619.865 3 1 0.0197462 1 10088945 10088946 13 0 1 20 1  0
11.2198 10090140 619.938 12 337 7.04443 3 10089436 10090222 13 0 1 20 1  0
12.0647 10221248 627.993 12 2998 1130.46 2 10219260 10221570 13 0 1 20 1  0
20.708 10296264 632.602 8 0 0 1 10221833 10221835 13 0 1 20 1  0
19.5754 10389573 638.335 8 0 0 1 10222153 10222155 13 0 1 20 1  0
0 10221568 628.013 8 0 0 713 10222477 10222478 13 0 1 20 1  0
21.6273 10238087 629.028 1 0 0 2 10221833 10221835 13 0 1 20 1  0
22.0561 10389574 638.335 1 0 0 1 10222154 10222156 13 0 1 20 1  0
0 10221568 628.013 1 0 0 1036 10222478 10222479 13 0 1 20 1  0
10.4395 10221834 628.029 2 0 0 1 10221834 10221835 13 0 1 20 1  0
16.2471 10226714 628.329 2 0 0 1 10222154 10222156 13 0 1 20 1  0
12.6768 10321843 634.174 3 1 0.0197462 9 10321842 10321846 13 0 1 20 1  0
11.1664 10228389 628.432 7 2 0.0394922 12 10228373 10228405 13 0 1 20 1  0
10.2088 10480612 643.929 1 1 0.0197462 1 10480612 10480613 13 0 1 20 1  0
12.7154 10323134 634.253 2 1 0.0197462 1 10320218 10320219 13 0 1 20 1  0
11.6765 10320216 634.074 3 1 0.0197462 2 10320216 10320217 13 0 1 20 1  0
11.7782 10322152 634.193 2 3 0.059238 41 10322152 10322153 13 0 1 20 1  0
10.2749 10324424 634.333 4 28 0.553 4 10324424 10324426 13 0 1 20 1  0
11.9302 10326189 634.441 10 83 1.64383 24 10321638 10322633 13 0 1 20 1  0
12.5801 10321868 634.176 9 1149 41.8676 179 10321681 10322251 13 0 1 20 1  0
20.0036 10612593 652.038 8 0 0 1 10484190 10484192 13 0 1 20 1  0
20.914 10654523 654.614 8 0 0 1 10484511 10484512 13 0 1 20 1  0
0 10483712 644.119 8 0 0 747 10484834 10484836 13 0 1 20 1  0
22.9066 10654524 654.614 1 0 0 1 10484190 10484192 13 0 1 20 1  0
20.6326 10725071 658.948 1 0 0 1 10484512 10484513 13 0 1 20 1  0
0 10483712 644.119 1 0 0 1133 10484835 10484836 13 0 1 20 1  0
15.367 10591787 650.759 2 0 0 1 10484190 10484193 13 0 1 20 1  0
12.5163 10730107 659.258 2 0 0 3 10486138 10486140 13 0 1 20 1  0
10.7727 10517235 646.179 3 0 0 2 10517234 10517236 13 0 1 20 1  0
10.6726 10733683 659.477 1 1 0.0197462 2 10733683 10733684 13 0 1 20 1  0
11.0738 10745873 660.226 8 0 0 739 10745873 10745874 13 0 1 20 1  0
22.3608 10872505 668.007 8 0 0 1 10746195 10746196 13 0 1 20 1  0
21.6996 10904045 669.945 8 0 0 1 10746531 10746533 13 0 1 20 1  0
23.8333 10776434 662.104 1 0 0 1 10745873 10745875 13 0 1 20 1  0
22.0659 10990347 675.247 1 0 0 1 10746195 10746197 13 0 1 20 1  0
0 10745856 660.225 1 0 0 1259 10746531 10746533 13 0 1 20 1  0
10.0017 10745874 660.227 2 0 0 1 10745874 10745875 13 0 1 20 1  0
16.5354 10979617 674.588 2 0 0 1 10746532 10746533 13 0 1 20 1  0
10.1354 10877379 668.306 1 1 0.0197462 1 10877379 10877380 13 0 1 20 1  0
11.0326 10893134 669.274 2 1 0.0197462 1 10893134 10893135 13 0 1 20 1  0
10.1858 10968249 673.889 2 1 0.0197462 1 10948924 10948925 13 0 1 20 1  0
10.7454 10930082 671.544 3 1 0.0197462 1 10930082 10930084 13 0 1 20 1  0
13.8199 10927958 671.414 12 223 4.51263 61 10926430 10930086 13 0 1 20 1  0
12.5153 10904382 669.965 12 1997 191.426 4 10903378 10905638 13 0 1 20 1  0
13.6456 11022760 677.238 12 282 5.79369 844 11013050 11023262 13 0 1 20 1  0
21.3226 11082842 680.93 8 0 0 1 11008550 11008552 13 0 1 20 1  0
21.5082 11260656 691.855 8 0 0 1 11008876 11008877 13 0 1 20 1  0
23.8867 11015542 676.795 1 0 0 3 11008224 11008226 13 0 1 20 1  0
22.5274 11260656 691.855 1 0 0 3 11008550 11008553 13 0 1 20 1  0
0 11008000 676.331 1 0 0 956 11008876 11008878 13 0 1 20 1  0
13.5066 11023720 677.297 3 2 0.0394922 49 11023718 11023723 13 0 1 20 1  0
10.4421 11199226 688.08 1 1 0.0197462 1 11199226 11199227 13 0 1 20 1  0
17.9598 11183052 687.087 12 210 4.23743 60 11022108 11023218 13 0 1 20 1  0
12.5908 11173120 686.476 12 1495 78.2706 4 11170564 11174714 13 0 1 20 1  0
14.9492 11270251 692.444 8 0 0 761 11270251 11270252 13 0 1 20 1  0
20.607 11277891 692.914 8 0 0 1 11270565 11270567 13 0 1 20 1  0
20.6761 11505407 706.892 8 0 0 1 11270888 11270889 13 0 1 20 1  0
22.2817 11277892 692.914 1 0 0 1 11270251 11270253 13 0 1 20 1  0
22.7654 11517276 707.621 1 0 0 13 11270566 11270568 13 0 1 20 1  0
15.9996 11531889 708.519 1 0 0 1 11270888 11270890 13 0 1 20 1  0
0 11270144 692.438 1 0 0 1468 11271221 11271223 13 0 1 20 1  0
10.6012 11348302 697.24 3 0 0 3 11348302 11348303 13 0 1 20 1  0
15.529 11414928 701.333 4 5 0.0987291 34 11414518 11414528 13 0 1 20 1  0
10.4199 11279169 692.992 1 1 0.0197462 1 11279169 11279170 13 0 1 20 1  0
10.3136 11482490 705.484 1 1 0.0197462 1 11436638 11436639 13 0 1 20 1  0
10.688 11347603 697.197 2 1 0.0197462 1 11347603 11347604 13 0 1 20 1  0
13.4993 11461333 704.184 2 2 0.0394922 1 11414925 11414930 13 0 1 20 1  0
17.4855 11436635 702.667 3 2 0.0394922 32 11348300 11348302 13 0 1 20 1  0
10.7823 11414517 701.308 2 8 0.157966 6 11414517 11414520 13 0 1 20 1  0
11.8736 11462592 704.262 3 17 0.335692 4 11414914 11414921 13 0 1 20 1  0
11.3981 11460050 704.105 3 22 0.434452 6 11460049 11460054 13 0 1 20 1  0
18.6376 11532552 708.56 8 0 0 684 11532552 11532553 13 0 1 20 1  0
19.9117 11614293 713.582 8 0 0 1 11532872 11532873 13 0 1 20 1  0
19.0819 11717496 719.923 8 0 0 1 11533200 11533202 13 0 1 20 1  0
22.481 11624367 714.201 1 0 0 2 11532552 11532554 13 0 1 20 1  0
18.8141 11685782 717.974 1 0 0 1 11532560 11532561 13 0 1 20 1  0
0 11532288 708.544 1 0 0 1061 11532872 11532874 13 0 1 20 1  0
10.8339 11532558 708.56 2 3 0.059238 3 11532558 11532559 13 0 1 20 1  0
13.0619 11769663 723.128 3 6 0.118475 14 11532554 11532557 13 0 1 20 1  0
10.1282 11782465 723.915 1 1 0.0197462 1 11782465 11782466 13 0 1 20 1  0
12.9333 11767393 722.989 2 1 0.0197462 3 11532560 11532562 13 0 1 20 1  0
12.5362 11620111 713.94 3 1 0.0197462 17 11550826 11550830 13 0 1 20 1  0
13.0637 11550826 709.683 3 3 0.059238 5 11532558 11532560 13 0 1 20 1  0
10.3717 11557970 710.122 4 14 0.276446 1 11557970 11557971 13 0 1 20 1  0
11.9615 11770871 723.202 9 40 0.790264 59 11770783 11770970 13 0 1 20 1  0
15.1146 11573410 711.07 10 157 3.13695 249 11573015 11573597 13 0 1 20 1  0
17.6301 11794484 724.653 8 0 0 2474 11794484 11794485 13 0 1 20 1  0
20.5644 11848282 727.958 8 0 0 1 11794820 11794821 13 0 1 20 1  0
20.4431 11979419 736.016 8 0 0 1 11795131 11795132 13 0 1 20 1  0
22.5927 11828456 726.74 1 0 0 1 11794484 11794486 13 0 1 20 1  0
22.4212 11972104 735.566 1 0 0 1 11794820 11794822 13 0 1 20 1  0
16.3285 12039259 739.692 2 0 0 1 11794485 11794487 13 0 1 20 1  0
11.2694 11810940 725.664 2 3 0.059238 7 11810940 11810941 13 0 1 20 1  0
15.5901 12039584 739.712 3 4 0.0789836 251 11810938 11810941 13 0 1 20 1  0
12.248 11878546 729.818 2 3 0.059238 9 11875622 11875623 13 0 1 20 1  0
10.6076 11875619 729.638 2 5 0.0987291 2 11875619 11875620 13 0 1 20 1  0
14.7912 11883414 730.117 3 6 0.118475 14 11810935 11810939 13 0 1 20 1  0
10.1751 11875795 729.649 2 6 0.118475 1 11875795 11875796 13 0 1 20 1  0
10.2533 11860175 728.689 4 9 0.177712 2 11860175 11860176 13 0 1 20 1  0
11.8947 12040941 739.795 3 20 0.394946 4 11883397 11883399 13 0 1 20 1  0
10.9799 12039492 739.706 6 506 11.361 9 12039486 12039504 13 0 1 20 1  0
0 11794432 724.65 6 506 11.361 1 12040788 12040790 13 0 1 20 1  0
10.9682 12042714 739.904 12 1360 61.4184 1 12039524 12043186 13 0 1 20 1  0
15.9476 12039746 739.722 12 1777 129.462 142 12036464 12042918 13 0 1 20 1  0
15.6449 12023176 738.704 12 2468 441.598 53 12020794 12027454 13 0 1 20 1  0
10.9557 12056768 740.768 8 0 0 1949 12056768 12056769 13 0 1 20 1  0
20.4621 12139648 745.86 8 0 0 1 12057415 12057416 13 0 1 20 1  0
26.7704 12255008 752.948 2 0 0 284 12060068 12060078 13 0 1 20 1  0
12.3366 12056769 740.768 1 0 0 1 12056769 12056770 13 0 1 20 1  0
21.3119 12206276 749.954 1 0 0 1 12057416 12057417 13 0 1 20 1  0
15.6317 12253987 752.885 4 0 0 8 12060067 12060076 13 0 1 20 1  0
10.2615 12242012 752.149 2 1 0.0197462 1 12242012 12242013 13 0 1 20 1  0
10.0433 12060071 740.971 3 1 0.0197462 1 12060071 12060072 13 0 1 20 1  0
10.0747 12089311 742.767 4 1 0.0197462 1 12089311 12089312 13 0 1 20 1  0
10.7764 12104593 743.706 4 2 0.0394922 5 12104593 12104594 13 0 1 20 1  0
10.4561 12252085 752.768 2 2 0.0394922 2 12252085 12252086 13 0 1 20 1  0
0 12056576 740.756 12 303 6.26413 2 12252986 12257650 13 0 1 20 1  0
12.8046 12319073 756.884 8 0 0 1594 12319073 12319074 13 0 1 20 1  0
21.6978 12322232 757.078 2 0 0 349 12319073 12319075 13 0 1 20 1  0
19.7436 12552335 771.215 8 0 0 1 12319734 12319735 13 0 1 20 1  0
22.7198 12552336 771.216 1 0 0 1 12319392 12319393 13 0 1 20 1  0
20.6688 12733603 782.353 8 0 0 1 12580944 12580946 13 0 1 20 1  0
19.8637 12774082 784.84 8 0 0 1 12581246 12581247 13 0 1 20 1  0
0 12580864 772.968 8 0 0 951 12581592 12581593 13 0 1 20 1  0
14.9392 12580945 772.973 1 0 0 1 12580945 12580946 13 0 1 20 1  0
22.9924 12674926 778.747 1 0 0 1 12581246 12581248 13 0 1 20 1  0
21.0472 12733604 782.353 1 0 0 1 12581592 12581594 13 0 1 20 1  0
0 12580864 772.968 1 0 0 957 12581905 12581907 13 0 1 20 1  0
16.2135 12658972 777.767 2 0 0 2 12581905 12581908 13 0 1 20 1  0
11.675 12839744 788.874 3 0 0 2 12658971 12658975 13 0 1 20 1  0
10.3048 12706782 780.705 1 1 0.0197462 1 12706782 12706783 13 0 1 20 1  0
11.1573 12774082 784.84 2 1 0.0197462 2 12676857 12676858 13 0 1 20 1  0
10.7482 12839608 788.865 3 6 0.118475 6 12608994 12608996 13 0 1 20 1  0
10.1314 12839928 788.885 4 9 0.177712 2 12839928 12839929 13 0 1 20 1  0
14.0361 12721466 781.607 10 299 6.17388 228 12721148 12721766 13 0 1 20 1  0
10.8482 12842332 789.033 4 33 0.651829 8 12842330 12842337 13 0 1 20 1  0
16.3581 12838592 788.803 12 1431 69.7844 1030 12836906 12840240 13 0 1 20 1  0
11.5082 12843179 789.085 8 0 0 4551 12843179 12843180 13 0 1 20 1  0
20.0027 13064937 802.71 8 0 0 1 12843508 12843509 13 0 1 20 1  0
12.4405 12843180 789.085 1 0 0 1 12843180 12843181 13 0 1 20 1  0
21.1605 12899271 792.531 1 0 0 1 12843509 12843510 13 0 1 20 1  0
14.6741 12890172 791.972 2 0 0 2 12845450 12845452 13 0 1 20 1  0
11.8459 13022052 800.075 3 0 0 1 12969989 12969995 13 0 1 20 1  0
11.6174 13069854 803.012 4 3 0.059238 3 12881466 12881470 13 0 1 20 1  0
11.067 13056067 802.165 2 1 0.0197462 3 12942678 12942679 13 0 1 20 1  0
11.0734 13027579 800.414 3 1 0.0197462 4 13022048 13022055 13 0 1 20 1  0
16.4008 12969638 796.855 6 60 1.18646 1209 12934447 12934449 13 0 1 20 1  0
10.0591 12861067 790.184 2 2 0.0394922 1 12861067 12861068 13 0 1 20 1  0
14.2536 12881460 791.437 4 9 0.177712 27 12855207 12855215 13 0 1 20 1  0
10.0582 12971537 796.971 2 4 0.0789836 1 12971537 12971538 13 0 1 20 1  0
10.1272 12855201 789.824 2 15 0.296194 2 12855201 12855202 13 0 1 20 1  0
10.0182 12970879 796.931 2 7 0.13822 1 12970879 12970881 13 0 1 20 1  0
13.9959 13044015 801.424 4 14 0.276446 10 12855200 12855207 13 0 1 20 1  0
10.072 12846745 789.304 4 14 0.276446 1 12846745 12846746 13 0 1 20 1  0
13.5008 12952375 795.794 9 434 9.42087 511 12888319 12888705 13 0 1 20 1  0
15.2842 12888734 791.884 10 173 3.46586 622 12888303 12889612 13 0 1 20 1  0
10.1437 12933485 794.633 4 74 1.46459 1 12933485 12933486 13 0 1 20 1  0
10.0333 12934429 794.691 5 82 1.6239 1 12934429 12934430 13 0 1 20 1  0
11.378 12971058 796.942 10 884 25.4663 22 12887850 12888195 13 0 1 20 1  0
17.58 13108873 805.409 10 33 0.651829 1666 13108012 13109555 13 0 1 20 1  0
18.9979 13128194 806.596 8 0 0 1 13105909 13105910 13 0 1 20 1  0
18.8549 13359906 820.833 8 0 0 1 13106235 13106236 13 0 1 20 1  0
12.374 13105585 805.207 1 0 0 1 13105585 13105586 13 0 1 20 1  0
21.5202 13210793 811.671 1 0 0 1 13105910 13105911 13 0 1 20 1  0
20.7968 13280703 815.966 1 0 0 2 13106236 13106237 13 0 1 20 1  0
0 13105152 805.18 1 0 0 863 13107541 13107542 13 0 1 20 1  0
10.3722 13107857 805.347 2 0 0 1 13107857 13107858 13 0 1 20 1  0
14.2442 13328999 818.934 2 0 0 1 13109164 13109167 13 0 1 20 1  0
10.4037 13167211 808.993 2 1 0.0197462 1 13167211 13167212 13 0 1 20 1  0
11.5323 13227121 812.674 3 5 0.0987291 5 13129552 13129555 13 0 1 20 1  0
10.4419 13129551 806.68 3 7 0.13822 3 13129551 13129552 13 0 1 20 1  0
11.103 13227440 812.694 3 6 0.118475 2 13129551 13129554 13 0 1 20 1  0
10.7546 13252939 814.261 4 6 0.118475 1 13251313 13251319 13 0 1 20 1  0
11.4764 13230038 812.854 3 9 0.177712 5 13111018 13111019 13 0 1 20 1  0
11.5264 13251311 814.161 4 9 0.177712 10 13140287 13140292 13 0 1 20 1  0
10.114 13106143 805.241 3 9 0.177712 1 13106143 13106144 13 0 1 20 1  0
10.387 13140281 807.339 3 13 0.256698 3 13140281 13140283 13 0 1 20 1  0
20.5984 13405271 823.62 8 0 0 1 13367529 13367531 13 0 1 20 1  0
20.6317 13565619 833.472 8 0 0 1 13367882 13367883 13 0 1 20 1  0
0 13367296 821.287 8 0 0 676 13369002 13369003 13 0 1 20 1  0
22.4947 13565620 833.472 1 0 0 1 13367529 13367531 13 0 1 20 1  0
0 13367296 821.287 1 0 0 944 13367882 13367884 13 0 1 20 1  0
15.4471 13571158 833.812 2 0 0 1 13367529 13367531 13 0 1 20 1  0
10.8931 13455566 826.71 3 1 0.0197462 2 13455566 13455568 13 0 1 20 1  0
10.7753 13629699 837.409 8 0 0 602 13629699 13629700 13 0 1 20 1  0
19.3228 13634911 837.729 8 0 0 1 13630028 13630030 13 0 1 20 1  0
19.0938 13865521 851.898 8 0 0 1 13630674 13630676 13 0 1 20 1  0
21.0621 13634912 837.729 1 0 0 1 13629699 13629701 13 0 1 20 1  0
21.9159 13823245 849.3 1 0 0 1 13630029 13630031 13 0 1 20 1  0
0 13629440 837.393 1 0 0 826 13630354 13630355 13 0 1 20 1  0
10.2967 13629700 837.409 2 0 0 1 13629700 13629701 13 0 1 20 1  0
14.4504 13823576 849.32 2 0 0 1 13630029 13630031 13 0 1 20 1  0
10.7276 13785714 846.994 3 0 0 2 13785711 13785718 13 0 1 20 1  0
10.6256 13830072 849.72 2 1 0.0197462 2 13830072 13830073 13 0 1 20 1  0
10.7322 13865521 851.898 2 1 0.0197462 1 13865521 13865522 13 0 1 20 1  0
13.7948 13757258 845.246 10 177 3.5485 192 13757045 13757567 13 0 1 20 1  0
10.4736 13777481 846.488 9 187 3.7559 2 13757131 13757200 13 0 1 20 1  0
12.7954 13891717 853.507 8 0 0 704 13891717 13891718 13 0 1 20 1  0
20.7681 14006051 860.532 8 0 0 1 13892028 13892031 13 0 1 20 1  0
20.8861 14102987 866.487 8 0 0 1 13892361 13892363 13 0 1 20 1  0
12.0596 13891718 853.507 1 0 0 1 13891718 13891719 13 0 1 20 1  0
24.2742 14006052 860.532 1 0 0 1 13892029 13892031 13 0 1 20 1  0
22.9041 14026880 861.811 1 0 0 1 13892361 13892363 13 0 1 20 1  0
0 13891584 853.499 1 0 0 1088 13892685 13892687 13 0 1 20 1  0
16.0076 14117956 867.407 2 0 0 1 13892028 13892031 13 0 1 20 1  0
15.7672 14130649 868.187 2 0 0 2 13892361 13892364 13 0 1 20 1  0
11.6449 14081080 865.142 3 0 0 1 14081077 14081085 13 0 1 20 1  0
10.0698 13900001 854.016 2 1 0.0197462 1 13900001 13900002 13 0 1 20 1  0
10.2807 13958882 857.634 2 1 0.0197462 1 13925054 13925055 13 0 1 20 1  0
10.8261 14153732 869.605 8 0 0 750 14153732 14153733 13 0 1 20 1  0
21.8536 14214575 873.343 8 0 0 1 14154050 14154052 13 0 1 20 1  0
21.7272 14382096 883.636 8 0 0 1 14154391 14154392 13 0 1 20 1  0
23.1678 14167732 870.465 1 0 0 1 14153732 14153734 13 0 1 20 1  0
23.969 14391861 884.236 1 0 0 2 14154051 14154052 13 0 1 20 1  0
23.2411 14407483 885.196 1 0 0 1 14154392 14154393 13 0 1 20 1  0
10.3026 14153733 869.605 2 0 0 1218 14153733 14153734 13 0 1 20 1  0
16.877 14183341 871.424 2 0 0 1 14154709 14154712 13 0 1 20 1  0
13.9926 14290086 877.983 3 0 0 203 14248928 14248940 13 0 1 20 1  0
10.0863 14266615 876.541 2 1 0.0197462 1 14266615 14266616 13 0 1 20 1  0
131.975 3892066 239.129 10 2822 827.374 933 3891203 3892952 13 0 1 20 1 1
