0 120218 94.7323
1 120217 94.4115
2 120215 94.3235
3 120214 94.1221
4 120214 93.8544
5 120213 93.6341
6 120212 93.4049
7 120212 93.4932
8 120212 93.2733
9 120211 93.0686
10 120211 92.8642
11 120211 94.4864
12 120210 94.5322
13 120210 94.4043
14 120210 94.2426
15 120209 94.0653
16 120209 93.8438
17 120205 92.6033
18 120204 92.226
19 120202 91.8113
20 120201 91.7033
21 120201 91.5681
22 120201 91.4377
23 120201 91.4389
24 120201 91.6113
25 120201 91.552
26 120200 91.3603
27 120200 91.2787
28 120200 91.2263
29 120199 91.1342
30 120199 90.9416
31 120198 90.7827
32 120198 90.9016
33 120198 90.8337
34 120197 90.6261
35 120197 90.4924
36 120196 90.4613
37 120195 90.411
38 120194 90.3379
39 120192 90.0424
40 120191 90.0286
41 120191 90.1874
42 120190 90.3744
43 120189 88.8006
44 120188 88.4694
45 120187 88.3124
46 120185 88.2117
47 120185 88.1886
48 120184 88.1534
49 120184 88.2603
50 120182 88.3756
51 120181 88.4025
52 120181 89.2869
53 120178 90.0611
54 120176 89.9866
55 120175 89.9268
56 120172 89.605
57 120171 89.4786
58 120169 89.3715
59 120168 89.3103
60 120167 89.265
61 120165 89.2281
62 120166 90.7018
63 120165 91.8389
64 120166 93.5581
65 120167 94.106
66 120165 94.3796
67 120165 94.6862
68 120164 94.6261
69 120163 94.6204
70 120163 94.5915
71 120163 94.5887
72 120162 94.6421
73 120161 94.4387
74 120160 94.2752
75 120160 94.4015
76 120162 94.8158
77 120162 95.1451
78 120161 95.4563
79 120160 95.4395
80 120159 95.467
81 120159 95.5733
82 120159 95.4544
83 120158 95.423
84 120156 94.4761
85 120158 93.6648
86 120158 93.7277
87 120158 93.7545
88 120159 93.8069
89 120159 93.8353
90 120159 93.8704
91 120159 93.9723
92 120159 94.0402
93 120158 94.0492
94 120156 92.5021
95 120155 91.3084
96 120153 89.426
97 120151 88.8519
98 120152 88.6157
99 120152 88.3661
100 120152 88.4414
101 120152 88.4652
102 120152 88.8477
103 120152 88.8175
104 120152 88.6774
105 120152 88.7156
106 120152 88.7068
107 120152 88.605
108 120150 88.2567
109 120149 87.9257
110 120149 87.5783
111 120149 87.5616
112 120150 87.689
113 120149 87.4732
114 120150 87.4313
115 120150 87.5026
116 120150 87.4633
117 120150 87.4377
118 120150 87.4061
119 120150 87.5101
120 120150 87.5599
121 120150 87.5971
122 120151 87.6494
123 120150 87.5374
124 120153 88.0795
125 120151 88.5502
126 120152 88.9566
127 120152 89.0617
128 120152 89.056
129 120152 89.1243
130 120153 89.0575
131 120153 89.0437
132 120152 89.0299
133 120152 88.9856
134 120151 88.6751
135 120151 88.721
136 120152 88.8145
137 120153 89.0139
138 120152 88.9539
139 120152 89.0446
140 120152 89.0809
141 120152 89.1355
142 120151 89.2721
143 120151 89.2469
144 120151 89.0708
145 120150 89.0246
146 120150 89.0974
147 120150 89.0594
148 120150 89.1308
149 120150 89.2635
150 120150 89.3006
151 120150 89.1371
152 120150 89.0711
153 120150 89.0773
154 120150 89.1296
155 120151 89.5052
156 120148 88.9792
157 120150 88.4232
158 120149 88.0041
159 120149 87.9029
160 120149 87.9693
161 120149 87.9604
162 120149 88.058
163 120149 88.0674
164 120149 87.9616
165 120149 87.9104
166 120149 87.9116
167 120149 88.0098
168 120149 87.959
169 120148 87.7439
170 120148 87.7315
171 120148 87.5581
172 120148 87.4484
173 120148 87.4549
174 120149 87.4024
175 120149 87.4883
176 120149 87.621
177 120150 87.6776
178 120151 87.9471
179 120151 87.895
180 120150 87.8982
181 120150 87.8108
182 120150 87.7761
183 120150 87.8525
184 120150 87.853
185 120150 87.7741
186 120149 87.6541
187 120148 87.3023
188 120148 87.2787
189 120148 87.3476
190 120147 87.3872
191 120148 87.3974
192 120147 87.2979
193 120147 87.3457
194 120147 87.3478
195 120147 87.3685
196 120147 87.5001
197 120147 87.5835
198 120147 87.4778
199 120146 87.3671
200 120146 87.3433
201 120146 87.3397
202 120146 87.4335
203 120147 87.509
204 120146 87.5278
205 120146 87.4436
206 120146 87.3655
207 120146 87.3017
208 120146 87.5022
209 120146 87.6076
210 120144 87.2407
211 120144 87.2446
212 120144 87.1509
213 120144 87.0683
214 120143 87.0646
215 120143 87.0728
216 120143 87.0828
217 120143 87.0917
218 120143 87.0784
219 120142 86.9855
220 120142 86.877
221 120141 86.7915
222 120141 86.7959
223 120141 86.8243
224 120140 87.0397
225 120141 87.0824
226 120140 86.9829
227 120139 87.0079
228 120139 88.2596
229 120138 89.0933
230 120140 90.1521
231 120139 92.5399
232 120140 93.5106
233 120139 93.4182
234 120136 95.109
235 120139 98.531
236 120137 102.72
237 120140 105.739
238 120140 112.213
239 120140 112.16
240 120139 111.875
241 120136 115.46
242 120140 118.933
243 120140 124.839
244 120140 126.21
245 120141 132.644
246 120142 132.703
247 120143 132.838
248 120142 139.553
249 120144 143.933
250 120145 154.522
251 120144 156.995
252 120147 168.418
253 120147 168.457
254 120149 168.682
255 120148 187.043
256 120147 188.993
257 120148 207.829
258 120138 220.135
259 120148 232.338
260 120147 230.989
261 120148 230.737
262 120144 258.669
263 120133 273.06
264 120139 303.273
265 120120 331.787
266 120136 350.609
267 120133 347.146
268 120126 357.834
269 120124 397.347
270 120100 420.219
271 120116 440.863
272 120099 483.908
273 120108 497.49
274 120104 493.982
275 120081 519.161
276 120093 546.229
277 120069 577.471
278 120080 599.421
279 120066 651.936
280 120068 645.446
281 120065 641.073
282 120035 667.146
283 120052 687.458
284 120034 724.036
285 120035 736.075
286 120022 785.13
287 120023 766.715
288 120025 764.602
289 120003 787.354
290 120022 792.512
291 120000 828.262
292 119989 847.356
293 119990 890.481
294 119992 861.536
295 120003 844.762
296 119982 858.051
297 120000 844.315
298 119977 871.463
299 119954 900.867
300 119977 909.786
301 119976 867.282
302 119999 840.197
303 119962 863.409
304 119974 850.41
305 119971 869.343
306 119948 900.771
307 119984 890.48
308 119971 862.041
309 119985 841.168
310 119953 865.525
311 119947 862.925
312 119967 888.07
313 119947 929.588
314 119985 913.868
315 119969 891.131
316 119964 871.539
317 119951 906.915
318 119941 902.3
319 119957 925.884
320 119941 977.811
321 119963 947.642
322 119955 930.13
323 119939 914.057
324 119952 939.704
325 119930 937.381
326 119940 958.513
327 119928 1008.95
328 119942 964.446
329 119944 949.66
330 119926 936.066
331 119949 952.76
332 119921 975.886
333 119922 987.478
334 119913 1033
335 119934 989.119
336 119939 959.009
337 119914 959.274
338 119934 974.792
339 119911 1002.85
340 119906 1013.32
341 119911 1043.51
342 119931 997.14
343 119950 947.041
344 119914 956.14
345 119931 957.698
346 119916 978.596
347 119907 993.846
348 119931 1000.51
349 119945 953.183
350 119965 908.573
351 119931 914.963
352 119949 904.969
353 119947 921.278
354 119936 936.976
355 119973 921.891
356 119971 877.169
357 119992 836.367
358 119953 852.512
359 119969 832.977
360 119974 860.889
361 119961 882.205
362 119999 864.672
363 120000 818.606
364 120009 781.231
365 119979 815.012
366 119977 816.548
367 119992 846.723
368 119966 888.539
369 120002 875.901
370 120005 829.076
371 120001 804.789
372 119986 845.031
373 119976 844.347
374 119993 866.003
375 119974 910.486
376 119996 892.86
377 119999 849.813
378 119982 838.783
379 119987 869.668
380 119963 878.187
381 119974 906.459
382 119961 956.476
383 119980 928.045
384 119978 886.258
385 119952 892.048
386 119971 914.253
387 119941 933.36
388 119945 968.282
389 119933 1012.5
390 119963 975.25
391 119959 944.368
392 119928 954.474
393 119950 966.943
394 119916 986.997
395 119913 1033.13
396 119908 1070.24
397 119936 1024.86
398 119948 975.546
399 119911 982.916
400 119938 982.57
401 119890 999.362
402 119890 1041.76
403 119899 1059.82
404 119921 1009.17
405 119935 962.929
406 119896 977.474
407 119912 976.983
408 119864 1002.39
409 119861 1046.34
410 119888 1048.96
411 119892 1002.83
412 119912 959.276
413 119865 969.923
414 119877 964.08
415 119843 1005.41
416 119831 1050.52
417 119868 1033.06
418 119860 995.239
419 119879 962.827
420 119831 969.214
421 119845 963.2
422 119825 1006.99
423 119807 1049.59
424 119844 1028.84
425 119836 995.111
426 119853 968.09
427 119822 962.081
428 119820 959.015
429 119812 1007.96
430 119793 1049.96
431 119826 1031.48
432 119825 990.059
433 119846 971.467
434 119822 976.723
435 119811 979.522
436 119812 1029.95
437 119794 1070.2
438 119820 1047.46
439 119823 1003.43
440 119840 992.318
441 119840 992.356
442 119817 996.41
443 119816 1046.24
444 119806 1087.39
445 119841 1049.28
446 119841 1005
447 119850 992.987
448 119866 990.693
449 119831 1013.13
450 119830 1061.9
451 119818 1107.86
452 119861 1066.56
453 119860 1027.84
454 119854 1018.23
455 119868 1017.23
456 119836 1039.06
457 119830 1084.15
458 119822 1119.72
459 119854 1079.55
460 119867 1035.94
461 119850 1024.48
462 119864 1027.53
463 119826 1048.79
464 119827 1084.57
465 119831 1107.57
466 119854 1060.11
467 119871 1014.9
468 119845 1004.32
469 119859 1004.93
470 119822 1033.03
471 119823 1069.43
472 119844 1081.55
473 119847 1037.52
474 119865 999.997
475 119842 991.196
476 119846 994.651
477 119815 1037.12
478 119810 1079.98
479 119843 1084.68
480 119838 1041.76
481 119863 1003.07
482 119829 995.064
483 119841 984.994
484 119811 1033.9
485 119798 1080.37
486 119837 1066.19
487 119840 1024.52
488 119859 991.471
489 119829 993.034
490 119837 988.189
491 119819 1039.71
492 119802 1086.86
493 119839 1069.69
494 119843 1024.57
495 119867 993.908
496 119829 1001.41
497 119829 984.416
498 119819 1014.05
499 119808 1045.8
500 119823 1034.51
501 119817 1021.17
502 119845 1005.99
503 119832 996.23
504 119824 976.427
505 119811 1015.19
506 119796 1057.51
507 119818 1041.27
508 119811 1017.68
509 119847 993.685
510 119839 967.937
511 119809 952.894
