15.31135474,98.78125,38.664409,0.456107149,1.281347149,3.024247492,19.36025946,8.476797654,81.43262624,0 /local/scratch/cands/2009-01/2009-01-14-04:15:54/11/2009-01-14-04:15:54.11.fil_sigproc_080.phcx.gz
14.97036115,97.78125,52.60479682,0.592962349,0.224945217,1.691471572,11.86776194,12.00628519,199.2081619,0 /local/scratch/cands/2009-03/2009-03-03-06:06:21/06/2009-03-03-06:06:21.06.fil_sigproc_059.phcx.gz
4.413250028,108.515625,44.31756571,0.195451718,0.708589752,1.726588629,12.75586279,11.71487066,177.5193438,0 /local/scratch/cands/2009-04/2009-04-20-14:44:36/05/2009-04-20-14:44:36.05.fil_sigproc_075.phcx.gz
17.73865458,119.671875,39.98966847,0.359964202,0.967106331,2.613712375,15.02961222,8.938616437,104.8855616,0 /local/scratch/cands/2009-04/2009-04-21-19:16:37/11/2009-04-21-19:16:37.11.fil_sigproc_014.phcx.gz
17.45511895,109.3203125,51.89260749,0.386717797,0.032412194,1.678093645,12.54567128,12.57411112,204.9312164,0 /local/scratch/cands/2009-05/2009-05-09-22:27:29/05/2009-05-09-22:27:29.05.fil_sigproc_012.phcx.gz
3.350318557,103.6796875,36.38400524,0.806300387,3.279463576,2.321906355,13.56050069,9.548849097,126.3620126,0 /local/scratch/cands/2009-05/2009-05-10-05:13:47/05/2009-05-10-05:13:47.05.fil_sigproc_047.phcx.gz
1.350181771,109.0546875,49.4613657,0.335681502,0.092140616,0.928929766,9.343990925,19.62280224,479.6709644,0 /local/scratch/cands/2009-08/2009-08-28-03:37:07/11/2009-08-28-03:37:07.11.fil_sigproc_019.phcx.gz
11.64372913,98.2109375,47.24250145,0.591122875,0.40110591,1.427257525,12.35872241,13.39411501,218.1620811,0 /local/scratch/cands/2009-11/2009-11-07-03:27:30/08/2009-11-07-03:27:30.08.fil_sigproc_041.phcx.gz
7.502461461,91.0234375,42.73198905,0.320523518,0.719521477,1.767558528,11.70667781,11.80153271,201.4082611,0 /local/scratch/cands/2009-12/2009-12-23-06:32:07/08/2009-12-23-06:32:07.08.fil_sigproc_088.phcx.gz
6.624092192,123.5703125,57.27669732,0.514650264,-0.346149639,3.496655518,21.32027994,8.74531061,84.63796303,0 /local/scratch/cands/2010-01/2010-01-01-16:00:31/11/2010-01-01-16:00:31.11.fil_sigproc_003.phcx.gz
3.333529187,60.921875,52.62033967,2.341728151,5.160033972,0.486622074,7.658622807,30.88388219,1017.38318,0 /local/scratch/cands/2010-02/2010-02-28-23:23:34/10/2010-02-28-23:23:34.10.fil_sigproc_005.phcx.gz
6.708047076,96.5546875,53.00056141,0.809315292,0.539037758,4.046822742,24.36623743,7.722319938,63.4540328,0 /local/scratch/cands/2010-03/2010-03-24-06:39:12/10/2010-03-24-06:39:12.10.fil_sigproc_003.phcx.gz #NOT IN PROBLEM_CANDS, likely RFI
2.933671619,39.84375,34.38146246,4.322009647,22.61491549,1.905518395,11.81258058,12.38519299,210.9521582,0 /local/scratch/cands/2010-06/2010-06-13-11:09:37/07/2010-06-13-11:09:37.07.fil_sigproc_002.phcx.gz #NOT IN PROBLEM_CANDS, likely RFI
7.82995673,93.2578125,44.82173826,0.572260442,0.740391599,1.834448161,12.06238039,11.71872454,190.6753705,0 /local/scratch/cands/2010-08/2010-08-31-02:21:46/01/2010-08-31-02:21:46.01.fil_sigproc_033.phcx.gz