123.7109375 56.01648088 0.223849596 -0.572024717 0.678929766 10.06511862 20.43001943 449.028584 2112.384623 2473.719299 3 485 5.920223378 1.002937815 115.7522073 342.4340421 2870.762248 342.4340421 3086.993038 1.64560869 16.228254 152.932797 0.492188 15.9766539 0.710999667 0.083615378 700.7238579 0.202098266 0.67477748 5.977006455 1	/local/scratch/cands/2010-05/2010-05-14-17:16:32/10/2010-05-14-17:16:32.10.fil_sigproc_001.phcx.gz
114.34375 55.57770988 0.115901066 -0.428059593 2.498327759 15.68969041 9.313520095 105.6674433 1404.993001 1672.164601 6 1684 12.30744699 0.968394615 117.4553831 6.279804808 2141.205484 1.49593785 2380.529111 5.409663426 7.456676 119.027755 0.070312 2.050649262 0.491776487 0.090783018 1231.30989 0.184518476 0.173669195 4.79658018 1	/local/scratch/cands/2009-03/2009-03-04-01:35:41/07/2009-03-04-01:35:41.07.fil_sigproc_085.phcx.gz
82.6171875 49.65067363 0.919883294 0.807797142 2.566053512 19.6474313 10.24436306 110.5672784 3004.092674 5428.556109 2 5745 47.08079011 0.598087836 61.27754169 31.07771492 890.6278422 11.65903268 662.6310952 4.505141922 19.169912 146.709103 0.21875 10.14376396 0.091674513 0.037529982 46.52941875 0.460931991 0.498492603 6.309656499 1	/local/scratch/cands/2009-09/2009-09-15-03:18:01/06/2009-09-15-03:18:01.06.fil_sigproc_001.phcx.gz
99.9375 55.62496489 0.928824005 0.360270494 1.985785953 15.98506719 12.0950323 159.5323744 3357.533904 7019.223351 1 3528 34.21719594 0.602525063 80.47032514 22.12364784 826.5009646 1.169929791 794.4269118 3.059466257 19.761671 133.942751 0.148438 8.250648306 0.054329071 0.016547519 19.69899818 0.223955911 0.779832561 6.574019696 1	/local/scratch/cands/2009-05/2009-05-30-19:22:32/03/2009-05-30-19:22:32.03.fil_sigproc_003.phcx.gz
106.671875 41.35330046 0.420093235 0.781941293 2.903010033 17.35934274 7.99972221 77.2891029 940.7820146 1049.943473 9 2666 5.537567055 0.97830654 110.1852603 3524.137482 1495.624935 6.886000024 1381.304592 30.58754268 6.16813 679.767307 0.070312 1.696288163 0.336499059 0.030526455 661.0972744 4.295753478 0.073759773 3.904040439 1	/local/scratch/cands/2009-12/2009-12-30-19:56:02/06/2009-12-30-19:56:02.06.fil_sigproc_091.phcx.gz
119.671875 39.98966847 0.359964202 0.967106331 2.613712375 15.02961222 8.938616437 104.8855616 699.1991191 735.2378051 11 1002 9.860665973 0.971836664 115.2633601 4.579125929 1127.177569 0.535871196 1533.628393 17.73865458 6.743539 178.730913 0.03125 1.211175359 0.105960015 0.005318417 285.4854987 11.54419723 0.082569469 4.480779016 1	/local/scratch/cands/2009-04/2009-04-21-19:16:37/11/2009-04-21-19:16:37.11.fil_sigproc_014.phcx.gz
97.78125 52.60479682 0.592962349 0.224945217 1.691471572 11.86776194 12.00628519 199.2081619 956.7220098 1232.161399 10 3804 25.64715624 0.881827022 88.80493687 2.996217084 2518.836198 2.528065581 2265.224257 14.97036115 6.866909 942.310051 0.023438 1.063828588 0.15069015 0.008727004 304.1594969 10.17798636 0.136090385 4.734630393 1	/local/scratch/cands/2009-03/2009-03-03-06:06:21/06/2009-03-03-06:06:21.06.fil_sigproc_059.phcx.gz
91.0234375 42.73198905 0.320523518 0.719521477 1.767558528 11.70667781 11.80153271 201.4082611 721.5819526 1078.088204 11 4669 26.90546021 0.848616507 88.20837989 8019.26367 1494.444313 89.81996368 1719.119462 7.502461461 5.25039 140.718457 0.015625 0.661486963 0.839377514 0.016737796 4817.226953 21.62673403 0.065033115 4.544384296 1	/local/scratch/cands/2009-12/2009-12-23-06:32:07/08/2009-12-23-06:32:07.08.fil_sigproc_088.phcx.gz
115.15625 54.41326778 0.389621738 -0.129343322 3.133779264 21.17554032 9.289008901 93.01545005 1256.478017 3926.415385 2 1580 3.091713598 1.002953257 113.3126368 15.05836266 1662.330217 16.88481916 1196.688174 3.496632669 16.120909 48.119491 0.21875 8.530383224 0.07496753 0.01930132 15.18087717 0.337099621 0.709902785 5.889962587 1	/local/scratch/cands/2010-01/2010-01-14-01:43:08/04/2010-01-14-01:43:08.04.fil_sigproc_004.phcx.gz
95.171875 42.95730245 0.879437314 1.848678762 2.558528428 16.14987557 9.463292112 113.1898563 1170.893696 1589.4432 7 4138 26.75345531 0.741388346 92.78343904 5.6299205 901.7107164 0.59144988 1025.465108 12.64860919 8.372369 149.437452 0.046875 1.856709976 0.180211851 0.112313581 406.767038 7.370078395 0.031520538 4.28781158 1	/local/scratch/cands/2009-04/2009-04-19-17:06:43/12/2009-04-19-17:06:43.12.fil_sigproc_055.phcx.gz
117.3515625 47.6008124 0.163797949 -0.173308776 3.364548495 17.78139874 6.934597287 59.90677275 652.4267967 693.6464054 12 1299 12.14368131 0.96378451 116.4047465 4.64303935 1548.746287 4.810762185 1772.396776 21.59394541 6.49282 243.515987 0.046875 1.439889196 0.085102482 0.359938996 480.0100147 5.487317026 0.088454557 4.450786976 1	/local/scratch/cands/2009-03/2009-03-08-23:32:53/09/2009-03-08-23:32:53.09.fil_sigproc_094.phcx.gz
123.5703125 57.27669732 0.514650264 -0.346149639 3.496655518 21.32027994 8.74531061 84.63796303 2309.149788 3127.843653 2 503 10.90161864 1.023482268 112.5997014 20.04605556 1512.332873 20.04605556 1624.40505 6.624092192 16.848194 0.06034 0.21875 8.915226273 0.38521084 0.101880039 154.1278064 0.324174085 0.593015692 5.525943685 1	/local/scratch/cands/2010-01/2010-01-01-16:00:31/11/2010-01-01-16:00:31.11.fil_sigproc_003.phcx.gz
109.0546875 49.4613657 0.335681502 0.092140616 0.928929766 9.343990925 19.62280224 479.6709644 987.2267672 1116.931992 9 2361 12.49905107 0.942598704 98.58947587 8.364874632 1843.053154 8.364874632 2066.642644 1.350181771 7.271326 371.245494 0.070312 1.999676437 0.254978471 0.006102049 161.7052916 0.647287789 0.111939222 4.481058318 1	/local/scratch/cands/2009-08/2009-08-28-03:37:07/11/2009-08-28-03:37:07.11.fil_sigproc_019.phcx.gz
112.4296875 35.53248593 0.290976003 1.689669757 2.470735786 18.13536005 9.841046265 109.7220446 813.3832646 1003.937844 8 1929 6.352127772 0.9761762 115.0909844 170.7220628 1018.929291 2.745467961 1014.861244 29.6065172 6.108392 17.180908 0.023438 0.946318356 1.138906659 1.06910356 3214.439587 8.703911357 0.055253063 3.967244221 1	/local/scratch/cands/2009-04/2009-04-19-13:30:16/09/2009-04-19-13:30:16.09.fil_sigproc_020.phcx.gz
108.515625 44.31756571 0.195451718 0.708589752 1.726588629 12.75586279 11.71487066 177.5193438 1017.296137 1390.045584 7 2430 1.825420724 0.996974202 106.4858802 183.8998092 1564.954162 3.880913032 1908.764224 4.413250028 6.414894 95.325735 0.03125 1.152148974 0.245076756 0.024965694 833.6152356 0.712609641 0.089470321 4.383238655 1	/local/scratch/cands/2009-04/2009-04-20-14:44:36/05/2009-04-20-14:44:36.05.fil_sigproc_075.phcx.gz
98.2109375 47.24250145 0.591122875 0.40110591 1.427257525 12.35872241 13.39411501 218.1620811 848.5862847 1144.523262 10 3749 12.95786598 0.955679498 91.40072863 7712.061915 1986.100365 5.696367465 1540.95251 11.64372913 8.131664 68.183628 0.046875 1.803329699 0.168412637 0.058592324 267.3413379 5.318022728 0.137710637 4.417019781 1	/local/scratch/cands/2009-11/2009-11-07-03:27:30/08/2009-11-07-03:27:30.08.fil_sigproc_041.phcx.gz
109.3203125 51.89260749 0.386717797 0.032412194 1.678093645 12.54567128 12.57411112 204.9312164 1203.303607 1309.927074 8 2327 10.50489893 0.973328944 108.7241521 10.09189892 1717.101981 10.79838642 1802.027479 17.45511895 8.534184 486.303028 0.101562 2.869350278 0.595091933 0.261143308 1081.399239 3.212060452 0.155710315 4.375274709 1	/local/scratch/cands/2009-05/2009-05-09-22:27:29/05/2009-05-09-22:27:29.05.fil_sigproc_012.phcx.gz
106.71875 48.59991922 0.48313819 0.060911664 6.269230769 29.92992523 6.026227618 38.46886389 1177.832331 1420.35375 7 2660 18.8072467 0.893791885 100.61736 23.32464992 1298.645111 3.828606045 1328.599939 8.871754943 13.595497 30.955157 0.148438 5.67622365 0.547984165 0.097352409 1104.423809 0.37518425 0.439026982 5.427968843 1	/local/scratch/cands/2010-05/2010-05-02-19:17:16/07/2010-05-02-19:17:16.07.fil_sigproc_004.phcx.gz
93.2578125 44.82173826 0.572260442 0.740391599 1.834448161 12.06238039 11.71872454 190.6753705 1321.56325 1728.749002 7 4383 15.42023497 0.938361762 89.44358395 8.533548392 1527.932519 8.533548392 1671.655852 7.82995673 7.278976 473.791012 0.070312 2.001780252 0.183489906 0.097915983 180.176205 0.474492674 0.107137331 4.355146636 1	/local/scratch/cands/2010-08/2010-08-31-02:21:46/01/2010-08-31-02:21:46.01.fil_sigproc_033.phcx.gz
98.78125 38.664409 0.456107149 1.281347149 3.024247492 19.36025946 8.476797654 81.43262624 632.710558 825.0843117 13 3676 11.30919031 0.950932069 103.1823103 4908.399745 1299.786092 1.513033776 1184.348103 15.31135474 5.604675 65.139779 0.015625 0.706122678 0.897262078 1.813489816 8259.696708 15.4800611 0.039380367 4.288493865 1	/local/scratch/cands/2009-01/2009-01-14-04:15:54/11/2009-01-14-04:15:54.11.fil_sigproc_080.phcx.gz
103.6796875 36.38400524 0.806300387 3.279463576 2.321906355 13.56050069 9.548849097 126.3620126 855.9524266 1109.032753 9 3049 8.35588619 0.947069302 105.6247074 2.712097167 891.0333556 2.763390499 1063.319389 3.350318557 6.683959 426.431571 0.023438 1.035485786 0.225168607 0.016511952 754.6673632 1.414213562 0.05109832 4.215661911 1	/local/scratch/cands/2009-05/2009-05-10-05:13:47/05/2009-05-10-05:13:47.05.fil_sigproc_047.phcx.gz
103.7265625 40.6455169 0.172961573 0.768398273 2.818561873 16.53630919 8.304640887 85.44758983 697.3472366 859.3468966 12 3043 3.048631264 0.997708176 111.6887508 42.9541556 1324.357689 2.610946329 1296.817141 20.24973308 6.301991 40.054407 0.03125 1.131870997 0.439373402 0.248565608 1314.349261 9.655255477 0.046141138 4.129955751 1	/local/scratch/cands/2009-07/2009-07-31-23:59:51/09/2009-07-31-23:59:51.09.fil_sigproc_024.phcx.gz
104.53125 47.9394047 0.865707929 0.848686501 2.449832776 17.39243074 9.904190427 110.2218337 1828.198544 2418.405556 4 2940 15.56264955 0.853342695 91.81471635 9.447095574 1359.096474 9.447095574 1451.330222 3.625096418 13.57892 57.043153 0.101562 4.565483692 0.325918995 0.02166721 344.3284491 0.524192814 0.475407454 5.398819546 1	/local/scratch/cands/2009-09/2009-09-19-06:45:42/13/2009-09-19-06:45:42.13.fil_sigproc_007.phcx.gz
60.921875 52.62033967 2.341728151 5.160033972 0.486622074 7.658622807 30.88388219 1017.38318 3745.246869 7106.536715 2 8522 71.38492575 0.188526118 46.7143032 5543.887224 2696.249183 3.345129245 959.9560223 3.333529187 47.841846 0 0.03125 8.5926492 0.110307878 0.008507634 81.56942353 11.17221955 0.878911218 12.17066401 1	/local/scratch/cands/2010-02/2010-02-28-23:23:34/10/2010-02-28-23:23:34.10.fil_sigproc_005.phcx.gz
89.0546875 43.84388295 1.035462208 1.177780035 2.006688963 12.96341477 10.95409368 160.6677306 1812.808822 2901.426056 4 4921 32.5061946 0.700289848 76.85413228 15.80935655 1127.52644 2.333000335 1044.302289 3.102117961 11.527914 124.61994 0.148438 4.812991984 0.277278033 0.093220237 421.0514159 1.12459194 0.206618069 4.90323277 1	/local/scratch/cands/2009-09/2009-09-11-23:31:53/12/2009-09-11-23:31:53.12.fil_sigproc_018.phcx.gz
112.8046875 45.75479118 0.540709323 0.746627981 3.154682274 19.84194199 8.779148093 87.6761485 1416.25882 1675.571787 5 1881 0.620145034 0.999387406 113.6808849 10.12399098 1199.061745 9.46788218 1370.151991 12.648247 10.026043 149.894422 0.101562 3.370940827 0.152461649 0.096850138 305.9922326 2.191970284 0.271500919 4.749477243 1	/local/scratch/cands/2009-04/2009-04-19-17:18:02/12/2009-04-19-17:18:02.12.fil_sigproc_004.phcx.gz