0 216085 125.078
1 216091 125.042
2 216095 125.648
3 216093 125.57
4 216092 125.303
5 216090 125.121
6 216090 124.904
7 216090 126.579
8 216090 126.571
9 216090 126.408
10 216090 126.233
11 216090 126.083
12 216090 125.947
13 216089 125.834
14 216089 125.631
15 216089 125.474
16 216089 125.371
17 216089 125.313
18 216092 124.828
19 216092 124.449
20 216090 124.326
21 216090 124.31
22 216090 124.28
23 216091 124.342
24 216090 124.307
25 216091 124.328
26 216091 124.235
27 216091 124.177
28 216090 124.183
29 216091 124.181
30 216091 124.116
31 216087 123.689
32 216084 123.491
33 216080 123.363
34 216078 122.89
35 216080 122.809
36 216079 122.871
37 216080 122.884
38 216080 122.874
39 216079 121.544
40 216080 121.407
41 216079 121.324
42 216078 121.252
43 216078 121.211
44 216077 121.117
45 216078 121.106
46 216078 121.136
47 216077 121.159
48 216078 121.107
49 216078 121.145
50 216078 121.18
51 216077 121.25
52 216078 121.303
53 216078 121.332
54 216077 121.297
55 216076 121.262
56 216076 121.216
57 216075 121.252
58 216075 121.238
59 216075 121.451
60 216077 121.972
61 216078 122.608
62 216078 122.932
63 216078 123.012
64 216080 123.131
65 216080 123.58
66 216080 123.715
67 216080 123.782
68 216081 123.889
69 216079 123.915
70 216080 123.96
71 216079 123.984
72 216078 124.072
73 216078 124.122
74 216078 124.459
75 216078 124.455
76 216079 124.52
77 216078 124.648
78 216079 124.947
79 216079 124.997
80 216078 125.147
81 216078 125.234
82 216077 125.238
83 216078 125.238
84 216078 125.554
85 216080 125.795
86 216081 126.008
87 216083 126.08
88 216084 126.14
89 216084 126.077
90 216084 126.077
91 216083 125.885
92 216082 125.457
93 216082 124.869
94 216084 124.633
95 216084 124.497
96 216083 124.395
97 216083 124.028
98 216082 123.87
99 216082 123.75
100 216082 123.587
101 216082 123.531
102 216082 123.53
103 216083 123.524
104 216083 123.466
105 216084 123.524
106 216084 123.234
107 216084 123.352
108 216084 123.402
109 216085 123.275
110 216084 123.068
111 216085 122.999
112 216084 122.918
113 216083 122.899
114 216084 122.889
115 216084 122.989
116 216083 122.731
117 216082 122.562
118 216081 122.458
119 216081 122.928
120 216082 123.346
121 216084 123.496
122 216084 123.612
123 216085 123.661
124 216084 123.585
125 216084 123.673
126 216083 123.624
127 216083 123.635
128 216082 123.582
129 216082 123.572
130 216082 123.669
131 216082 123.734
132 216082 123.746
133 216083 123.982
134 216083 124.064
135 216083 124.136
136 216083 124.109
137 216083 124.068
138 216083 124.138
139 216083 124.095
140 216083 124.049
141 216082 124.075
142 216083 123.955
143 216083 123.981
144 216083 123.975
145 216083 123.914
146 216084 123.908
147 216082 123.757
148 216082 123.619
149 216081 123.477
150 216081 123.394
151 216080 122.889
152 216079 122.428
153 216078 122.28
154 216078 122.218
155 216078 122.532
156 216081 123.121
157 216081 123.004
158 216082 123.01
159 216082 123.042
160 216081 123.066
161 216083 123.322
162 216084 123.383
163 216085 123.388
164 216085 123.366
165 216084 123.204
166 216083 123.153
167 216083 123.048
168 216082 123.101
169 216082 123.13
170 216082 123.129
171 216082 123.101
172 216082 123.248
173 216083 123.272
174 216083 123.451
175 216082 123.441
176 216082 123.382
177 216083 123.33
178 216082 123.263
179 216082 123.312
180 216083 123.481
181 216083 123.589
182 216084 123.713
183 216083 123.754
184 216083 123.786
185 216083 123.844
186 216081 123.819
187 216081 123.507
188 216079 123.529
189 216079 123.712
190 216079 123.691
191 216079 123.697
192 216080 123.721
193 216078 123.542
194 216078 123.366
195 216077 123.352
196 216078 123.385
197 216078 123.439
198 216079 123.457
199 216080 123.529
200 216081 123.601
201 216080 123.622
202 216081 123.576
203 216082 123.609
204 216082 123.557
205 216081 123.489
206 216081 123.348
207 216082 123.419
208 216085 124.58
209 216085 124.803
210 216086 124.852
211 216086 124.831
212 216086 124.703
213 216086 124.713
214 216087 124.667
215 216087 124.742
216 216087 124.716
217 216088 125.131
218 216089 125.147
219 216089 125.112
220 216088 124.551
221 216087 124.386
222 216087 124.395
223 216086 124.412
224 216085 124.368
225 216085 124.268
226 216085 124.353
227 216084 124.362
228 216084 124.48
229 216084 124.344
230 216082 124.325
231 216081 124.301
232 216080 124.163
233 216080 124.06
234 216078 124.006
235 216078 123.979
236 216077 123.864
237 216076 123.851
238 216076 123.836
239 216074 123.726
240 216072 122.557
241 216071 122.357
242 216071 122.452
243 216071 122.528
244 216071 122.527
245 216070 122.457
246 216070 122.397
247 216069 122.226
248 216069 122.217
249 216068 121.724
250 216067 121.726
251 216067 121.663
252 216066 121.586
253 216067 121.632
254 216066 121.617
255 216065 121.549
256 216065 121.616
257 216064 121.628
258 216064 121.591
259 216065 121.593
260 216064 121.431
261 216064 121.447
262 216064 121.392
263 216065 121.381
264 216066 121.589
265 216065 121.623
266 216066 121.86
267 216064 122.284
268 216064 122.316
269 216066 122.482
270 216067 122.521
271 216068 122.544
272 216069 122.569
273 216068 122.72
274 216067 122.587
275 216067 122.496
276 216069 122.626
277 216070 122.634
278 216069 122.632
279 216070 122.65
280 216069 122.612
281 216069 122.628
282 216069 122.615
283 216069 122.677
284 216071 122.837
285 216071 122.855
286 216073 122.989
287 216079 123.232
288 216079 123.379
289 216079 123.6
290 216080 123.684
291 216081 124.031
292 216083 124.226
293 216083 124.59
294 216084 124.814
295 216083 124.798
296 216082 124.67
297 216085 124.798
298 216085 124.701
299 216087 124.253
300 216087 124.237
301 216087 124.116
302 216087 124.155
303 216087 124.292
304 216087 124.412
305 216088 124.502
306 216088 124.536
307 216089 124.638
308 216087 124.635
309 216089 124.89
310 216089 124.939
311 216090 124.967
312 216090 125.448
313 216094 126.756
314 216093 127.091
315 216095 127.415
316 216095 127.442
317 216096 127.576
318 216095 127.472
319 216090 127.284
320 216091 127.232
321 216092 127.133
322 216094 127.429
323 216093 127.277
324 216092 127.12
325 216092 126.794
326 216092 126.655
327 216094 126.993
328 216094 127.056
329 216093 127.042
330 216093 126.963
331 216092 126.895
332 216092 127.557
333 216093 128.367
334 216093 128.336
335 216091 128.252
336 216091 128.206
337 216092 128.051
338 216092 128.051
339 216092 127.988
340 216092 128.149
341 216091 128.005
342 216091 128.05
343 216090 128.086
344 216091 127.715
345 216087 126.518
346 216087 126.191
347 216087 126.015
348 216086 125.937
349 216085 125.855
350 216084 126.184
351 216084 126.118
352 216083 125.995
353 216083 126.006
354 216080 125.746
355 216081 125.69
356 216081 125.845
357 216082 125.928
358 216082 125.969
359 216080 125.722
360 216079 125.583
361 216079 125.538
362 216079 125.518
363 216079 125.613
364 216078 125.032
365 216078 124.248
366 216078 124.477
367 216078 124.445
368 216078 124.48
369 216077 124.431
370 216078 124.457
371 216077 124.444
372 216077 124.114
373 216077 123.973
374 216077 123.904
375 216077 123.91
376 216076 123.82
377 216076 123.629
378 216076 123.633
379 216076 123.977
380 216077 124.163
381 216077 124.248
382 216078 124.018
383 216078 124.224
384 216078 124.31
385 216077 124.141
386 216077 123.961
387 216076 123.813
388 216074 123.645
389 216075 123.559
390 216074 123.388
391 216074 123.304
392 216075 123.258
393 216075 123.357
394 216075 123.63
395 216076 123.63
396 216076 123.591
397 216076 123.529
398 216077 123.261
399 216080 123.544
400 216083 127.488
401 216083 127.709
402 216084 127.712
403 216087 127.871
404 216088 128.086
405 216089 128.475
406 216090 128.577
407 216091 128.699
408 216092 129.117
409 216094 129.284
410 216094 129.305
411 216094 128.855
412 216095 128.665
413 216095 128.542
414 216096 128.487
415 216096 128.368
416 216096 128.427
417 216098 128.511
418 216099 128.577
419 216100 128.6
420 216101 128.662
421 216102 128.692
422 216102 128.817
423 216103 128.883
424 216103 129.105
425 216104 128.994
426 216105 128.913
427 216105 128.902
428 216105 128.97
429 216104 129.006
430 216103 129.029
431 216103 128.893
432 216101 124.914
433 216101 124.764
434 216100 124.768
435 216098 124.554
436 216097 124.428
437 216098 125.142
438 216096 125.337
439 216096 125.138
440 216095 124.814
441 216095 124.778
442 216094 124.756
443 216094 124.805
444 216093 124.834
445 216093 124.843
446 216093 124.756
447 216094 124.796
448 216094 124.623
449 216093 124.593
450 216093 124.641
451 216093 124.649
452 216093 124.781
453 216094 124.885
454 216095 124.964
455 216095 124.977
456 216095 124.824
457 216094 124.839
458 216093 124.736
459 216094 124.863
460 216094 124.819
461 216094 124.922
462 216094 124.935
463 216093 124.868
464 216093 124.814
465 216092 124.788
466 216093 124.766
467 216093 125.003
468 216094 125.063
469 216091 124.044
470 216093 123.865
471 216092 123.899
472 216092 123.911
473 216094 124.269
474 216094 124.383
475 216095 124.43
476 216095 124.407
477 216095 124.375
478 216094 124.502
479 216093 124.408
480 216093 124.464
481 216093 124.426
482 216093 124.443
483 216093 124.479
484 216092 124.392
485 216090 124.312
486 216090 124.286
487 216091 124.459
488 216090 124.651
489 216090 124.594
490 216090 124.526
491 216090 124.447
492 216090 124.427
493 216089 124.377
494 216090 124.468
495 216091 124.511
496 216091 124.687
497 216092 124.725
498 216092 124.783
499 216092 124.666
500 216092 124.634
501 216091 124.678
502 216091 124.651
503 216092 124.767
504 216093 124.803
505 216090 124.4
506 216091 124.361
507 216089 124.291
508 216089 124.284
509 216088 124.354
510 216089 124.318
511 216089 124.449
