12.5283 2117 0.130068 8 0 0 880 2117 2118 13 0 1 20 1  0
25.0098 206559 12.691 8 0 0 1 2317 2318 13 0 1 20 1  0
11.2408 2117 0.130068 1 0 0 1 2117 2118 13 0 1 20 1  0
23.4104 102642 6.30632 1 0 0 1 2317 2319 13 0 1 20 1  0
21.4472 230092 14.1369 1 0 0 1 2780 2781 13 0 1 20 1  0
0 2048 0.125829 1 0 0 950 2990 2991 13 0 1 20 1  0
10.2839 2318 0.142418 2 0 0 1 2318 2319 13 0 1 20 1  0
17.8678 152641 9.37826 2 0 0 1 4793 4796 13 0 1 20 1  0
15.3915 181283 11.138 3 0 0 16 85740 85744 13 0 1 20 1  0
10.8015 88398 5.43117 1 1 0.0197462 1 88398 88399 13 0 1 20 1  0
11.014 226493 13.9157 1 1 0.0197462 1 152641 152642 13 0 1 20 1  0
11.2807 66050 4.05811 2 1 0.0197462 1 66050 66051 13 0 1 20 1  0
11.0957 206560 12.691 2 1 0.0197462 1 88399 88400 13 0 1 20 1  0
10.5978 42835 2.63178 2 2 0.0394922 1 42835 42836 13 0 1 20 1  0
10.9725 217684 13.3745 2 2 0.0394922 2 66048 66049 13 0 1 20 1  0
11.0404 142180 8.73554 2 3 0.059238 3 142180 142181 13 0 1 20 1  0
12.2504 260162 15.9844 8 0 0 2286 260162 260163 13 0 1 20 1  0
28.481 395870 24.3223 7 6 0.118475 2795 395796 395957 13 0 1 20 1  0
26.2731 490562 30.1401 8 0 0 1 260782 260783 13 0 1 20 1  0
10.9542 260162 15.9844 1 0 0 1 260162 260163 13 0 1 20 1  0
28.3283 398692 24.4956 1 0 0 3 260306 260308 13 0 1 20 1  0
10.0083 313767 19.2778 3 0 0 1 313767 313768 13 0 1 20 1  0
11.3879 316384 19.4386 1 1 0.0197462 3 316384 316385 13 0 1 20 1  0
11.0907 349397 21.467 1 1 0.0197462 1 317685 317686 13 0 1 20 1  0
10.1078 459188 28.2125 2 2 0.0394922 1 459188 459189 13 0 1 20 1  0
10.0372 397469 24.4205 3 4 0.0789836 1 397469 397470 13 0 1 20 1  0
0 260096 15.9803 7 817 22.3386 1 395535 395536 13 0 1 20 1  0
13.1115 522264 32.0879 8 0 0 861 522264 522265 13 0 1 20 1  0
27.1003 672902 41.3431 8 0 0 1 522398 522399 13 0 1 20 1  0
21.2742 738908 45.3985 8 0 0 1 522595 522596 13 0 1 20 1  0
12.5317 522399 32.0962 1 0 0 1 522399 522400 13 0 1 20 1  0
23.5721 672903 41.3432 1 0 0 3 523056 523057 13 0 1 20 1  0
18.0338 770934 47.3662 1 0 0 1 523536 523537 13 0 1 20 1  0
0 522240 32.0864 1 0 0 822 524896 524897 13 0 1 20 1  0
18.5445 528154 32.4498 2 0 0 9 525344 525346 13 0 1 20 1  0
10.4131 534363 32.8313 1 1 0.0197462 1 534363 534364 13 0 1 20 1  0
10.275 758189 46.5831 3 4 0.0789836 1 758189 758190 13 0 1 20 1  0
11.1299 721482 44.3279 12 2293 323.739 1 720126 722146 13 0 1 20 1  0
10.729 784623 48.2072 8 0 0 786 784623 784624 13 0 1 20 1  0
22.8643 871889 53.5689 8 0 0 1 784657 784658 13 0 1 20 1  0
22.6753 1044681 64.1852 8 0 0 1 784983 784984 13 0 1 20 1  0
11.238 784657 48.2093 1 0 0 1 784657 784658 13 0 1 20 1  0
21.8078 923649 56.749 1 0 0 2 785312 785313 13 0 1 20 1  0
0 784384 48.1926 1 0 0 721 785477 785478 13 0 1 20 1  0
15.5272 1043045 64.0847 2 0 0 1 786294 786296 13 0 1 20 1  0
12.8088 874701 53.7416 3 0 0 6 874697 874706 13 0 1 20 1  0
10.6911 867965 53.3278 1 1 0.0197462 1 867965 867966 13 0 1 20 1  0
10.9417 984914 60.5131 1 1 0.0197462 1 905024 905025 13 0 1 20 1  0
11.167 795577 48.8802 2 1 0.0197462 1 795577 795578 13 0 1 20 1  0
10.5727 1005166 61.7574 2 2 0.0394922 1 1005166 1005167 13 0 1 20 1  0
11.116 1009692 62.0355 12 2768 751.814 1 1009260 1011580 13 0 1 20 1  0
10.993 1046635 64.3053 8 0 0 1543 1046635 1046636 13 0 1 20 1  0
22.9045 1184116 72.7521 8 0 0 1 1046716 1046718 13 0 1 20 1  0
22.1495 1272919 78.2081 8 0 0 1 1046968 1046969 13 0 1 20 1  0
10.298 1046607 64.3035 1 0 0 1 1046607 1046608 13 0 1 20 1  0
22.2243 1138395 69.943 1 0 0 2 1046717 1046718 13 0 1 20 1  0
18.8424 1291678 79.3607 1 0 0 1 1047097 1047098 13 0 1 20 1  0
10.894 1046717 64.3103 2 0 0 1 1046717 1046718 13 0 1 20 1  0
16.1783 1244515 76.463 2 0 0 1 1048266 1048269 13 0 1 20 1  0
16.1036 1206833 74.1478 3 0 0 235 1112607 1112611 13 0 1 20 1  0
10.3819 1162559 71.4276 1 1 0.0197462 1 1162559 1162560 13 0 1 20 1  0
11.4431 1234720 75.8612 1 1 0.0197462 1 1226556 1226557 13 0 1 20 1  0
10.8048 1089369 66.9308 3 3 0.059238 5 1089369 1089370 13 0 1 20 1  0
10.9227 1145258 70.3646 2 3 0.059238 2 1145258 1145259 13 0 1 20 1  0
10.3664 1308800 80.4127 8 0 0 758 1308800 1308801 13 0 1 20 1  0
22.2599 1435812 88.2163 8 0 0 1 1309160 1309161 13 0 1 20 1  0
19.7755 1558222 95.7372 8 0 0 1 1309483 1309484 13 0 1 20 1  0
20.2268 1399911 86.0105 1 0 0 1 1309483 1309485 13 0 1 20 1  0
21.2541 1525907 93.7517 1 0 0 1 1309808 1309810 13 0 1 20 1  0
0 1308672 80.4048 1 0 0 813 1310459 1310461 13 0 1 20 1  0
19.4919 1498294 92.0552 2 0 0 118 1309808 1309811 13 0 1 20 1  0
11.3163 1421450 87.3339 1 1 0.0197462 1 1421450 1421451 13 0 1 20 1  0
11.0193 1562140 95.9779 1 1 0.0197462 1 1426675 1426676 13 0 1 20 1  0
10.113 1401215 86.0906 2 1 0.0197462 1 1401215 1401216 13 0 1 20 1  0
11.4005 1499767 92.1457 2 1 0.0197462 1 1409517 1409518 13 0 1 20 1  0
10.2129 1309808 80.4746 2 2 0.0394922 1 1309808 1309809 13 0 1 20 1  0
12.1997 1545277 94.9418 2 2 0.0394922 10 1450830 1450831 13 0 1 20 1  0
0 1308672 80.4048 12 67 1.32543 1 1569984 1570348 13 0 1 20 1  0
11.031 1496618 91.9522 9 1099 38.1872 5 1496494 1496777 13 0 1 20 1  0
12.4695 1492274 91.6853 12 1814 138.272 13 1487224 1494034 13 0 1 20 1  0
0 1308672 80.4048 9 2729 701.572 607 1419780 1420650 13 0 1 20 1  0
10.2492 1410149 86.6395 2 2796 790.09 2 1410149 1410150 13 0 1 20 1  0
11.8649 1571244 96.5372 8 0 0 828 1571244 1571245 13 0 1 20 1  0
22.5307 1697925 104.321 8 0 0 1 1571278 1571279 13 0 1 20 1  0
20.7985 1753084 107.709 8 0 0 1 1571570 1571571 13 0 1 20 1  0
12.9205 1571244 96.5372 1 0 0 1 1571244 1571245 13 0 1 20 1  0
19.5966 1713906 105.302 1 0 0 1 1571278 1571280 13 0 1 20 1  0
0 1570816 96.5109 1 0 0 762 1571570 1571572 13 0 1 20 1  0
10.0423 1571900 96.5775 2 0 0 1 1571900 1571901 13 0 1 20 1  0
15.5932 1816074 111.58 2 0 0 2 1573059 1573060 13 0 1 20 1  0
10.021 1594784 97.9835 3 0 0 1 1594784 1594785 13 0 1 20 1  0
10.8641 1584657 97.3613 1 1 0.0197462 1 1584657 1584658 13 0 1 20 1  0
10.5341 1748979 107.457 1 1 0.0197462 1 1692696 1692697 13 0 1 20 1  0
10.762 1707525 104.91 2 1 0.0197462 1 1707525 1707526 13 0 1 20 1  0
11.9997 1823584 112.041 2 1 0.0197462 1 1709965 1709966 13 0 1 20 1  0
11.3258 1764178 108.391 3 1 0.0197462 1 1764178 1764180 13 0 1 20 1  0
10.0461 1709964 105.06 2 2 0.0394922 1 1709964 1709965 13 0 1 20 1  0
20.4565 1824552 112.1 12 135 2.6887 20 1571598 1572482 13 0 1 20 1  0
13.2457 1787872 109.847 12 201 4.04822 3 1785552 1803168 13 0 1 20 1  0
0 1570816 96.5109 12 108 2.14396 5 1824172 1825514 13 0 1 20 1  0
12.1637 1799558 110.565 12 1785 131.318 3 1796962 1801396 13 0 1 20 1  0
11.9615 1768768 108.673 12 2083 223.012 10 1767018 1770836 13 0 1 20 1  0
10.7435 1751728 107.626 12 2330 345.705 2 1751192 1753988 13 0 1 20 1  0
15.0431 1800592 110.628 12 2580 538.647 13 1797422 1804356 13 0 1 20 1  0
27.5891 2002809 123.053 8 0 0 1 1833045 1833047 13 0 1 20 1  0
10.2781 1833046 112.622 2 1 0.0197462 2201 1833046 1833047 13 0 1 20 1  0
28.713 1951013 119.87 1 0 0 5 1833045 1833047 13 0 1 20 1  0
30.0731 1987574 122.117 1 0 0 8 1833508 1833509 13 0 1 20 1  0
34.0758 2010111 123.501 4 0 0 622 1951008 1951029 13 0 1 20 1  0
10.1353 1866675 114.689 3 0 0 1 1866675 1866676 13 0 1 20 1  0
10.4507 1919560 117.938 1 1 0.0197462 1 1919560 1919561 13 0 1 20 1  0
10.5379 1886916 115.932 2 2 0.0394922 1 1886916 1886917 13 0 1 20 1  0
10.647 1931307 118.66 3 2 0.0394922 1 1931307 1931308 13 0 1 20 1  0
10.1161 1987594 122.118 8 3 0.059238 2 1987594 1987595 13 0 1 20 1  0
10.7417 2095519 128.749 8 0 0 3680 2095519 2095520 13 0 1 20 1  0
23.9183 2198747 135.091 8 0 0 1 2095857 2095859 13 0 1 20 1  0
26.755 2276452 139.865 8 0 0 1 2095871 2095872 13 0 1 20 1  0
24.5423 2273842 139.705 1 0 0 4 2095221 2095223 13 0 1 20 1  0
24.1623 2282335 140.227 1 0 0 2 2095520 2095521 13 0 1 20 1  0
19.0046 2349771 144.37 1 0 0 1 2095858 2095859 13 0 1 20 1  0
11.0006 2095221 128.73 2 0 0 1 2095221 2095222 13 0 1 20 1  0
24.0791 2279907 140.077 3 0 0 7 2147478 2147479 13 0 1 20 1  0
10.0598 2105028 129.333 3 0 0 1 2105028 2105029 13 0 1 20 1  0
18.7818 2266809 139.273 11 122 2.42574 896 2265817 2267988 13 0 1 20 1  0
18.1354 2281296 140.163 12 95 1.88345 186 2265202 2286044 13 0 1 20 1  0
10.3541 2140941 131.539 1 1 0.0197462 1 2140941 2140942 13 0 1 20 1  0
11.3754 2160210 132.723 1 1 0.0197462 1 2160210 2160211 13 0 1 20 1  0
11.9367 2109269 129.593 2 1 0.0197462 2 2109269 2109270 13 0 1 20 1  0
10.6342 2147478 131.941 3 1 0.0197462 1 2147478 2147479 13 0 1 20 1  0
14.4356 2287233 140.528 3 2 0.0394922 13 2207122 2207123 13 0 1 20 1  0
10.5483 2171969 133.446 3 2 0.0394922 1 2171969 2171970 13 0 1 20 1  0
16.5681 2284126 140.337 4 2 0.0394922 7 2207113 2207119 13 0 1 20 1  0
10.3675 2265699 139.205 4 5 0.0987291 1 2265699 2265700 13 0 1 20 1  0
13.2954 2267488 139.314 5 6 0.118475 4 2265872 2265875 13 0 1 20 1  0
10.4612 2278083 139.965 3 10 0.197458 1 2265863 2265865 13 0 1 20 1  0
29.1027 2276434 139.864 12 1747 122.73 1710 2271566 2281026 13 0 1 20 1  0
0 2095104 128.723 7 1645 102.332 207 2279277 2279376 13 0 1 20 1  0
19.1525 2256518 138.64 12 2288 320.88 416 2253906 2259180 13 0 1 20 1  0
0 2095104 128.723 8 2256 303.168 21 2257530 2258057 13 0 1 20 1  0
10.0979 2231414 137.098 11 2607 565.069 1 2231406 2231454 13 0 1 20 1  0
11.0276 2226570 136.8 11 2864 891.353 1 2226314 2227361 13 0 1 20 1  0
12.2522 2357714 144.858 8 0 0 2073 2357714 2357715 13 0 1 20 1  0
27.0003 2380535 146.26 3 1 0.0197462 17 2380529 2380547 13 0 1 20 1  0
37.9791 2559500 157.256 5 0 0 275 2380523 2380554 13 0 1 20 1  0
10.4888 2357742 144.86 1 0 0 1 2357742 2357743 13 0 1 20 1  0
26.7728 2429453 149.266 1 0 0 1 2358232 2358233 13 0 1 20 1  0
11.4097 2427776 149.163 10 15 0.296194 5 2427617 2428035 13 0 1 20 1  0
11.1308 2619360 160.933 12 2027 201.902 1 2618736 2619394 13 0 1 20 1  0
25.8845 2676127 164.421 8 0 0 1 2619630 2619634 13 0 1 20 1  0
35.3217 2843550 174.708 12 123 2.44592 2429 2619392 2620176 13 0 1 20 1  0
18.5686 2877321 176.783 8 0 0 1 2620460 2620461 13 0 1 20 1  0
0 2619392 160.935 8 0 0 2759 2620773 2620774 13 0 1 20 1  0
27.527 2676127 164.421 1 0 0 1 2619630 2619632 13 0 1 20 1  0
22.296 2844664 174.776 1 0 0 3 2620116 2620117 13 0 1 20 1  0
10.8277 2619632 160.95 2 0 0 1 2619632 2619633 13 0 1 20 1  0
27.9955 2642117 162.332 2 0 0 28 2621737 2621738 13 0 1 20 1  0
11.4809 2627136 161.411 1 1 0.0197462 1 2627136 2627137 13 0 1 20 1  0
11.6645 2649025 162.756 1 1 0.0197462 1 2642116 2642117 13 0 1 20 1  0
10.2102 2625805 161.329 2 1 0.0197462 1 2625805 2625806 13 0 1 20 1  0
10.3008 2844338 174.756 2 5 0.0987291 1 2844338 2844339 13 0 1 20 1  0
11.3251 2813626 172.869 3 9 0.177712 5 2813624 2813628 13 0 1 20 1  0
17.7224 2797486 171.878 12 2523 486.851 64 2718376 2719938 13 0 1 20 1  0
0 2619392 160.935 10 2359 363.957 4 2818669 2821867 13 0 1 20 1  0
10.2363 2781890 170.919 12 2681 644.319 1 2781770 2782674 13 0 1 20 1  0
13.3393 2881696 177.051 8 0 0 5485 2881696 2881697 13 0 1 20 1  0
26.5348 2960610 181.9 8 0 0 4797 2882235 2882236 13 0 1 20 1  0
26.0889 3063166 188.201 8 0 0 1 2882509 2882510 13 0 1 20 1  0
25.3378 3109234 191.031 8 0 0 1 2882549 2882550 13 0 1 20 1  0
13.5887 2881697 177.051 1 0 0 1 2881697 2881698 13 0 1 20 1  0
27.7744 2955068 181.559 1 0 0 14 2882236 2882237 13 0 1 20 1  0
10.31 2886471 177.345 2 0 0 1 2886471 2886472 13 0 1 20 1  0
10.0945 2943447 180.845 3 0 0 2 2943447 2943448 13 0 1 20 1  0
10.1191 2899040 178.117 1 1 0.0197462 1 2899040 2899041 13 0 1 20 1  0
11.7733 2954082 181.499 1 1 0.0197462 1 2906710 2906711 13 0 1 20 1  0
19.9512 2955386 181.579 3 1 0.0197462 10 2943631 2943638 13 0 1 20 1  0
10.0233 2891041 177.626 2 2 0.0394922 1 2891041 2891042 13 0 1 20 1  0
17.3884 2956689 181.659 3 2 0.0394922 5 2943632 2943637 13 0 1 20 1  0
11.0385 2943633 180.857 2 3 0.059238 3 2943633 2943634 13 0 1 20 1  0
16.2754 2960610 181.9 4 5 0.0987291 11 2944299 2944304 13 0 1 20 1  0
10.2318 2954360 181.516 10 1889 158 2 2954252 2954545 13 0 1 20 1  0
12.3776 2939540 180.605 11 2179 264.446 45 2938086 2940162 13 0 1 20 1  0
0 2881536 177.042 11 2150 251.179 17 2947584 2948317 13 0 1 20 1  0
13.3255 3143821 193.156 8 0 0 3803 3143821 3143822 13 0 1 20 1  0
26.2748 3184356 195.647 8 0 0 1 3144181 3144182 13 0 1 20 1  0
26.5005 3353223 206.022 8 0 0 1 3144323 3144324 13 0 1 20 1  0
10.3203 3143822 193.156 1 0 0 1 3143822 3143823 13 0 1 20 1  0
23.32 3157572 194.001 1 0 0 3 3144323 3144324 13 0 1 20 1  0
23.7626 3353224 206.022 1 0 0 1 3144643 3144644 13 0 1 20 1  0
17.7565 3384126 207.921 2 0 0 84 3147255 3147257 13 0 1 20 1  0
17.1842 3266759 200.71 3 0 0 2 3264062 3264063 13 0 1 20 1  0
23.0675 3405381 209.227 7 2 0.0394922 2587 3266732 3266844 13 0 1 20 1  0
24.2975 3267314 200.744 11 261 5.33123 2352 3266280 3268592 13 0 1 20 1  0
10.24 3184356 195.647 1 1 0.0197462 2 3184356 3184357 13 0 1 20 1  0
11.5324 3231720 198.557 1 1 0.0197462 1 3210626 3210627 13 0 1 20 1  0
10.0013 3182723 195.546 2 1 0.0197462 1 3182723 3182724 13 0 1 20 1  0
10.5422 3181417 195.466 2 4 0.0789836 1 3181417 3181418 13 0 1 20 1  0
10.2207 3357384 206.278 4 7 0.13822 2 3357384 3357385 13 0 1 20 1  0
10.1935 3357050 206.257 3 11 0.217204 2 3357050 3357051 13 0 1 20 1  0
13.1596 3381452 207.756 8 659 16.1421 251 3266382 3266758 13 0 1 20 1  0
0 3143680 193.148 8 1116 39.4034 1 3265202 3265284 13 0 1 20 1  0
23.6625 3447944 211.842 8 0 0 1 3406137 3406141 13 0 1 20 1  0
24.3539 3551761 218.22 8 0 0 1 3406624 3406626 13 0 1 20 1  0
19.9219 3409831 209.5 9 28 0.553 13580 3409503 3410153 13 0 1 20 1  0
11.885 3405950 209.262 1 0 0 1 3405950 3405951 13 0 1 20 1  0
31.6221 3551763 218.22 2 0 0 5 3406138 3406141 13 0 1 20 1  0
18.3682 3666333 225.259 1 0 0 1 3406429 3406430 13 0 1 20 1  0
20.3739 3521847 216.382 8 290 5.97193 715 3409604 3409911 13 0 1 20 1  0
10.3492 3427540 210.588 1 1 0.0197462 1 3427540 3427541 13 0 1 20 1  0
11.7966 3451873 212.083 2 1 0.0197462 2 3451873 3451874 13 0 1 20 1  0
24.1017 3660107 224.877 7 199 4.00631 1382 3409780 3409949 13 0 1 20 1  0
10.1178 3407766 209.373 2 3 0.059238 1 3407766 3407767 13 0 1 20 1  0
11.205 3667967 225.36 11 1998 191.766 3 3667481 3667969 13 0 1 20 1  0
13.1344 3667965 225.36 11 2228 288.472 6 3666025 3667969 13 0 1 20 1  0
25.2395 3674832 225.782 11 102 2.02359 21253 3673215 3675913 13 0 1 20 1  0
26.3715 3704873 227.627 11 128 2.54694 8254 3673499 3676008 13 0 1 20 1  0
24.302 3794882 233.158 8 0 0 1 3668156 3668157 13 0 1 20 1  0
21.9035 3924235 241.105 8 0 0 1 3668474 3668475 13 0 1 20 1  0
10.6248 3668114 225.369 1 0 0 1 3668114 3668115 13 0 1 20 1  0
22.8342 3709957 227.94 1 0 0 1 3668145 3668146 13 0 1 20 1  0
23.7022 3864133 237.412 1 0 0 1 3668157 3668158 13 0 1 20 1  0
22.9091 3878644 238.304 1 0 0 1 3668474 3668475 13 0 1 20 1  0
18.8615 3770058 231.632 2 0 0 1 3668614 3668616 13 0 1 20 1  0
17.2352 3831467 235.405 2 0 0 1 3672897 3672898 13 0 1 20 1  0
10.1179 3674198 225.743 1 1 0.0197462 1 3674198 3674199 13 0 1 20 1  0
11.5908 3890916 239.058 1 1 0.0197462 1 3709314 3709315 13 0 1 20 1  0
12.7814 3690366 226.736 2 1 0.0197462 3 3673893 3673895 13 0 1 20 1  0
10.5684 3908214 240.121 2 3 0.059238 1 3779856 3779857 13 0 1 20 1  0
14.3957 3711147 228.013 5 3 0.059238 8 3673248 3673270 13 0 1 20 1  0
10.7692 3704816 227.624 6 516 11.6443 13 3704174 3704186 13 0 1 20 1  0
12.0903 3930575 241.495 8 0 0 3537 3930575 3930576 13 0 1 20 1  0
31.6116 3975764 244.271 6 1 0.0197462 2278 3974122 3974184 13 0 1 20 1  0
25.9246 4110075 252.523 8 0 0 1 3930890 3930891 13 0 1 20 1  0
21.4375 4153202 255.173 8 0 0 1 3931418 3931419 13 0 1 20 1  0
29.6657 3975307 244.243 1 0 0 1 3930764 3930766 13 0 1 20 1  0
35.7634 4038817 248.145 3 0 0 288 3973877 3973882 13 0 1 20 1  0
21.1399 4159738 255.574 1 0 0 1 3931418 3931419 13 0 1 20 1  0
10.0084 3931881 241.575 2 0 0 1 3931881 3931882 13 0 1 20 1  0
10.6417 3970283 243.934 1 1 0.0197462 2 3970283 3970284 13 0 1 20 1  0
35.4043 4092235 251.427 5 0 0 5 3974134 3974173 13 0 1 20 1  0
10.1208 3937585 241.925 2 1 0.0197462 1 3937585 3937586 13 0 1 20 1  0
10.0058 3973878 244.155 3 1 0.0197462 1 3973878 3973879 13 0 1 20 1  0
18.7122 3974461 244.191 3 3 0.059238 14 3974135 3974155 13 0 1 20 1  0
10.1908 3974126 244.17 3 10 0.197458 4 3974126 3974127 13 0 1 20 1  0
11.7874 4092039 251.415 4 95 1.88345 23 3975096 3975107 13 0 1 20 1  0
24.4102 4297933 264.065 8 0 0 1 4192568 4192570 13 0 1 20 1  0
27.5489 4367193 268.32 8 0 0 1 4192730 4192731 13 0 1 20 1  0
0 4192256 257.572 8 0 0 1040 4192872 4192873 13 0 1 20 1  0
14.2476 4192569 257.591 1 0 0 1 4192569 4192570 13 0 1 20 1  0
23.0418 4252194 261.255 1 0 0 1 4192730 4192731 13 0 1 20 1  0
23.5666 4443982 273.038 1 0 0 3 4192872 4192874 13 0 1 20 1  0
13.9736 4453922 273.649 1 0 0 1 4192921 4192923 13 0 1 20 1  0
0 4192256 257.572 1 0 0 1153 4193207 4193209 13 0 1 20 1  0
18.5625 4406076 270.709 2 0 0 1 4192872 4192874 13 0 1 20 1  0
10.6731 4195349 257.762 3 0 0 1 4195349 4195350 13 0 1 20 1  0
12.6123 4218544 259.187 3 0 0 1 4218543 4218545 13 0 1 20 1  0
10.5447 4233894 260.13 1 1 0.0197462 1 4233894 4233895 13 0 1 20 1  0
10.4824 4426003 271.934 1 1 0.0197462 1 4309037 4309038 13 0 1 20 1  0
10.3978 4227178 259.718 2 1 0.0197462 1 4227178 4227179 13 0 1 20 1  0
11.9576 4253189 261.316 2 1 0.0197462 2 4253189 4253190 13 0 1 20 1  0
10.5334 4398566 270.248 3 1 0.0197462 1 4398565 4398567 13 0 1 20 1  0
10.2959 4332569 266.193 2 2 0.0394922 1 4332569 4332570 13 0 1 20 1  0
10.8933 4404862 270.635 12 921 27.3448 1 4404356 4405210 13 0 1 20 1  0
0 4192256 257.572 12 921 27.3448 1 4420206 4420750 13 0 1 20 1  0
11.1573 4410228 270.964 12 1930 169.944 3 4409206 4411592 13 0 1 20 1  0
18.8077 4454356 273.676 12 1957 178.295 6 4409976 4409994 13 0 1 20 1  0
0 4192256 257.572 12 1931 170.246 2 4452668 4454402 13 0 1 20 1  0
11.7438 4426800 271.983 12 2543 504.432 1 4388818 4390232 13 0 1 20 1  0
0 4192256 257.572 12 2543 504.432 1 4424238 4440540 13 0 1 20 1  0
11.5339 4454400 273.678 12 2693 658.178 1 4453758 4454402 13 0 1 20 1  0
11.2133 4435728 272.531 12 2831 840.685 2 4434770 4438294 13 0 1 20 1  0
21.4603 4454425 273.68 8 0 0 2880 4454425 4454426 13 0 1 20 1  0
27.7573 4577534 281.244 8 0 0 1 4454567 4454568 13 0 1 20 1  0
22.4664 4700769 288.815 8 0 0 1 4454755 4454756 13 0 1 20 1  0
34.917 4577534 281.244 1 0 0 2 4454425 4454427 13 0 1 20 1  0
31.5203 4666683 286.721 2 0 0 46 4456056 4456058 13 0 1 20 1  0
37.3097 4580485 281.425 2 0 0 16 4454424 4454427 13 0 1 20 1  0
10.2109 4467495 274.483 3 0 0 1 4467495 4467496 13 0 1 20 1  0
11.7842 4511034 277.158 1 1 0.0197462 2 4485464 4485465 13 0 1 20 1  0
10.006 4475480 274.973 1 1 0.0197462 1 4475480 4475481 13 0 1 20 1  0
10.1391 4475675 274.985 2 1 0.0197462 1 4475675 4475676 13 0 1 20 1  0
11.24 4492980 276.049 3 1 0.0197462 1 4492980 4492981 13 0 1 20 1  0
10.3575 4511928 277.213 3 2 0.0394922 1 4511928 4511929 13 0 1 20 1  0
10.3246 4485460 275.587 3 5 0.0987291 2 4485460 4485461 13 0 1 20 1  0
10.1306 4503632 276.703 11 2275 313.563 1 4503345 4503708 13 0 1 20 1  0
27.9954 4755335 292.168 8 0 0 1 4716588 4716590 13 0 1 20 1  0
28.1287 4928843 302.828 8 0 0 1 4716775 4716777 13 0 1 20 1  0
0 4716544 289.784 8 0 0 1179 4717067 4717068 13 0 1 20 1  0
16.6134 4716589 289.787 1 0 0 1 4716589 4716590 13 0 1 20 1  0
27.7564 4738338 291.123 1 0 0 6 4716776 4716777 13 0 1 20 1  0
26.703 4840289 297.387 1 0 0 3 4717067 4717069 13 0 1 20 1  0
0 4716544 289.784 1 0 0 1735 4717103 4717108 13 0 1 20 1  0
22.0245 4928843 302.828 2 0 0 2 4716775 4716778 13 0 1 20 1  0
14.1459 4975894 305.719 2 0 0 1 4717572 4717573 13 0 1 20 1  0
16.8064 4840662 297.41 4 0 0 11 4840653 4840676 13 0 1 20 1  0
10.0905 4720701 290.04 1 1 0.0197462 1 4720701 4720702 13 0 1 20 1  0
11.8891 4755335 292.168 1 1 0.0197462 1 4738337 4738338 13 0 1 20 1  0
10.2491 4726252 290.381 2 2 0.0394922 1 4726252 4726253 13 0 1 20 1  0
11.8964 4886360 300.218 2 2 0.0394922 1 4738336 4738338 13 0 1 20 1  0
10.0667 4941764 303.622 12 204 4.11117 1 4941738 4941804 13 0 1 20 1  0
12.3555 4885042 300.137 12 1099 38.1872 20 4820546 4822330 13 0 1 20 1  0
0 4716544 289.784 12 425 9.18978 1 4941642 4941752 13 0 1 20 1  0
10.0665 4822704 296.307 12 807 21.8999 1 4822622 4822758 13 0 1 20 1  0
0 4716544 289.784 12 809 21.9871 5 4886480 4887024 13 0 1 20 1  0
0 4716544 289.784 12 1099 38.1872 1 4884170 4885890 13 0 1 20 1  0
10.5405 4821014 296.203 12 1207 46.5516 2 4820276 4821314 13 0 1 20 1  0
11.596 4978688 305.891 12 2125 240.276 12 4978182 4978690 13 0 1 20 1  0
11.0341 4979303 305.928 8 0 0 795 4979303 4979304 13 0 1 20 1  0
25.5383 5155653 316.763 8 0 0 1 4979626 4979628 13 0 1 20 1  0
22.6541 5208936 320.037 8 0 0 1 4979816 4979817 13 0 1 20 1  0
14.1091 4979627 305.948 1 0 0 1 4979627 4979628 13 0 1 20 1  0
24.9908 5155653 316.763 1 0 0 2 4980081 4980082 13 0 1 20 1  0
19.1671 5208937 320.037 1 0 0 1 4980145 4980147 13 0 1 20 1  0
0 4978688 305.891 1 0 0 805 4982759 4982760 13 0 1 20 1  0
10.9005 4980146 305.98 2 0 0 1 4980146 4980147 13 0 1 20 1  0
15.9256 5088316 312.626 2 0 0 2 4989445 4989446 13 0 1 20 1  0
10.0292 5014461 308.088 3 0 0 1 5014461 5014462 13 0 1 20 1  0
11.8871 5211226 320.178 3 0 0 1 5088316 5088319 13 0 1 20 1  0
10.1473 5056433 310.667 1 1 0.0197462 1 5056433 5056434 13 0 1 20 1  0
11.0945 5210239 320.117 1 1 0.0197462 1 5111199 5111200 13 0 1 20 1  0
10.1235 5102045 313.47 2 1 0.0197462 1 5102045 5102046 13 0 1 20 1  0
10.7414 5002688 307.365 2 2 0.0394922 1 5002688 5002689 13 0 1 20 1  0
10.7975 5167417 317.486 2 2 0.0394922 1 5167417 5167418 13 0 1 20 1  0
13.9197 4993902 306.825 12 2066 216.381 14 4987880 4996356 13 0 1 20 1  0
11.5672 5240981 322.006 8 0 0 2778 5240981 5240982 13 0 1 20 1  0
26.4682 5404070 332.026 8 0 0 1 5241432 5241434 13 0 1 20 1  0
21.1311 5499515 337.89 8 0 0 1 5241625 5241626 13 0 1 20 1  0
14.6778 5241433 322.034 1 0 0 1 5241433 5241434 13 0 1 20 1  0
21.1024 5247834 322.427 1 0 0 1 5241625 5241626 13 0 1 20 1  0
50.3637 5394248 331.423 7 0 0 5623 5394140 5394944 13 0 1 20 1  0
17.5507 5477748 336.553 1 0 0 1 5244385 5244386 13 0 1 20 1  0
19.442 5469956 336.074 2 0 0 1 5244558 5244560 13 0 1 20 1  0
10.335 5269404 323.752 1 1 0.0197462 1 5269404 5269405 13 0 1 20 1  0
10.3073 5294897 325.318 2 1 0.0197462 1 5294897 5294898 13 0 1 20 1  0
10.9906 5311891 326.363 2 3 0.059238 2 5311891 5311892 13 0 1 20 1  0
10.0242 5389030 331.102 2 4 0.0789836 1 5389030 5389031 13 0 1 20 1  0
15.1404 5503397 338.129 8 0 0 1016 5503397 5503398 13 0 1 20 1  0
26.5561 5504410 338.191 8 0 0 1 5503758 5503759 13 0 1 20 1  0
28.2969 5688448 349.498 8 0 0 1 5503906 5503907 13 0 1 20 1  0
13.5196 5503398 338.129 1 0 0 1 5503398 5503399 13 0 1 20 1  0
25.1566 5504410 338.191 1 0 0 1 5503758 5503760 13 0 1 20 1  0
27.8034 5667857 348.233 1 0 0 1 5503906 5503908 13 0 1 20 1  0
21.4682 5759059 353.837 1 0 0 1 5504227 5504229 13 0 1 20 1  0
0 5502976 338.103 1 0 0 1285 5504265 5504267 13 0 1 20 1  0
18.8678 5618169 345.18 2 0 0 2 5503757 5503760 13 0 1 20 1  0
11.392 5726151 351.815 7 1 0.0197462 4 5726120 5726176 13 0 1 20 1  0
10.1674 5580707 342.879 1 1 0.0197462 1 5580707 5580708 13 0 1 20 1  0
10.4053 5702176 350.342 1 1 0.0197462 2 5618169 5618170 13 0 1 20 1  0
10.7918 5504266 338.182 2 1 0.0197462 1 5504266 5504267 13 0 1 20 1  0
11.3197 5509776 338.521 2 1 0.0197462 1 5509776 5509777 13 0 1 20 1  0
10.0306 5554755 341.284 3 1 0.0197462 1 5554755 5554756 13 0 1 20 1  0
11.3575 5726180 351.816 3 1 0.0197462 1 5726180 5726181 13 0 1 20 1  0
10.7183 5547890 340.862 2 2 0.0394922 2 5547890 5547891 13 0 1 20 1  0
10.1417 5673733 348.594 2 2 0.0394922 1 5628625 5628626 13 0 1 20 1  0
10.1643 5725137 351.752 7 507 11.3891 1 5725098 5725139 13 0 1 20 1  0
13.1999 5765276 354.219 8 0 0 2719 5765276 5765277 13 0 1 20 1  0
26.98 5783908 355.363 8 0 0 1 5765412 5765414 13 0 1 20 1  0
11.7646 5765276 354.219 1 0 0 1 5765276 5765277 13 0 1 20 1  0
25.5187 5805103 356.666 1 0 0 3 5765413 5765415 13 0 1 20 1  0
35.3033 5902214 362.632 4 0 0 68 5805098 5805110 13 0 1 20 1  0
26.3619 6016619 369.661 1 0 0 35 5766251 5766253 13 0 1 20 1  0
10.953 5817368 357.419 1 1 0.0197462 1 5817368 5817369 13 0 1 20 1  0
11.7975 6008178 369.142 1 1 0.0197462 1 5820857 5820858 13 0 1 20 1  0
10.1797 5771299 354.589 2 1 0.0197462 1 5771299 5771300 13 0 1 20 1  0
10.087 5868638 360.569 5 1 0.0197462 1 5868638 5868639 13 0 1 20 1  0
10.9952 5801893 356.468 2 2 0.0394922 1 5801893 5801894 13 0 1 20 1  0
13.6438 5992240 368.163 9 21 0.414699 30 5968216 5968219 13 0 1 20 1  0
13.9907 6027190 370.311 12 79 1.56412 7 6025404 6027266 13 0 1 20 1  0
11.7656 5868864 360.583 10 149 2.97344 8 5868750 5868922 13 0 1 20 1  0
10.9835 5967809 366.662 7 304 6.28675 23 5967773 5967829 13 0 1 20 1  0
10.3817 5987888 367.896 12 1621 98.0427 1 5987386 5988476 13 0 1 20 1  0
11.6183 5981618 367.511 12 1950 176.092 3 5980394 5983438 13 0 1 20 1  0
10.0128 5961780 366.292 12 2504 470.717 1 5961778 5961966 13 0 1 20 1  0
51.788 6029880 370.476 5 0 0 4082 6028372 6028450 13 0 1 20 1  0
28.8829 6157916 378.342 8 0 0 1 6027315 6027317 13 0 1 20 1  0
21.5545 6262204 384.75 8 0 0 1 6027466 6027467 13 0 1 20 1  0
23.694 6200557 380.962 1 0 0 1 6027315 6027317 13 0 1 20 1  0
13.7991 6123252 376.213 2 3 0.059238 1 6028381 6028383 13 0 1 20 1  0
12.7105 6029363 370.444 2 4 0.0789836 6 6028439 6028441 13 0 1 20 1  0
10.0532 6028435 370.387 2 8 0.157966 1 6028435 6028436 13 0 1 20 1  0
10.0929 6028852 370.413 3 11 0.217204 1 6028852 6028853 13 0 1 20 1  0
16.6355 6289490 386.426 8 0 0 2153 6289490 6289491 13 0 1 20 1  0
26.0586 6380217 392.001 8 0 0 1 6289666 6289667 13 0 1 20 1  0
23.9389 6453125 396.48 8 0 0 1 6289800 6289801 13 0 1 20 1  0
28.5939 6350261 390.16 2 0 0 33 6291457 6291460 13 0 1 20 1  0
10.1775 6289846 386.448 2 0 0 1 6289846 6289847 13 0 1 20 1  0
23.2767 6317325 388.136 5 1 0.0197462 32 6317299 6317344 13 0 1 20 1  0
11.2743 6346968 389.958 1 1 0.0197462 1 6317332 6317333 13 0 1 20 1  0
10.2461 6312406 387.834 2 1 0.0197462 1 6312406 6312407 13 0 1 20 1  0
11.7663 6328827 388.843 2 3 0.059238 1 6328826 6328828 13 0 1 20 1  0
10.852 6476094 397.891 12 272 5.57252 1 6475926 6476252 13 0 1 20 1  0
16.4828 6551486 402.523 11 2898 946.752 104 6486059 6486997 13 0 1 20 1  0
10.5723 6520490 400.619 10 2701 667.583 4 6520257 6520957 13 0 1 20 1  0
0 6289408 386.421 12 2772 757.167 7 6535266 6541088 13 0 1 20 1  0
11.754 6486388 398.524 12 2901 951.802 1 6484542 6487124 13 0 1 20 1  0
11.3783 6474060 397.766 12 2958 1053.05 4 6472790 6474490 13 0 1 20 1  0
12.4739 6534662 401.49 12 3057 1255.14 2 6468770 6468962 13 0 1 20 1  0
11.943 6551844 402.545 8 0 0 26360 6551844 6551845 13 0 1 20 1  0
99.4706 6601080 405.57 11 92 1.82347 21723 6599145 6602821 13 0 1 20 1  0
24.9995 6684581 410.701 8 0 0 1 6552829 6552832 13 0 1 20 1  0
25.9031 6750622 414.758 8 0 0 1 6553289 6553291 13 0 1 20 1  0
10.4512 6551811 402.543 1 0 0 1 6551811 6551812 13 0 1 20 1  0
30.7354 6601810 405.615 1 0 0 1 6551842 6551845 13 0 1 20 1  0
11.7954 6551843 402.545 2 0 0 1 6551843 6551844 13 0 1 20 1  0
10.8661 6559106 402.991 1 1 0.0197462 2 6559106 6559107 13 0 1 20 1  0
11.4933 6603173 405.699 1 1 0.0197462 1 6576696 6576697 13 0 1 20 1  0
10.1673 6567305 403.495 3 3 0.059238 1 6567305 6567306 13 0 1 20 1  0
10.9891 6601410 405.591 2 6 0.118475 1 6600256 6600263 13 0 1 20 1  0
10.8407 6601552 405.599 2 7 0.13822 1 6600250 6600262 13 0 1 20 1  0
10.5591 6601711 405.609 2 8 0.157966 2 6600248 6600261 13 0 1 20 1  0
12.8005 6600904 405.56 3 107 2.12388 4 6600096 6600169 13 0 1 20 1  0
10.5118 6601509 405.597 2 220 4.44892 1 6599960 6599977 13 0 1 20 1  0
14.2636 6600631 405.543 4 532 12.1053 1 6599836 6599853 13 0 1 20 1  0
11.5854 6600537 405.537 4 557 12.8453 1 6600478 6600604 13 0 1 20 1  0
10.6067 6600078 405.509 4 646 15.6949 1 6599555 6599671 13 0 1 20 1  0
10.3565 6596696 405.301 3 1104 38.5413 1 6596696 6596697 13 0 1 20 1  0
10.2281 6596623 405.297 4 1110 38.9701 1 6596623 6596624 13 0 1 20 1  0
14.8193 6592050 405.016 12 2541 502.646 45 6575618 6577424 13 0 1 20 1  0
11.4285 6553932 402.674 12 3063 1268.57 2 6551552 6555000 13 0 1 20 1  0
18.9999 6813704 418.634 8 0 0 9849 6813704 6813705 13 0 1 20 1  0
64.3464 6843715 420.478 9 9 0.177712 16536 6842935 6844176 13 0 1 20 1  0
25.6328 6969294 428.193 8 0 0 1 6814036 6814037 13 0 1 20 1  0
24.1132 7050349 433.173 8 0 0 1 6814212 6814213 13 0 1 20 1  0
23.7352 7041626 432.637 1 0 0 1 6813853 6813855 13 0 1 20 1  0
10.1474 6818280 418.915 2 2 0.0394922 2 6818280 6818281 13 0 1 20 1  0
12.2264 6973737 428.466 2 4 0.0789836 2 6843155 6843158 13 0 1 20 1  0
0 6813696 418.633 12 27 0.533239 1 6997948 6999788 13 0 1 20 1  0
0 6813696 418.633 12 269 5.50651 20 6998712 6999580 13 0 1 20 1  0
11.3879 6839188 420.2 12 2164 257.499 2 6838786 6840044 13 0 1 20 1  0
12.0383 6813696 418.633 12 2344 354.399 15 6813696 6814606 13 0 1 20 1  0
13.0351 6814236 418.667 12 2637 595.95 7 6813696 6817140 13 0 1 20 1  0
10.786 6933648 426.003 12 3307 1955.38 1 6931942 6933930 13 0 1 20 1  0
10.0248 7076127 434.757 8 0 0 5178 7076127 7076128 13 0 1 20 1  0
26.216 7118657 437.37 8 0 0 1 7076163 7076164 13 0 1 20 1  0
24.4537 7291210 447.972 8 0 0 1 7076784 7076785 13 0 1 20 1  0
10.9197 7076127 434.757 1 0 0 1 7076127 7076128 13 0 1 20 1  0
28.0927 7131728 438.173 1 0 0 1 7076163 7076164 13 0 1 20 1  0
45.5951 7301577 448.609 7 1 0.0197462 6655 7232498 7232550 13 0 1 20 1  0
11.6609 7187939 441.627 1 1 0.0197462 1 7187939 7187940 13 0 1 20 1  0
21.1528 7302532 448.668 3 2 0.0394922 5 7125848 7125851 13 0 1 20 1  0
10.1083 7125851 437.812 2 2 0.0394922 1 7125851 7125852 13 0 1 20 1  0
10.0662 7232508 444.365 7 4 0.0789836 1 7232508 7232509 13 0 1 20 1  0
10.454 7248234 445.331 2 6 0.118475 1 7248234 7248235 13 0 1 20 1  0
12.9881 7267697 446.527 4 11 0.217204 8 7246451 7246496 13 0 1 20 1  0
10.0314 7232542 444.367 3 7 0.13822 1 7232542 7232543 13 0 1 20 1  0
11.6641 7246453 445.222 3 13 0.256698 40 7246449 7246456 13 0 1 20 1  0
10.1386 7248108 445.324 4 19 0.375194 1 7248108 7248109 13 0 1 20 1  0
10.1294 7247929 445.313 3 127 2.52672 1 7247929 7247930 13 0 1 20 1  0
10.7306 7338260 450.863 8 0 0 12589 7338260 7338261 13 0 1 20 1  0
50.3746 7457828 458.209 7 1 0.0197462 4358 7438674 7438793 13 0 1 20 1  0
11.0813 7338260 450.863 1 0 0 1 7338260 7338261 13 0 1 20 1  0
20.4594 7597274 466.776 1 0 0 1 7338581 7338582 13 0 1 20 1  0
10.9683 7341030 451.033 2 0 0 1 7341030 7341031 13 0 1 20 1  0
11.2829 7369329 452.772 3 0 0 1 7369329 7369330 13 0 1 20 1  0
49.5428 7529409 462.607 6 0 0 879 7418847 7418880 13 0 1 20 1  0
11.6172 7344167 451.226 1 1 0.0197462 2 7344167 7344168 13 0 1 20 1  0
11.3575 7376195 453.193 3 2 0.0394922 2 7376195 7376196 13 0 1 20 1  0
10.9418 7396454 454.438 2 3 0.059238 1 7396454 7396455 13 0 1 20 1  0
10.7279 7438701 457.034 2 7 0.13822 4 7438701 7438702 13 0 1 20 1  0
10.3262 7418859 455.815 5 6 0.118475 2 7418859 7418860 13 0 1 20 1  0
10.5246 7442584 457.272 2 10 0.197458 10 7442584 7442585 13 0 1 20 1  0
10.0068 7529830 462.633 3 23 0.454207 1 7529341 7529350 13 0 1 20 1  0
12.2523 7528930 462.577 3 244 4.96227 13 7452107 7452110 13 0 1 20 1  0
14.0794 7457185 458.169 4 316 6.55965 19 7452000 7452114 13 0 1 20 1  0
10.3526 7457007 458.159 4 456 9.99597 2 7451655 7451657 13 0 1 20 1  0
19.4228 7600393 466.968 8 0 0 3565 7600393 7600394 13 0 1 20 1  0
28.2169 7629152 468.735 8 0 0 1 7600716 7600717 13 0 1 20 1  0
25.1881 7772929 477.569 8 0 0 1 7601047 7601048 13 0 1 20 1  0
28.3161 7813447 480.058 8 0 0 1 7601372 7601373 13 0 1 20 1  0
36.6548 7636615 469.194 3 0 0 727 7606475 7606527 13 0 1 20 1  0
29.396 7752678 476.325 1 0 0 1 7600688 7600689 13 0 1 20 1  0
24.3103 7857564 482.769 1 0 0 1 7600716 7600718 13 0 1 20 1  0
34.8977 7808666 479.764 5 0 0 34 7606469 7606529 13 0 1 20 1  0
26.6819 7606483 467.342 3 1 0.0197462 53 7606474 7606523 13 0 1 20 1  0
19.6672 7700247 473.103 4 5 0.0987291 12 7606466 7606509 13 0 1 20 1  0
13.0046 7701247 473.165 5 9 0.177712 7 7606473 7606481 13 0 1 20 1  0
11.5828 7681642 471.96 3 15 0.296194 2 7606450 7606459 13 0 1 20 1  0
10.2361 7702721 473.255 4 20 0.394946 2 7606444 7606448 13 0 1 20 1  0
10.3291 7807417 479.688 8 542 12.3984 2 7807410 7807447 13 0 1 20 1  0
23.5246 7799304 479.189 12 2817 820.07 961 7794734 7833280 13 0 1 20 1  0
0 7600128 466.952 7 2268 309.692 150 7861543 7861598 13 0 1 20 1  0
15.7062 8124469 499.167 8 0 0 3936 8124469 8124470 13 0 1 20 1  0
25.9146 8188913 503.127 8 0 0 1 8124527 8124528 13 0 1 20 1  0
50.3074 8365694 513.988 7 0 0 8588 8139030 8139150 13 0 1 20 1  0
18.5286 8385687 515.217 8 0 0 1 8125203 8125204 13 0 1 20 1  0
10.1273 8124469 499.167 1 0 0 1 8124469 8124470 13 0 1 20 1  0
28.5001 8139086 500.065 5 1 0.0197462 39 8135066 8135083 13 0 1 20 1  0
10.1989 8126635 499.3 2 0 0 1 8126635 8126636 13 0 1 20 1  0
10.7658 8135076 499.819 1 1 0.0197462 3 8135076 8135077 13 0 1 20 1  0
11.5767 8365196 513.958 1 1 0.0197462 1 8139084 8139093 13 0 1 20 1  0
15.1483 8368210 514.143 2 2 0.0394922 5 8135075 8135077 13 0 1 20 1  0
10.0041 8366126 514.015 2 11 0.217204 1 8365603 8365605 13 0 1 20 1  0
10.0923 8364982 513.944 2 90 1.78351 1 8364982 8364983 13 0 1 20 1  0
10.3299 8364949 513.942 2 103 2.04364 6 8364949 8364950 13 0 1 20 1  0
10.2951 8364964 513.943 2 105 2.08375 1 8364964 8364965 13 0 1 20 1  0
10.3168 8364910 513.94 2 147 2.93266 4 8364910 8364911 13 0 1 20 1  0
10.2334 8364884 513.938 2 153 3.05512 2 8364884 8364885 13 0 1 20 1  0
38.3416 8452362 519.313 8 1 0.0197462 5878 8452134 8453056 13 0 1 20 1  0
27.2467 8563541 526.144 8 0 0 1 8386865 8386866 13 0 1 20 1  0
19.9759 8647700 531.315 8 0 0 1 8387147 8387148 13 0 1 20 1  0
0 8386560 515.27 8 0 0 2747 8387326 8387327 13 0 1 20 1  0
16.1613 8386823 515.286 1 0 0 2 8386823 8386824 13 0 1 20 1  0
28.227 8483836 521.247 1 0 0 1 8387147 8387149 13 0 1 20 1  0
18.5464 8630227 530.241 1 0 0 1 8387326 8387328 13 0 1 20 1  0
15.9005 8594599 528.052 2 0 0 1 8391717 8391719 13 0 1 20 1  0
10.689 8399762 516.081 2 3 0.059238 4 8399762 8399763 13 0 1 20 1  0
14.9124 8452963 519.35 2 2 0.0394922 32 8399755 8399765 13 0 1 20 1  0
11.3486 8514173 523.111 2 5 0.0987291 1 8452254 8452255 13 0 1 20 1  0
12.9917 8439818 518.542 12 1818 139.26 7 8438108 8441016 13 0 1 20 1  0
0 8386560 515.27 9 1670 106.997 1 8442835 8442975 13 0 1 20 1  0
12.5884 8648704 531.376 8 0 0 939 8648704 8648705 13 0 1 20 1  0
25.7059 8655404 531.788 8 0 0 1 8648864 8648865 13 0 1 20 1  0
26.0859 8870207 544.985 8 0 0 1 8649165 8649166 13 0 1 20 1  0
13.6194 8648705 531.376 1 0 0 1193 8648705 8648706 13 0 1 20 1  0
22.8001 8655404 531.788 1 0 0 1 8648864 8648866 13 0 1 20 1  0
23.7783 8828682 542.434 1 0 0 1 8649165 8649166 13 0 1 20 1  0
18.7592 8769189 538.779 2 0 0 1 8648863 8648865 13 0 1 20 1  0
10.239 8660316 532.09 3 0 0 1 8660316 8660317 13 0 1 20 1  0
12.844 8844711 543.419 3 0 0 3 8671759 8671760 13 0 1 20 1  0
11.1574 8662275 532.21 1 1 0.0197462 1 8662275 8662276 13 0 1 20 1  0
10.3083 8664053 532.319 2 1 0.0197462 1 8664053 8664054 13 0 1 20 1  0
10.0574 8822145 542.033 3 1 0.0197462 1 8822145 8822146 13 0 1 20 1  0
10.0225 8678624 533.215 2 2 0.0394922 1 8678624 8678625 13 0 1 20 1  0
10.4299 8805797 541.028 2 2 0.0394922 2 8805797 8805798 13 0 1 20 1  0
10.6181 8820844 541.953 3 3 0.059238 2 8820843 8820845 13 0 1 20 1  0
26.1436 9053624 556.255 8 0 0 1 8910884 8910886 13 0 1 20 1  0
27.8844 9127845 560.815 8 0 0 1 8911733 8911734 13 0 1 20 1  0
0 8910848 547.482 8 0 0 2156 8912060 8912061 13 0 1 20 1  0
21.9888 9027011 554.62 1 0 0 1 8910884 8910886 13 0 1 20 1  0
29.6201 9141423 561.649 1 0 0 1458 8911733 8911735 13 0 1 20 1  0
25.81 9141250 561.638 2 0 0 1 8910884 8910887 13 0 1 20 1  0
10.3627 8916316 547.818 1 1 0.0197462 2 8916316 8916317 13 0 1 20 1  0
10.4789 8985300 552.057 2 1 0.0197462 1 8985300 8985301 13 0 1 20 1  0
10.1235 9087310 558.324 3 2 0.0394922 1 9087310 9087311 13 0 1 20 1  0
10.0101 8979734 551.715 2 3 0.059238 1 8979734 8979735 13 0 1 20 1  0
10.8842 9136480 561.345 11 1227 48.2784 1 9136201 9136967 13 0 1 20 1  0
15.2925 9109682 559.699 12 1726 118.225 59 9106076 9112302 13 0 1 20 1  0
13.0543 9173617 563.627 8 0 0 2273 9173617 9173618 13 0 1 20 1  0
28.1955 9185386 564.35 8 0 0 1 9173942 9173943 13 0 1 20 1  0
24.6561 9427023 579.196 8 0 0 1 9174239 9174240 13 0 1 20 1  0
11.2688 9173617 563.627 1 0 0 1 9173617 9173618 13 0 1 20 1  0
31.2803 9185387 564.35 1 0 0 6 9173942 9173944 13 0 1 20 1  0
20.9451 9427024 579.196 1 0 0 1 9174240 9174241 13 0 1 20 1  0
15.1881 9254708 568.609 3 0 0 3 9185384 9185391 13 0 1 20 1  0
12.7038 9277864 570.032 5 0 0 7 9277855 9277882 13 0 1 20 1  0
10.5876 9331729 573.341 1 1 0.0197462 1 9331729 9331730 13 0 1 20 1  0
10.0146 9361962 575.199 3 1 0.0197462 1 9361962 9361963 13 0 1 20 1  0
10.014 9389888 576.915 3 1 0.0197462 1 9389888 9389889 13 0 1 20 1  0
10.829 9289198 570.728 8 2 0.0394922 1 9289167 9289214 13 0 1 20 1  0
10.7633 9186690 564.43 2 3 0.059238 1 9186690 9186691 13 0 1 20 1  0
10.2366 9235405 567.423 2 5 0.0987291 2 9235405 9235406 13 0 1 20 1  0
10.8539 9226440 566.872 12 80 1.58404 1 9226122 9226894 13 0 1 20 1  0
16.2216 9420132 578.773 12 1754 124.269 75 9416948 9424194 13 0 1 20 1  0
10.3604 9389116 576.867 12 2641 600.193 1 9387874 9389424 13 0 1 20 1  0
10.949 9433550 579.597 12 2728 700.329 1 9432952 9433882 13 0 1 20 1  0
16.6794 9435197 579.698 8 0 0 974 9435197 9435198 13 0 1 20 1  0
28.5098 9438795 579.92 8 0 0 1 9435526 9435527 13 0 1 20 1  0
28.5116 9611441 590.527 8 0 0 1 9436504 9436505 13 0 1 20 1  0
11.1663 9435161 579.696 1 0 0 1 9435161 9435162 13 0 1 20 1  0
24.7247 9666705 593.922 1 0 0 1 9435197 9435199 13 0 1 20 1  0
0 9435136 579.695 1 0 0 1086 9436505 9436506 13 0 1 20 1  0
10.9148 9436506 579.779 2 0 0 1 9436506 9436507 13 0 1 20 1  0
19.9984 9686995 595.169 2 0 0 21 9437651 9437653 13 0 1 20 1  0
10.3975 9500265 583.696 1 1 0.0197462 1 9500265 9500266 13 0 1 20 1  0
11.1754 9575151 588.297 1 1 0.0197462 1 9553239 9553240 13 0 1 20 1  0
10.7211 9493404 583.275 3 1 0.0197462 2 9493404 9493405 13 0 1 20 1  0
10.8825 9511384 584.379 2 2 0.0394922 1 9511384 9511385 13 0 1 20 1  0
10.1499 9533613 585.745 2 3 0.059238 1 9533613 9533614 13 0 1 20 1  0
10.1854 9667075 593.945 7 4 0.0789836 1 9667060 9667077 13 0 1 20 1  0
12.4468 9697774 595.831 8 0 0 2028 9697774 9697775 13 0 1 20 1  0
26.8067 9836750 604.37 8 0 0 1 9698064 9698065 13 0 1 20 1  0
25.4708 9923405 609.694 8 0 0 1 9698102 9698106 13 0 1 20 1  0
11.0545 9697774 595.831 1 0 0 1 9697774 9697775 13 0 1 20 1  0
27.9331 9745523 598.765 1 0 0 2 9698102 9698107 13 0 1 20 1  0
26.9372 9923406 609.694 1 0 0 2 9698428 9698430 13 0 1 20 1  0
13.1742 9959051 611.884 1 0 0 1 9698569 9698570 13 0 1 20 1  0
12.1158 9698104 595.852 2 0 0 1 9698104 9698105 13 0 1 20 1  0
20.2912 9708917 596.516 2 0 0 2 9699408 9699411 13 0 1 20 1  0
24.4473 9958920 611.876 3 0 0 27 9708912 9708935 13 0 1 20 1  0
10.6443 9809615 602.703 1 1 0.0197462 1 9809615 9809616 13 0 1 20 1  0
11.498 9864553 606.078 1 1 0.0197462 2 9837412 9837413 13 0 1 20 1  0
10.1766 9733087 598.001 2 4 0.0789836 1 9733087 9733088 13 0 1 20 1  0
10.9933 9959697 611.924 8 0 0 854 9959697 9959698 13 0 1 20 1  0
24.2095 10039510 616.827 8 0 0 1 9960043 9960044 13 0 1 20 1  0
24.1118 10136958 622.815 8 0 0 1 9960365 9960366 13 0 1 20 1  0
10.8662 9959697 611.924 1 0 0 1 9959697 9959698 13 0 1 20 1  0
24.7672 10039510 616.827 1 0 0 1 9960043 9960045 13 0 1 20 1  0
0 9959424 611.907 1 0 0 1179 9960365 9960367 13 0 1 20 1  0
18.7695 10006804 614.818 2 0 0 1 9960043 9960046 13 0 1 20 1  0
12.5745 9990450 613.813 3 0 0 1 9990450 9990452 13 0 1 20 1  0
10.1444 9996985 614.215 1 1 0.0197462 1 9996985 9996986 13 0 1 20 1  0
11.4658 10217089 627.738 1 1 0.0197462 2 10012035 10012036 13 0 1 20 1  0
10.4347 9971298 612.637 2 1 0.0197462 1 9971298 9971299 13 0 1 20 1  0
10.9291 10003208 614.597 2 2 0.0394922 1 10003208 10003209 13 0 1 20 1  0
11.9065 10144157 623.257 2 2 0.0394922 2 10006803 10006804 13 0 1 20 1  0
10.7736 9980970 613.231 2 3 0.059238 1 9980970 9980971 13 0 1 20 1  0
12.7384 10084635 619.6 2 3 0.059238 6 9987183 9987184 13 0 1 20 1  0
10.6655 10021189 615.702 3 4 0.0789836 3 10021189 10021190 13 0 1 20 1  0
15.9092 11532468 708.555 8 0 0 938 11532468 11532469 13 0 1 20 1  0
26.0108 11684705 717.908 8 0 0 1 11532515 11532516 13 0 1 20 1  0
30.9171 11730815 720.741 8 0 0 1 11533121 11533123 13 0 1 20 1  0
22.6707 11538869 708.948 1 0 0 1 11532468 11532470 13 0 1 20 1  0
27.0565 11686338 718.009 1 0 0 3 11532515 11532517 13 0 1 20 1  0
0 11532288 708.544 1 0 0 1160 11532820 11532821 13 0 1 20 1  0
20.18 11707279 719.295 2 0 0 2 11534618 11534621 13 0 1 20 1  0
13.8606 11776764 723.564 2 0 0 1 11535603 11535606 13 0 1 20 1  0
16.523 11709415 719.426 3 0 0 5 11536426 11536431 13 0 1 20 1  0
12.7825 11536586 708.808 4 0 0 11 11536583 11536593 13 0 1 20 1  0
10.2069 11576479 711.259 1 1 0.0197462 1 11576479 11576480 13 0 1 20 1  0
12.0656 11720023 720.078 1 1 0.0197462 1 11627476 11627477 13 0 1 20 1  0
10.974 11536428 708.798 2 1 0.0197462 1 11536428 11536429 13 0 1 20 1  0
11.8515 11728338 720.589 2 1 0.0197462 1 11562405 11562406 13 0 1 20 1  0
10.3789 11562405 710.394 1 2 0.0394922 1 11562405 11562406 13 0 1 20 1  0
10.3635 11674894 717.305 1 2 0.0394922 1 11576478 11576479 13 0 1 20 1  0
10.3439 11551298 709.712 2 2 0.0394922 1 11551298 11551299 13 0 1 20 1  0
10.107 11668027 716.884 2 3 0.059238 1 11668027 11668028 13 0 1 20 1  0
18.4296 11794572 724.659 8 0 0 18655 11794572 11794573 13 0 1 20 1  0
49.4262 11818285 726.115 7 1 0.0197462 997 11816000 11816869 13 0 1 20 1  0
29.5438 12028359 739.022 8 0 0 1 11795227 11795229 13 0 1 20 1  0
37.2343 11816907 726.031 1 0 0 5 11794572 11794574 13 0 1 20 1  0
25.1995 11985856 736.411 1 0 0 2 11794892 11794893 13 0 1 20 1  0
27.7201 11970486 735.467 4 0 0 2 11816028 11816069 13 0 1 20 1  0
10.5371 11798168 724.879 1 1 0.0197462 2 11798168 11798169 13 0 1 20 1  0
25.4639 11971141 735.507 4 1 0.0197462 2 11816027 11816063 13 0 1 20 1  0
10.2409 11806993 725.422 3 2 0.0394922 1 11806993 11806994 13 0 1 20 1  0
19.09 12043923 739.979 3 4 0.0789836 85 11816900 11816904 13 0 1 20 1  0
11.195 11967264 735.269 2 5 0.0987291 1 11967264 11967265 13 0 1 20 1  0
26.5144 11971165 735.508 11 102 2.02359 4104 11815367 11819025 13 0 1 20 1  0
10.7367 11898863 731.066 2 8 0.157966 2 11898863 11898864 13 0 1 20 1  0
33.2413 11954239 734.468 9 20 0.394946 7860 11815901 11818545 13 0 1 20 1  0
12.5802 12043966 739.981 9 133 2.64815 1 11954036 11954580 13 0 1 20 1  0
10.2435 12043636 739.961 7 437 9.49843 1 11953798 11954308 13 0 1 20 1  0
11.6431 11971130 735.506 6 556 12.8152 1 11970202 11970346 13 0 1 20 1  0
10.1895 11970623 735.475 7 743 19.2493 2 11970094 11970095 13 0 1 20 1  0
10.7462 11812818 725.78 12 1241 49.5231 3 11812296 11813588 13 0 1 20 1  0
0 11794432 724.65 8 2254 302.094 2 11951644 11951837 13 0 1 20 1  0
16.567 12056808 740.77 8 0 0 2001 12056808 12056809 13 0 1 20 1  0
25.9207 12080999 742.257 8 0 0 1 12057266 12057268 13 0 1 20 1  0
24.0125 12302689 755.877 8 0 0 1 12057302 12057303 13 0 1 20 1  0
25.3092 12130695 745.31 1 0 0 1 12056808 12056810 13 0 1 20 1  0
21.6743 12265408 753.587 1 0 0 1 12057267 12057268 13 0 1 20 1  0
22.5776 12080746 742.241 2 0 0 3 12056807 12056810 13 0 1 20 1  0
15.859 12110613 744.076 3 5 0.0987291 72 12110283 12110290 13 0 1 20 1  0
10.5166 12123178 744.848 1 1 0.0197462 1 12123178 12123179 13 0 1 20 1  0
10.4441 12069741 741.565 3 13 0.256698 3 12069741 12069742 13 0 1 20 1  0
10.2208 12306682 756.122 12 2061 214.468 1 12305808 12307204 13 0 1 20 1  0
21.0036 12318720 756.862 12 2419 404.835 235 12315084 12318722 13 0 1 20 1  0
45.2154 12333892 757.794 12 146 2.91228 29345 12330556 12340526 13 0 1 20 1  0
27.679 12412545 762.627 8 0 0 1 12319683 12319684 13 0 1 20 1  0
10.2205 12319360 756.901 1 0 0 1 12319360 12319361 13 0 1 20 1  0
34.8804 12335256 757.878 3 0 0 22 12325099 12325134 13 0 1 20 1  0
24.9419 12441322 764.395 1 0 0 1 12319830 12319832 13 0 1 20 1  0
23.4344 12564935 771.99 1 0 0 1 12319856 12319857 13 0 1 20 1  0
12.8644 12333936 757.797 3 14 0.276446 13 12325107 12325126 13 0 1 20 1  0
11.5335 12339169 758.119 1 1 0.0197462 4 12333981 12333982 13 0 1 20 1  0
10.4668 12324794 757.235 2 3 0.059238 4 12324794 12324795 13 0 1 20 1  0
13.2328 12353221 758.982 2 3 0.059238 6 12325125 12325131 13 0 1 20 1  0
13.4944 12518197 769.118 6 3 0.059238 1 12326075 12326114 13 0 1 20 1  0
11.5716 12326105 757.316 2 5 0.0987291 1 12325123 12325130 13 0 1 20 1  0
10.0834 12326032 757.311 2 103 2.04364 1 12326032 12326033 13 0 1 20 1  0
14.6159 12318734 756.863 12 3152 1485.45 12 12318720 12321292 13 0 1 20 1  0
16.9806 12580954 772.974 8 0 0 3972 12580954 12580955 13 0 1 20 1  0
26.9462 12648315 777.112 8 0 0 1 12581120 12581121 13 0 1 20 1  0
24.8059 12818991 787.599 8 0 0 1 12581421 12581422 13 0 1 20 1  0
27.8266 12639492 776.57 1 0 0 1 12580954 12580956 13 0 1 20 1  0
27.8029 12802721 786.599 1 0 0 1 12581121 12581122 13 0 1 20 1  0
24.9849 12796502 786.217 2 0 0 1 12581421 12581423 13 0 1 20 1  0
18.7359 12716187 781.283 3 0 0 85 12582779 12582781 13 0 1 20 1  0
21.2088 12747324 783.196 5 2 0.0394922 1729 12716173 12716206 13 0 1 20 1  0
20.114 12760037 783.977 7 3 0.059238 33 12716133 12716256 13 0 1 20 1  0
16.6877 12584191 773.173 3 6 0.118475 9 12584188 12584195 13 0 1 20 1  0
15.6366 12727078 781.952 2 2 0.0394922 1 12584195 12584198 13 0 1 20 1  0
10.475 12731192 782.204 12 94 1.86345 1 12731152 12731240 13 0 1 20 1  0
13.925 12844494 789.166 8 0 0 7560 12844494 12844495 13 0 1 20 1  0
28.5032 12876866 791.155 8 0 0 1 12844817 12844818 13 0 1 20 1  0
23.4812 13069776 803.007 8 0 0 1 12845475 12845476 13 0 1 20 1  0
66.8468 12977381 797.33 7 1 0.0197462 7980 12849055 12849108 13 0 1 20 1  0
10.0658 12844817 789.186 2 0 0 1 12844817 12844818 13 0 1 20 1  0
11.0397 12887987 791.838 1 1 0.0197462 7 12887987 12887988 13 0 1 20 1  0
10.4615 12849076 789.447 3 3 0.059238 6 12849076 12849077 13 0 1 20 1  0
10.8445 12876863 791.154 2 3 0.059238 1 12876863 12876864 13 0 1 20 1  0
26.178 12972363 797.022 4 3 0.059238 13 12849068 12849082 13 0 1 20 1  0
20.0598 12972199 797.012 4 8 0.157966 25 12849068 12849074 13 0 1 20 1  0
13.5013 12887950 791.836 10 251 5.11363 78 12887773 12888211 13 0 1 20 1  0
10.1476 12972063 797.004 2 81 1.60397 5 12972063 12972064 13 0 1 20 1  0
10.0039 12972041 797.002 2 89 1.76354 1 12972041 12972042 13 0 1 20 1  0
10.8715 12972024 797.001 2 97 1.92346 16 12972024 12972025 13 0 1 20 1  0
10.2521 12887825 791.828 4 139 2.76988 5 12887825 12887826 13 0 1 20 1  0
10.1663 12971849 796.99 3 219 4.42771 2 12971849 12971850 13 0 1 20 1  0
10.258 12971815 796.988 3 231 4.68316 2 12971815 12971816 13 0 1 20 1  0
10.3297 12971779 796.986 3 241 4.89763 9 12971779 12971780 13 0 1 20 1  0
10.8467 12957186 796.089 10 1917 166.062 2 12957066 12957747 13 0 1 20 1  0
10.8778 13072924 803.2 12 2570 529.177 3 13071448 13074010 13 0 1 20 1  0
14.2227 13105142 805.18 12 2706 673.53 29 13103108 13105154 13 0 1 20 1  0
10.202 13079922 803.63 12 3112 1383.73 1 13079452 13080016 13 0 1 20 1  0
10.0401 13038930 801.112 12 3224 1687.75 1 13038910 13038958 13 0 1 20 1  0
10.6374 13106065 805.237 8 0 0 1 13106065 13106066 13 0 1 20 1  0
20.7348 13155112 808.25 8 0 0 1 13107044 13107045 13 0 1 20 1  0
21.2997 13185186 810.098 8 0 0 1 13108685 13108686 13 0 1 20 1  0
20.2492 13288165 816.425 8 0 0 1 13109662 13109663 13 0 1 20 1  0
0 13105152 805.18 8 0 0 4790 13109992 13109993 13 0 1 20 1  0
11.3134 13107044 805.297 1 0 0 1 13107044 13107045 13 0 1 20 1  0
21.3932 13155112 808.25 1 0 0 2 13108685 13108686 13 0 1 20 1  0
19.8706 13185186 810.098 1 0 0 1 13109992 13109994 13 0 1 20 1  0
20.3636 13284573 816.204 1 0 0 1 13110638 13110640 13 0 1 20 1  0
17.7572 13362708 821.005 1 0 0 1 13111624 13111625 13 0 1 20 1  0
22.4621 13146610 807.728 4 0 0 13 13126502 13126514 13 0 1 20 1  0
20.4446 13292079 816.665 5 0 0 5 13127631 13127652 13 0 1 20 1  0
20.8169 13149908 807.93 6 0 0 12 13144826 13144843 13 0 1 20 1  0
10.8195 13126506 806.492 3 3 0.059238 2 13126506 13126507 13 0 1 20 1  0
15.3195 13189281 810.349 2 1 0.0197462 1 13126822 13126823 13 0 1 20 1  0
17.4202 13296326 816.926 4 1 0.0197462 1 13126818 13126829 13 0 1 20 1  0
10.55 13145798 807.678 2 2 0.0394922 1 13145798 13145799 13 0 1 20 1  0
11.4784 13271826 815.421 2 2 0.0394922 1 13146607 13146611 13 0 1 20 1  0
20.5089 13293060 816.726 5 2 0.0394922 9 13126817 13126829 13 0 1 20 1  0
10.1299 13127645 806.562 4 3 0.059238 1 13127645 13127646 13 0 1 20 1  0
12.2635 13152163 808.069 4 5 0.0987291 2 13146599 13146607 13 0 1 20 1  0
10.0984 13145630 807.667 2 6 0.118475 2 13145630 13145631 13 0 1 20 1  0
10.5669 13269697 815.29 2 5 0.0987291 1 13152168 13152170 13 0 1 20 1  0
10.0596 13126821 806.512 4 6 0.118475 1 13126821 13126822 13 0 1 20 1  0
10.001 13227232 812.681 5 9 0.177712 1 13227232 13227233 13 0 1 20 1  0
11.5692 13336749 819.41 4 11 0.217204 1 13126494 13126496 13 0 1 20 1  0
11.8431 13147766 807.799 12 137 2.72927 7 13146400 13150114 13 0 1 20 1  0
11.8159 13269821 815.298 11 269 5.50651 11 13269671 13270974 13 0 1 20 1  0
0 13105152 805.18 12 152 3.03469 1 13271018 13271314 13 0 1 20 1  0
11.8313 13292683 816.702 6 227 4.59778 31 13292652 13292706 13 0 1 20 1  0
0 13105152 805.18 7 273 5.59455 1 13295893 13295898 13 0 1 20 1  0
10.5388 13148886 807.868 12 781 20.7911 1 13147560 13149122 13 0 1 20 1  0
10.1104 13205618 811.353 10 3045 1228.72 1 13205380 13205625 13 0 1 20 1  0
18.2939 13891761 853.51 8 0 0 2108 13891761 13891762 13 0 1 20 1  0
29.6651 14050198 863.244 8 0 0 1 13892227 13892228 13 0 1 20 1  0
24.3772 14118143 867.419 8 0 0 1 13892414 13892415 13 0 1 20 1  0
23.9082 13973437 858.528 1 0 0 1 13891761 13891763 13 0 1 20 1  0
23.7086 14050198 863.244 1 0 0 1 13892227 13892229 13 0 1 20 1  0
20.5608 14073387 864.669 2 0 0 1 13891761 13891764 13 0 1 20 1  0
14.4642 14118141 867.419 3 0 0 6 13899270 13899273 13 0 1 20 1  0
10.0406 14101299 866.384 4 0 0 1 14101299 14101300 13 0 1 20 1  0
13.8974 14135233 868.469 4 0 0 2 14101571 14101585 13 0 1 20 1  0
14.988 14101890 866.42 6 0 0 23 14101549 14101581 13 0 1 20 1  0
10.8608 13936844 856.28 2 1 0.0197462 3 13936844 13936845 13 0 1 20 1  0
11.5698 14138061 868.642 1 1 0.0197462 1 13965587 13965588 13 0 1 20 1  0
10.3842 13980427 858.957 2 1 0.0197462 1 13980427 13980428 13 0 1 20 1  0
10.3334 13957103 857.524 2 2 0.0394922 1 13957103 13957104 13 0 1 20 1  0
10.2732 13948274 856.982 2 3 0.059238 1 13948274 13948275 13 0 1 20 1  0
10.4162 14111602 867.017 2 6 0.118475 1 14111602 14111603 13 0 1 20 1  0
16.7584 14153884 869.615 8 0 0 1152 14153884 14153885 13 0 1 20 1  0
28.6956 14183136 871.412 8 0 0 1 14154066 14154067 13 0 1 20 1  0
26.5235 14390568 884.156 8 0 0 1 14154661 14154662 13 0 1 20 1  0
29.4244 14407217 885.179 8 0 0 1 14155183 14155185 13 0 1 20 1  0
27.2586 14352343 881.808 1 0 0 1 14153884 14153886 13 0 1 20 1  0
24.8773 14407218 885.179 1 0 0 1 14154066 14154068 13 0 1 20 1  0
0 14153728 869.605 1 0 0 1822 14154359 14154360 13 0 1 20 1  0
21.3017 14371612 882.992 2 0 0 1 14153885 14153887 13 0 1 20 1  0
10.1096 14157179 869.817 3 0 0 1 14157179 14157180 13 0 1 20 1  0
17.4585 14249774 875.506 3 0 0 1 14161255 14161261 13 0 1 20 1  0
12.3456 14188783 871.759 4 0 0 2 14165497 14165505 13 0 1 20 1  0
10.0038 14269219 876.701 1 1 0.0197462 1 14269219 14269220 13 0 1 20 1  0
10.4155 14193432 872.044 2 1 0.0197462 1 14193432 14193433 13 0 1 20 1  0
11.5407 14404904 885.037 2 1 0.0197462 1 14269219 14269221 13 0 1 20 1  0
10.0247 14169417 870.569 3 1 0.0197462 1 14169417 14169418 13 0 1 20 1  0
11.893 14408176 885.238 3 1 0.0197462 1 14172693 14172694 13 0 1 20 1  0
10.6347 14161256 870.068 2 2 0.0394922 2 14161256 14161257 13 0 1 20 1  0
10.3673 14400034 884.738 3 2 0.0394922 1 14400034 14400035 13 0 1 20 1  0
11.0653 14165494 870.328 2 3 0.059238 2 14165494 14165495 13 0 1 20 1  0
11.2573 14415686 885.7 12 2710 678.325 1 14415094 14415874 13 0 1 20 1  0
11.7172 14416015 885.72 8 0 0 3359 14416015 14416016 13 0 1 20 1  0
30.863 14515350 891.823 8 0 0 1 14416212 14416215 13 0 1 20 1  0
27.8678 14603217 897.222 8 0 0 1 14416509 14416511 13 0 1 20 1  0
11.3211 14416016 885.72 1 0 0 1 14416016 14416017 13 0 1 20 1  0
27.8006 14560428 894.593 1 0 0 1 14416212 14416215 13 0 1 20 1  0
22.6239 14656470 900.493 1 0 0 1 14416509 14416512 13 0 1 20 1  0
28.0342 14532008 892.847 2 0 0 7 14416211 14416215 13 0 1 20 1  0
21.4039 14600429 897.05 2 0 0 2 14416508 14416512 13 0 1 20 1  0
27.1078 14532318 892.866 3 0 0 257 14416211 14416216 13 0 1 20 1  0
10.9748 14422714 886.132 2 1 0.0197462 1 14422714 14422715 13 0 1 20 1  0
10.5816 14428277 886.473 3 1 0.0197462 2 14428277 14428278 13 0 1 20 1  0
10.4123 14526109 892.484 5 1 0.0197462 2 14526109 14526110 13 0 1 20 1  0
12.8956 14456216 888.19 2 3 0.059238 3 14456216 14456218 13 0 1 20 1  0
11.5241 14456189 888.188 3 2 0.0394922 2 14456189 14456190 13 0 1 20 1  0
10.5581 14522366 892.254 2 4 0.0789836 1 14522366 14522367 13 0 1 20 1  0
10.2775 14538831 893.266 2 6 0.118475 1 14538831 14538832 13 0 1 20 1  0
10.0835 14470778 889.085 6 23 0.454207 2 14470778 14470779 13 0 1 20 1  0
11.34 14492114 890.395 11 1121 39.7679 14 14491576 14492740 13 0 1 20 1  0
12.0055 14678024 901.818 8 0 0 1088 14678024 14678025 13 0 1 20 1  0
28.5197 14836460 911.552 8 0 0 1 14678032 14678033 13 0 1 20 1  0
14.6378 14678032 901.818 1 0 0 1396 14678032 14678033 13 0 1 20 1  0
22.2507 14695991 902.922 1 0 0 1 14678322 14678324 13 0 1 20 1  0
24.5277 14800527 909.344 1 0 0 1 14678685 14678686 13 0 1 20 1  0
23.6652 14906039 915.827 1 0 0 1 14679011 14679013 13 0 1 20 1  0
19.3478 14703505 903.383 2 0 0 1 14678322 14678324 13 0 1 20 1  0
20.8654 14895111 915.156 2 0 0 6 14679010 14679012 13 0 1 20 1  0
15.8228 14888932 914.776 11 443 9.65436 871 14690913 14691176 13 0 1 20 1  0
10.8084 14783064 908.271 1 1 0.0197462 1 14783064 14783065 13 0 1 20 1  0
11.1629 14836137 911.532 1 1 0.0197462 10 14787785 14787786 13 0 1 20 1  0
10.1033 14775846 907.828 2 1 0.0197462 1 14775846 14775847 13 0 1 20 1  0
10.7357 14745965 905.992 2 4 0.0789836 3 14745965 14745966 13 0 1 20 1  0
10.5742 14685084 902.252 12 188 3.7767 8 14684782 14685510 13 0 1 20 1  0
15.6304 14878128 914.112 12 2096 228.219 41 14875988 14881926 13 0 1 20 1  0
0 14678016 901.817 12 1995 190.747 1 14880342 14884084 13 0 1 20 1  0
12.6127 14940180 917.925 8 0 0 961 14940180 14940181 13 0 1 20 1  0
28.3046 15033450 923.655 8 0 0 1 14940481 14940482 13 0 1 20 1  0
28.2704 15149102 930.761 8 0 0 1 14940666 14940667 13 0 1 20 1  0
26.2606 14969422 919.721 1 0 0 1 14940180 14940182 13 0 1 20 1  0
17.552 15201687 933.992 1 0 0 1 14940482 14940483 13 0 1 20 1  0
0 14940160 917.923 1 0 0 1144 14940965 14940966 13 0 1 20 1  0
10.3646 14941972 918.035 2 0 0 1 14941972 14941973 13 0 1 20 1  0
17.7281 15029211 923.395 2 0 0 2 14942627 14942631 13 0 1 20 1  0
10.5439 15025605 923.173 3 0 0 1 15025605 15025606 13 0 1 20 1  0
11.1275 14985099 920.684 1 1 0.0197462 1 14985099 14985100 13 0 1 20 1  0
11.1288 15050445 924.699 1 1 0.0197462 1 15050445 15050446 13 0 1 20 1  0
10.4394 14960735 919.188 2 1 0.0197462 1 14960735 14960736 13 0 1 20 1  0
10.6878 15112839 928.533 2 1 0.0197462 2 14968432 14968433 13 0 1 20 1  0
10.5792 15027570 923.294 2 2 0.0394922 1 15027570 15027571 13 0 1 20 1  0
10.1264 15033451 923.655 3 2 0.0394922 1 15033451 15033452 13 0 1 20 1  0
10.4886 15031812 923.555 2 3 0.059238 1 15031812 15031813 13 0 1 20 1  0
10.6367 15145498 930.539 2 3 0.059238 1 15145498 15145499 13 0 1 20 1  0
18.4951 15202317 934.03 8 0 0 1073 15202317 15202318 13 0 1 20 1  0
29.7527 15231411 935.818 8 0 0 1 15202339 15202340 13 0 1 20 1  0
29.8057 15362714 943.885 8 0 0 1 15202640 15202641 13 0 1 20 1  0
28.6193 15284000 939.049 1 0 0 1 15202317 15202319 13 0 1 20 1  0
23.564 15425098 947.718 1 0 0 1 15202339 15202340 13 0 1 20 1  0
0 15202304 934.03 1 0 0 1549 15202641 15202642 13 0 1 20 1  0
21.3717 15207569 934.353 2 0 0 2 15202317 15202319 13 0 1 20 1  0
14.0324 15297255 939.863 3 0 0 5 15203319 15203324 13 0 1 20 1  0
10.6682 15210834 934.554 1 1 0.0197462 1 15210834 15210835 13 0 1 20 1  0
11.495 15346377 942.881 1 1 0.0197462 1 15346377 15346378 13 0 1 20 1  0
13.2159 15362715 943.885 2 1 0.0197462 2 15208872 15208873 13 0 1 20 1  0
11.2585 15208872 934.433 3 2 0.0394922 3 15208871 15208873 13 0 1 20 1  0
10.3235 15217839 934.984 2 2 0.0394922 1 15217839 15217840 13 0 1 20 1  0
11.4978 15424113 947.657 2 4 0.0789836 1 15424113 15424114 13 0 1 20 1  0
15.6583 15282054 938.929 12 9 0.177712 27 15280084 15284412 13 0 1 20 1  0
11.6196 15384434 945.22 12 516 11.6443 1 15280314 15281616 13 0 1 20 1  0
0 15202304 934.03 12 516 11.6443 1 15382570 15389848 13 0 1 20 1  0
15.7396 15464942 950.166 8 0 0 1032 15464942 15464943 13 0 1 20 1  0
27.0962 15573003 956.805 8 0 0 1 15465070 15465072 13 0 1 20 1  0
29.0072 15697064 964.428 8 0 0 1 15465111 15465112 13 0 1 20 1  0
11.1106 15464606 950.145 1 0 0 1 15464606 15464607 13 0 1 20 1  0
28.2876 15486696 951.503 1 0 0 398 15464942 15464943 13 0 1 20 1  0
0 15464448 950.136 1 0 0 1400 15465070 15465072 13 0 1 20 1  0
19.1551 15669969 962.763 2 0 0 1 15465070 15465073 13 0 1 20 1  0
10.052 15472446 950.627 3 0 0 1 15472446 15472447 13 0 1 20 1  0
10.7147 15641056 960.986 1 1 0.0197462 1 15641056 15641057 13 0 1 20 1  0
10.7893 15674213 963.024 2 1 0.0197462 4 15612837 15612839 13 0 1 20 1  0
10.4818 15628182 960.195 2 2 0.0394922 2 15628182 15628183 13 0 1 20 1  0
10.4747 15612836 959.253 3 3 0.059238 1 15612835 15612837 13 0 1 20 1  0
14.6792 15726605 966.243 8 0 0 1206 15726605 15726606 13 0 1 20 1  0
29.7886 15740161 967.075 8 0 0 1 15726918 15726920 13 0 1 20 1  0
26.3823 15906000 977.265 8 0 0 1 15727099 15727100 13 0 1 20 1  0
26.7539 15979445 981.777 8 0 0 1 15727393 15727394 13 0 1 20 1  0
26.7455 15830911 972.651 1 0 0 2 15726605 15726607 13 0 1 20 1  0
22.0731 15987275 982.258 1 0 0 1 15726918 15726920 13 0 1 20 1  0
0 15726592 966.242 1 0 0 1597 15727394 15727395 13 0 1 20 1  0
18.3437 15899798 976.884 2 0 0 1 15728221 15728223 13 0 1 20 1  0
13.9071 15873027 975.239 2 1 0.0197462 9 15762834 15762835 13 0 1 20 1  0
10.5603 15762834 968.469 1 1 0.0197462 1 15762834 15762835 13 0 1 20 1  0
12.3322 15969328 981.155 1 1 0.0197462 1 15969328 15969329 13 0 1 20 1  0
10.7203 15749947 967.677 2 2 0.0394922 2 15749947 15749948 13 0 1 20 1  0
11.5828 15903059 977.084 3 1 0.0197462 2 15873025 15873030 13 0 1 20 1  0
10.1872 15944790 979.648 11 59 1.16662 1 15944786 15944815 13 0 1 20 1  0
10.3123 15942058 979.48 9 531 12.0762 2 15942032 15942099 13 0 1 20 1  0
10.1668 15731746 966.558 12 2383 379.788 1 15731494 15731784 13 0 1 20 1  0
11.2888 15922574 978.283 12 3085 1319.04 1 15921724 15923306 13 0 1 20 1  0
16.3267 15989207 982.377 8 0 0 1134 15989207 15989208 13 0 1 20 1  0
29.6913 16057127 986.55 8 0 0 1 15989700 15989701 13 0 1 20 1  0
27.3084 16182801 994.271 8 0 0 1 15990016 15990017 13 0 1 20 1  0
25.4292 16237960 997.66 8 0 0 1 15990217 15990218 13 0 1 20 1  0
28.2827 15994785 982.72 1 0 0 5 15989207 15989209 13 0 1 20 1  0
23.6602 16200896 995.383 1 0 0 2 15989700 15989702 13 0 1 20 1  0
0 15988736 982.348 1 0 0 1453 15990017 15990018 13 0 1 20 1  0
19.2071 16237960 997.66 2 0 0 1 15989700 15989702 13 0 1 20 1  0
10.8317 16162892 993.048 1 1 0.0197462 1 16047485 16047486 13 0 1 20 1  0
10.3326 15990216 982.439 2 2 0.0394922 1 15990216 15990217 13 0 1 20 1  0
12.5427 16121757 990.521 2 2 0.0394922 2 16049298 16049299 13 0 1 20 1  0
10.0118 16129459 990.994 6 23 0.454207 1 16129459 16129464 13 0 1 20 1  0
17.1375 16250986 998.461 8 0 0 3152 16250986 16250987 13 0 1 20 1  0
28.74 16469727 1011.9 8 0 0 1 16251178 16251179 13 0 1 20 1  0
28.6692 16508236 1014.27 8 0 0 1 16251485 16251486 13 0 1 20 1  0
25.6866 16297369 1001.31 1 0 0 2 16250986 16250988 13 0 1 20 1  0
28.8442 16398742 1007.54 2 0 0 3 16250986 16250988 13 0 1 20 1  0
24.4765 16424192 1009.1 3 0 0 4888 16251664 16251667 13 0 1 20 1  0
10.7265 16313144 1002.28 1 1 0.0197462 1 16313144 16313145 13 0 1 20 1  0
10.6662 16306180 1001.85 3 2 0.0394922 3 16306180 16306181 13 0 1 20 1  0
11.0361 16312385 1002.23 2 2 0.0394922 1 16312385 16312386 13 0 1 20 1  0
10.4556 16300750 1001.52 5 2 0.0394922 1 16300750 16300751 13 0 1 20 1  0
10.0113 16321512 1002.79 2 3 0.059238 1 16321512 16321513 13 0 1 20 1  0
10.7435 16309123 1002.03 4 4 0.0789836 3 16309123 16309124 13 0 1 20 1  0
10.0824 16313460 1002.3 3 4 0.0789836 1 16313460 16313461 13 0 1 20 1  0
10.0484 16309544 1002.06 5 5 0.0987291 1 16309544 16309545 13 0 1 20 1  0
30.7803 16511896 1014.49 12 1580 91.122 4635 16509784 16513026 13 0 1 20 1  0
0 16250880 998.454 10 1354 60.7579 652 16512845 16513025 13 0 1 20 1  0
12.6487 16480902 1012.59 12 2579 537.692 4 16478994 16482712 13 0 1 20 1  0
36.5113 16519464 1014.96 10 47 0.928807 22722 16515706 16520322 13 0 1 20 1  0
30.0435 16735451 1028.23 8 0 0 1 16513434 16513435 13 0 1 20 1  0
28.4624 16701485 1026.14 2 0 0 30 16513467 16513472 13 0 1 20 1  0
23.3535 16753399 1029.33 1 0 0 1 16513435 16513436 13 0 1 20 1  0
10.3813 16513469 1014.59 2 1 0.0197462 1 16513469 16513470 13 0 1 20 1  0
12.9662 16518694 1014.91 2 3 0.059238 4 16516408 16516410 13 0 1 20 1  0
10.8711 16516385 1014.77 3 16 0.315943 4 16516385 16516386 13 0 1 20 1  0
10.9274 16517545 1014.84 2 22 0.434452 3 16517543 16517546 13 0 1 20 1  0
11.237 16538778 1016.14 2 11 0.217204 1 16519963 16519966 13 0 1 20 1  0
12.5875 16690053 1025.44 6 11 0.217204 1 16516241 16516266 13 0 1 20 1  0
10.3678 16690033 1025.44 2 26 0.513479 1 16690033 16690034 13 0 1 20 1  0
10.2272 16516894 1014.8 3 28 0.553 1 16516894 16516895 13 0 1 20 1  0
11.8699 16516866 1014.8 3 46 0.909008 6 16515874 16515882 13 0 1 20 1  0
11.0537 16517451 1014.83 4 87 1.72362 15 16517450 16517457 13 0 1 20 1  0
23.7469 16514218 1014.63 12 2292 323.165 506 16513024 16517814 13 0 1 20 1  0
28.2025 16789960 1031.58 8 0 0 1 16775236 16775238 13 0 1 20 1  0
29.8115 16931633 1040.28 8 0 0 1 16775272 16775273 13 0 1 20 1  0
10.3961 16775237 1030.67 2 1 0.0197462 2945 16775237 16775238 13 0 1 20 1  0
27.2074 16861449 1035.97 1 0 0 2 16775236 16775239 13 0 1 20 1  0
27.944 16908458 1038.86 1 0 0 1 16775272 16775274 13 0 1 20 1  0
25.5692 17008999 1045.03 1 0 0 1 16775541 16775542 13 0 1 20 1  0
32.0527 16888877 1037.65 3 0 0 1131 16775235 16775240 13 0 1 20 1  0
10.825 16874659 1036.78 1 1 0.0197462 1 16874659 16874660 13 0 1 20 1  0
11.3064 16953516 1041.62 1 1 0.0197462 1 16935736 16935737 13 0 1 20 1  0
15.6569 16945351 1041.12 2 1 0.0197462 1 16806109 16806110 13 0 1 20 1  0
11.2641 16784080 1031.21 3 1 0.0197462 1 16784080 16784081 13 0 1 20 1  0
10.719 16887208 1037.55 12 1132 40.5808 1 16886756 16887410 13 0 1 20 1  0
18.4669 17037537 1046.79 8 0 0 2789 17037537 17037538 13 0 1 20 1  0
30.4211 17155566 1054.04 8 0 0 1 17037579 17037580 13 0 1 20 1  0
28.5806 17253815 1060.07 8 0 0 1 17038023 17038025 13 0 1 20 1  0
29.25 17128473 1052.37 1 0 0 1 17037537 17037539 13 0 1 20 1  0
27.8863 17155567 1054.04 1 0 0 1 17037580 17037581 13 0 1 20 1  0
25.2886 17253816 1060.07 1 0 0 1 17038024 17038026 13 0 1 20 1  0
23.4045 17089623 1049.99 2 0 0 2 17037537 17037540 13 0 1 20 1  0
15.4526 17295745 1062.65 2 0 0 1 17038023 17038026 13 0 1 20 1  0
17.8743 17095178 1050.33 3 0 0 43 17040340 17040342 13 0 1 20 1  0
26.5152 17059977 1048.16 11 14 0.276446 744 17058302 17065208 13 0 1 20 1  0
10.2586 17213013 1057.57 1 1 0.0197462 1 17213013 17213014 13 0 1 20 1  0
12.0769 17232274 1058.75 2 1 0.0197462 1 17095176 17095177 13 0 1 20 1  0
10.1236 17039841 1046.93 4 1 0.0197462 1 17039841 17039842 13 0 1 20 1  0
10.6997 17267197 1060.9 2 2 0.0394922 3 17128471 17128473 13 0 1 20 1  0
10.7617 17048172 1047.44 3 2 0.0394922 1 17048172 17048173 13 0 1 20 1  0
10.0438 17076241 1049.16 2 3 0.059238 1 17076241 17076242 13 0 1 20 1  0
12.7411 17040012 1046.94 12 1940 172.99 12 17038144 17042368 13 0 1 20 1  0
11.5078 17299477 1062.88 8 0 0 1062 17299477 17299478 13 0 1 20 1  0
25.5253 17405602 1069.4 8 0 0 1 17299508 17299509 13 0 1 20 1  0
31.0018 17468271 1073.25 8 0 0 1 17300306 17300308 13 0 1 20 1  0
13.1663 17299477 1062.88 1 0 0 1438 17299477 17299478 13 0 1 20 1  0
27.7804 17321712 1064.25 1 0 0 1 17299509 17299510 13 0 1 20 1  0
24.7864 17545940 1078.02 1 0 0 1 17300307 17300309 13 0 1 20 1  0
18.8755 17403890 1069.29 2 0 0 5 17300307 17300309 13 0 1 20 1  0
10.3695 17328400 1064.66 1 1 0.0197462 2 17328400 17328401 13 0 1 20 1  0
10.3873 17486181 1074.35 1 1 0.0197462 1 17456653 17456654 13 0 1 20 1  0
11.2377 17540552 1077.69 2 1 0.0197462 1 17303760 17303762 13 0 1 20 1  0
11.4151 17337526 1065.22 3 1 0.0197462 2 17337526 17337527 13 0 1 20 1  0
10.5393 17320177 1064.15 5 1 0.0197462 2 17320177 17320183 13 0 1 20 1  0
11.4813 17416512 1070.07 3 2 0.0394922 3 17337525 17337527 13 0 1 20 1  0
10.3066 17387644 1068.3 2 3 0.059238 1 17387644 17387645 13 0 1 20 1  0
10.685 17394172 1068.7 2 3 0.059238 1 17394172 17394173 13 0 1 20 1  0
11.1815 17472828 1073.53 2 4 0.0789836 3 17472828 17472830 13 0 1 20 1  0
10.0374 17447197 1071.96 3 4 0.0789836 1 17447197 17447198 13 0 1 20 1  0
11.3295 17509246 1075.77 6 35 0.691372 22 17509232 17509256 13 0 1 20 1  0
16.2051 17561762 1078.99 8 0 0 2846 17561762 17561763 13 0 1 20 1  0
31.4516 17642524 1083.96 8 0 0 1 17561923 17561924 13 0 1 20 1  0
23.3284 17815829 1094.6 8 0 0 170 17562057 17562058 13 0 1 20 1  0
31.7014 17635027 1083.5 1 0 0 1 17561762 17561764 13 0 1 20 1  0
27.8097 17751531 1090.65 1 0 0 2 17561923 17561925 13 0 1 20 1  0
27.2026 17774383 1092.06 1 0 0 1 17562057 17562059 13 0 1 20 1  0
16.2963 17619359 1082.53 3 0 0 1 17564670 17564673 13 0 1 20 1  0
10.0787 17600836 1081.4 4 0 0 1 17600836 17600838 13 0 1 20 1  0
10.3035 17584281 1080.38 1 1 0.0197462 1 17584281 17584282 13 0 1 20 1  0
11.6705 17641225 1083.88 1 1 0.0197462 2 17641225 17641226 13 0 1 20 1  0
10.5782 17574187 1079.76 2 1 0.0197462 1 17574187 17574188 13 0 1 20 1  0
11.4106 17698329 1087.39 2 1 0.0197462 1 17580997 17580998 13 0 1 20 1  0
11.1198 17736426 1089.73 3 1 0.0197462 2 17736426 17736427 13 0 1 20 1  0
10.2793 17782343 1092.55 3 1 0.0197462 1 17782343 17782344 13 0 1 20 1  0
10.2716 17572694 1079.67 2 2 0.0394922 1 17572694 17572695 13 0 1 20 1  0
10.5817 17775681 1092.14 2 2 0.0394922 1 17586541 17586542 13 0 1 20 1  0
10.0401 17586542 1080.52 3 2 0.0394922 1 17586542 17586543 13 0 1 20 1  0
10.586 17750582 1090.6 6 20 0.394946 9 17750579 17750586 13 0 1 20 1  0
10.0678 17808017 1094.12 6 29 0.572762 1 17808015 17808018 13 0 1 20 1  0
10.1514 17799435 1093.6 8 34 0.671599 1 17799434 17799438 13 0 1 20 1  0
10.6706 17786431 1092.8 11 67 1.32543 2 17786405 17786763 13 0 1 20 1  0
0 17561600 1078.98 12 1040 34.2286 10 17817376 17820222 13 0 1 20 1  0
12.3636 17824312 1095.13 8 0 0 2450 17824312 17824313 13 0 1 20 1  0
28.427 17831171 1095.55 8 0 0 1 17824641 17824642 13 0 1 20 1  0
29.2094 17988459 1105.21 8 0 0 1 17824927 17824928 13 0 1 20 1  0
23.1525 17888929 1099.1 1 0 0 1 17824312 17824314 13 0 1 20 1  0
22.7906 17949617 1102.82 1 0 0 1 17824641 17824643 13 0 1 20 1  0
25.8102 18065478 1109.94 1 0 0 1 17825286 17825287 13 0 1 20 1  0
18.9797 17959736 1103.45 2 0 0 1 17825759 17825762 13 0 1 20 1  0
21.2843 18040670 1108.42 2 0 0 1 17828687 17828689 13 0 1 20 1  0
15.1694 17916429 1100.79 6 0 0 12 17913797 17915151 13 0 1 20 1  0
21.7586 17914246 1100.65 10 13 0.256698 796 17913609 17915200 13 0 1 20 1  0
10.5154 17846981 1096.52 1 1 0.0197462 1 17846981 17846982 13 0 1 20 1  0
10.6374 17940308 1102.25 1 1 0.0197462 1 17940308 17940309 13 0 1 20 1  0
10.9144 17848608 1096.62 2 1 0.0197462 1 17848608 17848609 13 0 1 20 1  0
11.387 18083420 1111.05 2 1 0.0197462 1 17940309 17940310 13 0 1 20 1  0
11.2314 17904696 1100.06 3 3 0.059238 5 17904695 17904697 13 0 1 20 1  0
10.21 18085989 1111.2 8 0 0 1039 18085989 18085990 13 0 1 20 1  0
27.8402 18114428 1112.95 8 0 0 1 18086026 18086027 13 0 1 20 1  0
25.7762 18346468 1127.21 8 0 0 1 18086504 18086506 13 0 1 20 1  0
12.962 18086026 1111.21 1 0 0 1 18086026 18086027 13 0 1 20 1  0
26.4239 18114428 1112.95 1 0 0 1 18086504 18086506 13 0 1 20 1  0
25.3796 18328006 1126.07 1 0 0 1 18086829 18086831 13 0 1 20 1  0
0 18085888 1111.2 1 0 0 1643 18087347 18087348 13 0 1 20 1  0
20.3516 18199598 1118.18 2 0 0 1 18086026 18086029 13 0 1 20 1  0
22.4526 18291966 1123.86 2 0 0 1 18086504 18086507 13 0 1 20 1  0
17.2639 18259324 1121.85 3 0 0 3 18090736 18090741 13 0 1 20 1  0
10.9924 18171204 1116.44 1 1 0.0197462 1 18171204 18171205 13 0 1 20 1  0
11.6889 18280537 1123.16 1 1 0.0197462 1 18268278 18268279 13 0 1 20 1  0
10.4298 18119134 1113.24 2 1 0.0197462 1 18119134 18119135 13 0 1 20 1  0
10.7309 18311359 1125.05 2 1 0.0197462 2 18144589 18144590 13 0 1 20 1  0
15.8908 18348107 1127.31 8 0 0 947 18348107 18348108 13 0 1 20 1  0
27.2596 18369970 1128.65 8 0 0 1 18348431 18348432 13 0 1 20 1  0
28.4875 18597799 1142.65 8 0 0 1 18349049 18349050 13 0 1 20 1  0
31.277 18386291 1129.65 1 0 0 2 18348107 18348109 13 0 1 20 1  0
26.8537 18481930 1135.53 1 0 0 1 18348396 18348397 13 0 1 20 1  0
33.7561 18597799 1142.65 1 0 0 6 18348431 18348433 13 0 1 20 1  0
0 18348032 1127.3 1 0 0 1562 18349049 18349050 13 0 1 20 1  0
18.7948 18609878 1143.39 2 0 0 1 18351042 18351044 13 0 1 20 1  0
10.2868 18354485 1127.7 2 1 0.0197462 1 18354485 18354486 13 0 1 20 1  0
10.7018 18602701 1142.95 2 1 0.0197462 1 18363258 18363259 13 0 1 20 1  0
10.1832 18588006 1142.05 3 1 0.0197462 1 18588006 18588007 13 0 1 20 1  0
19.9842 18610202 1143.41 8 0 0 987 18610202 18610203 13 0 1 20 1  0
25.8294 18638599 1145.16 8 0 0 1 18610534 18610535 13 0 1 20 1  0
27.1071 18830520 1156.95 8 0 0 1 18610552 18610553 13 0 1 20 1  0
24.3226 18814520 1155.96 1 0 0 1 18610202 18610204 13 0 1 20 1  0
23.7572 18830521 1156.95 1 0 0 1 18610534 18610535 13 0 1 20 1  0
0 18610176 1143.41 1 0 0 1573 18610874 18610875 13 0 1 20 1  0
19.1801 18717905 1150.03 2 0 0 3 18610201 18610203 13 0 1 20 1  0
22.244 18805704 1155.42 2 0 0 2 18610534 18610535 13 0 1 20 1  0
19.7766 18869688 1159.35 2 0 0 1 18612158 18612161 13 0 1 20 1  0
14.888 18870664 1159.41 3 0 0 2 18617889 18617892 13 0 1 20 1  0
10.0035 18723130 1150.35 1 1 0.0197462 1 18723130 18723131 13 0 1 20 1  0
11.6474 18820393 1156.32 1 1 0.0197462 1 18820393 18820394 13 0 1 20 1  0
10.5217 18617889 1143.88 2 1 0.0197462 1 18617889 18617890 13 0 1 20 1  0
10.9868 18689184 1148.26 3 1 0.0197462 1 18689184 18689185 13 0 1 20 1  0
10.0935 18856984 1158.57 12 2546 507.123 1 18856846 18857006 13 0 1 20 1  0
14.3327 18872594 1159.53 8 0 0 1029 18872594 18872595 13 0 1 20 1  0
27.7209 19011353 1168.06 8 0 0 1 18872949 18872950 13 0 1 20 1  0
27.6356 19101129 1173.57 8 0 0 1 18873083 18873084 13 0 1 20 1  0
14.6721 18872595 1159.53 1 0 0 1 18872595 18872596 13 0 1 20 1  0
23.573 18938560 1163.59 1 0 0 1 18872949 18872951 13 0 1 20 1  0
26.6679 19011353 1168.06 1 0 0 3 18873083 18873085 13 0 1 20 1  0
30.0883 19101129 1173.57 1 0 0 1 18873560 18873561 13 0 1 20 1  0
0 18872320 1159.52 1 0 0 1552 18873596 18873598 13 0 1 20 1  0
21.4017 18888298 1160.5 2 0 0 3 18873083 18873086 13 0 1 20 1  0
11.3443 18922897 1162.62 1 1 0.0197462 1 18922897 18922898 13 0 1 20 1  0
10.5154 19051321 1170.51 2 1 0.0197462 1 18989338 18989339 13 0 1 20 1  0
10.1198 18876865 1159.79 3 1 0.0197462 1 18876865 18876866 13 0 1 20 1  0
10.2516 19128223 1175.24 2 2 0.0394922 1 19128223 19128224 13 0 1 20 1  0
120.532 1411848 86.7439 9 2782 770.715 954 1411311 1412409 13 0 1 20 1 1
