10.2672 2714 0.166748 8 0 0 2386 2714 2715 13 0 1 20 1  0
11.8697 128106 7.87083 8 0 0 1 3024 3025 13 0 1 20 1  0
12.0645 255402 15.6919 8 0 0 1 3684 3685 13 0 1 20 1  0
12.1222 259974 15.9728 8 0 0 1 4331 4333 13 0 1 20 1  0
10.5781 3020 0.185549 1 0 0 1 3020 3021 13 0 1 20 1  0
14.0277 255404 15.692 2 0 0 2 8199 8201 13 0 1 20 1  0
10.5116 4333 0.266219 2 0 0 1 4333 4334 13 0 1 20 1  0
13.8796 156007 9.58507 2 0 0 1 7871 7882 13 0 1 20 1  0
10.4395 9166 0.563159 3 3 0.059238 2 9166 9167 13 0 1 20 1  0
13.0255 58242 3.57839 5 0 0 7 13734 13737 13 0 1 20 1  0
11.9565 250212 15.373 3 1 0.0197462 3 9169 9171 13 0 1 20 1  0
11.2804 157642 9.68552 5 1 0.0197462 9 15030 15033 13 0 1 20 1  0
10.1705 33538 2.06057 2 2 0.0394922 1 9166 9168 13 0 1 20 1  0
11.5667 187836 11.5406 3 2 0.0394922 3 9167 9169 13 0 1 20 1  0
10.433 186548 11.4615 5 2 0.0394922 1 58233 58239 13 0 1 20 1  0
10.2701 186870 11.4813 5 3 0.059238 1 158285 158287 13 0 1 20 1  0
11.671 158279 9.72466 5 7 0.13822 5 15014 15021 13 0 1 20 1  0
10.4691 15021 0.92289 3 5 0.0987291 1 15020 15024 13 0 1 20 1  0
11.3023 29637 1.8209 4 5 0.0987291 1 13716 13719 13 0 1 20 1  0
10.0822 14047 0.863048 5 5 0.0987291 2 14047 14048 13 0 1 20 1  0
10.2837 187185 11.5006 4 6 0.118475 1 29635 29637 13 0 1 20 1  0
10.1287 41986 2.57962 5 6 0.118475 1 41986 41987 13 0 1 20 1  0
10.7124 157916 9.70236 10 302 6.24154 7 157690 158059 13 0 1 20 1  0
10.2346 156953 9.64319 11 601 14.2098 1 156611 157266 13 0 1 20 1  0
14.0725 260633 16.0133 8 0 0 8251 260300 260301 13 0 1 20 1  0
14.2708 421056 25.8697 8 0 0 1 260319 260320 13 0 1 20 1  0
13.9579 490535 30.1385 8 0 0 1 260323 260324 13 0 1 20 1  0
10.7691 260323 15.9942 3 2 0.0394922 2 260323 260324 13 0 1 20 1  0
13.8825 410001 25.1905 1 0 0 1 261259 261273 13 0 1 20 1  0
14.0759 437279 26.8664 1 0 0 1 261575 261585 13 0 1 20 1  0
13.7158 352519 21.6588 2 0 0 1 261259 261272 13 0 1 20 1  0
13.8616 445074 27.3453 2 0 0 1 261579 261584 13 0 1 20 1  0
13.1099 284647 17.4887 3 0 0 1 261262 261271 13 0 1 20 1  0
15.3549 351868 21.6188 3 1 0.0197462 2 261575 261586 13 0 1 20 1  0
16.2979 346032 21.2602 4 1 0.0197462 15 261263 261271 13 0 1 20 1  0
14.0955 515548 31.6753 4 0 0 1 261578 261589 13 0 1 20 1  0
15.0111 346361 21.2804 5 0 0 8 261911 261916 13 0 1 20 1  0
10.6855 261578 16.0714 2 1 0.0197462 1 261578 261579 13 0 1 20 1  0
14.3056 439566 27.0069 3 1 0.0197462 2 261899 261918 13 0 1 20 1  0
10.0518 261911 16.0918 5 1 0.0197462 1 261911 261912 13 0 1 20 1  0
10.303 260271 15.991 2 2 0.0394922 1 260271 260272 13 0 1 20 1  0
11.1463 442810 27.2062 2 2 0.0394922 1 269375 269376 13 0 1 20 1  0
13.3393 270343 16.6099 3 2 0.0394922 2 261264 261269 13 0 1 20 1  0
14.8069 353165 21.6985 3 2 0.0394922 1 261578 261579 13 0 1 20 1  0
14.0855 444102 27.2856 3 2 0.0394922 2 261913 261915 13 0 1 20 1  0
10.074 265482 16.3112 5 2 0.0394922 1 265482 265483 13 0 1 20 1  0
10.0911 261263 16.052 3 3 0.059238 1 261263 261264 13 0 1 20 1  0
12.5578 358685 22.0376 3 3 0.059238 1 265794 265795 13 0 1 20 1  0
10.9971 346693 21.3008 6 3 0.059238 1 336615 336630 13 0 1 20 1  0
10.202 268064 16.4699 3 4 0.0789836 1 268064 268065 13 0 1 20 1  0
11.2369 361603 22.2169 3 5 0.0987291 1 264487 264489 13 0 1 20 1  0
10.0205 264486 16.25 3 6 0.118475 1 264486 264487 13 0 1 20 1  0
11.059 438904 26.9663 3 6 0.118475 1 265135 265138 13 0 1 20 1  0
10.1874 269358 16.5494 4 8 0.157966 1 269358 269359 13 0 1 20 1  0
10.8076 362250 22.2566 4 8 0.157966 3 270335 270339 13 0 1 20 1  0
11.1501 522715 32.1156 8 0 0 13461 522715 522716 13 0 1 20 1  0
15.4595 527571 32.414 8 0 0 1 523332 523353 13 0 1 20 1  0
15.419 675030 41.4738 8 0 0 1 523357 523358 13 0 1 20 1  0
15.4676 680229 41.7933 8 0 0 1 523658 523671 13 0 1 20 1  0
15.3379 709785 43.6092 8 0 0 1 523674 523676 13 0 1 20 1  0
15.646 745863 45.8258 8 0 0 1 523682 523683 13 0 1 20 1  0
15.6297 752000 46.2029 8 0 0 1 523686 523687 13 0 1 20 1  0
15.5649 765002 47.0017 8 0 0 1 523691 523692 13 0 1 20 1  0
16.3176 533401 32.7722 1 0 0 1 523333 523354 13 0 1 20 1  0
16.3176 539572 33.1513 1 0 0 4 523658 523678 13 0 1 20 1  0
16.431 768567 47.2208 1 0 0 1 523686 523693 13 0 1 20 1  0
13.3686 781859 48.0374 2 0 0 1 523658 523677 13 0 1 20 1  0
16.2513 539250 33.1315 3 0 0 5 523333 523352 13 0 1 20 1  0
14.879 662342 40.6943 3 0 0 1 523658 523673 13 0 1 20 1  0
12.6216 774402 47.5793 3 0 0 1 523984 524001 13 0 1 20 1  0
13.0593 690611 42.4311 5 0 0 1 523336 523350 13 0 1 20 1  0
13.1825 689003 42.3323 6 0 0 1 532778 532780 13 0 1 20 1  0
13.0919 702941 43.1887 2 1 0.0197462 1 523658 523668 13 0 1 20 1  0
12.246 715282 43.9469 2 1 0.0197462 1 523983 523993 13 0 1 20 1  0
14.4877 700992 43.0689 3 1 0.0197462 1 523657 523673 13 0 1 20 1  0
13.0401 765296 47.0198 3 1 0.0197462 1 523984 523998 13 0 1 20 1  0
13.9667 706518 43.4085 4 1 0.0197462 1 523333 523349 13 0 1 20 1  0
12.6036 688659 42.3112 5 1 0.0197462 4 523335 523347 13 0 1 20 1  0
12.2061 766282 47.0804 5 1 0.0197462 1 523669 523670 13 0 1 20 1  0
13.2297 683154 41.973 6 1 0.0197462 1 525299 525312 13 0 1 20 1  0
12.0456 537625 33.0317 4 2 0.0394922 2 523333 523343 13 0 1 20 1  0
12.0709 702292 43.1488 4 2 0.0394922 3 523658 523660 13 0 1 20 1  0
11.1166 684434 42.0516 5 2 0.0394922 1 537628 537635 13 0 1 20 1  0
12.3756 550610 33.8295 3 3 0.059238 1 523330 523344 13 0 1 20 1  0
12.3596 700337 43.0287 4 4 0.0789836 2 523330 523339 13 0 1 20 1  0
11.5496 663641 40.7741 3 4 0.0789836 1 523336 523339 13 0 1 20 1  0
10.4361 745799 45.8219 3 5 0.0987291 2 538264 538269 13 0 1 20 1  0
12.0439 656487 40.3346 4 6 0.118475 4 523327 523333 13 0 1 20 1  0
10.2822 719179 44.1864 5 6 0.118475 1 670460 670462 13 0 1 20 1  0
10.2539 538257 33.0705 4 11 0.217204 1 538256 538258 13 0 1 20 1  0
10.0112 784456 48.197 8 0 0 11509 784456 784457 13 0 1 20 1  0
13.2245 799120 49.0979 8 0 0 1 784479 784480 13 0 1 20 1  0
12.8666 843248 51.8092 8 0 0 1 784506 784507 13 0 1 20 1  0
12.727 923104 56.7155 8 0 0 1 784779 784780 13 0 1 20 1  0
13.0563 955587 58.7113 8 0 0 1 784788 784789 13 0 1 20 1  0
13.1565 964990 59.289 8 0 0 1 784825 784826 13 0 1 20 1  0
13.1422 976729 60.0102 8 0 0 1 784831 784832 13 0 1 20 1  0
13.1994 1012726 62.2219 8 0 0 1 785115 785116 13 0 1 20 1  0
12.999 1034798 63.578 8 0 0 1 785119 785124 13 0 1 20 1  0
15.2847 1007530 61.9026 1 0 0 2 784456 784458 13 0 1 20 1  0
14.3804 788695 48.4574 2 0 0 2 784781 784806 13 0 1 20 1  0
15.848 927333 56.9753 2 0 0 1 785105 785125 13 0 1 20 1  0
16.476 1012402 62.202 2 0 0 1 785431 785444 13 0 1 20 1  0
15.3656 871484 53.544 3 0 0 1 784782 784793 13 0 1 20 1  0
16.8837 964998 59.2895 3 0 0 2 785114 785123 13 0 1 20 1  0
17.4559 989027 60.7658 4 0 0 5 784785 784794 13 0 1 20 1  0
15.4719 1026038 63.0398 4 0 0 1 785111 785123 13 0 1 20 1  0
16.3391 967276 59.4294 5 0 0 16 784792 784798 13 0 1 20 1  0
10.3684 786095 48.2977 2 1 0.0197462 1 786095 786096 13 0 1 20 1  0
14.4939 987730 60.6861 3 1 0.0197462 3 786413 786414 13 0 1 20 1  0
12.3979 1015970 62.4212 2 1 0.0197462 1 788693 788694 13 0 1 20 1  0
10.1487 784789 48.2174 3 1 0.0197462 1 784789 784790 13 0 1 20 1  0
10.0563 785437 48.2572 5 3 0.059238 2 785437 785438 13 0 1 20 1  0
13.7083 883504 54.2825 5 1 0.0197462 1 786413 786422 13 0 1 20 1  0
10.9359 1014988 62.3609 2 2 0.0394922 1 864345 864346 13 0 1 20 1  0
10.0336 802968 49.3344 3 4 0.0789836 1 802968 802969 13 0 1 20 1  0
10.2647 813025 49.9523 3 5 0.0987291 1 813025 813026 13 0 1 20 1  0
10.2097 818219 50.2714 3 6 0.118475 1 818219 818220 13 0 1 20 1  0
12.5265 988037 60.705 4 6 0.118475 4 867255 867258 13 0 1 20 1  0
10.1959 861729 52.9446 3 7 0.13822 1 861729 861730 13 0 1 20 1  0
10.0817 901663 55.3982 4 9 0.177712 1 901663 901664 13 0 1 20 1  0
10.5025 961648 59.0837 12 1347 59.9959 1 961342 962064 13 0 1 20 1  0
14.5505 1047149 64.3368 8 0 0 6436 1046535 1046536 13 0 1 20 1  0
14.5191 1101379 67.6687 8 0 0 1 1046540 1046541 13 0 1 20 1  0
14.4948 1103322 67.7881 8 0 0 1 1046545 1046546 13 0 1 20 1  0
14.4462 1185123 72.814 8 0 0 1 1046811 1046813 13 0 1 20 1  0
14.3327 1205929 74.0923 8 0 0 1 1046818 1046819 13 0 1 20 1  0
14.1867 1223112 75.148 8 0 0 1 1046824 1046825 13 0 1 20 1  0
14.5272 1300081 79.877 8 0 0 1 1046828 1046829 13 0 1 20 1  0
14.6731 1303977 80.1163 8 0 0 1 1046851 1046852 13 0 1 20 1  0
15.6843 1047150 64.3369 1 0 0 1 1046811 1046830 13 0 1 20 1  0
15.5806 1106892 68.0074 1 0 0 1 1046867 1046868 13 0 1 20 1  0
15.2835 1224084 75.2077 1 0 0 1 1047136 1047155 13 0 1 20 1  0
15.1 1264991 77.721 1 0 0 1 1047162 1047163 13 0 1 20 1  0
16.0221 1060774 65.174 2 0 0 1 1046812 1046821 13 0 1 20 1  0
16.1163 1227331 75.4072 2 0 0 1 1047136 1047153 13 0 1 20 1  0
15.8903 1058506 65.0346 4 0 0 4 1047142 1047150 13 0 1 20 1  0
14.4112 1226684 75.3675 3 0 0 1 1047473 1047480 13 0 1 20 1  0
12.3801 1276682 78.4393 3 0 0 1 1047798 1047808 13 0 1 20 1  0
10.327 1046818 64.3165 4 0 0 1 1046818 1046819 13 0 1 20 1  0
13.1862 1265655 77.7618 5 0 0 2 1048773 1048775 13 0 1 20 1  0
10.0175 1107880 68.0681 6 0 0 1 1107880 1107881 13 0 1 20 1  0
13.3674 1120841 68.8645 3 1 0.0197462 3 1048447 1048448 13 0 1 20 1  0
10.0718 1047798 64.3767 3 1 0.0197462 1 1047798 1047799 13 0 1 20 1  0
12.053 1090648 67.0094 4 1 0.0197462 1 1049095 1049099 13 0 1 20 1  0
10.6643 1180581 72.5349 5 2 0.0394922 3 1180580 1180586 13 0 1 20 1  0
12.7927 1172134 72.0159 3 2 0.0394922 3 1049093 1049098 13 0 1 20 1  0
10.5352 1048764 64.4361 3 2 0.0394922 1 1048764 1048765 13 0 1 20 1  0
10.6372 1104282 67.8471 3 4 0.0789836 1 1058492 1058495 13 0 1 20 1  0
10.976 1108498 68.1061 4 4 0.0789836 4 1058496 1058498 13 0 1 20 1  0
10.5236 1201022 73.7908 5 5 0.0987291 2 1201018 1201036 13 0 1 20 1  0
10.097 1076023 66.1108 3 5 0.0987291 1 1076023 1076024 13 0 1 20 1  0
10.2017 1204272 73.9905 3 5 0.0987291 1 1092256 1092257 13 0 1 20 1  0
10.8858 1277334 78.4794 11 140 2.7902 2 1276340 1277708 13 0 1 20 1  0
10.1631 1275850 78.3882 12 523 11.8448 1 1275720 1276880 13 0 1 20 1  0
11.2404 1310119 80.4937 8 0 0 1 1310119 1310120 13 0 1 20 1  0
13.5424 1311441 80.5749 8 0 0 1 1310123 1310124 13 0 1 20 1  0
13.5028 1413711 86.8584 8 0 0 1 1310128 1310129 13 0 1 20 1  0
13.5104 1419318 87.2029 8 0 0 1 1310443 1310444 13 0 1 20 1  0
13.3507 1441325 88.555 8 0 0 1 1310452 1310456 13 0 1 20 1  0
13.2595 1489048 91.4871 8 0 0 1 1310463 1310465 13 0 1 20 1  0
13.2595 1512714 92.9411 8 0 0 1 1310768 1310769 13 0 1 20 1  0
13.1682 1570170 96.4712 8 0 0 1 1310774 1310780 13 0 1 20 1  0
0 1308672 80.4048 8 0 0 8353 1310791 1310795 13 0 1 20 1  0
10.949 1310120 80.4938 1 0 0 1 1310120 1310121 13 0 1 20 1  0
14.289 1374086 84.4238 1 0 0 1 1310444 1310445 13 0 1 20 1  0
14.6799 1425707 87.5954 2 0 0 2 1311094 1311113 13 0 1 20 1  0
14.2931 1445529 88.8133 1 0 0 1 1310464 1310465 13 0 1 20 1  0
10.6063 1310445 80.5137 2 0 0 1 1310445 1310446 13 0 1 20 1  0
14.6898 1331549 81.8104 2 0 0 1 1310770 1310771 13 0 1 20 1  0
15.2705 1495829 91.9037 2 0 0 1 1311743 1311746 13 0 1 20 1  0
16.966 1495503 91.8837 3 0 0 5 1311096 1311112 13 0 1 20 1  0
18.944 1565627 96.1921 5 0 0 14 1311104 1311110 13 0 1 20 1  0
16.1874 1496480 91.9437 4 0 0 2 1311099 1311108 13 0 1 20 1  0
15.9011 1547445 95.075 4 1 0.0197462 1 1311097 1311106 13 0 1 20 1  0
13.1607 1543874 94.8556 4 2 0.0394922 3 1495176 1495183 13 0 1 20 1  0
12.1516 1570494 96.4911 3 2 0.0394922 1 1370837 1370838 13 0 1 20 1  0
11.2878 1534473 94.278 6 2 0.0394922 6 1495840 1495847 13 0 1 20 1  0
10.0523 1495179 91.8638 3 4 0.0789836 1 1495179 1495180 13 0 1 20 1  0
10.0274 1519523 93.3595 5 5 0.0987291 1 1519523 1519524 13 0 1 20 1  0
11.5596 1560107 95.853 6 5 0.0987291 1 1495508 1495520 13 0 1 20 1  0
10.0684 1535406 94.3353 12 236 4.79021 1 1535376 1535432 13 0 1 20 1  0
10.0579 1495672 91.8941 12 429 9.29219 1 1495656 1495982 13 0 1 20 1  0
15.1767 1592896 97.8675 8 0 0 1 1570818 1570822 13 0 1 20 1  0
15.5056 1629883 100.14 8 0 0 1 1570825 1570830 13 0 1 20 1  0
15.6252 1714018 105.309 8 0 0 1 1570833 1570835 13 0 1 20 1  0
15.5953 1729230 106.244 8 0 0 1 1570842 1570843 13 0 1 20 1  0
15.5505 1795135 110.293 8 0 0 1 1570847 1570848 13 0 1 20 1  0
0 1570816 96.5109 8 0 0 9803 1570863 1570864 13 0 1 20 1  0
17.1332 1716255 105.447 1 0 0 1 1570818 1570835 13 0 1 20 1  0
16.1075 1820108 111.827 1 0 0 1 1570843 1570844 13 0 1 20 1  0
18.5791 1595485 98.0266 2 0 0 2 1570816 1570835 13 0 1 20 1  0
16.3088 1818161 111.708 2 0 0 2 1570864 1570865 13 0 1 20 1  0
17.4577 1603596 98.5249 3 0 0 2 1570816 1570824 13 0 1 20 1  0
18.8247 1600028 98.3057 4 0 0 3 1570816 1570832 13 0 1 20 1  0
18.8366 1785715 109.714 5 0 0 78 1570816 1570836 13 0 1 20 1  0
10.0979 1571454 96.5501 3 3 0.059238 2 1571454 1571455 13 0 1 20 1  0
10.0117 1592873 97.8661 2 3 0.059238 1 1592873 1592874 13 0 1 20 1  0
10.5222 1734403 106.562 2 3 0.059238 1 1593524 1593525 13 0 1 20 1  0
12.9089 1589306 97.647 3 4 0.0789836 2 1571774 1571788 13 0 1 20 1  0
10.5449 1813282 111.408 2 4 0.0789836 1 1589625 1589628 13 0 1 20 1  0
14.7834 1584765 97.368 4 4 0.0789836 2 1571451 1571456 13 0 1 20 1  0
15.484 1637995 100.638 4 5 0.0987291 12 1571449 1571454 13 0 1 20 1  0
11.0747 1730171 106.302 3 9 0.177712 1 1572415 1572420 13 0 1 20 1  0
10.5473 1798012 110.47 3 12 0.236951 2 1587993 1587996 13 0 1 20 1  0
10.3019 1572414 96.6091 4 10 0.197458 1 1572414 1572415 13 0 1 20 1  0
10.3899 1739257 106.86 3 11 0.217204 1 1592860 1592864 13 0 1 20 1  0
10.0789 1586694 97.4865 3 12 0.236951 1 1586694 1586695 13 0 1 20 1  0
10.0084 1629860 100.139 4 15 0.296194 1 1629860 1629861 13 0 1 20 1  0
10.4027 1784917 109.665 3 337 7.04443 3 1784916 1784919 13 0 1 20 1  0
10.6917 1784898 109.664 7 354 7.44396 7 1784874 1784918 13 0 1 20 1  0
10.6822 1571264 96.5385 7 2032 203.703 1 1571229 1571296 13 0 1 20 1  0
10.8724 1832960 112.617 12 2855 877.239 1 1832472 1832962 13 0 1 20 1  0
11.2093 1738234 106.797 12 3231 1708.83 1 1734260 1739948 13 0 1 20 1  0
16.1655 1833762 112.666 8 0 0 15092 1833739 1833741 13 0 1 20 1  0
16.1486 1919447 117.931 8 0 0 1 1833744 1833745 13 0 1 20 1  0
16.2556 2037975 125.213 8 0 0 1 1833751 1833756 13 0 1 20 1  0
16.2709 2040866 125.391 8 0 0 1 1833761 1833763 13 0 1 20 1  0
16.118 2054177 126.209 8 0 0 1 1833777 1833778 13 0 1 20 1  0
16.2403 2081152 127.866 8 0 0 1 1834063 1834066 13 0 1 20 1  0
16.7603 2094467 128.684 8 0 0 1 1834089 1834090 13 0 1 20 1  0
17.8487 1837635 112.904 1 0 0 1 1833739 1833746 13 0 1 20 1  0
17.8582 1917829 117.831 1 0 0 1 1833752 1833756 13 0 1 20 1  0
17.8751 1919763 117.95 1 0 0 1 1833762 1833764 13 0 1 20 1  0
17.7736 2017487 123.954 1 0 0 1 1833777 1833778 13 0 1 20 1  0
17.8582 2078532 127.705 1 0 0 1 1834064 1834066 13 0 1 20 1  0
17.3843 2082452 127.946 1 0 0 1 1834390 1834391 13 0 1 20 1  0
18.4507 2091870 128.524 1 0 0 1 1834722 1834741 13 0 1 20 1  0
20.2596 1867178 114.719 3 0 0 3 1833742 1833754 13 0 1 20 1  0
18.0793 1971720 121.142 2 0 0 1 1834064 1834066 13 0 1 20 1  0
19.6537 2075285 127.506 2 0 0 1 1834722 1834741 13 0 1 20 1  0
19.6914 1864906 114.58 4 1 0.0197462 2 1833743 1833758 13 0 1 20 1  0
19.7688 1942808 119.366 4 2 0.0394922 2 1835358 1835384 13 0 1 20 1  0
18.6054 1868482 114.8 5 1 0.0197462 12 1835365 1835389 13 0 1 20 1  0
14.2006 1948678 119.727 6 1 0.0197462 3 1859730 1859734 13 0 1 20 1  0
11.0051 1833751 112.666 2 1 0.0197462 3 1833751 1833752 13 0 1 20 1  0
14.9056 2079179 127.745 2 1 0.0197462 1 1835360 1835375 13 0 1 20 1  0
18.9173 1862630 114.44 3 1 0.0197462 3 1833739 1833754 13 0 1 20 1  0
17.2203 2078207 127.685 3 1 0.0197462 1 1834722 1834728 13 0 1 20 1  0
19.1793 1923015 118.15 4 1 0.0197462 3 1834731 1834732 13 0 1 20 1  0
18.602 1948988 119.746 4 1 0.0197462 2 1835360 1835386 13 0 1 20 1  0
17.0652 2013920 123.735 4 1 0.0197462 1 1836663 1836673 13 0 1 20 1  0
14.1472 2056136 126.329 5 1 0.0197462 1 1841856 1841875 13 0 1 20 1  0
10.3874 1835360 112.765 2 2 0.0394922 1 1835360 1835361 13 0 1 20 1  0
11.9145 2080800 127.844 2 2 0.0394922 1 1837313 1837314 13 0 1 20 1  0
14.5741 2071710 127.286 3 2 0.0394922 1 1836664 1836668 13 0 1 20 1  0
13.3231 2091202 128.483 5 3 0.059238 2 1837318 1837327 13 0 1 20 1  0
14.6905 1938583 119.107 3 3 0.059238 1 1835357 1835373 13 0 1 20 1  0
14.2672 2071385 127.266 3 3 0.059238 1 1836663 1836665 13 0 1 20 1  0
14.996 2077879 127.665 4 3 0.059238 1 1836987 1836988 13 0 1 20 1  0
12.9897 1947050 119.627 6 3 0.059238 2 1859727 1859729 13 0 1 20 1  0
10.8854 2095085 128.722 2 4 0.0789836 3 1835355 1835369 13 0 1 20 1  0
13.9029 2079825 127.784 3 4 0.0789836 1 1836662 1836663 13 0 1 20 1  0
15.0129 1949632 119.785 4 4 0.0789836 1 1835359 1835375 13 0 1 20 1  0
11.1818 1859700 114.26 3 5 0.0987291 2 1835354 1835356 13 0 1 20 1  0
13.8845 2051900 126.069 4 5 0.0987291 1 1837306 1837307 13 0 1 20 1  0
10.0067 1857104 114.1 3 6 0.118475 1 1857104 1857105 13 0 1 20 1  0
10.07 1837304 112.884 4 6 0.118475 1 1837304 1837305 13 0 1 20 1  0
10.3677 1947669 119.665 4 8 0.157966 1 1863270 1863272 13 0 1 20 1  0
10.0318 2072996 127.365 4 10 0.197458 1 2072996 2072997 13 0 1 20 1  0
10.6858 1935128 118.894 12 109 2.16404 2 1934426 1936490 13 0 1 20 1  0
12.9494 2045380 125.668 12 3212 1652.22 6 2042730 2048660 13 0 1 20 1  0
17.3566 2095440 128.744 8 0 0 15511 2095104 2095120 13 0 1 20 1  0
17.0922 2165908 133.073 8 0 0 1 2095123 2095130 13 0 1 20 1  0
16.9035 2218830 136.325 8 0 0 1 2095133 2095137 13 0 1 20 1  0
17.0019 2227597 136.864 8 0 0 1 2095140 2095141 13 0 1 20 1  0
17.0019 2325336 142.869 8 0 0 2 2095145 2095146 13 0 1 20 1  0
17.2317 2332158 143.288 8 0 0 1 2095150 2095151 13 0 1 20 1  0
17.112 2097385 128.863 1 0 0 1 2095104 2095124 13 0 1 20 1  0
16.4745 2136329 131.256 2 0 0 1 2095104 2095114 13 0 1 20 1  0
15.9804 2310381 141.95 2 0 0 1 2095415 2095443 13 0 1 20 1  0
21.785 2247755 138.102 6 0 0 5 2095113 2095128 13 0 1 20 1  0
19.1038 2255563 138.582 5 0 0 4 2095419 2095447 13 0 1 20 1  0
15.265 2311041 141.99 5 0 0 3 2095748 2095762 13 0 1 20 1  0
14.4613 2325649 142.888 2 1 0.0197462 1 2095415 2095435 13 0 1 20 1  0
14.8417 2120746 130.299 3 1 0.0197462 1 2095108 2095125 13 0 1 20 1  0
18.4987 2250999 138.301 6 1 0.0197462 20 2100961 2100966 13 0 1 20 1  0
10.6109 2097362 128.862 2 2 0.0394922 1 2097362 2097363 13 0 1 20 1  0
12.8614 2326295 142.928 3 3 0.059238 2 2097686 2097687 13 0 1 20 1  0
13.0533 2185033 134.248 3 2 0.0394922 2 2095412 2095430 13 0 1 20 1  0
13.9306 2193486 134.768 5 2 0.0394922 1 2095104 2095107 13 0 1 20 1  0
10.0373 2151267 132.174 2 3 0.059238 1 2151267 2151268 13 0 1 20 1  0
10.1116 2155158 132.413 2 3 0.059238 1 2155158 2155159 13 0 1 20 1  0
12.1031 2166847 133.131 3 3 0.059238 1 2095738 2095741 13 0 1 20 1  0
14.7687 2254563 138.52 6 3 0.059238 3 2219468 2219479 13 0 1 20 1  0
14.6482 2251641 138.341 5 3 0.059238 1 2095421 2095423 13 0 1 20 1  0
11.7737 2196067 134.926 3 4 0.0789836 1 2098658 2098661 13 0 1 20 1  0
10.0523 2108422 129.541 6 4 0.0789836 1 2108422 2108423 13 0 1 20 1  0
10.0406 2098006 128.901 3 5 0.0987291 1 2098006 2098007 13 0 1 20 1  0
11.371 2103211 129.221 3 5 0.0987291 2 2098656 2098658 13 0 1 20 1  0
10.0358 2099959 129.021 4 5 0.0987291 1 2099959 2099960 13 0 1 20 1  0
10.0051 2247409 138.081 6 6 0.118475 1 2247409 2247410 13 0 1 20 1  0
10.1928 2340905 143.825 4 7 0.13822 1 2167817 2167819 13 0 1 20 1  0
21.1893 2250928 138.297 12 237 4.81166 220 2247920 2255094 13 0 1 20 1  0
0 2095104 128.723 10 244 4.96227 4 2254607 2254680 13 0 1 20 1  0
10.0321 2248397 138.142 6 1179 44.232 1 2248397 2248398 13 0 1 20 1  0
19.3899 2244764 137.918 11 2429 412.08 472 2242072 2249329 13 0 1 20 1  0
0 2095104 128.723 7 2399 390.723 263 2245876 2246000 13 0 1 20 1  0
10.826 2246784 138.042 5 2414 401.26 1 2246779 2246793 13 0 1 20 1  0
11.2839 2357464 144.843 8 0 0 11171 2357464 2357465 13 0 1 20 1  0
14.7308 2394833 147.139 8 0 0 1 2357468 2357469 13 0 1 20 1  0
14.7388 2516259 154.599 8 0 0 1 2357482 2357485 13 0 1 20 1  0
14.7388 2603605 159.965 8 0 0 1 2357790 2357791 13 0 1 20 1  0
14.8669 2618868 160.903 8 0 0 1 2357794 2357797 13 0 1 20 1  0
10.4742 2357465 144.843 1 0 0 2 2357465 2357466 13 0 1 20 1  0
14.8637 2398726 147.378 1 0 0 1 2357485 2357486 13 0 1 20 1  0
14.6326 2450029 150.53 1 0 0 1 2357794 2357812 13 0 1 20 1  0
14.0003 2483466 152.584 1 0 0 1 2358126 2358135 13 0 1 20 1  0
14.7542 2577930 158.388 1 0 0 1 2358437 2358439 13 0 1 20 1  0
12.7074 2399700 147.438 2 0 0 1 2357798 2357800 13 0 1 20 1  0
15.4198 2572742 158.069 4 0 0 9 2357790 2357809 13 0 1 20 1  0
14.3814 2429880 149.292 4 0 0 2 2357467 2357479 13 0 1 20 1  0
13.5286 2552932 156.852 3 0 0 2 2358129 2358135 13 0 1 20 1  0
10.1309 2357793 144.863 2 1 0.0197462 1 2357793 2357794 13 0 1 20 1  0
13.3742 2578256 158.408 2 1 0.0197462 1 2358133 2358134 13 0 1 20 1  0
13.535 2441570 150.01 4 1 0.0197462 1 2357465 2357474 13 0 1 20 1  0
13.0113 2483452 152.583 5 3 0.059238 8 2357466 2357471 13 0 1 20 1  0
10.0108 2473082 151.946 6 1 0.0197462 1 2473082 2473083 13 0 1 20 1  0
10.4212 2440270 149.93 2 2 0.0394922 1 2440270 2440271 13 0 1 20 1  0
10.7316 2483122 152.563 2 2 0.0394922 1 2440591 2440592 13 0 1 20 1  0
13.1666 2562677 157.451 3 2 0.0394922 3 2358436 2358438 13 0 1 20 1  0
14.5571 2555854 157.032 4 2 0.0394922 3 2357462 2357477 13 0 1 20 1  0
10.2951 2483789 152.604 6 4 0.0789836 2 2483786 2483791 13 0 1 20 1  0
10.0362 2426621 149.092 2 3 0.059238 1 2426621 2426622 13 0 1 20 1  0
10.1676 2509737 154.198 2 3 0.059238 1 2504866 2504867 13 0 1 20 1  0
10.3401 2358763 144.922 3 3 0.059238 1 2358763 2358764 13 0 1 20 1  0
13.5378 2554876 156.972 4 3 0.059238 2 2357794 2357798 13 0 1 20 1  0
10.0204 2367533 145.461 5 4 0.0789836 1 2367533 2367534 13 0 1 20 1  0
10.118 2440588 149.95 3 5 0.0987291 1 2440588 2440589 13 0 1 20 1  0
10.0549 2395773 147.196 4 5 0.0987291 1 2395773 2395774 13 0 1 20 1  0
10.0016 2475643 152.104 3 6 0.118475 1 2475643 2475644 13 0 1 20 1  0
10.2919 2555187 156.991 3 6 0.118475 1 2485057 2485058 13 0 1 20 1  0
10.0216 2565260 157.61 4 7 0.13822 1 2565260 2565261 13 0 1 20 1  0
12.3052 2619499 160.942 8 0 0 9806 2619499 2619500 13 0 1 20 1  0
15.0852 2639648 162.18 8 0 0 1 2619506 2619507 13 0 1 20 1  0
15.0552 2646143 162.579 8 0 0 2 2619817 2619831 13 0 1 20 1  0
15.0912 2723095 167.307 8 0 0 1 2620143 2620144 13 0 1 20 1  0
15.0912 2730243 167.746 8 0 0 1 2620158 2620159 13 0 1 20 1  0
14.7067 2827662 173.732 8 0 0 1 2620162 2620166 13 0 1 20 1  0
15.6387 2637701 162.06 1 0 0 3 2619499 2619508 13 0 1 20 1  0
15.5505 2720183 167.128 1 0 0 1 2619818 2619831 13 0 1 20 1  0
15.0521 2764342 169.841 1 0 0 1 2620159 2620160 13 0 1 20 1  0
15.0521 2819867 173.253 1 0 0 1 2620166 2620167 13 0 1 20 1  0
16.8841 2716586 166.907 3 0 0 11 2619496 2619509 13 0 1 20 1  0
10.6159 2624695 161.261 3 2 0.0394922 2 2624695 2624696 13 0 1 20 1  0
15.5351 2771168 170.261 6 0 0 15 2637693 2637712 13 0 1 20 1  0
10.0271 2637384 162.041 6 0 0 1 2637384 2637385 13 0 1 20 1  0
10.2791 2619820 160.962 2 1 0.0197462 1 2619820 2619821 13 0 1 20 1  0
13.2373 2648073 162.698 3 1 0.0197462 1 2619818 2619825 13 0 1 20 1  0
14.9353 2717560 166.967 4 1 0.0197462 2 2619498 2619503 13 0 1 20 1  0
10.0836 2638323 162.099 2 2 0.0394922 1 2638323 2638324 13 0 1 20 1  0
13.6076 2704577 166.169 3 2 0.0394922 1 2632152 2632154 13 0 1 20 1  0
14.1593 2782503 170.957 4 2 0.0394922 1 2624688 2624695 13 0 1 20 1  0
13.6343 2650022 162.817 5 2 0.0394922 2 2624048 2624051 13 0 1 20 1  0
11.8041 2718850 167.046 3 3 0.059238 1 2642543 2642545 13 0 1 20 1  0
10.0423 2633456 161.8 4 3 0.059238 1 2633456 2633457 13 0 1 20 1  0
12.6176 2770495 170.219 5 3 0.059238 1 2647100 2647101 13 0 1 20 1  0
10.6154 2718692 167.036 10 2825 831.787 3 2718122 2720000 13 0 1 20 1  0
17.0082 2881888 177.063 8 0 0 18363 2881548 2881560 13 0 1 20 1  0
16.9816 2892921 177.741 8 0 0 1 2881563 2881564 13 0 1 20 1  0
16.8535 3025736 185.901 8 0 0 1 2881567 2881570 13 0 1 20 1  0
16.8214 3072814 188.794 8 0 0 1 2881866 2881890 13 0 1 20 1  0
16.8214 3082554 189.392 8 0 0 1 2881897 2881898 13 0 1 20 1  0
16.3408 3132238 192.445 8 0 0 1 2882190 2882218 13 0 1 20 1  0
18.7229 2899095 178.12 1 0 0 1 2881545 2881570 13 0 1 20 1  0
18.6765 3015675 185.283 1 0 0 1 2881866 2881899 13 0 1 20 1  0
18.3848 3057237 187.837 1 0 0 1 2882191 2882219 13 0 1 20 1  0
17.9429 3125763 192.047 1 0 0 1 2882515 2882546 13 0 1 20 1  0
19.0168 2899415 178.14 2 0 0 2 2881547 2881570 13 0 1 20 1  0
16.6878 3017299 185.383 2 0 0 1 2881867 2881900 13 0 1 20 1  0
17.9137 3049759 187.377 2 0 0 3 2882191 2882219 13 0 1 20 1  0
20.2366 2976699 182.888 4 0 0 19 2881547 2881572 13 0 1 20 1  0
15.8252 3081249 189.312 4 0 0 1 2881866 2881898 13 0 1 20 1  0
16.8999 2892927 177.741 4 1 0.0197462 6 2881546 2881567 13 0 1 20 1  0
16.8274 3106897 190.888 3 1 0.0197462 3 2881866 2881898 13 0 1 20 1  0
14.3473 3117948 191.567 3 1 0.0197462 1 2882188 2882216 13 0 1 20 1  0
19.253 2943257 180.834 5 2 0.0394922 7 2881545 2881567 13 0 1 20 1  0
14.5302 2943593 180.854 6 1 0.0197462 6 2882534 2882540 13 0 1 20 1  0
10.3625 2881871 177.062 2 2 0.0394922 2 2881871 2881872 13 0 1 20 1  0
10.8698 2896800 177.979 2 3 0.059238 1 2882185 2882186 13 0 1 20 1  0
14.166 2896481 177.96 4 4 0.0789836 2 2881540 2881543 13 0 1 20 1  0
14.07 3070852 188.673 4 4 0.0789836 1 2881860 2881880 13 0 1 20 1  0
14.8449 2911097 178.858 5 5 0.0987291 2 2881544 2881549 13 0 1 20 1  0
10.8986 2908486 178.697 3 7 0.13822 1 2881854 2881857 13 0 1 20 1  0
10.2313 2885101 177.261 3 8 0.157966 1 2885101 2885102 13 0 1 20 1  0
10.3806 2933812 180.253 3 8 0.157966 1 2886399 2886400 13 0 1 20 1  0
10.5501 2944858 180.932 5 10 0.197458 2 2892901 2892907 13 0 1 20 1  0
10.9466 2943768 180.865 12 333 6.95136 6 2943674 2944776 13 0 1 20 1  0
0 2881536 177.042 12 333 6.95136 1 3055708 3055928 13 0 1 20 1  0
15.8721 3048054 187.272 12 1532 83.6296 218 2937252 2938820 13 0 1 20 1  0
0 2881536 177.042 12 579 13.5173 1 3054570 3055650 13 0 1 20 1  0
0 2881536 177.042 12 1474 75.3804 24 3137164 3137974 13 0 1 20 1  0
16.1681 3191355 196.077 8 0 0 1 3143911 3143925 13 0 1 20 1  0
16.1799 3259221 200.247 8 0 0 1 3143930 3143931 13 0 1 20 1  0
16.1016 3305951 203.118 8 0 0 1 3143934 3143935 13 0 1 20 1  0
16.0077 3363430 206.649 8 0 0 1 3143941 3143942 13 0 1 20 1  0
10.1337 3143897 193.161 3 8 0.157966 10477 3143897 3143898 13 0 1 20 1  0
17.6691 3216984 197.651 1 0 0 1 3143911 3143926 13 0 1 20 1  0
17.9225 3222840 198.011 1 0 0 1 3143934 3143948 13 0 1 20 1  0
17.8788 3269300 200.866 1 0 0 2 3143959 3143960 13 0 1 20 1  0
17.9487 3295880 202.499 1 0 0 1 3144235 3144265 13 0 1 20 1  0
17.4768 3331599 204.693 1 0 0 1 3144561 3144568 13 0 1 20 1  0
17.9173 3144900 193.223 2 0 0 5 3143911 3143941 13 0 1 20 1  0
17.7949 3268607 200.823 2 0 0 1 3144235 3144264 13 0 1 20 1  0
17.1674 3145550 193.263 3 0 0 1 3143911 3143939 13 0 1 20 1  0
16.314 3222496 197.99 3 0 0 1 3144235 3144262 13 0 1 20 1  0
17.504 3320887 204.035 3 0 0 3 3144563 3144568 13 0 1 20 1  0
16.5228 3328677 204.514 4 0 0 3 3143914 3143928 13 0 1 20 1  0
14.2979 3379014 207.607 4 0 0 1 3144236 3144258 13 0 1 20 1  0
14.4623 3229971 198.449 5 0 0 4 3143921 3143930 13 0 1 20 1  0
13.6674 3231266 198.529 5 2 0.0394922 2 3144233 3144251 13 0 1 20 1  0
13.575 3355313 206.15 2 1 0.0197462 1 3143914 3143924 13 0 1 20 1  0
11.5836 3173779 194.997 2 2 0.0394922 4 3144885 3144887 13 0 1 20 1  0
15.0638 3180281 195.396 4 2 0.0394922 7 3143908 3143921 13 0 1 20 1  0
10.0084 3144228 193.181 2 4 0.0789836 2 3144228 3144229 13 0 1 20 1  0
10.0489 3252354 199.825 2 4 0.0789836 1 3145201 3145203 13 0 1 20 1  0
12.3463 3260808 200.344 5 4 0.0789836 3 3143915 3143917 13 0 1 20 1  0
12.0317 3145200 193.241 3 5 0.0987291 3 3143900 3143903 13 0 1 20 1  0
11.3777 3232881 198.628 5 6 0.118475 2 3144881 3144888 13 0 1 20 1  0
10.8698 3390361 208.304 3 6 0.118475 1 3144222 3144228 13 0 1 20 1  0
10.037 3179953 195.376 5 7 0.13822 1 3179953 3179954 13 0 1 20 1  0
10.2622 3318336 203.879 10 369 7.80208 1 3318300 3318364 13 0 1 20 1  0
10.5312 3222972 198.019 12 1211 46.8922 8 3222550 3223636 13 0 1 20 1  0
0 3143680 193.148 12 1255 50.7984 1 3299972 3300612 13 0 1 20 1  0
14.5071 3431638 210.84 8 0 0 1 3405960 3405962 13 0 1 20 1  0
14.3666 3447854 211.836 8 0 0 1 3405972 3405980 13 0 1 20 1  0
14.3148 3566396 219.119 8 0 0 1 3405986 3405987 13 0 1 20 1  0
14.4479 3585233 220.277 8 0 0 1 3405990 3405991 13 0 1 20 1  0
14.4923 3593994 220.815 8 0 0 1 3405994 3405995 13 0 1 20 1  0
14.5662 3665485 225.207 8 0 0 1 3406010 3406011 13 0 1 20 1  0
0 3405824 209.254 8 0 0 8174 3406014 3406015 13 0 1 20 1  0
16.0357 3440423 211.38 1 0 0 1 3405961 3405977 13 0 1 20 1  0
15.5593 3475792 213.553 2 0 0 1 3405961 3405963 13 0 1 20 1  0
16.617 3561421 218.814 5 0 0 2 3437150 3437155 13 0 1 20 1  0
15.8794 3584587 220.237 2 0 0 2 3406611 3406625 13 0 1 20 1  0
15.8631 3585235 220.277 2 0 0 1 3406942 3406946 13 0 1 20 1  0
13.1993 3430000 210.739 3 0 0 2 3406288 3406301 13 0 1 20 1  0
17.1967 3569874 219.333 3 0 0 12 3406613 3406626 13 0 1 20 1  0
17.2145 3576748 219.755 3 0 0 2 3406944 3406949 13 0 1 20 1  0
16.968 3621606 222.511 3 0 0 1 3407270 3407276 13 0 1 20 1  0
17.8117 3571824 219.453 4 0 0 21 3406291 3406300 13 0 1 20 1  0
10.2187 3436501 211.139 5 0 0 1 3436501 3436502 13 0 1 20 1  0
11.7895 3638172 223.529 5 0 0 1 3438124 3438125 13 0 1 20 1  0
10.006 3438121 211.238 5 1 0.0197462 1 3438121 3438122 13 0 1 20 1  0
10.5845 3584908 220.257 2 2 0.0394922 1 3474481 3474491 13 0 1 20 1  0
10.9035 3406284 209.282 3 2 0.0394922 1 3406284 3406285 13 0 1 20 1  0
10.161 3412777 209.681 3 3 0.059238 1 3412777 3412778 13 0 1 20 1  0
11.9385 3648545 224.167 3 3 0.059238 1 3427716 3427717 13 0 1 20 1  0
10.0403 3456952 212.395 5 3 0.059238 1 3456952 3456953 13 0 1 20 1  0
10.0176 3448506 211.876 3 5 0.0987291 1 3448506 3448507 13 0 1 20 1  0
10.6494 3576701 219.753 3 5 0.0987291 1 3472201 3472203 13 0 1 20 1  0
10.198 3427391 210.579 4 5 0.0987291 1 3427391 3427392 13 0 1 20 1  0
10.1441 3479673 213.791 4 7 0.13822 1 3479673 3479674 13 0 1 20 1  0
10.0952 3544301 217.762 5 8 0.157966 1 3544301 3544302 13 0 1 20 1  0
10.5832 3571669 219.443 9 236 4.79021 1 3571607 3571717 13 0 1 20 1  0
16.5271 3683957 226.342 8 0 0 1 3668045 3668049 13 0 1 20 1  0
16.6031 3690458 226.742 8 0 0 5 3668052 3668053 13 0 1 20 1  0
16.4289 3722286 228.697 8 0 0 1 3668056 3668060 13 0 1 20 1  0
16.461 3762857 231.19 8 0 0 1 3668068 3668069 13 0 1 20 1  0
16.501 3802499 233.626 8 0 0 1 3668073 3668074 13 0 1 20 1  0
17.2911 3869074 237.716 5 2 0.0394922 47 3672907 3672919 13 0 1 20 1  0
16.5331 3892424 239.151 8 0 0 1 3668093 3668094 13 0 1 20 1  0
16.5331 3893727 239.231 8 0 0 2 3668680 3668681 13 0 1 20 1  0
16.5971 3926520 241.245 8 0 0 2 3668692 3668698 13 0 1 20 1  0
10.9821 3668047 225.365 2 0 0 18433 3668047 3668048 13 0 1 20 1  0
21.302 3696291 227.1 2 0 0 3 3669342 3669346 13 0 1 20 1  0
18.64 3775187 231.947 1 0 0 1 3668056 3668057 13 0 1 20 1  0
18.6036 3784633 232.528 1 0 0 1 3668073 3668079 13 0 1 20 1  0
18.5854 3880098 238.393 1 0 0 1 3668680 3668681 13 0 1 20 1  0
18.9947 3867136 237.597 2 0 0 1 3669653 3669671 13 0 1 20 1  0
20.4074 3882374 238.533 2 0 0 1 3669987 3670005 13 0 1 20 1  0
10.8577 3669342 225.444 2 1 0.0197462 2 3669342 3669343 13 0 1 20 1  0
21.9769 3777458 232.087 4 1 0.0197462 14 3669653 3669669 13 0 1 20 1  0
14.7562 3929420 241.424 2 1 0.0197462 5 3669995 3669996 13 0 1 20 1  0
17.2291 3909304 240.188 5 0 0 4 3673561 3673575 13 0 1 20 1  0
16.6458 3866786 237.575 6 0 0 7 3690771 3690800 13 0 1 20 1  0
10.4788 3669654 225.464 2 2 0.0394922 2 3669654 3669655 13 0 1 20 1  0
17.2049 3920331 240.865 4 2 0.0394922 4 3672578 3672579 13 0 1 20 1  0
10.0671 3713483 228.156 2 3 0.059238 1 3713483 3713484 13 0 1 20 1  0
11.6888 3929736 241.443 3 5 0.0987291 2 3676464 3676466 13 0 1 20 1  0
13.3364 3903799 239.849 3 3 0.059238 1 3672897 3672900 13 0 1 20 1  0
15.0892 3745634 230.132 4 3 0.059238 1 3669649 3669661 13 0 1 20 1  0
10.2564 3676466 225.882 3 4 0.0789836 1 3676466 3676467 13 0 1 20 1  0
12.5054 3850852 236.596 3 4 0.0789836 2 3690751 3690756 13 0 1 20 1  0
15.2457 3778100 232.126 4 4 0.0789836 5 3669648 3669656 13 0 1 20 1  0
12.5557 3867100 237.595 6 4 0.0789836 2 3830723 3830736 13 0 1 20 1  0
10.1108 3708934 227.877 3 6 0.118475 1 3708934 3708935 13 0 1 20 1  0
14.2724 3830712 235.359 5 6 0.118475 1 3690751 3690773 13 0 1 20 1  0
15.2893 3868054 237.653 5 6 0.118475 4 3692380 3692386 13 0 1 20 1  0
11.323 3776478 232.027 4 9 0.177712 1 3690744 3690748 13 0 1 20 1  0
11.0334 3863818 237.393 4 10 0.197458 2 3727752 3727754 13 0 1 20 1  0
10.9889 3914900 240.531 12 99 1.96349 2 3864880 3868460 13 0 1 20 1  0
12.7357 3894376 239.27 12 132 2.6279 6 3892726 3915912 13 0 1 20 1  0
10.66 3900832 239.667 10 626 15.0231 8 3900768 3901163 13 0 1 20 1  0
10.6936 3881830 238.5 12 1771 128.087 3 3880674 3883184 13 0 1 20 1  0
11.4152 3930394 241.483 8 0 0 9017 3930394 3930395 13 0 1 20 1  0
13.2714 3932023 241.583 8 0 0 1 3930398 3930399 13 0 1 20 1  0
13.2945 4109953 252.516 8 0 0 1 3930406 3930407 13 0 1 20 1  0
13.3388 4131738 253.854 8 0 0 1 3930413 3930414 13 0 1 20 1  0
13.324 4138572 254.274 8 0 0 1 3931368 3931373 13 0 1 20 1  0
13.2501 4183690 257.046 8 0 0 1 3931711 3931712 13 0 1 20 1  0
14.225 4109953 252.516 1 0 0 1 3930394 3930400 13 0 1 20 1  0
14.2487 4138573 254.274 1 0 0 1 3930406 3930411 13 0 1 20 1  0
15.1284 4054103 249.084 5 1 0.0197462 17 3930399 3930412 13 0 1 20 1  0
14.3023 4110278 252.535 2 0 0 1 3931369 3931374 13 0 1 20 1  0
12.9484 4178462 256.725 2 0 0 1 3931712 3931713 13 0 1 20 1  0
12.859 4189179 257.383 3 0 0 1 3931370 3931375 13 0 1 20 1  0
10.3141 3930395 241.483 2 1 0.0197462 1 3930395 3930396 13 0 1 20 1  0
12.0018 4038195 248.107 2 1 0.0197462 1 3931370 3931371 13 0 1 20 1  0
13.1142 3956696 243.099 3 1 0.0197462 1 3930393 3930410 13 0 1 20 1  0
10.6447 4085921 251.039 2 2 0.0394922 1 3930713 3930715 13 0 1 20 1  0
12.5049 3957019 243.119 3 2 0.0394922 1 3930391 3930404 13 0 1 20 1  0
10.2668 3932340 241.603 3 3 0.059238 1 3932340 3932341 13 0 1 20 1  0
11.2325 4141421 254.449 3 3 0.059238 2 3933312 3933313 13 0 1 20 1  0
15.5286 3930112 241.466 12 2610 568.084 13 3930112 3932608 13 0 1 20 1  0
13.072 4192226 257.57 11 2847 864.882 1 4190272 4192257 13 0 1 20 1  0
15.4952 4201882 258.164 8 0 0 1 4192421 4192430 13 0 1 20 1  0
15.5967 4211924 258.781 8 0 0 1 4192433 4192439 13 0 1 20 1  0
15.6193 4214523 258.94 8 0 0 1 4192442 4192443 13 0 1 20 1  0
15.8285 4248959 261.056 8 0 0 1 4192453 4192454 13 0 1 20 1  0
15.7137 4267781 262.212 8 0 0 1 4192464 4192465 13 0 1 20 1  0
15.5249 4329122 265.981 8 0 0 1 4192468 4192469 13 0 1 20 1  0
15.6562 4342487 266.802 8 0 0 1 4192472 4192477 13 0 1 20 1  0
15.6398 4345034 266.959 8 0 0 1 4192480 4192481 13 0 1 20 1  0
15.5906 4409681 270.931 8 0 0 1 4192484 4192485 13 0 1 20 1  0
15.5906 4414902 271.252 8 0 0 1 4192746 4192750 13 0 1 20 1  0
15.2952 4453853 273.645 8 0 0 1 4192757 4192762 13 0 1 20 1  0
0 4192256 257.572 8 0 0 15976 4192766 4192770 13 0 1 20 1  0
16.467 4198623 257.963 1 0 0 1 4192424 4192444 13 0 1 20 1  0
16.5189 4207383 258.502 1 0 0 1 4192469 4192474 13 0 1 20 1  0
16.852 4248960 261.056 1 0 0 1 4192746 4192780 13 0 1 20 1  0
16.4369 4378829 269.035 1 0 0 1 4193072 4193096 13 0 1 20 1  0
17.1108 4276858 262.77 2 0 0 2 4192423 4192431 13 0 1 20 1  0
16.5613 4426880 271.987 2 0 0 3 4192747 4192762 13 0 1 20 1  0
17.8548 4278800 262.889 3 0 0 20 4192424 4192433 13 0 1 20 1  0
13.7586 4328176 265.923 6 0 0 2 4211605 4211614 13 0 1 20 1  0
14.2322 4278142 262.849 2 1 0.0197462 1 4192745 4192758 13 0 1 20 1  0
12.7162 4447981 273.284 3 1 0.0197462 1 4192745 4192758 13 0 1 20 1  0
10.3222 4192418 257.582 2 2 0.0394922 1 4192418 4192419 13 0 1 20 1  0
11.8312 4281387 263.048 2 2 0.0394922 1 4194367 4194368 13 0 1 20 1  0
16.8289 4427020 271.996 3 2 0.0394922 4 4192742 4192755 13 0 1 20 1  0
14.2218 4197296 257.882 4 2 0.0394922 1 4192423 4192425 13 0 1 20 1  0
15.6861 4328476 265.942 4 2 0.0394922 1 4193070 4193080 13 0 1 20 1  0
10.0398 4245343 260.834 2 3 0.059238 1 4245343 4245344 13 0 1 20 1  0
10.063 4254111 261.373 2 3 0.059238 1 4252487 4252488 13 0 1 20 1  0
10.0201 4192742 257.602 3 3 0.059238 1 4192742 4192743 13 0 1 20 1  0
10.0198 4195337 257.762 3 4 0.0789836 1 4195337 4195338 13 0 1 20 1  0
10.0314 4241793 260.616 6 4 0.0789836 1 4241793 4241794 13 0 1 20 1  0
10.1581 4193062 257.622 3 6 0.118475 1 4193062 4193063 13 0 1 20 1  0
14.4589 4426366 271.956 8 236 4.79021 211 4426307 4426520 13 0 1 20 1  0
13.4216 4327199 265.863 11 573 13.332 35 4280283 4280971 13 0 1 20 1  0
0 4192256 257.572 11 230 4.66179 17 4328149 4328206 13 0 1 20 1  0
11.6899 4280587 262.999 11 591 13.8924 8 4280300 4280820 13 0 1 20 1  0
10.4127 4278405 262.865 8 1103 38.4702 5 4278386 4278490 13 0 1 20 1  0
14.6342 4322994 265.605 10 1406 66.7195 1084 4322112 4324455 13 0 1 20 1  0
0 4192256 257.572 9 1113 39.1862 103 4325300 4325340 13 0 1 20 1  0
10.9983 4264624 262.018 8 1932 170.549 1 4264513 4264769 13 0 1 20 1  0
0 4192256 257.572 7 2200 274.488 4 4308176 4308214 13 0 1 20 1  0
10.2347 4454498 273.684 8 0 0 1005 4454498 4454499 13 0 1 20 1  0
10.7937 4493164 276.06 8 0 0 1 4454513 4454514 13 0 1 20 1  0
10.0048 4460005 274.023 1 0 0 1 4460005 4460006 13 0 1 20 1  0
11.4049 4503199 276.677 1 0 0 3 4470400 4470401 13 0 1 20 1  0
10.3253 4470716 274.681 2 0 0 1 4470716 4470717 13 0 1 20 1  0
12.4532 4506764 276.896 4 3 0.059238 16 4503189 4503197 13 0 1 20 1  0
10.2797 4464869 274.322 2 1 0.0197462 1 4464869 4464870 13 0 1 20 1  0
12.6354 4507089 276.916 3 1 0.0197462 4 4503191 4503204 13 0 1 20 1  0
10.2806 4480129 275.259 2 2 0.0394922 1 4480129 4480130 13 0 1 20 1  0
10.3365 4504486 276.756 2 2 0.0394922 1 4504162 4504163 13 0 1 20 1  0
10.0541 4487275 275.698 3 2 0.0394922 1 4487275 4487276 13 0 1 20 1  0
11.9289 4505462 276.816 3 2 0.0394922 1 4503188 4503201 13 0 1 20 1  0
10.2775 4462589 274.181 3 4 0.0789836 1 4462589 4462590 13 0 1 20 1  0
10.9129 4508053 276.975 4 6 0.118475 1 4505456 4505458 13 0 1 20 1  0
11.5879 4683776 287.771 12 374 7.92266 5 4682698 4684116 13 0 1 20 1  0
12.408 4680965 287.598 11 929 27.7662 9 4680225 4681665 13 0 1 20 1  0
10.8983 4701828 288.88 12 2973 1081.43 1 4701160 4703484 13 0 1 20 1  0
14.2642 4734736 290.902 8 0 0 1 4716544 4716550 13 0 1 20 1  0
14.3583 4758124 292.339 8 0 0 1 4716557 4716558 13 0 1 20 1  0
14.5866 4776973 293.497 8 0 0 1 4716561 4716563 13 0 1 20 1  0
14.7468 4807111 295.349 8 0 0 1 4716582 4716583 13 0 1 20 1  0
14.8189 4830820 296.806 8 0 0 2 4717184 4717193 13 0 1 20 1  0
14.7067 4851592 298.082 8 0 0 1 4717196 4717197 13 0 1 20 1  0
14.8189 4907769 301.533 8 0 0 1 4717200 4717201 13 0 1 20 1  0
14.9213 4716548 289.785 1 0 0 13162 4716544 4716550 13 0 1 20 1  0
15.9148 4821075 296.207 2 0 0 8 4716544 4716550 13 0 1 20 1  0
15.7897 4834712 297.045 3 1 0.0197462 5 4717185 4717192 13 0 1 20 1  0
15.5598 4910999 301.732 1 0 0 1 4717184 4717194 13 0 1 20 1  0
15.5598 4911663 301.773 1 0 0 1 4717200 4717202 13 0 1 20 1  0
16.0612 4897041 300.874 2 0 0 1 4717184 4717193 13 0 1 20 1  0
16.5735 4889893 300.435 4 1 0.0197462 8 4717187 4717189 13 0 1 20 1  0
16.2036 4911003 301.732 5 2 0.0394922 9 4745112 4745115 13 0 1 20 1  0
13.5124 4911319 301.751 2 1 0.0197462 1 4717183 4717191 13 0 1 20 1  0
12.3293 4832780 296.926 6 3 0.059238 6 4799991 4799993 13 0 1 20 1  0
10.346 4717181 289.824 2 2 0.0394922 1 4717181 4717182 13 0 1 20 1  0
15.5694 4933384 303.107 3 2 0.0394922 3 4717180 4717187 13 0 1 20 1  0
14.9799 4945079 303.826 4 2 0.0394922 1 4717511 4717518 13 0 1 20 1  0
10.2171 4738297 291.121 5 2 0.0394922 1 4738297 4738298 13 0 1 20 1  0
11.1032 4934354 303.167 3 4 0.0789836 1 4788598 4788600 13 0 1 20 1  0
14.6488 4934682 303.187 4 4 0.0789836 1 4724324 4724326 13 0 1 20 1  0
10.0052 4934031 303.147 3 5 0.0987291 1 4934031 4934033 13 0 1 20 1  0
10.0064 4808102 295.41 6 5 0.0987291 1 4808102 4808103 13 0 1 20 1  0
10.2481 4978688 305.891 12 2998 1130.46 1 4978580 4978690 13 0 1 20 1  0
10.2132 4978845 305.9 5 3 0.059238 5386 4978845 4978846 13 0 1 20 1  0
13.4921 4981117 306.04 8 0 0 1 4978848 4978853 13 0 1 20 1  0
13.5427 5053832 310.507 8 0 0 1 4978858 4978860 13 0 1 20 1  0
13.6749 5146072 316.175 8 0 0 1 4978866 4978867 13 0 1 20 1  0
13.6594 5157758 316.893 8 0 0 1 4978875 4978876 13 0 1 20 1  0
14.7052 4987616 306.439 1 0 0 1 4978837 4978839 13 0 1 20 1  0
14.7774 5053832 310.507 1 0 0 1 4978845 4978853 13 0 1 20 1  0
14.926 5149958 316.413 1 0 0 1 4978859 4978860 13 0 1 20 1  0
15.0356 4988266 306.479 2 0 0 1 4978838 4978859 13 0 1 20 1  0
14.9222 5117182 314.4 2 0 0 3 4979173 4979187 13 0 1 20 1  0
15.3844 5002861 307.376 3 1 0.0197462 5 4978845 4978849 13 0 1 20 1  0
15.6008 5009035 307.755 4 1 0.0197462 11 4978841 4978852 13 0 1 20 1  0
11.5875 5199954 319.485 4 0 0 1 4980142 4980154 13 0 1 20 1  0
11.1471 4979183 305.921 2 1 0.0197462 1 4979183 4979184 13 0 1 20 1  0
12.4801 4992473 306.738 2 1 0.0197462 1 4979824 4979825 13 0 1 20 1  0
12.2425 5215215 320.423 4 1 0.0197462 1 4979166 4979178 13 0 1 20 1  0
10.0272 5002533 307.356 2 2 0.0394922 1 5002533 5002534 13 0 1 20 1  0
10.1051 5065514 311.225 2 2 0.0394922 1 5002855 5002862 13 0 1 20 1  0
13.0581 5047985 310.148 4 4 0.0789836 1 4979159 4979163 13 0 1 20 1  0
12.7998 5004471 307.475 5 4 0.0789836 9 4979168 4979169 13 0 1 20 1  0
10.3094 4980132 305.979 4 5 0.0987291 1 4980132 4980133 13 0 1 20 1  0
11.5984 5180314 318.278 8 649 15.7974 55 5180162 5180461 13 0 1 20 1  0
0 4978688 305.891 10 741 19.1707 9 5179860 5180057 13 0 1 20 1  0
10.4585 5175790 318.001 10 774 20.5002 4 5175620 5175922 13 0 1 20 1  0
10.9791 5240832 321.997 12 1987 188.056 2 5158520 5158622 13 0 1 20 1  0
10.0204 5159227 316.983 11 1984 187.056 1 5159218 5159238 13 0 1 20 1  0
0 4978688 305.891 12 1987 188.056 1 5239922 5240834 13 0 1 20 1  0
15.2529 5240863 321.999 8 0 0 8396 5240862 5240866 13 0 1 20 1  0
15.1431 5415577 332.733 8 0 0 1 5240869 5240871 13 0 1 20 1  0
15.3906 5502908 338.099 8 0 0 1 5240874 5240883 13 0 1 20 1  0
17.9259 5241212 322.02 1 0 0 1 5240863 5240919 13 0 1 20 1  0
17.9216 5502908 338.099 1 0 0 1 5240925 5240926 13 0 1 20 1  0
18.5611 5289579 324.992 2 0 0 4 5240863 5240901 13 0 1 20 1  0
17.6859 5336010 327.844 4 1 0.0197462 6 5240865 5240881 13 0 1 20 1  0
15.824 5287305 324.852 4 0 0 12 5240869 5240883 13 0 1 20 1  0
13.0327 5355497 329.042 2 1 0.0197462 1 5241198 5241201 13 0 1 20 1  0
15.0195 5312959 326.428 5 1 0.0197462 1 5244766 5244779 13 0 1 20 1  0
11.4693 5445432 334.567 2 2 0.0394922 1 5240860 5240872 13 0 1 20 1  0
12.4754 5286995 324.833 6 2 0.0394922 2 5244784 5244787 13 0 1 20 1  0
14.5244 5312298 326.388 4 3 0.059238 2 5243461 5243465 13 0 1 20 1  0
10.8284 5310355 326.268 3 4 0.0789836 1 5247350 5247352 13 0 1 20 1  0
10.0565 5243459 322.158 4 4 0.0789836 1 5243459 5243460 13 0 1 20 1  0
13.3301 5326585 327.265 4 4 0.0789836 1 5245403 5245409 13 0 1 20 1  0
11.3885 5500625 337.958 3 5 0.0987291 2 5244751 5244753 13 0 1 20 1  0
12.0203 5324958 327.165 4 5 0.0987291 1 5245402 5245404 13 0 1 20 1  0
10.1929 5244750 322.237 3 6 0.118475 1 5244750 5244751 13 0 1 20 1  0
10.3018 5501597 338.018 3 6 0.118475 1 5246049 5246051 13 0 1 20 1  0
11.8528 5302231 325.769 4 6 0.118475 1 5245400 5245403 13 0 1 20 1  0
10.0158 5245399 322.277 4 7 0.13822 1 5245399 5245400 13 0 1 20 1  0
11.1254 5310675 326.288 5 7 0.13822 1 5281448 5281452 13 0 1 20 1  0
10.0885 5246048 322.317 4 8 0.157966 1 5246048 5246049 13 0 1 20 1  0
11.1593 5309048 326.188 5 8 0.157966 2 5281445 5281450 13 0 1 20 1  0
12.0307 5501414 338.007 12 3154 1490.73 1 5500042 5502978 13 0 1 20 1  0
10.5135 5240854 321.998 12 3187 1580.57 1 5240832 5241388 13 0 1 20 1  0
13.0158 5503230 338.118 8 0 0 4730 5503230 5503233 13 0 1 20 1  0
12.8291 5589973 343.448 8 0 0 1 5503238 5503249 13 0 1 20 1  0
12.7805 5598738 343.986 8 0 0 1 5503253 5503255 13 0 1 20 1  0
12.6796 5660391 347.774 8 0 0 1 5503259 5503261 13 0 1 20 1  0
12.7768 5674681 348.652 8 0 0 1 5503556 5503562 13 0 1 20 1  0
12.9039 5726314 351.825 8 0 0 1 5503566 5503570 13 0 1 20 1  0
12.7843 5748725 353.202 8 0 0 1 5503579 5503580 13 0 1 20 1  0
14.427 5513298 338.737 1 0 0 1 5503231 5503262 13 0 1 20 1  0
14.3377 5728262 351.944 1 0 0 1 5503556 5503581 13 0 1 20 1  0
13.4022 5673057 348.553 2 0 0 2 5503231 5503247 13 0 1 20 1  0
12.9249 5672734 348.533 3 0 0 1 5503233 5503247 13 0 1 20 1  0
11.17 5751636 353.38 3 0 0 1 5503559 5503571 13 0 1 20 1  0
13.219 5648385 347.037 4 0 0 3 5503235 5503245 13 0 1 20 1  0
14.1267 5702936 350.388 4 0 0 1 5503561 5503570 13 0 1 20 1  0
12.1602 5673706 348.592 4 2 0.0394922 2 5503232 5503238 13 0 1 20 1  0
13.1869 5648710 347.057 3 1 0.0197462 3 5503230 5503245 13 0 1 20 1  0
13.0296 5674355 348.632 3 1 0.0197462 1 5503556 5503570 13 0 1 20 1  0
12.5628 5670790 348.413 4 1 0.0197462 1 5503233 5503241 13 0 1 20 1  0
12.1573 5647733 346.997 3 2 0.0394922 2 5503228 5503232 13 0 1 20 1  0
10.3295 5505502 338.258 3 3 0.059238 1 5505502 5505503 13 0 1 20 1  0
10.9205 5653569 347.355 3 3 0.059238 1 5506476 5506477 13 0 1 20 1  0
11.3198 5670133 348.373 4 3 0.059238 2 5503231 5503233 13 0 1 20 1  0
10.2036 5506801 338.338 4 4 0.0789836 1 5506801 5506802 13 0 1 20 1  0
10.1886 5503552 338.138 4 5 0.0987291 1 5503552 5503553 13 0 1 20 1  0
12.6247 5765285 354.219 8 0 0 1827 5765285 5765286 13 0 1 20 1  0
12.6826 5856518 359.824 8 0 0 1 5765289 5765290 13 0 1 20 1  0
12.5809 5992268 368.165 8 0 0 1 5765316 5765317 13 0 1 20 1  0
12.5223 5765621 354.24 1 0 0 1 5765621 5765622 13 0 1 20 1  0
13.5835 5875352 360.982 1 0 0 1 5768206 5768208 13 0 1 20 1  0
13.4698 5930243 364.354 1 0 0 1 5768531 5768532 13 0 1 20 1  0
0 5765120 354.209 1 0 0 843 5770151 5770158 13 0 1 20 1  0
10.6435 5768207 354.399 2 0 0 1 5768207 5768208 13 0 1 20 1  0
14.0632 6010107 369.261 2 0 0 1 5779245 5779247 13 0 1 20 1  0
10.0773 5788005 355.615 3 0 0 1 5788005 5788006 13 0 1 20 1  0
13.0335 5948414 365.471 3 0 0 1 5806840 5806841 13 0 1 20 1  0
10.0284 5821129 357.65 4 0 0 1 5821129 5821130 13 0 1 20 1  0
11.7978 5880876 361.321 4 1 0.0197462 3 5880872 5880882 13 0 1 20 1  0
10.5714 5779244 355.077 2 1 0.0197462 1 5779244 5779245 13 0 1 20 1  0
11.1852 6013352 369.46 2 1 0.0197462 1 5802937 5802938 13 0 1 20 1  0
10.7209 5816583 357.371 3 1 0.0197462 1 5816583 5816584 13 0 1 20 1  0
11.8117 5886069 361.64 3 1 0.0197462 3 5818530 5818533 13 0 1 20 1  0
10.1112 5816256 357.351 4 1 0.0197462 1 5816256 5816257 13 0 1 20 1  0
10.0166 5828912 358.128 2 2 0.0394922 1 5828912 5828913 13 0 1 20 1  0
10.1189 5889959 361.879 2 2 0.0394922 1 5848071 5848072 13 0 1 20 1  0
10.09 5818529 357.49 3 2 0.0394922 1 5818529 5818530 13 0 1 20 1  0
10.8526 5889637 361.859 4 3 0.059238 4 5880869 5880874 13 0 1 20 1  0
10.6895 5967220 366.626 12 255 5.20048 1 5793442 5793916 13 0 1 20 1  0
0 5765120 354.209 12 255 5.20048 1 5966884 5967292 13 0 1 20 1  0
12.1632 5765148 354.211 12 3047 1233.08 1 5765120 5766514 13 0 1 20 1  0
10.075 6027327 370.319 8 0 0 4278 6027327 6027328 13 0 1 20 1  0
13.7472 6105248 375.106 8 0 0 1 6027332 6027333 13 0 1 20 1  0
14.0217 6183816 379.934 8 0 0 1 6027647 6027648 13 0 1 20 1  0
14.1919 6205596 381.272 8 0 0 1 6027657 6027658 13 0 1 20 1  0
14.1609 6218263 382.05 8 0 0 1 6028289 6028290 13 0 1 20 1  0
14.2769 6289355 386.418 8 0 0 1 6028297 6028298 13 0 1 20 1  0
10.1423 6027328 370.319 1 0 0 1 6027328 6027329 13 0 1 20 1  0
15.4421 6277349 385.68 1 0 0 1 6027648 6027649 13 0 1 20 1  0
16.1938 6195578 380.656 8 200 4.02726 1644 6195421 6195690 13 0 1 20 1  0
13.7604 6284801 386.138 2 0 0 5 6032834 6032838 13 0 1 20 1  0
12.9415 6284481 386.118 3 0 0 2 6033819 6033820 13 0 1 20 1  0
10.1085 6032833 370.657 2 1 0.0197462 2 6032833 6032834 13 0 1 20 1  0
10.0155 6053938 371.954 3 1 0.0197462 1 6053938 6053939 13 0 1 20 1  0
10.0567 6029592 370.458 4 1 0.0197462 1 6029592 6029593 13 0 1 20 1  0
10.015 6112705 375.565 2 2 0.0394922 2 6112705 6112706 13 0 1 20 1  0
10.3227 6195179 380.632 2 2 0.0394922 1 6154915 6154916 13 0 1 20 1  0
10.0808 6128936 376.562 3 3 0.059238 1 6128936 6128937 13 0 1 20 1  0
11.1244 6285767 386.198 3 4 0.0789836 1 6107841 6107844 13 0 1 20 1  0
12.712 6167899 378.956 4 5 0.0987291 4 6107832 6107842 13 0 1 20 1  0
10.0132 6093873 374.408 4 5 0.0987291 1 6093873 6093874 13 0 1 20 1  0
10.6911 6107833 375.265 4 7 0.13822 1 6107830 6107839 13 0 1 20 1  0
10.5081 6197227 380.758 4 8 0.157966 1 6107830 6107834 13 0 1 20 1  0
15.4669 6251970 384.121 12 1325 57.6608 247 6250086 6254442 13 0 1 20 1  0
11.0373 6281540 385.938 12 293 6.03907 1 6256122 6256608 13 0 1 20 1  0
0 6027264 370.315 3 365 7.70605 2 6195204 6195207 13 0 1 20 1  0
0 6027264 370.315 3 592 13.924 2 6194575 6194581 13 0 1 20 1  0
0 6027264 370.315 8 849 23.7905 1 6194782 6194810 13 0 1 20 1  0
0 6027264 370.315 9 1066 35.9244 6 6252473 6252593 13 0 1 20 1  0
0 6027264 370.315 6 1375 63.1005 11 6252513 6252528 13 0 1 20 1  0
10.7503 6249214 383.952 5 1570 89.5085 1 6249209 6249217 13 0 1 20 1  0
10.0958 6125088 376.325 12 2704 671.145 1 6124986 6125316 13 0 1 20 1  0
11.059 6289709 386.44 8 0 0 974 6289709 6289710 13 0 1 20 1  0
12.6952 6291633 386.558 1 0 0 7 6289709 6289711 13 0 1 20 1  0
10.2621 6289672 386.437 1 0 0 1 6289672 6289673 13 0 1 20 1  0
13.226 6541251 401.894 2 0 0 1 6289671 6289673 13 0 1 20 1  0
11.3809 6539957 401.815 3 0 0 2 6291630 6291633 13 0 1 20 1  0
10.1714 6291303 386.538 2 1 0.0197462 2 6291303 6291304 13 0 1 20 1  0
11.0615 6544501 402.094 2 1 0.0197462 1 6291630 6291633 13 0 1 20 1  0
11.1202 6542873 401.994 3 1 0.0197462 2 6291629 6291633 13 0 1 20 1  0
10.1258 6306242 387.456 2 2 0.0394922 1 6306242 6306243 13 0 1 20 1  0
10.2281 6498076 399.242 2 2 0.0394922 1 6498076 6498077 13 0 1 20 1  0
12.6025 6542544 401.974 3 2 0.0394922 2 6290315 6290318 13 0 1 20 1  0
10.8269 6493854 398.982 3 4 0.0789836 2 6336738 6336739 13 0 1 20 1  0
12.1682 6485742 398.484 4 5 0.0987291 2 6289989 6289991 13 0 1 20 1  0
10.2373 6371147 391.443 3 5 0.0987291 1 6371147 6371149 13 0 1 20 1  0
10.0786 6378951 391.923 5 5 0.0987291 1 6378950 6378952 13 0 1 20 1  0
12.7335 6551960 402.552 8 0 0 1300 6551636 6551638 13 0 1 20 1  0
13.3259 6673994 410.05 2 0 0 4 6551637 6551640 13 0 1 20 1  0
13.0951 6764862 415.633 1 0 0 1 6551960 6551967 13 0 1 20 1  0
10.0946 6563000 403.231 3 0 0 1 6563000 6563001 13 0 1 20 1  0
12.12 6631486 407.438 3 0 0 6 6563649 6563655 13 0 1 20 1  0
12.2722 6693149 411.227 4 0 0 1 6559755 6559760 13 0 1 20 1  0
13.2708 6691854 411.147 5 0 0 6 6562034 6562037 13 0 1 20 1  0
10.0759 6559757 403.031 3 1 0.0197462 1 6559757 6559758 13 0 1 20 1  0
11.2223 6563644 403.27 4 3 0.059238 6 6559748 6559750 13 0 1 20 1  0
11.6688 6669770 409.791 3 2 0.0394922 1 6551632 6551636 13 0 1 20 1  0
10.29 6600641 405.543 3 3 0.059238 1 6600640 6600642 13 0 1 20 1  0
13.4023 6839487 420.218 8 0 0 1 6818068 6818071 13 0 1 20 1  0
13.374 6909261 424.505 8 0 0 1 6818079 6818080 13 0 1 20 1  0
13.2152 6978399 428.753 8 0 0 1 6818395 6818397 13 0 1 20 1  0
13.185 7054009 433.398 8 0 0 1 6818411 6818412 13 0 1 20 1  0
0 6813696 418.633 8 0 0 3116 6819691 6819692 13 0 1 20 1  0
10.793 6818071 418.902 1 0 0 1 6818071 6818072 13 0 1 20 1  0
14.0073 6906021 424.306 1 0 0 1 6818395 6818398 13 0 1 20 1  0
14.684 7063258 433.967 3 0 0 6 6820989 6820993 13 0 1 20 1  0
14.0615 6952760 427.178 2 0 0 2 6818395 6818397 13 0 1 20 1  0
13.9148 6965089 427.935 4 0 0 10 6858307 6858313 13 0 1 20 1  0
10.8563 6820662 419.061 2 1 0.0197462 2 6820662 6820663 13 0 1 20 1  0
10.6821 6908281 424.445 2 2 0.0394922 1 6821309 6821310 13 0 1 20 1  0
12.0552 6964764 427.915 4 2 0.0394922 2 6858304 6858307 13 0 1 20 1  0
11.9551 6926456 425.561 3 3 0.059238 1 6820983 6820985 13 0 1 20 1  0
12.1937 6859605 421.454 4 3 0.059238 1 6859602 6859609 13 0 1 20 1  0
10.0498 6821630 419.121 3 4 0.0789836 1 6821630 6821631 13 0 1 20 1  0
11.0229 6868684 422.012 3 4 0.0789836 1 6841752 6841754 13 0 1 20 1  0
11.4585 6869986 422.092 4 4 0.0789836 1 6859601 6859606 13 0 1 20 1  0
11.3972 6868035 421.972 4 7 0.13822 3 6859595 6859601 13 0 1 20 1  0
10.0526 6927749 425.641 3 5 0.0987291 1 6927749 6927750 13 0 1 20 1  0
10.8119 7072660 434.544 12 1518 81.5608 1 7071194 7073722 13 0 1 20 1  0
12.0031 6981690 428.955 12 2272 311.898 11 6978996 6983336 13 0 1 20 1  0
0 6813696 418.633 7 2312 334.839 1 6979647 6980905 13 0 1 20 1  0
10.2068 6974500 428.513 12 2582 540.561 2 6973498 6974956 13 0 1 20 1  0
10.6442 6813728 418.635 12 3307 1955.38 1 6813696 6814118 13 0 1 20 1  0
11.4614 7076080 434.754 8 0 0 10223 7076080 7076081 13 0 1 20 1  0
15.4836 7115045 437.148 8 0 0 1 7076087 7076088 13 0 1 20 1  0
15.3773 7194895 442.054 8 0 0 1 7076136 7076137 13 0 1 20 1  0
15.1412 7268199 446.558 8 0 0 1 7076403 7076404 13 0 1 20 1  0
15.2514 7334704 450.644 8 0 0 11 7076409 7076410 13 0 1 20 1  0
10.6937 7076080 434.754 1 0 0 3 7076080 7076081 13 0 1 20 1  0
15.7838 7181219 441.214 1 0 0 1 7076403 7076405 13 0 1 20 1  0
15.7108 7336326 450.744 1 0 0 3 7076423 7076426 13 0 1 20 1  0
15.9433 7215617 443.327 2 0 0 1 7076402 7076404 13 0 1 20 1  0
16.284 7332108 450.485 2 0 0 4 7076424 7076426 13 0 1 20 1  0
16.3056 7275978 447.036 4 0 0 1 7079653 7079665 13 0 1 20 1  0
17.11 7336007 450.724 4 0 0 6 7079978 7079994 13 0 1 20 1  0
15.032 7332761 450.525 5 3 0.059238 9 7079649 7079660 13 0 1 20 1  0
15.3275 7331140 450.425 4 1 0.0197462 1 7079650 7079665 13 0 1 20 1  0
10.5847 7076397 434.774 2 2 0.0394922 2 7076397 7076398 13 0 1 20 1  0
11.4208 7115340 437.166 2 2 0.0394922 1 7079319 7079320 13 0 1 20 1  0
10.0162 7090676 435.651 2 3 0.059238 1 7090676 7090677 13 0 1 20 1  0
10.1776 7126372 437.844 2 3 0.059238 1 7091325 7091326 13 0 1 20 1  0
13.2971 7123128 437.645 3 3 0.059238 1 7076394 7076397 13 0 1 20 1  0
14.4289 7286024 447.653 3 3 0.059238 1 7076721 7076724 13 0 1 20 1  0
12.2779 7218205 443.487 3 4 0.0789836 1 7076393 7076395 13 0 1 20 1  0
11.992 7123773 437.685 3 5 0.0987291 1 7076391 7076393 13 0 1 20 1  0
12.8172 7114690 437.127 4 5 0.0987291 1 7079641 7079645 13 0 1 20 1  0
13.6249 7320420 449.767 4 5 0.0987291 1 7079964 7079970 13 0 1 20 1  0
11.0245 7197109 442.19 3 6 0.118475 1 7078986 7078989 13 0 1 20 1  0
10.1371 7079629 434.972 4 11 0.217204 2 7079629 7079630 13 0 1 20 1  0
12.6468 7331774 450.464 4 6 0.118475 1 7079963 7079966 13 0 1 20 1  0
12.7708 7081593 435.093 5 6 0.118475 1 7079647 7079651 13 0 1 20 1  0
10.5706 7099773 436.21 6 11 0.217204 4 7091659 7091662 13 0 1 20 1  0
10.2692 7122148 437.585 3 7 0.13822 1 7104948 7104950 13 0 1 20 1  0
10.0348 7091666 435.712 6 8 0.157966 1 7091666 7091667 13 0 1 20 1  0
11.1681 7333715 450.583 4 9 0.177712 1 7080605 7080607 13 0 1 20 1  0
10.8785 7314892 449.427 4 10 0.197458 1 7079630 7079632 13 0 1 20 1  0
10.7195 7246747 445.24 5 11 0.217204 3 7081581 7081584 13 0 1 20 1  0
10.7282 7115002 437.146 4 11 0.217204 2 7079954 7079956 13 0 1 20 1  0
10.3989 7113701 437.066 4 13 0.256698 1 7103965 7103968 13 0 1 20 1  0
10.9565 7323482 449.955 12 1396 65.5305 5 7322966 7324166 13 0 1 20 1  0
13.2978 7337991 450.846 8 0 0 11717 7337991 7337992 13 0 1 20 1  0
15.2106 7388586 453.955 8 0 0 1 7338272 7338277 13 0 1 20 1  0
15.2433 7409987 455.27 8 0 0 1 7338280 7338281 13 0 1 20 1  0
15.227 7438245 457.006 8 0 0 1 7338284 7338287 13 0 1 20 1  0
18.2899 7369758 452.798 2 0 0 2 7338273 7338287 13 0 1 20 1  0
16.9578 7412910 455.449 1 0 0 2 7338284 7338294 13 0 1 20 1  0
18.3037 7507668 461.271 2 0 0 21 7338598 7338604 13 0 1 20 1  0
16.0031 7584922 466.018 1 0 0 1 7338921 7338929 13 0 1 20 1  0
10.0114 7434356 456.767 6 0 0 1 7434356 7434357 13 0 1 20 1  0
13.9425 7585266 466.039 6 1 0.0197462 6 7434029 7434031 13 0 1 20 1  0
10.7697 7338598 450.883 2 1 0.0197462 3 7338598 7338599 13 0 1 20 1  0
10.9028 7338922 450.903 3 1 0.0197462 2 7338922 7338923 13 0 1 20 1  0
11.4885 7462555 458.499 2 2 0.0394922 1 7339579 7339580 13 0 1 20 1  0
10.0246 7339248 450.923 4 2 0.0394922 1 7339248 7339249 13 0 1 20 1  0
11.1821 7412253 455.409 3 4 0.0789836 1 7339574 7339577 13 0 1 20 1  0
13.2933 7480411 459.596 5 4 0.0789836 3 7339571 7339578 13 0 1 20 1  0
12.4216 7568687 465.02 5 4 0.0789836 1 7340205 7340216 13 0 1 20 1  0
11.3892 7411602 455.369 3 5 0.0987291 1 7339881 7339883 13 0 1 20 1  0
10.1821 7339880 450.962 3 6 0.118475 1 7339880 7339881 13 0 1 20 1  0
10.6697 7404459 454.93 3 6 0.118475 1 7340203 7340206 13 0 1 20 1  0
13.2318 7586861 466.137 5 6 0.118475 1 7340199 7340214 13 0 1 20 1  0
14.0481 7589456 466.296 5 7 0.13822 4 7339557 7339574 13 0 1 20 1  0
13.0899 7480095 459.577 6 7 0.13822 7 7434011 7434017 13 0 1 20 1  0
10.2985 7455405 458.06 3 8 0.157966 1 7369733 7369736 13 0 1 20 1  0
10.1045 7339549 450.942 5 15 0.296194 1 7339547 7339550 13 0 1 20 1  0
10.8356 7485700 459.921 9 1756 124.712 5 7485465 7486040 13 0 1 20 1  0
10.3455 7600172 466.955 1 0 0 13404 7600172 7600173 13 0 1 20 1  0
16.601 7633340 468.992 8 0 0 1 7600194 7600195 13 0 1 20 1  0
16.7015 7649528 469.987 8 0 0 1 7600496 7600497 13 0 1 20 1  0
16.9142 7736887 475.354 8 0 0 1 7600824 7600829 13 0 1 20 1  0
15.9707 7751483 476.251 8 0 0 1 7600832 7600837 13 0 1 20 1  0
16.7828 7787527 478.466 8 0 0 1 7601143 7601154 13 0 1 20 1  0
16.9065 7860562 482.953 8 0 0 1 7601159 7601160 13 0 1 20 1  0
19.2118 7787528 478.466 1 0 0 2 7600195 7600196 13 0 1 20 1  0
17.0251 7858004 482.796 1 0 0 2 7600496 7600498 13 0 1 20 1  0
16.3668 7625489 468.51 2 0 0 1 7600819 7600845 13 0 1 20 1  0
19.1553 7769645 477.367 2 0 0 2 7601142 7601170 13 0 1 20 1  0
19.5552 7820952 480.519 2 0 0 2 7601465 7601493 13 0 1 20 1  0
15.8156 7659580 470.605 3 0 0 5 7600821 7600844 13 0 1 20 1  0
16.7151 7810566 479.881 4 0 0 12 7600823 7600844 13 0 1 20 1  0
13.0936 7683300 472.062 6 1 0.0197462 8 7602129 7602147 13 0 1 20 1  0
10.0282 7721275 474.395 1 1 0.0197462 1 7721275 7721276 13 0 1 20 1  0
13.4985 7626460 468.57 2 1 0.0197462 1 7600824 7600837 13 0 1 20 1  0
15.0801 7819006 480.4 2 1 0.0197462 1 7601466 7601484 13 0 1 20 1  0
14.1167 7610886 467.613 3 1 0.0197462 1 7600818 7600840 13 0 1 20 1  0
16.3056 7820624 480.499 4 2 0.0394922 6 7601461 7601486 13 0 1 20 1  0
10.1099 7601475 467.035 6 1 0.0197462 1 7601475 7601476 13 0 1 20 1  0
10.0243 7601784 467.054 2 2 0.0394922 1 7601784 7601785 13 0 1 20 1  0
12.038 7786198 478.384 2 2 0.0394922 1 7602761 7602762 13 0 1 20 1  0
13.7364 7613148 467.752 3 2 0.0394922 1 7600815 7600837 13 0 1 20 1  0
14.4163 7811212 479.921 3 2 0.0394922 1 7601135 7601151 13 0 1 20 1  0
10.16 7600809 466.994 4 7 0.13822 3 7600809 7600810 13 0 1 20 1  0
10.6677 7754049 476.409 2 3 0.059238 1 7602433 7602434 13 0 1 20 1  0
14.3896 7784899 478.304 3 3 0.059238 1 7600813 7600829 13 0 1 20 1  0
13.3527 7674183 471.502 4 3 0.059238 1 7600815 7600833 13 0 1 20 1  0
13.9938 7768991 477.327 4 3 0.059238 1 7601135 7601156 13 0 1 20 1  0
10.0023 7677424 471.701 2 4 0.0789836 1 7677424 7677425 13 0 1 20 1  0
10.0399 7686513 472.259 2 4 0.0789836 1 7678071 7678072 13 0 1 20 1  0
13.4845 7679371 471.821 3 4 0.0789836 1 7600810 7600827 13 0 1 20 1  0
13.4821 7785221 478.324 3 4 0.0789836 1 7601130 7601135 13 0 1 20 1  0
10.0052 7650475 470.045 2 5 0.0987291 1 7650475 7650476 13 0 1 20 1  0
10.1856 7861528 483.012 2 5 0.0987291 1 7651772 7651774 13 0 1 20 1  0
12.7107 7681318 471.94 3 5 0.0987291 1 7600808 7600812 13 0 1 20 1  0
12.9044 7839127 481.636 5 5 0.0987291 1 7601134 7601147 13 0 1 20 1  0
11.5456 7721899 474.433 3 6 0.118475 1 7600807 7600810 13 0 1 20 1  0
12.6635 7810874 479.9 4 6 0.118475 2 7600810 7600813 13 0 1 20 1  0
11.2004 7685535 472.199 3 7 0.13822 1 7600805 7600808 13 0 1 20 1  0
12.0978 7684565 472.14 4 7 0.13822 1 7601126 7601131 13 0 1 20 1  0
10.3433 7687157 472.299 3 8 0.157966 1 7613135 7613138 13 0 1 20 1  0
11.6625 7691380 472.558 4 8 0.157966 2 7601125 7601128 13 0 1 20 1  0
10.9025 7673843 471.481 4 10 0.197458 1 7601122 7601124 13 0 1 20 1  0
10.0224 7671568 471.341 4 11 0.217204 1 7671568 7671569 13 0 1 20 1  0
10.0456 7694944 472.777 4 11 0.217204 1 7671892 7671893 13 0 1 20 1  0
10.006 7690399 472.498 4 12 0.236951 1 7690399 7690400 13 0 1 20 1  0
14.0085 7862552 483.075 8 0 0 6501 7862552 7862553 13 0 1 20 1  0
14.1562 7914142 486.245 8 0 0 1 7862559 7862560 13 0 1 20 1  0
14.3169 7947908 488.319 8 0 0 1 7862683 7862684 13 0 1 20 1  0
14.3767 7998250 491.412 8 0 0 1 7862837 7862838 13 0 1 20 1  0
14.3991 8102462 497.815 8 0 0 1 7862874 7862875 13 0 1 20 1  0
16.3612 8101817 497.776 1 0 0 1 7862552 7862560 13 0 1 20 1  0
14.4163 7919672 486.585 2 0 0 1 7863487 7863490 13 0 1 20 1  0
15.1605 7914795 486.285 3 0 0 2 7863488 7863493 13 0 1 20 1  0
13.8473 8081676 496.538 3 0 0 1 7864786 7864792 13 0 1 20 1  0
13.7136 7913176 486.186 4 0 0 6 7865765 7865774 13 0 1 20 1  0
13.3822 8106032 498.035 5 0 0 8 7868368 7868372 13 0 1 20 1  0
10.2669 7864797 483.213 2 1 0.0197462 1 7864797 7864798 13 0 1 20 1  0
13.4057 7983959 490.534 2 1 0.0197462 1 7865440 7865441 13 0 1 20 1  0
12.6942 8083295 496.638 2 1 0.0197462 1 7865770 7865771 13 0 1 20 1  0
10.1377 7865749 483.272 3 5 0.0987291 2 7865749 7865750 13 0 1 20 1  0
10.0297 7869663 483.512 5 1 0.0197462 1 7869663 7869664 13 0 1 20 1  0
10.0081 7922905 486.783 2 2 0.0394922 1 7922905 7922906 13 0 1 20 1  0
10.2122 7985571 490.633 2 2 0.0394922 1 7923556 7923557 13 0 1 20 1  0
10.7467 7868678 483.452 3 3 0.059238 2 7868678 7868679 13 0 1 20 1  0
12.1131 7947905 488.319 3 3 0.059238 2 7869002 7869004 13 0 1 20 1  0
10.0474 7870963 483.592 5 2 0.0394922 1 7870963 7870964 13 0 1 20 1  0
10.2649 7869327 483.491 4 3 0.059238 1 7869327 7869328 13 0 1 20 1  0
12.0154 7870298 483.551 3 4 0.0789836 1 7865750 7865752 13 0 1 20 1  0
11.899 7937841 487.701 4 5 0.0987291 2 7869974 7869978 13 0 1 20 1  0
10.7447 7941732 487.94 3 5 0.0987291 1 7866723 7866724 13 0 1 20 1  0
11.1139 7944654 488.12 4 7 0.13822 3 7913158 7913160 13 0 1 20 1  0
10.1148 7990107 490.912 3 7 0.13822 1 7943027 7943029 13 0 1 20 1  0
11.417 8122896 499.071 5 7 0.13822 3 7913157 7913159 13 0 1 20 1  0
10.1484 7940104 487.84 4 9 0.177712 1 7940104 7940105 13 0 1 20 1  0
10.0168 8122531 499.048 11 184 3.69356 1 8122529 8122538 13 0 1 20 1  0
10.8996 8095696 497.4 12 3176 1550.04 1 8094924 8096236 13 0 1 20 1  0
15.5118 8178767 502.503 8 0 0 1 8124521 8124543 13 0 1 20 1  0
15.8922 8212537 504.578 8 0 0 1 8124547 8124548 13 0 1 20 1  0
15.8762 8216430 504.817 8 0 0 1 8124556 8124557 13 0 1 20 1  0
15.9563 8285592 509.067 8 0 0 1 8124847 8124865 13 0 1 20 1  0
15.8282 8306386 510.344 8 0 0 1 8124868 8124878 13 0 1 20 1  0
15.8442 8378148 514.753 8 0 0 1 8125171 8125194 13 0 1 20 1  0
15.9884 8384652 515.153 8 0 0 1 8125197 8125199 13 0 1 20 1  0
10.0099 8124855 499.191 5 3 0.059238 6892 8124855 8124856 13 0 1 20 1  0
16.5439 8199229 503.761 1 0 0 1 8124522 8124554 13 0 1 20 1  0
16.5943 8246629 506.673 1 0 0 1 8124847 8124878 13 0 1 20 1  0
15.7974 8139468 500.089 2 0 0 3 8124522 8124549 13 0 1 20 1  0
14.7439 8184938 502.883 2 0 0 2 8124848 8124878 13 0 1 20 1  0
16.4479 8247590 506.732 2 0 0 2 8125173 8125201 13 0 1 20 1  0
12.5803 8188176 503.082 5 0 0 2 8124532 8124545 13 0 1 20 1  0
13.2707 8139139 500.069 3 1 0.0197462 1 8124521 8124536 13 0 1 20 1  0
13.4851 8187842 503.061 3 1 0.0197462 10 8124846 8124873 13 0 1 20 1  0
11.6932 8186870 503.001 5 2 0.0394922 5 8124856 8124858 13 0 1 20 1  0
10.0427 8154729 501.027 2 2 0.0394922 1 8154729 8154730 13 0 1 20 1  0
11.0008 8383955 515.11 2 2 0.0394922 1 8165430 8165431 13 0 1 20 1  0
11.5026 8186530 502.98 3 4 0.0789836 1 8124516 8124518 13 0 1 20 1  0
12.4156 8185244 502.901 5 4 0.0789836 12 8124526 8124530 13 0 1 20 1  0
10.1674 8127112 499.33 3 5 0.0987291 1 8127112 8127113 13 0 1 20 1  0
10.6642 8380703 514.91 3 5 0.0987291 2 8127438 8127439 13 0 1 20 1  0
10.1618 8127441 499.35 4 5 0.0987291 1 8127441 8127442 13 0 1 20 1  0
10.0511 8210877 504.476 3 6 0.118475 1 8210877 8210878 13 0 1 20 1  0
10.0432 8127768 499.37 5 7 0.13822 1 8127768 8127769 13 0 1 20 1  0
10.0013 8289449 509.304 3 9 0.177712 1 8289449 8289450 13 0 1 20 1  0
10.3796 8150087 500.741 10 128 2.54694 1 8150046 8150118 13 0 1 20 1  0
10.0731 8386567 515.271 8 0 0 2863 8386567 8386568 13 0 1 20 1  0
13.7896 8407067 516.53 8 0 0 1 8386589 8386590 13 0 1 20 1  0
13.7936 8458029 519.661 8 0 0 1 8386904 8386906 13 0 1 20 1  0
13.6334 8558356 525.825 8 0 0 1 8386910 8386911 13 0 1 20 1  0
10.4279 8386905 515.291 1 0 0 1 8386905 8386906 13 0 1 20 1  0
13.439 8401170 516.168 1 0 0 1 8387208 8387215 13 0 1 20 1  0
11.8532 8596967 528.198 1 0 0 1 8387221 8387232 13 0 1 20 1  0
10.4578 8387214 515.31 2 0 0 1 8387214 8387215 13 0 1 20 1  0
13.3352 8568137 526.426 2 0 0 6 8387880 8387881 13 0 1 20 1  0
10.0438 8437877 518.423 5 0 0 1 8437877 8437878 13 0 1 20 1  0
11.89 8495025 521.934 5 0 0 2 8458010 8458011 13 0 1 20 1  0
10.4575 8386879 515.29 2 2 0.0394922 2 8386879 8386880 13 0 1 20 1  0
11.9111 8593403 527.979 4 1 0.0197462 1 8389808 8389810 13 0 1 20 1  0
11.0252 8402788 516.267 2 2 0.0394922 1 8387202 8387203 13 0 1 20 1  0
10.9697 8390776 515.529 3 2 0.0394922 1 8390776 8390777 13 0 1 20 1  0
11.5292 8490139 521.634 3 2 0.0394922 1 8397595 8397598 13 0 1 20 1  0
10.1878 8390447 515.509 3 4 0.0789836 2 8390447 8390448 13 0 1 20 1  0
11.9333 8422601 517.485 4 2 0.0394922 2 8390778 8390784 13 0 1 20 1  0
10.0403 8467096 520.218 5 2 0.0394922 1 8467096 8467097 13 0 1 20 1  0
10.763 8494694 521.914 5 3 0.059238 2 8467093 8467095 13 0 1 20 1  0
11.2449 8397592 515.948 3 4 0.0789836 2 8397590 8397594 13 0 1 20 1  0
10.0803 8402466 516.247 4 4 0.0789836 1 8402466 8402467 13 0 1 20 1  0
10.4618 8403112 516.287 4 6 0.118475 1 8403111 8403113 13 0 1 20 1  0
12.6267 8515530 523.194 10 2234 291.56 23 8514442 8516724 13 0 1 20 1  0
0 8386560 515.27 7 2225 286.941 1 8515988 8516165 13 0 1 20 1  0
11.2338 8648917 531.389 8 0 0 4148 8648917 8648918 13 0 1 20 1  0
13.0281 8652843 531.631 8 0 0 1 8648925 8648926 13 0 1 20 1  0
13.1127 8725888 536.119 8 0 0 1 8649606 8649607 13 0 1 20 1  0
13.0726 8751211 537.674 8 0 0 1 8649897 8649898 13 0 1 20 1  0
13.0887 8887540 546.05 8 0 0 1 8649903 8649907 13 0 1 20 1  0
10.1552 8650538 531.489 1 0 0 1 8650538 8650539 13 0 1 20 1  0
13.482 8816770 541.702 1 0 0 1 8650574 8650575 13 0 1 20 1  0
10.0586 8655413 531.789 2 0 0 1 8655413 8655414 13 0 1 20 1  0
12.9196 8679760 533.284 2 0 0 7 8656384 8656387 13 0 1 20 1  0
13.0646 8820339 541.922 2 0 0 1 8656709 8656713 13 0 1 20 1  0
12.4937 8901797 546.926 3 0 0 1 8660287 8660288 13 0 1 20 1  0
11.4722 8813844 541.523 5 0 0 3 8679759 8679776 13 0 1 20 1  0
10.0511 8656707 531.868 2 1 0.0197462 2 8656707 8656708 13 0 1 20 1  0
11.5639 8824240 542.161 2 1 0.0197462 1 8679755 8679768 13 0 1 20 1  0
11.0144 8782992 539.627 3 1 0.0197462 1 8679757 8679766 13 0 1 20 1  0
10.0779 8679437 533.265 4 1 0.0197462 1 8679437 8679438 13 0 1 20 1  0
10.1425 8827476 542.36 5 1 0.0197462 1 8827475 8827477 13 0 1 20 1  0
10.2877 8716764 535.558 2 2 0.0394922 1 8716764 8716765 13 0 1 20 1  0
11.0533 8720337 535.777 3 2 0.0394922 2 8679754 8679762 13 0 1 20 1  0
11.5787 8759296 538.171 4 2 0.0394922 1 8679434 8679436 13 0 1 20 1  0
10.9886 8722931 535.937 3 3 0.059238 1 8679752 8679755 13 0 1 20 1  0
10.5463 8874844 545.27 3 4 0.0789836 1 8715138 8715139 13 0 1 20 1  0
10.6026 8757344 538.051 4 4 0.0789836 1 8679753 8679757 13 0 1 20 1  0
10.183 8772607 538.989 5 4 0.0789836 1 8679761 8679763 13 0 1 20 1  0
10.069 8705722 534.88 3 5 0.0987291 1 8705722 8705723 13 0 1 20 1  0
10.269 8888799 546.128 3 5 0.0987291 1 8712864 8712865 13 0 1 20 1  0
10.1633 8868362 544.872 5 5 0.0987291 1 8868362 8868364 13 0 1 20 1  0
12.1185 8859216 544.31 12 1537 84.3809 7 8857554 8861816 13 0 1 20 1  0
11.6039 8845678 543.478 12 2075 219.866 5 8844356 8847482 13 0 1 20 1  0
13.4856 8813106 541.477 12 2512 477.444 1 8809504 8816840 13 0 1 20 1  0
10.7519 9167090 563.226 3 2 0.0394922 1 9167089 9167092 13 0 1 20 1  0
10.1009 9219191 566.427 8 0 0 1 9219191 9219192 13 0 1 20 1  0
10.5094 9404151 577.791 8 0 0 1 9220521 9220522 13 0 1 20 1  0
0 9172992 563.589 8 0 0 303 9220828 9220829 13 0 1 20 1  0
10.173 9371714 575.798 1 0 0 1 9371714 9371715 13 0 1 20 1  0
10.882 9406090 577.91 2 0 0 3 9211406 9211412 13 0 1 20 1  0
0 9172992 563.589 1 0 0 58 9381436 9381437 13 0 1 20 1  0
10.3816 9208486 565.769 12 261 5.33123 1 9207186 9210102 13 0 1 20 1  0
10.954 9404028 577.783 12 502 11.2486 1 9403918 9404390 13 0 1 20 1  0
10.047 9172994 563.589 12 2328 344.481 6 9172992 9173008 13 0 1 20 1  0
12.1316 9364686 575.366 12 2331 346.319 2 9363428 9365936 13 0 1 20 1  0
13.2363 9419410 578.729 12 2335 348.786 2 9172992 9173278 13 0 1 20 1  0
13.6119 9435314 579.706 8 0 0 7701 9435298 9435300 13 0 1 20 1  0
13.7175 9472980 582.02 8 0 0 1 9435314 9435316 13 0 1 20 1  0
13.576 9484977 582.757 8 0 0 1 9435620 9435623 13 0 1 20 1  0
13.466 9525552 585.25 8 0 0 1 9435626 9435638 13 0 1 20 1  0
13.3795 9579054 588.537 8 0 0 1 9435641 9435642 13 0 1 20 1  0
13.128 9625792 591.409 8 0 0 1 9435647 9435648 13 0 1 20 1  0
13.1908 9648826 592.824 8 0 0 1 9435942 9435947 13 0 1 20 1  0
13.4581 9665044 593.82 8 0 0 1 9435950 9435955 13 0 1 20 1  0
13.521 9668626 594.04 8 0 0 1 9435963 9435964 13 0 1 20 1  0
14.0976 9477848 582.319 1 0 0 1 9435314 9435316 13 0 1 20 1  0
13.8341 9509005 584.233 1 0 0 1 9435621 9435639 13 0 1 20 1  0
13.6679 9653358 593.102 1 0 0 1 9435647 9435648 13 0 1 20 1  0
13.8308 9465804 581.579 3 0 0 2 9435623 9435636 13 0 1 20 1  0
13.868 9641033 592.345 3 0 0 11 9435946 9435957 13 0 1 20 1  0
13.0086 9693918 595.594 3 0 0 2 9436273 9436289 13 0 1 20 1  0
12.2268 9466786 581.639 5 0 0 2 9435955 9435962 13 0 1 20 1  0
10.2747 9677700 594.598 5 1 0.0197462 1 9436280 9436285 13 0 1 20 1  0
10.0318 9437240 579.824 2 2 0.0394922 1 9437240 9437241 13 0 1 20 1  0
10.0256 9444710 580.283 4 2 0.0394922 1 9444710 9444711 13 0 1 20 1  0
11.3605 9454774 580.901 3 3 0.059238 1 9435617 9435619 13 0 1 20 1  0
11.1059 9455748 580.961 3 4 0.0789836 1 9435614 9435616 13 0 1 20 1  0
12.0352 9435136 579.695 12 2851 871.039 1 9435136 9435886 13 0 1 20 1  0
10.6844 9697246 595.799 12 3320 2000.98 1 9696664 9697282 13 0 1 20 1  0
10.5307 9697836 595.835 8 0 0 2662 9697836 9697837 13 0 1 20 1  0
12.1269 9700410 595.993 8 0 0 2 9698138 9698139 13 0 1 20 1  0
12.3517 9891503 607.734 8 0 0 1 9698466 9698467 13 0 1 20 1  0
12.0794 9906139 608.633 8 0 0 1 9698470 9698471 13 0 1 20 1  0
12.1114 9959002 611.881 8 0 0 1 9699100 9699103 13 0 1 20 1  0
12.5545 9844770 604.863 1 0 0 1 9699101 9699116 13 0 1 20 1  0
12.6366 9889563 607.615 1 0 0 1 9699425 9699426 13 0 1 20 1  0
11.7932 9884693 607.315 2 0 0 1 9700728 9700743 13 0 1 20 1  0
13.0001 9881765 607.136 3 0 0 13 9699104 9699110 13 0 1 20 1  0
10.2441 9701046 596.032 3 2 0.0394922 1 9701046 9701047 13 0 1 20 1  0
11.9969 9951526 611.422 4 2 0.0394922 2 9700725 9700734 13 0 1 20 1  0
10.0278 9701369 596.052 3 3 0.059238 1 9701369 9701370 13 0 1 20 1  0
10.0799 9699094 595.912 3 4 0.0789836 1 9699094 9699095 13 0 1 20 1  0
10.4164 9849631 605.161 3 4 0.0789836 1 9849631 9849633 13 0 1 20 1  0
10.0597 9701695 596.072 4 4 0.0789836 1 9701695 9701696 13 0 1 20 1  0
10.477 9881432 607.115 4 4 0.0789836 1 9849307 9849311 13 0 1 20 1  0
10.1134 9881105 607.095 5 4 0.0789836 1 9881105 9881106 13 0 1 20 1  0
10.2726 9948269 611.222 4 5 0.0987291 1 9947619 9947621 13 0 1 20 1  0
10.3098 9732396 597.958 9 236 4.79021 3 9732372 9732427 13 0 1 20 1  0
13.3005 9726431 597.592 8 2560 519.874 112 9723648 9728361 13 0 1 20 1  0
0 9697280 595.801 7 2515 479.991 41 9728967 9729043 13 0 1 20 1  0
13.853 10044348 617.125 10 2548 508.925 33 10039615 10045617 13 0 1 20 1  0
0 9959424 611.907 8 2532 494.685 2 10042819 10045610 13 0 1 20 1  0
10.7525 10221767 628.025 8 0 0 4529 10221767 10221768 13 0 1 20 1  0
12.5824 10249695 629.741 8 0 0 1 10221783 10221784 13 0 1 20 1  0
12.5151 10412857 639.766 8 0 0 1 10221787 10221788 13 0 1 20 1  0
12.6049 10438154 641.32 8 0 0 1 10221799 10221800 13 0 1 20 1  0
12.6049 10445291 641.759 8 0 0 1 10221818 10221819 13 0 1 20 1  0
12.545 10481652 643.993 8 0 0 1 10222083 10222084 13 0 1 20 1  0
10.1848 10221759 628.025 1 0 0 1 10221759 10221760 13 0 1 20 1  0
13.2525 10432963 641.001 1 0 0 1 10221767 10221768 13 0 1 20 1  0
12.5116 10426808 640.623 2 0 0 1 10245766 10245768 13 0 1 20 1  0
13.1926 10424862 640.503 3 0 0 1 10240585 10240587 13 0 1 20 1  0
13.4206 10422262 640.344 4 0 0 10 10241878 10241883 13 0 1 20 1  0
11.6087 10417391 640.044 5 0 0 2 10417380 10417405 13 0 1 20 1  0
10.1524 10240586 629.182 2 1 0.0197462 1 10240586 10240587 13 0 1 20 1  0
11.7888 10435560 641.161 2 1 0.0197462 1 10273665 10273666 13 0 1 20 1  0
11.4661 10476113 643.652 2 1 0.0197462 1 10304160 10304161 13 0 1 20 1  0
10.0995 10334982 634.981 3 1 0.0197462 1 10334982 10334983 13 0 1 20 1  0
12.1735 10421619 640.304 3 1 0.0197462 4 10336928 10336929 13 0 1 20 1  0
11.9288 10421934 640.324 4 2 0.0394922 2 10354770 10354776 13 0 1 20 1  0
10.02 10349253 635.858 3 2 0.0394922 1 10349253 10349254 13 0 1 20 1  0
10.0016 10389808 638.35 3 3 0.059238 1 10389808 10389809 13 0 1 20 1  0
10.5391 10430048 640.822 3 3 0.059238 1 10417385 10417387 13 0 1 20 1  0
12.8302 10485533 644.231 8 0 0 1 10483899 10483901 13 0 1 20 1  0
12.8394 10654566 654.617 8 0 0 1 10483907 10483908 13 0 1 20 1  0
12.8247 10706477 657.806 8 0 0 1 10483913 10483914 13 0 1 20 1  0
12.7071 10716189 658.403 8 0 0 1 10483922 10483923 13 0 1 20 1  0
0 10483712 644.119 8 0 0 8285 10484225 10484227 13 0 1 20 1  0
14.0651 10649368 654.297 1 0 0 1 10483900 10483902 13 0 1 20 1  0
14.0651 10696395 657.186 1 0 0 2 10484225 10484239 13 0 1 20 1  0
13.3947 10686339 656.569 2 0 0 2 10483901 10483903 13 0 1 20 1  0
14.905 10725595 658.981 3 0 0 14 10484875 10484891 13 0 1 20 1  0
14.8561 10513750 645.965 3 0 0 5 10484226 10484237 13 0 1 20 1  0
11.4353 10745387 660.197 3 0 0 1 10485199 10485212 13 0 1 20 1  0
10.3899 10484540 644.17 3 5 0.0987291 3 10484540 10484541 13 0 1 20 1  0
11.3647 10736947 659.678 2 1 0.0197462 1 10485200 10485202 13 0 1 20 1  0
10.2005 10484229 644.151 4 1 0.0197462 2 10484229 10484230 13 0 1 20 1  0
10.2951 10490061 644.509 2 2 0.0394922 1 10484871 10484873 13 0 1 20 1  0
10.9313 10513430 645.945 5 2 0.0394922 1 10506933 10506939 13 0 1 20 1  0
10.0104 10486817 644.31 3 3 0.059238 1 10486817 10486818 13 0 1 20 1  0
10.6597 10505634 645.466 3 3 0.059238 1 10487465 10487467 13 0 1 20 1  0
10.3016 10485844 644.25 4 4 0.0789836 2 10485844 10485845 13 0 1 20 1  0
10.82 10714557 658.302 3 4 0.0789836 1 10486813 10486815 13 0 1 20 1  0
10.3241 10486163 644.27 3 5 0.0987291 1 10485838 10485839 13 0 1 20 1  0
11.0053 10516987 646.164 4 5 0.0987291 1 10506928 10506930 13 0 1 20 1  0
10.9117 10727533 659.1 4 6 0.118475 1 10507252 10507254 13 0 1 20 1  0
10.5709 10711959 658.143 4 7 0.13822 1 10696711 10696714 13 0 1 20 1  0
10.7771 10746051 660.237 8 0 0 4596 10746051 10746052 13 0 1 20 1  0
11.9576 10766503 661.494 8 0 0 1 10746065 10746066 13 0 1 20 1  0
12.3576 10857009 667.055 8 0 0 1 10746083 10746084 13 0 1 20 1  0
12.4396 10945884 672.515 8 0 0 1 10746357 10746358 13 0 1 20 1  0
12.3412 10955604 673.112 8 0 0 1 10746688 10746689 13 0 1 20 1  0
12.5709 11006859 676.261 8 0 0 1 10746696 10746697 13 0 1 20 1  0
10.7325 10746689 660.277 1 0 0 1 10746689 10746690 13 0 1 20 1  0
12.9765 10833947 665.638 1 0 0 1 10746697 10746698 13 0 1 20 1  0
13.195 10946861 672.575 1 0 0 1 10747006 10747008 13 0 1 20 1  0
13.3698 11006860 676.261 1 0 0 1 10747016 10747017 13 0 1 20 1  0
12.5866 10906290 670.082 2 0 0 1 10749277 10749282 13 0 1 20 1  0
12.7969 11004592 676.122 2 0 0 1 10749601 10749606 13 0 1 20 1  0
12.7142 10998114 675.724 5 0 0 6 10814168 10814174 13 0 1 20 1  0
10.054 10751562 660.576 5 0 0 1 10751562 10751563 13 0 1 20 1  0
13.2748 10861212 667.313 5 0 0 13 10808323 10808337 13 0 1 20 1  0
10.4638 10749278 660.436 2 1 0.0197462 1 10749278 10749279 13 0 1 20 1  0
12.0396 10853087 666.814 2 1 0.0197462 3 10750582 10750583 13 0 1 20 1  0
10.3371 10904016 669.943 3 2 0.0394922 1 10904016 10904017 13 0 1 20 1  0
10.0822 10907914 670.182 4 2 0.0394922 1 10907914 10907915 13 0 1 20 1  0
10.0485 10752841 660.655 3 3 0.059238 1 10752841 10752842 13 0 1 20 1  0
11.339 10959163 673.331 3 3 0.059238 1 10757707 10757709 13 0 1 20 1  0
10.4097 10808318 664.063 4 3 0.059238 1 10808318 10808319 13 0 1 20 1  0
11.8775 10963384 673.59 4 3 0.059238 2 10814483 10814485 13 0 1 20 1  0
10.1016 10838482 665.916 3 4 0.0789836 1 10838482 10838483 13 0 1 20 1  0
10.0857 10814805 664.462 4 4 0.0789836 1 10814805 10814806 13 0 1 20 1  0
10.6856 10940668 672.195 4 7 0.13822 2 10838478 10838479 13 0 1 20 1  0
10.1498 10833288 665.597 4 7 0.13822 1 10833288 10833289 13 0 1 20 1  0
10.0215 10832634 665.557 4 9 0.177712 1 10832634 10832635 13 0 1 20 1  0
10.1157 11005549 676.181 4 9 0.177712 1 10861181 10861182 13 0 1 20 1  0
10.2041 10963964 673.626 12 198 3.98538 1 10963940 10964936 13 0 1 20 1  0
12.2783 10860343 667.259 8 375 7.94685 158 10860255 10860416 13 0 1 20 1  0
0 10745856 660.225 10 226 4.57647 17 10945829 10946029 13 0 1 20 1  0
10.3144 10945758 672.507 9 245 4.98385 3 10860558 10860588 13 0 1 20 1  0
10.3636 10966402 673.776 12 2364 367.2 3 10965558 10967178 13 0 1 20 1  0
0 10745856 660.225 12 2346 355.659 2 10966414 10967494 13 0 1 20 1  0
13.2776 10944644 672.439 12 2348 356.923 2 10939044 10946856 13 0 1 20 1  0
14.4444 11021464 677.159 8 0 0 1 11008157 11008185 13 0 1 20 1  0
14.4644 11035731 678.035 8 0 0 1 11008190 11008191 13 0 1 20 1  0
14.5986 11060072 679.531 8 0 0 1 11008196 11008200 13 0 1 20 1  0
14.6186 11062016 679.65 8 0 0 1 11008206 11008210 13 0 1 20 1  0
14.4824 11159664 685.65 8 0 0 1 11008216 11008217 13 0 1 20 1  0
14.6106 11260555 691.848 8 0 0 1 11008482 11008496 13 0 1 20 1  0
10.0069 11008145 676.34 4 9 0.177712 7215 11008145 11008146 13 0 1 20 1  0
14.3991 11063310 679.73 1 0 0 1 11008158 11008179 13 0 1 20 1  0
14.3596 11244658 690.872 1 0 0 1 11008483 11008496 13 0 1 20 1  0
14.5568 11208323 688.639 3 0 0 5 11008162 11008177 13 0 1 20 1  0
12.5778 11053906 679.152 4 0 0 1 11008164 11008175 13 0 1 20 1  0
12.3379 11131448 683.916 5 0 0 1 11008171 11008174 13 0 1 20 1  0
12.6118 11201183 688.201 2 1 0.0197462 1 11008164 11008172 13 0 1 20 1  0
10.5083 11009790 676.441 4 1 0.0197462 4 11009790 11009791 13 0 1 20 1  0
12.3519 11073367 680.348 4 1 0.0197462 1 11010110 11010111 13 0 1 20 1  0
11.5682 11109062 682.541 5 1 0.0197462 2 11039637 11039642 13 0 1 20 1  0
10.135 11012698 676.62 2 2 0.0394922 1 11012698 11012699 13 0 1 20 1  0
10.4732 11244330 690.852 2 2 0.0394922 1 11028593 11028594 13 0 1 20 1  0
10.011 11032173 677.817 3 2 0.0394922 1 11032173 11032174 13 0 1 20 1  0
10.1432 11010108 676.461 4 2 0.0394922 1 11010108 11010109 13 0 1 20 1  0
11.7397 11072393 680.288 4 2 0.0394922 1 11012054 11012055 13 0 1 20 1  0
10.7679 11131120 683.896 5 2 0.0394922 1 11042553 11042555 13 0 1 20 1  0
10.012 11041568 678.394 3 3 0.059238 1 11041568 11041569 13 0 1 20 1  0
11.4168 11209289 688.699 3 3 0.059238 2 11046434 11046435 13 0 1 20 1  0
10.0011 11046438 678.693 4 3 0.059238 1 11046438 11046439 13 0 1 20 1  0
11.2671 11247901 691.071 4 3 0.059238 2 11058442 11058444 13 0 1 20 1  0
10.7269 11129494 683.796 5 3 0.059238 5 11109056 11109059 13 0 1 20 1  0
11.2137 11174253 686.546 4 4 0.0789836 1 11042543 11042545 13 0 1 20 1  0
10.442 11062652 679.689 3 5 0.0987291 1 11010097 11010098 13 0 1 20 1  0
10.0418 11130788 683.876 5 5 0.0987291 1 11130788 11130789 13 0 1 20 1  0
10.7608 11054541 679.191 4 6 0.118475 2 11054540 11054543 13 0 1 20 1  0
10.0354 11244974 690.891 4 7 0.13822 1 11244973 11244975 13 0 1 20 1  0
11.3302 11141284 684.52 12 230 4.66179 1 11140874 11141740 13 0 1 20 1  0
10.2009 11137156 684.267 9 1332 58.3941 1 11137137 11137443 13 0 1 20 1  0
11.5445 11173137 686.478 10 1461 73.6439 5 11135632 11136564 13 0 1 20 1  0
0 11008000 676.331 10 1461 73.6439 1 11172852 11173665 13 0 1 20 1  0
13.6969 11292684 693.823 8 0 0 1 11270288 11270290 13 0 1 20 1  0
13.5315 11320907 695.557 8 0 0 1 11270298 11270299 13 0 1 20 1  0
13.9925 11374121 698.826 8 0 0 1 11270321 11270322 13 0 1 20 1  0
13.9181 11490226 705.959 8 0 0 1 11270612 11270613 13 0 1 20 1  0
13.9478 11493148 706.139 8 0 0 1 11270622 11270624 13 0 1 20 1  0
0 11270144 692.438 8 0 0 2550 11270627 11270628 13 0 1 20 1  0
10.3932 11270289 692.447 1 0 0 1 11270289 11270290 13 0 1 20 1  0
12.8892 11279697 693.025 1 0 0 1 11270623 11270628 13 0 1 20 1  0
12.166 11448710 703.409 1 0 0 2 11272244 11272246 13 0 1 20 1  0
0 11270144 692.438 1 0 0 1130 11272896 11272897 13 0 1 20 1  0
10.1249 11272245 692.567 2 0 0 1 11272245 11272246 13 0 1 20 1  0
11.8836 11356262 697.729 2 0 0 1 11285213 11285214 13 0 1 20 1  0
10.0582 11288145 693.544 3 0 0 1 11288145 11288146 13 0 1 20 1  0
11.3331 11328037 695.995 3 0 0 2 11293975 11293978 13 0 1 20 1  0
11.7638 11293964 693.901 3 5 0.0987291 7 11271901 11271904 13 0 1 20 1  0
10.6129 11303712 694.5 4 0 0 2 11303387 11303388 13 0 1 20 1  0
10.183 11299807 694.26 2 2 0.0394922 1 11299807 11299808 13 0 1 20 1  0
10.4916 11383183 699.383 2 2 0.0394922 1 11310513 11310514 13 0 1 20 1  0
10.3536 11326411 695.895 3 2 0.0394922 1 11326411 11326412 13 0 1 20 1  0
10.1385 11293320 693.862 3 3 0.059238 1 11293320 11293321 13 0 1 20 1  0
11.4094 11328681 696.034 3 3 0.059238 2 11293967 11293970 13 0 1 20 1  0
10.1465 11321539 695.595 3 4 0.0789836 1 11321539 11321540 13 0 1 20 1  0
10.2247 11316677 695.297 4 4 0.0789836 1 11316677 11316678 13 0 1 20 1  0
10.1782 11318299 695.396 4 4 0.0789836 1 11318299 11318301 13 0 1 20 1  0
10.0123 11271252 692.506 3 5 0.0987291 1 11271252 11271253 13 0 1 20 1  0
10.2561 11299158 694.22 4 5 0.0987291 1 11299158 11299159 13 0 1 20 1  0
11.3378 11336461 696.512 4 8 0.157966 4 11271896 11271899 13 0 1 20 1  0
10.0283 11271899 692.545 3 7 0.13822 1 11271899 11271900 13 0 1 20 1  0
10.2531 11376038 698.944 3 7 0.13822 1 11282928 11282930 13 0 1 20 1  0
15.3405 11437116 702.696 12 1788 132.021 20 11434446 11439828 13 0 1 20 1  0
16.6727 11532412 708.551 8 0 0 11401 11532393 11532395 13 0 1 20 1  0
16.7654 11570981 710.921 8 0 0 1 11532398 11532399 13 0 1 20 1  0
16.6252 11615755 713.672 8 0 0 1 11532402 11532403 13 0 1 20 1  0
16.6893 11620285 713.95 8 0 0 1 11532407 11532408 13 0 1 20 1  0
16.485 11641356 715.245 8 0 0 1 11532412 11532413 13 0 1 20 1  0
16.5491 11667290 716.838 8 0 0 1 11532417 11532418 13 0 1 20 1  0
16.6452 11733787 720.924 8 0 0 1 11532423 11532424 13 0 1 20 1  0
16.6452 11771400 723.235 8 0 0 1 11532449 11532450 13 0 1 20 1  0
16.6132 11783058 723.951 8 0 0 1 11532722 11532723 13 0 1 20 1  0
16.3568 11794418 724.649 8 0 0 1 11532726 11532727 13 0 1 20 1  0
17.0182 11565807 710.603 1 0 0 1 11532394 11532404 13 0 1 20 1  0
17.0119 11653672 716.002 1 0 0 1 11532412 11532418 13 0 1 20 1  0
17.5197 11784343 724.03 1 0 0 1 11532424 11532425 13 0 1 20 1  0
17.4943 11788566 724.289 1 0 0 1 11532727 11532728 13 0 1 20 1  0
10.2182 11532411 708.551 2 0 0 1 11532411 11532412 13 0 1 20 1  0
16.133 11667292 716.838 2 0 0 1 11534336 11534338 13 0 1 20 1  0
17.1923 11785967 724.13 2 0 0 1 11537255 11537256 13 0 1 20 1  0
14.3392 11579427 711.44 3 0 0 1 11537586 11537590 13 0 1 20 1  0
14.2885 11661790 716.5 3 0 0 1 11537904 11537906 13 0 1 20 1  0
16.2875 11700370 718.871 4 1 0.0197462 4 11538227 11538233 13 0 1 20 1  0
12.0914 11784356 724.031 5 0 0 2 11574559 11574566 13 0 1 20 1  0
10.6228 11534334 708.669 2 1 0.0197462 1 11534334 11534335 13 0 1 20 1  0
14.4728 11592720 712.257 2 1 0.0197462 1 11534980 11534981 13 0 1 20 1  0
14.6404 11784992 724.07 2 1 0.0197462 1 11537252 11537254 13 0 1 20 1  0
10.7391 11533687 708.63 3 1 0.0197462 1 11533687 11533688 13 0 1 20 1  0
16.0035 11785649 724.11 3 1 0.0197462 5 11537254 11537256 13 0 1 20 1  0
10.3124 11537581 708.869 3 3 0.059238 5 11537581 11537582 13 0 1 20 1  0
11.3388 11592413 712.238 6 1 0.0197462 1 11592404 11592421 13 0 1 20 1  0
10.4884 11535953 708.769 2 2 0.0394922 1 11535953 11535954 13 0 1 20 1  0
12.1444 11575194 711.18 2 2 0.0394922 1 11536601 11536602 13 0 1 20 1  0
13.8782 11579088 711.419 3 2 0.0394922 1 11537582 11537584 13 0 1 20 1  0
10.0092 11538230 708.909 4 2 0.0394922 1 11538230 11538231 13 0 1 20 1  0
15.7648 11650431 715.802 4 3 0.059238 11 11538222 11538226 13 0 1 20 1  0
13.7521 11748355 721.819 4 2 0.0394922 2 11544060 11544066 13 0 1 20 1  0
11.8419 11650113 715.783 5 2 0.0394922 2 11559639 11559642 13 0 1 20 1  0
10.2727 11537897 708.888 2 3 0.059238 1 11537897 11537898 13 0 1 20 1  0
11.0921 11570968 710.92 3 8 0.157966 3 11538212 11538216 13 0 1 20 1  0
14.3005 11635193 714.866 3 3 0.059238 2 11537896 11537898 13 0 1 20 1  0
13.2184 11671501 717.097 3 4 0.0789836 1 11537894 11537896 13 0 1 20 1  0
10.1642 11602761 712.874 5 5 0.0987291 2 11602761 11602762 13 0 1 20 1  0
13.1017 11583621 711.698 3 5 0.0987291 1 11537574 11537577 13 0 1 20 1  0
11.772 11621884 714.049 3 6 0.118475 1 11537573 11537575 13 0 1 20 1  0
11.857 11568699 710.781 3 7 0.13822 1 11537570 11537573 13 0 1 20 1  0
11.7653 11738938 721.24 3 7 0.13822 1 11537888 11537890 13 0 1 20 1  0
11.4772 11629660 714.526 4 10 0.197458 1 11543723 11543727 13 0 1 20 1  0
10.1748 11543722 709.246 4 11 0.217204 1 11543722 11543723 13 0 1 20 1  0
10.0912 11546315 709.406 4 12 0.236951 1 11546315 11546316 13 0 1 20 1  0
10.6449 11616686 713.729 4 12 0.236951 1 11546963 11546964 13 0 1 20 1  0
12.772 11795368 724.707 8 0 0 1 11794720 11794723 13 0 1 20 1  0
12.6343 11897222 730.965 8 0 0 1 11794726 11794727 13 0 1 20 1  0
12.6343 11898813 731.063 8 0 0 1 11794732 11794733 13 0 1 20 1  0
12.4629 12015924 738.258 8 0 0 1 11795044 11795045 13 0 1 20 1  0
12.96 12056437 740.747 8 0 0 1 11795368 11795370 13 0 1 20 1  0
0 11794432 724.65 8 0 0 2907 11795373 11795374 13 0 1 20 1  0
10.1681 11794722 724.668 1 0 0 1 11794722 11794723 13 0 1 20 1  0
11.6365 12047359 740.19 1 0 0 1 11795369 11795370 13 0 1 20 1  0
0 11794432 724.65 1 0 0 190 11795378 11795379 13 0 1 20 1  0
10.0465 11864109 728.931 2 0 0 1 11864109 11864110 13 0 1 20 1  0
10.297 12028200 739.013 2 0 0 1 12028200 12028201 13 0 1 20 1  0
10.4675 11934792 733.274 12 180 3.6106 4 11934446 11935460 13 0 1 20 1  0
12.9679 11934378 733.248 12 426 9.21534 10 11932118 11935136 13 0 1 20 1  0
0 11794432 724.65 12 426 9.21534 3 11956122 11956208 13 0 1 20 1  0
11.0776 11956160 734.586 12 432 9.36931 1 11932676 11934700 13 0 1 20 1  0
10.8725 12039745 739.722 7 731 18.781 15 12039721 12039794 13 0 1 20 1  0
13.0952 11925828 732.723 9 1548 86.0571 293 11924802 11926589 13 0 1 20 1  0
0 11794432 724.65 8 1363 61.7513 131 12034488 12034572 13 0 1 20 1  0
10.4465 12033564 739.342 7 1430 69.6592 1 12033472 12033624 13 0 1 20 1  0
11.3039 12032356 739.268 7 1515 81.1241 14 11925639 11926679 13 0 1 20 1  0
11.6634 12042023 739.862 11 2883 921.899 16 12038309 12043511 13 0 1 20 1  0
0 11794432 724.65 8 2882 920.266 2 12042591 12042602 13 0 1 20 1  0
10.6335 12009090 737.838 12 3137 1446.46 2 12008380 12010406 13 0 1 20 1  0
10.2784 12057088 740.787 8 0 0 2021 12057088 12057089 13 0 1 20 1  0
10.3691 12318493 756.848 8 0 0 1 12058711 12058712 13 0 1 20 1  0
10.1443 12087554 742.659 2 0 0 1 12087554 12087555 13 0 1 20 1  0
10.6391 12141073 745.948 2 0 0 1 12106043 12106044 13 0 1 20 1  0
10.0652 12136209 745.649 3 0 0 2 12136209 12136210 13 0 1 20 1  0
10.557 12138155 745.768 3 0 0 2 12138155 12138160 13 0 1 20 1  0
10.5194 12265245 753.577 4 4 0.0789836 2 12265242 12265246 13 0 1 20 1  0
10.299 12137727 745.742 5 4 0.0789836 2 12136112 12136114 13 0 1 20 1  0
17.857 12136024 745.637 12 481 10.668 1836 12133112 12140904 13 0 1 20 1  0
10.2861 12147767 746.359 6 6 0.118475 2 12147766 12147770 13 0 1 20 1  0
17.8923 12283795 754.716 8 380 8.06818 828 12134645 12135319 13 0 1 20 1  0
13.269 12264701 753.543 11 105 2.08375 7 12135287 12139876 13 0 1 20 1  0
13.3774 12260274 753.271 10 414 8.91049 18 12134690 12137105 13 0 1 20 1  0
10.6925 12146749 746.296 8 454 9.94308 5 12136413 12136497 13 0 1 20 1  0
10.0942 12135723 745.619 4 861 24.3544 1 12135723 12135724 13 0 1 20 1  0
10.3758 12133681 745.493 5 1127 40.2094 1 12133307 12133408 13 0 1 20 1  0
10.1924 12132768 745.437 5 1219 47.5805 1 12132761 12132769 13 0 1 20 1  0
10.6397 12132297 745.408 6 1282 53.3469 11 12132261 12132321 13 0 1 20 1  0
10.1291 12132496 745.421 4 1263 51.5411 1 12132495 12132497 13 0 1 20 1  0
11.4324 12131753 745.375 4 1303 55.4134 5 12131747 12131766 13 0 1 20 1  0
11.109 12131952 745.387 4 1312 56.3224 11 12131946 12131967 13 0 1 20 1  0
10.5093 12131554 745.363 5 1343 59.5647 7 12131540 12131557 13 0 1 20 1  0
10.155 12131042 745.331 4 1359 61.3079 1 12131041 12131043 13 0 1 20 1  0
10.2803 12130728 745.312 3 1391 64.9438 1 12130727 12130729 13 0 1 20 1  0
10.0208 12131375 745.352 4 1391 64.9438 1 12131375 12131376 13 0 1 20 1  0
12.4726 12235442 751.746 12 2460 435.375 2 12233546 12238138 13 0 1 20 1  0
10.2133 12234340 751.678 6 2475 447.115 1 12234146 12234352 13 0 1 20 1  0
12.8977 12319149 756.888 8 0 0 24871 12318839 12318840 13 0 1 20 1  0
12.8464 12356736 759.198 8 0 0 1 12319115 12319116 13 0 1 20 1  0
12.6041 12379124 760.573 8 0 0 1 12319119 12319120 13 0 1 20 1  0
12.7603 12421641 763.186 8 0 0 1 12319124 12319125 13 0 1 20 1  0
12.7202 12430675 763.741 8 0 0 1 12319128 12319129 13 0 1 20 1  0
12.7202 12516268 768.999 8 0 0 1 12319132 12319133 13 0 1 20 1  0
13.0086 12537355 770.295 8 0 0 1 12319137 12319138 13 0 1 20 1  0
12.7042 12564644 771.972 8 0 0 1 12319142 12319144 13 0 1 20 1  0
11.8261 12319143 756.888 1 0 0 1 12319143 12319144 13 0 1 20 1  0
13.193 12339549 758.142 1 0 0 2 12320089 12320090 13 0 1 20 1  0
12.2523 12509430 768.579 2 0 0 2 12339549 12339551 13 0 1 20 1  0
22.4062 12503800 768.233 9 255 5.20048 4577 12380482 12381632 13 0 1 20 1  0
13.2651 12502311 768.142 5 0 0 8 12381674 12381686 13 0 1 20 1  0
11.8423 12513033 768.801 2 1 0.0197462 1 12340843 12340844 13 0 1 20 1  0
10.4897 12381051 760.692 3 1 0.0197462 2 12381051 12381052 13 0 1 20 1  0
13.3799 12505220 768.321 3 1 0.0197462 5 12381667 12381685 13 0 1 20 1  0
10.0727 12399181 761.806 5 2 0.0394922 1 12399181 12399182 13 0 1 20 1  0
11.2654 12399496 761.825 4 4 0.0789836 2 12381659 12381669 13 0 1 20 1  0
11.3399 12381659 760.729 4 6 0.118475 3 12339852 12339856 13 0 1 20 1  0
10.4671 12516909 769.039 3 5 0.0987291 1 12381656 12381665 13 0 1 20 1  0
11.6119 12382250 760.765 4 5 0.0987291 1 12381657 12381667 13 0 1 20 1  0
10.3578 12510385 768.638 4 7 0.13822 1 12381657 12381662 13 0 1 20 1  0
10.9718 12501235 768.076 6 10 0.197458 3 12498960 12498966 13 0 1 20 1  0
10.054 12514961 768.919 4 9 0.177712 1 12509003 12509005 13 0 1 20 1  0
13.3531 12501570 768.096 5 9 0.177712 2 12326764 12326766 13 0 1 20 1  0
10.1157 12498966 767.936 6 9 0.177712 1 12498966 12498967 13 0 1 20 1  0
10.0104 12498641 767.917 6 10 0.197458 1 12498641 12498642 13 0 1 20 1  0
10.6664 12400518 761.888 11 170 3.40399 3 12398825 12400574 13 0 1 20 1  0
17.48 12379890 760.62 7 745 19.3282 2571 12379490 12380326 13 0 1 20 1  0
10.0113 12499483 767.968 7 234 4.74734 1 12499483 12499484 13 0 1 20 1  0
10.0897 12500104 768.006 3 238 4.83313 1 12500104 12500105 13 0 1 20 1  0
10.0967 12505940 768.365 3 241 4.89763 1 12501719 12501721 13 0 1 20 1  0
11.0643 12381140 760.697 5 367 7.75402 31 12381113 12381163 13 0 1 20 1  0
11.5665 12398156 761.743 12 480 10.6407 2 12397662 12398850 13 0 1 20 1  0
11.6937 12380724 760.672 3 566 13.1178 6 12380721 12380727 13 0 1 20 1  0
10.0217 12380311 760.646 3 571 13.2706 1 12380311 12380312 13 0 1 20 1  0
10.986 12500717 768.044 3 639 15.4576 4 12380390 12380415 13 0 1 20 1  0
10.6914 12495954 767.751 3 878 25.1723 1 12379207 12379247 13 0 1 20 1  0
10.0213 12499383 767.962 3 888 25.664 1 12499383 12499384 13 0 1 20 1  0
11.6652 12495819 767.743 5 945 28.6257 4 12378887 12379133 13 0 1 20 1  0
10.0193 12495486 767.723 3 978 30.4721 1 12495486 12495487 13 0 1 20 1  0
10.9464 12395038 761.551 6 1065 35.8578 2 12378310 12378572 13 0 1 20 1  0
11.2317 12395115 761.556 4 1303 55.4134 18 12376093 12376096 13 0 1 20 1  0
16.3259 12393606 761.463 12 1291 54.2234 163 12376386 12377268 13 0 1 20 1  0
10.0812 12502171 768.133 3 1075 36.529 1 12502171 12502172 13 0 1 20 1  0
10.116 12395781 761.597 4 1209 46.7216 1 12395781 12395785 13 0 1 20 1  0
11.6386 12493819 767.62 4 1436 70.4136 16 12493443 12493448 13 0 1 20 1  0
10.0395 12394095 761.493 5 1241 49.5231 1 12394095 12394096 13 0 1 20 1  0
10.4624 12393109 761.433 4 1353 60.6485 1 12393108 12393111 13 0 1 20 1  0
10.3212 12492157 767.518 4 1532 83.6296 6 12492156 12492158 13 0 1 20 1  0
10.3799 12391057 761.307 5 1523 82.2938 1 12390792 12390804 13 0 1 20 1  0
10.7508 12389739 761.226 6 1588 92.4334 5 12389696 12389864 13 0 1 20 1  0
10.7887 12389151 761.189 5 1598 94.0989 1 12389136 12389158 13 0 1 20 1  0
11.1866 12388780 761.167 5 1640 101.423 4 12375089 12375095 13 0 1 20 1  0
10.6857 12374988 760.319 6 1646 102.515 7 12374890 12375047 13 0 1 20 1  0
10.5685 12490459 767.414 4 1690 110.88 2 12490180 12490184 13 0 1 20 1  0
11.029 12490701 767.429 5 1711 115.108 3 12489987 12490114 13 0 1 20 1  0
10.3467 12490124 767.393 4 1705 113.884 3 12490124 12490127 13 0 1 20 1  0
10.8925 12490059 767.389 4 1708 114.494 6 12490056 12490062 13 0 1 20 1  0
10.0196 12490821 767.436 5 1710 114.903 1 12490821 12490822 13 0 1 20 1  0
10.261 12490313 767.405 4 1719 116.76 2 12490308 12490316 13 0 1 20 1  0
10.1241 12489582 767.36 4 1748 122.948 1 12489582 12489583 13 0 1 20 1  0
10.237 12488736 767.308 5 1873 153.569 1 12488735 12488737 13 0 1 20 1  0
10.2871 12488979 767.323 5 1896 159.978 1 12488977 12488981 13 0 1 20 1  0
10.6129 12488627 767.301 5 1907 163.137 1 12488623 12488633 13 0 1 20 1  0
10.2193 12488231 767.277 5 1937 172.071 2 12487907 12487913 13 0 1 20 1  0
0 12318720 756.862 5 1937 172.071 21 12488227 12488237 13 0 1 20 1  0
14.1018 12482278 766.911 12 1968 181.814 10 12479272 12488718 13 0 1 20 1  0
11.5663 12486779 767.188 6 1962 179.886 6 12481737 12481768 13 0 1 20 1  0
10.3923 12487467 767.23 7 1968 181.814 3 12486643 12486652 13 0 1 20 1  0
10.0472 12485433 767.105 5 1979 185.402 1 12485433 12485434 13 0 1 20 1  0
10.1952 12486230 767.154 5 1979 185.402 2 12486222 12486232 13 0 1 20 1  0
10.2999 12482314 766.913 7 1979 185.402 2 12482237 12482596 13 0 1 20 1  0
10.277 12480930 766.828 5 2000 192.449 5 12480930 12481041 13 0 1 20 1  0
10.026 12485874 767.132 5 1998 191.766 1 12485874 12485875 13 0 1 20 1  0
10.4196 12480655 766.811 4 2000 192.449 1 12480654 12480657 13 0 1 20 1  0
10.3857 12466553 765.945 6 2282 317.482 2 12466550 12466559 13 0 1 20 1  0
11.9439 12458542 765.453 10 2427 410.621 15 12457392 12459511 13 0 1 20 1  0
0 12318720 756.862 7 2406 395.605 2 12459741 12459852 13 0 1 20 1  0
10.3217 12456894 765.352 6 2456 432.297 1 12456891 12456895 13 0 1 20 1  0
14.8557 12595099 773.843 8 0 0 1 12581126 12581132 13 0 1 20 1  0
14.9378 12603178 774.339 8 0 0 1 12581135 12581142 13 0 1 20 1  0
15.0297 12708618 780.817 8 0 0 1 12581145 12581146 13 0 1 20 1  0
14.9437 12767935 784.462 8 0 0 1 12581149 12581150 13 0 1 20 1  0
15.1315 12819160 787.609 8 0 0 1 12581157 12581158 13 0 1 20 1  0
0 12580864 772.968 8 0 0 10053 12581168 12581169 13 0 1 20 1  0
15.8719 12670657 778.485 1 0 0 1 12581127 12581147 13 0 1 20 1  0
16.1025 12713780 781.135 1 0 0 1 12581157 12581159 13 0 1 20 1  0
16.1653 12818184 787.549 1 0 0 1 12581451 12581470 13 0 1 20 1  0
16.1821 12821103 787.729 1 0 0 1 12581478 12581479 13 0 1 20 1  0
15.7685 12830510 788.307 3 0 0 7 12581779 12581786 13 0 1 20 1  0
13.806 12826932 788.087 5 0 0 25 12663177 12663186 13 0 1 20 1  0
10.8083 12581775 773.024 2 1 0.0197462 4 12581775 12581776 13 0 1 20 1  0
13.2359 12764677 784.262 2 1 0.0197462 1 12582100 12582102 13 0 1 20 1  0
14.3908 12663171 778.025 3 1 0.0197462 1 12582099 12582104 13 0 1 20 1  0
10.1969 12582754 773.084 4 1 0.0197462 2 12582754 12582755 13 0 1 20 1  0
10.1106 12723498 781.732 5 4 0.0789836 3 12723498 12723499 13 0 1 20 1  0
10.7839 12797751 786.294 2 2 0.0394922 1 12582097 12582098 13 0 1 20 1  0
10.2009 12582097 773.044 3 2 0.0394922 1 12582097 12582098 13 0 1 20 1  0
12.144 12755269 783.684 3 3 0.059238 1 12582744 12582747 13 0 1 20 1  0
12.4715 12768244 784.481 4 3 0.059238 1 12583394 12583398 13 0 1 20 1  0
11.3816 12768885 784.52 3 4 0.0789836 1 12583715 12583716 13 0 1 20 1  0
13.3806 12756241 783.743 4 6 0.118475 3 12583389 12583391 13 0 1 20 1  0
10.1777 12582415 773.064 3 5 0.0987291 1 12582415 12582416 13 0 1 20 1  0
10.0475 12583391 773.124 4 5 0.0987291 2 12583391 12583392 13 0 1 20 1  0
10.8526 12815903 787.409 3 6 0.118475 1 12582738 12582742 13 0 1 20 1  0
10.2864 12806823 786.851 3 7 0.13822 1 12597004 12597006 13 0 1 20 1  0
11.9385 12752022 783.484 4 8 0.157966 2 12586627 12586629 13 0 1 20 1  0
10.0026 12587924 773.402 3 8 0.157966 1 12587924 12587925 13 0 1 20 1  0
10.3956 12822386 787.807 3 8 0.157966 1 12588247 12588248 13 0 1 20 1  0
10.0003 12821411 787.747 3 9 0.177712 1 12821411 12821412 13 0 1 20 1  0
14.1489 12826067 788.034 8 356 7.4914 337 12825963 12826156 13 0 1 20 1  0
10.265 12826069 788.034 3 336 7.02113 1 12826068 12826070 13 0 1 20 1  0
10.0399 12823867 787.898 8 934 28.0323 1 12823867 12823877 13 0 1 20 1  0
10.2578 12843513 789.105 8 0 0 431 12843513 12843514 13 0 1 20 1  0
10.4293 13104883 805.164 8 0 0 1 12844157 12844158 13 0 1 20 1  0
10.5573 12848338 789.402 1 0 0 1 12848338 12848339 13 0 1 20 1  0
10.5639 13006266 799.105 1 0 0 1 12848665 12848666 13 0 1 20 1  0
0 12843008 789.074 1 0 0 74 12848989 12848990 13 0 1 20 1  0
17.7768 12877072 791.167 9 556 12.8152 2011 12876671 12877395 13 0 1 20 1  0
0 12843008 789.074 8 227 4.59778 9 12906135 12906161 13 0 1 20 1  0
0 12843008 789.074 3 588 13.798 67 12877108 12877109 13 0 1 20 1  0
10.8465 13105205 805.184 8 0 0 851 13105205 13105206 13 0 1 20 1  0
11.6139 13206716 811.421 8 0 0 1 13107447 13107448 13 0 1 20 1  0
11.516 13344554 819.889 8 0 0 1 13108119 13108120 13 0 1 20 1  0
10.7989 13109742 805.463 1 0 0 1 13109742 13109743 13 0 1 20 1  0
10.9451 13150286 807.954 1 0 0 1 13125636 13125637 13 0 1 20 1  0
0 13105152 805.18 1 0 0 98 13128888 13128889 13 0 1 20 1  0
10.0244 13149942 807.932 2 0 0 1 13149942 13149943 13 0 1 20 1  0
10.2725 13156097 808.311 2 0 0 1 13156097 13156098 13 0 1 20 1  0
10.0756 13155124 808.251 2 1 0.0197462 1 13155124 13155125 13 0 1 20 1  0
10.2819 13176853 809.586 2 1 0.0197462 2 13156094 13156096 13 0 1 20 1  0
10.1344 13150901 807.991 3 3 0.059238 1 13150901 13150902 13 0 1 20 1  0
10.6456 13299441 817.118 4 3 0.059238 2 13156094 13156098 13 0 1 20 1  0
10.6105 13230040 812.854 5 6 0.118475 5 13149932 13149935 13 0 1 20 1  0
12.8007 13367294 821.286 12 131 2.60765 1 13359810 13367298 13 0 1 20 1  0
0 13367296 821.287 7 2853 874.133 482 13517631 13519618 13 0 1 20 1  0
10.7262 13519806 830.657 5 2867 896.108 1 13516245 13516254 13 0 1 20 1  0
10.5325 13517128 830.492 2 2881 918.635 1 13515874 13515875 13 0 1 20 1  0
10.2771 13514748 830.346 2 2895 941.728 1 13514302 13514319 13 0 1 20 1  0
46.9188 13514757 830.347 9 2894 940.06 594 13514265 13515812 13 0 1 20 1 1
