12.2456 2177 0.133755 8 0 0 860 2177 2178 13 0 1 20 1  0
23.46 198703 12.2083 8 0 0 1 2800 2801 13 0 1 20 1  0
12.4277 2177 0.133755 1 0 0 1 2177 2178 13 0 1 20 1  0
24.173 113350 6.96422 1 0 0 1 3158 3159 13 0 1 20 1  0
23.4858 256579 15.7642 1 0 0 1 3291 3292 13 0 1 20 1  0
0 2048 0.125829 1 0 0 787 3782 3783 13 0 1 20 1  0
18.8269 144095 8.8532 2 0 0 3 5114 5117 13 0 1 20 1  0
10.9463 59722 3.66932 1 1 0.0197462 1 59722 59723 13 0 1 20 1  0
11.0423 257888 15.8446 1 1 0.0197462 1 66263 66264 13 0 1 20 1  0
10.9459 115315 7.08495 2 1 0.0197462 1 115315 115317 13 0 1 20 1  0
10.2948 46320 2.8459 2 2 0.0394922 1 46320 46321 13 0 1 20 1  0
11.7202 248730 15.282 2 2 0.0394922 1 54816 54817 13 0 1 20 1  0
10.7566 16233 0.997355 2 3 0.059238 1 16233 16234 13 0 1 20 1  0
11.9539 204259 12.5497 2 3 0.059238 1 30623 30624 13 0 1 20 1  0
10.1752 237611 14.5988 3 5 0.0987291 2 237611 237612 13 0 1 20 1  0
10.7926 251341 15.4424 2 4 0.0789836 1 251341 251342 13 0 1 20 1  0
15.8059 260175 15.9852 8 0 0 873 260175 260176 13 0 1 20 1  0
22.526 273256 16.7888 8 0 0 1 260308 260309 13 0 1 20 1  0
22.4456 466522 28.6631 8 0 0 1 260340 260341 13 0 1 20 1  0
12.9182 260175 15.9852 1 0 0 1 260175 260176 13 0 1 20 1  0
24.5036 289280 17.7734 1 0 0 4 260829 260830 13 0 1 20 1  0
20.2029 493010 30.2905 1 0 0 1 261292 261293 13 0 1 20 1  0
0 260096 15.9803 1 0 0 704 261780 261781 13 0 1 20 1  0
10.7975 262789 16.1458 2 0 0 1 262789 262790 13 0 1 20 1  0
10.9333 266060 16.3467 1 1 0.0197462 1 266060 266061 13 0 1 20 1  0
11.7664 272598 16.7484 2 3 0.059238 5 272598 272599 13 0 1 20 1  0
12.2011 273255 16.7888 2 2 0.0394922 1 273255 273256 13 0 1 20 1  0
10.3983 362700 22.2843 3 2 0.0394922 1 362700 362701 13 0 1 20 1  0
11.5869 416158 25.5687 2 3 0.059238 1 273899 273900 13 0 1 20 1  0
10.4067 284370 17.4717 2 4 0.0789836 1 284370 284371 13 0 1 20 1  0
10.0616 288943 17.7527 2 4 0.0789836 1 288943 288944 13 0 1 20 1  0
19.8962 522433 32.0983 8 0 0 778 522433 522434 13 0 1 20 1  0
22.6068 528321 32.46 8 0 0 1 522570 522571 13 0 1 20 1  0
22.5781 783039 48.1099 8 0 0 1 523062 523063 13 0 1 20 1  0
23.2582 579007 35.5742 1 0 0 3 522433 522435 13 0 1 20 1  0
21.183 751978 46.2015 1 0 0 1 523063 523064 13 0 1 20 1  0
0 522240 32.0864 1 0 0 667 523554 523555 13 0 1 20 1  0
10.1607 522434 32.0983 2 0 0 1 522434 522435 13 0 1 20 1  0
10.6691 528321 32.46 1 1 0.0197462 1 528321 528322 13 0 1 20 1  0
10.8263 569848 35.0115 1 1 0.0197462 1 558410 558411 13 0 1 20 1  0
10.2071 584566 35.9157 2 1 0.0197462 1 584566 584567 13 0 1 20 1  0
10.2265 546962 33.6053 2 2 0.0394922 1 546962 546963 13 0 1 20 1  0
10.7745 704894 43.3087 2 2 0.0394922 1 553830 553831 13 0 1 20 1  0
10.7258 552195 33.9269 2 3 0.059238 1 552195 552196 13 0 1 20 1  0
11.5341 581623 35.7349 2 3 0.059238 2 556435 556436 13 0 1 20 1  0
15.2455 785001 48.2305 8 0 0 715 785001 785002 13 0 1 20 1  0
22.673 789253 48.4917 8 0 0 1 785293 785295 13 0 1 20 1  0
15.0928 785001 48.2305 1 0 0 1 785001 785002 13 0 1 20 1  0
22.8522 928875 57.0701 1 0 0 1 785294 785295 13 0 1 20 1  0
24.7906 1013253 62.2543 1 0 0 2 785789 785790 13 0 1 20 1  0
0 784384 48.1926 1 0 0 676 786278 786279 13 0 1 20 1  0
10.4952 801999 49.2748 1 1 0.0197462 1 801999 802000 13 0 1 20 1  0
10.8071 979891 60.2045 1 1 0.0197462 1 837969 837970 13 0 1 20 1  0
10.1561 789580 48.5118 2 2 0.0394922 1 789580 789581 13 0 1 20 1  0
10.9694 903367 55.5029 2 2 0.0394922 1 821613 821614 13 0 1 20 1  0
10.0137 845157 51.9264 2 3 0.059238 1 845157 845158 13 0 1 20 1  0
11.1972 960596 59.019 2 3 0.059238 2 861505 861506 13 0 1 20 1  0
16.673 1046904 64.3218 8 0 0 819 1046904 1046905 13 0 1 20 1  0
24.2677 1152549 70.8126 8 0 0 1 1046935 1046936 13 0 1 20 1  0
23.9147 1293489 79.472 8 0 0 1 1047757 1047759 13 0 1 20 1  0
24.4023 1093371 67.1767 1 0 0 1 1046904 1046906 13 0 1 20 1  0
24.4164 1262750 77.5834 1 0 0 2 1046935 1046936 13 0 1 20 1  0
0 1046528 64.2987 1 0 0 964 1047757 1047760 13 0 1 20 1  0
10.0132 1046905 64.3218 2 0 0 1 1046905 1046906 13 0 1 20 1  0
17.6474 1253925 77.0412 2 0 0 1 1046934 1046936 13 0 1 20 1  0
11.5154 1047760 64.3744 3 0 0 1 1047758 1047762 13 0 1 20 1  0
10.3945 1076363 66.1317 1 1 0.0197462 1 1076363 1076364 13 0 1 20 1  0
12.3531 1283030 78.8294 2 2 0.0394922 6 1110371 1110372 13 0 1 20 1  0
10.6757 1252612 76.9605 2 1 0.0197462 1 1252612 1252613 13 0 1 20 1  0
10.0108 1096966 67.3976 2 2 0.0394922 1 1096966 1096967 13 0 1 20 1  0
10.8982 1118546 68.7235 3 2 0.0394922 1 1118546 1118547 13 0 1 20 1  0
10.2869 1092710 67.1361 2 3 0.059238 1 1092710 1092711 13 0 1 20 1  0
11.5365 1110368 68.221 2 4 0.0789836 6 1110368 1110370 13 0 1 20 1  0
11.9598 1308998 80.4248 8 0 0 1029 1308998 1308999 13 0 1 20 1  0
24.1777 1342219 82.4659 8 0 0 1 1309185 1309186 13 0 1 20 1  0
24.2307 1477586 90.7829 8 0 0 1 1309487 1309488 13 0 1 20 1  0
22.9909 1570765 96.5078 8 0 0 1 1309518 1309520 13 0 1 20 1  0
10.6598 1308999 80.4249 1 0 0 1 1308999 1309000 13 0 1 20 1  0
24.0262 1333390 81.9235 1 0 0 1 1309487 1309489 13 0 1 20 1  0
24.4966 1564549 96.1259 1 0 0 1 1309519 1309521 13 0 1 20 1  0
0 1308672 80.4048 1 0 0 1306 1309979 1309980 13 0 1 20 1  0
19.0234 1344187 82.5868 2 0 0 1 1309518 1309521 13 0 1 20 1  0
16.0767 1563903 96.0862 2 0 0 1 1312135 1312138 13 0 1 20 1  0
11.2534 1445907 88.8365 3 0 0 1 1315394 1315397 13 0 1 20 1  0
10.6653 1312134 80.6175 2 2 0.0394922 2 1312134 1312135 13 0 1 20 1  0
11.2577 1328161 81.6022 1 1 0.0197462 2 1328161 1328162 13 0 1 20 1  0
11.6683 1420369 87.2675 2 1 0.0197462 3 1420368 1420370 13 0 1 20 1  0
12.2935 1511914 92.892 2 2 0.0394922 1 1317039 1317040 13 0 1 20 1  0
12.0723 1559969 95.8445 2 3 0.059238 2 1333387 1333389 13 0 1 20 1  0
10.0357 1390286 85.4192 3 3 0.059238 1 1390286 1390287 13 0 1 20 1  0
10.7268 1435085 88.1716 3 5 0.0987291 4 1435084 1435086 13 0 1 20 1  0
16.7414 1571099 96.5283 8 0 0 1017 1571099 1571100 13 0 1 20 1  0
24.4136 1614569 99.1991 8 0 0 1 1571228 1571229 13 0 1 20 1  0
24.3285 1779653 109.342 8 0 0 1 1571423 1571424 13 0 1 20 1  0
19.2155 1824756 112.113 8 0 0 1 1571720 1571722 13 0 1 20 1  0
29.4554 1644655 101.048 1 0 0 4 1571099 1571101 13 0 1 20 1  0
23.1014 1790440 110.005 1 0 0 1 1571228 1571230 13 0 1 20 1  0
0 1570816 96.5109 1 0 0 1502 1571423 1571425 13 0 1 20 1  0
10.7721 1573384 96.6687 1 1 0.0197462 2 1573384 1573385 13 0 1 20 1  0
10.895 1629938 100.143 1 1 0.0197462 1 1583836 1583837 13 0 1 20 1  0
13.2363 1656717 101.789 2 1 0.0197462 8 1585482 1585483 13 0 1 20 1  0
11.2752 1589930 97.6853 3 1 0.0197462 2 1589930 1589931 13 0 1 20 1  0
10.5427 1601501 98.3962 3 2 0.0394922 2 1601501 1601502 13 0 1 20 1  0
11.4452 1751545 107.615 3 2 0.0394922 1 1603134 1603135 13 0 1 20 1  0
11.0217 1572072 96.5881 2 3 0.059238 2 1572072 1572073 13 0 1 20 1  0
12.005 1619155 99.4809 2 3 0.059238 1 1572399 1572400 13 0 1 20 1  0
11.5654 1673436 102.816 12 465 10.2356 4 1673076 1675166 13 0 1 20 1  0
10.6097 1672968 102.787 12 899 26.2142 1 1672658 1673278 13 0 1 20 1  0
11.2168 1832912 112.614 11 1833 143.025 8 1832401 1832961 13 0 1 20 1  0
11.5031 1832864 112.611 12 2691 655.848 2 1831070 1832962 13 0 1 20 1  0
10.9425 1833432 112.646 8 0 0 1027 1833432 1833433 13 0 1 20 1  0
24.3969 1891458 116.211 8 0 0 1 1833579 1833580 13 0 1 20 1  0
11.7589 1833432 112.646 1 0 0 2 1833432 1833433 13 0 1 20 1  0
22.0032 1856787 114.081 1 0 0 3 1833579 1833581 13 0 1 20 1  0
24.9338 2042423 125.486 1 0 0 5 1833889 1833890 13 0 1 20 1  0
22.3901 2093726 128.639 1 0 0 1 1834382 1834383 13 0 1 20 1  0
0 1832960 112.617 1 0 0 1377 1834870 1834871 13 0 1 20 1  0
17.5885 2007778 123.358 2 0 0 2 1835873 1835876 13 0 1 20 1  0
11.2572 2053536 126.169 1 1 0.0197462 2 1859725 1859726 13 0 1 20 1  0
10.2336 1859721 114.261 3 5 0.0987291 2 1859721 1859722 13 0 1 20 1  0
12.0737 1837494 112.896 2 3 0.059238 2 1837494 1837495 13 0 1 20 1  0
12.4686 2011387 123.58 2 2 0.0394922 2 1842729 1842730 13 0 1 20 1  0
10.4138 1891458 116.211 3 2 0.0394922 1 1891458 1891459 13 0 1 20 1  0
10.2008 1973138 121.23 3 3 0.059238 1 1973138 1973139 13 0 1 20 1  0
11.6045 1914186 117.608 11 39 0.770481 2 1911545 1915163 13 0 1 20 1  0
10.0995 1928376 118.479 10 80 1.58404 1 1928372 1928379 13 0 1 20 1  0
11.5417 1909971 117.349 11 544 12.4574 31 1909402 1910202 13 0 1 20 1  0
12.9899 1880168 115.518 12 2218 283.398 78 1877944 1882150 13 0 1 20 1  0
0 1832960 112.617 9 2218 283.398 4 1880707 1880823 13 0 1 20 1  0
10.2727 2095361 128.739 8 0 0 1167 2095361 2095362 13 0 1 20 1  0
24.4403 2141770 131.59 8 0 0 1 2095372 2095373 13 0 1 20 1  0
10.0859 2095373 128.74 1 0 0 1 2095373 2095374 13 0 1 20 1  0
26.9209 2118244 130.145 1 0 0 4 2095693 2095695 13 0 1 20 1  0
22.274 2330968 143.215 1 0 0 1 2095834 2095835 13 0 1 20 1  0
0 2095104 128.723 1 0 0 1494 2096015 2096017 13 0 1 20 1  0
18.4834 2118902 130.185 2 0 0 1 2095692 2095695 13 0 1 20 1  0
11.8958 2279012 140.022 3 0 0 2 2118244 2118247 13 0 1 20 1  0
10.9864 2097330 128.86 1 1 0.0197462 1 2097330 2097331 13 0 1 20 1  0
11.0687 2134571 131.148 1 1 0.0197462 1 2100587 2100588 13 0 1 20 1  0
11.2084 2103199 129.221 2 2 0.0394922 4 2103199 2103200 13 0 1 20 1  0
11.3244 2273142 139.662 2 1 0.0197462 1 2118901 2118902 13 0 1 20 1  0
10.7538 2331300 143.235 3 2 0.0394922 2 2305496 2305497 13 0 1 20 1  0
12.1359 2163001 132.895 2 2 0.0394922 1 2106466 2106467 13 0 1 20 1  0
10.0493 2227388 136.851 3 2 0.0394922 1 2227388 2227389 13 0 1 20 1  0
11.1262 2305494 141.65 3 3 0.059238 1 2118242 2118244 13 0 1 20 1  0
10.9086 2109737 129.622 2 4 0.0789836 1 2109737 2109738 13 0 1 20 1  0
13.3517 2357255 144.83 8 0 0 1189 2357255 2357256 13 0 1 20 1  0
24.6444 2433596 149.52 8 0 0 1 2357287 2357289 13 0 1 20 1  0
24.6384 2525086 155.141 8 0 0 1 2357441 2357442 13 0 1 20 1  0
11.9856 2357256 144.83 1 0 0 1625 2357256 2357257 13 0 1 20 1  0
25.8251 2447962 150.403 1 0 0 1 2357288 2357289 13 0 1 20 1  0
26.1325 2472146 151.889 1 0 0 1 2357442 2357443 13 0 1 20 1  0
24.8183 2585561 158.857 1 0 0 2 2357746 2357747 13 0 1 20 1  0
17.1829 2391107 146.91 2 0 0 4 2358095 2358097 13 0 1 20 1  0
11.7519 2386384 146.619 3 0 0 5 2380963 2380967 13 0 1 20 1  0
10.9421 2358421 144.901 1 1 0.0197462 1 2358421 2358422 13 0 1 20 1  0
11.1693 2525086 155.141 1 1 0.0197462 1 2359737 2359738 13 0 1 20 1  0
12.5562 2563818 157.521 3 1 0.0197462 2 2391108 2391110 13 0 1 20 1  0
10.911 2362013 145.122 2 2 0.0394922 1 2362013 2362014 13 0 1 20 1  0
12.8976 2529662 155.422 2 2 0.0394922 1 2362662 2362664 13 0 1 20 1  0
12.7432 2516921 154.64 3 2 0.0394922 1 2409400 2409401 13 0 1 20 1  0
10.6153 2362661 145.162 2 3 0.059238 1 2362661 2362662 13 0 1 20 1  0
12.1197 2513330 154.419 2 3 0.059238 4 2368550 2368551 13 0 1 20 1  0
11.353 2518884 154.76 3 3 0.059238 1 2391105 2391107 13 0 1 20 1  0
10.2354 2549923 156.667 3 5 0.0987291 1 2541111 2541112 13 0 1 20 1  0
10.143 2619398 160.936 8 0 0 1160 2619398 2619399 13 0 1 20 1  0
24.3802 2634573 161.868 8 0 0 1 2619544 2619545 13 0 1 20 1  0
24.3094 2775734 170.541 8 0 0 1 2620329 2620330 13 0 1 20 1  0
24.2976 2868539 176.243 8 0 0 1 2620522 2620523 13 0 1 20 1  0
11.937 2619398 160.936 1 0 0 1471 2619398 2619399 13 0 1 20 1  0
24.1086 2634573 161.868 1 0 0 2 2619544 2619546 13 0 1 20 1  0
25.1442 2775734 170.541 1 0 0 4 2619843 2619844 13 0 1 20 1  0
24.1244 2861670 175.821 1 0 0 1 2620330 2620331 13 0 1 20 1  0
17.3752 2726729 167.53 2 0 0 2 2622155 2622158 13 0 1 20 1  0
11.7956 2791307 171.498 3 0 0 7 2726730 2726732 13 0 1 20 1  0
11.3148 2622473 161.125 1 1 0.0197462 1 2622473 2622474 13 0 1 20 1  0
11.3198 2778994 170.741 1 1 0.0197462 1 2624111 2624112 13 0 1 20 1  0
10.0586 2623458 161.185 2 1 0.0197462 1 2623458 2623459 13 0 1 20 1  0
12.8149 2809079 172.59 2 1 0.0197462 3 2634248 2634249 13 0 1 20 1  0
10.1143 2624110 161.225 2 2 0.0394922 1 2624110 2624111 13 0 1 20 1  0
10.312 2848937 175.039 3 2 0.0394922 1 2848937 2848938 13 0 1 20 1  0
10.064 2870822 176.383 3 2 0.0394922 1 2870822 2870823 13 0 1 20 1  0
11.5643 2621823 161.085 2 3 0.059238 1 2621823 2621824 13 0 1 20 1  0
10.1687 2837818 174.356 2 4 0.0789836 1 2634568 2634570 13 0 1 20 1  0
16.8211 2881605 177.046 8 0 0 1095 2881605 2881606 13 0 1 20 1  0
24.8571 2939118 180.579 8 0 0 1 2881938 2881939 13 0 1 20 1  0
24.7955 3016565 185.338 8 0 0 1 2882262 2882264 13 0 1 20 1  0
24.5236 3133233 192.506 8 0 0 1 2882592 2882593 13 0 1 20 1  0
11.1757 2881583 177.044 1 0 0 1 2881583 2881584 13 0 1 20 1  0
26.2497 3076372 189.012 1 0 0 1 2881605 2881607 13 0 1 20 1  0
25.6944 3116885 191.501 1 0 0 1 2881938 2881940 13 0 1 20 1  0
0 2881536 177.042 1 0 0 1534 2882262 2882265 13 0 1 20 1  0
10.065 2881604 177.046 2 0 0 1 2881604 2881605 13 0 1 20 1  0
20.7218 3142384 193.068 2 0 0 4 2882262 2882265 13 0 1 20 1  0
11.2485 2885195 177.266 1 1 0.0197462 4 2885195 2885196 13 0 1 20 1  0
11.2924 2949251 181.202 1 1 0.0197462 1 2893694 2893695 13 0 1 20 1  0
11.607 3008404 184.836 2 1 0.0197462 1 2885195 2885197 13 0 1 20 1  0
10.1305 3094018 190.096 3 1 0.0197462 1 3094018 3094019 13 0 1 20 1  0
10.708 3021135 185.619 3 2 0.0394922 1 3021135 3021136 13 0 1 20 1  0
12.369 2961994 181.985 2 3 0.059238 1 2888798 2888799 13 0 1 20 1  0
10.5662 2903493 178.391 3 3 0.059238 2 2903492 2903494 13 0 1 20 1  0
11.0042 2956760 181.663 2 4 0.0789836 1 2888797 2888798 13 0 1 20 1  0
10.8874 2911340 178.873 3 4 0.0789836 2 2903490 2903492 13 0 1 20 1  0
12.435 3143642 193.145 11 2927 996.716 6 3142759 3143681 13 0 1 20 1  0
20.9646 3143683 193.148 8 0 0 1172 3143683 3143684 13 0 1 20 1  0
24.7796 3227988 198.328 8 0 0 1 3143848 3143849 13 0 1 20 1  0
24.6872 3255763 200.034 8 0 0 1 3144012 3144014 13 0 1 20 1  0
24.3645 3373715 207.281 8 0 0 1 3144308 3144309 13 0 1 20 1  0
27.0417 3227988 198.328 1 0 0 1 3143683 3143685 13 0 1 20 1  0
26.8596 3266217 200.676 1 0 0 1 3144012 3144014 13 0 1 20 1  0
23.2771 3357047 206.257 1 0 0 1 3144308 3144310 13 0 1 20 1  0
0 3143680 193.148 1 0 0 1773 3144329 3144331 13 0 1 20 1  0
18.4261 3286805 201.941 2 0 0 1 3143682 3143684 13 0 1 20 1  0
20.1153 3349867 205.816 2 0 0 5 3144011 3144015 13 0 1 20 1  0
14.4823 3194988 196.3 3 0 0 1 3162970 3162973 13 0 1 20 1  0
10.9604 3144012 193.168 1 1 0.0197462 3 3144012 3144013 13 0 1 20 1  0
11.6207 3335153 204.912 1 1 0.0197462 1 3155128 3155129 13 0 1 20 1  0
10.9112 3260659 200.335 3 1 0.0197462 1 3260659 3260660 13 0 1 20 1  0
11.578 3300199 202.764 2 4 0.0789836 4 3204461 3204462 13 0 1 20 1  0
12.7388 3176023 195.135 2 2 0.0394922 1 3148260 3148262 13 0 1 20 1  0
10.0617 3181912 195.497 3 2 0.0394922 1 3181912 3181913 13 0 1 20 1  0
10.0609 3148259 193.429 2 3 0.059238 1 3148259 3148260 13 0 1 20 1  0
12.2902 3176689 195.176 2 3 0.059238 2 3149558 3149559 13 0 1 20 1  0
11.1409 3169829 194.754 2 4 0.0789836 5 3169829 3169830 13 0 1 20 1  0
11.8036 3339072 205.153 12 12 0.236951 1 3337892 3341156 13 0 1 20 1  0
11.0952 3338986 205.147 12 250 5.09196 2 3338030 3340834 13 0 1 20 1  0
11.5906 3402428 209.045 12 1322 57.3492 1 3316536 3316872 13 0 1 20 1  0
0 3143680 193.148 12 1322 57.3492 3 3400300 3403526 13 0 1 20 1  0
11.2809 3314832 203.663 12 1531 83.4801 2 3313886 3315874 13 0 1 20 1  0
10.3624 3337492 205.055 12 1407 66.8395 1 3337034 3338138 13 0 1 20 1  0
12.3716 3309328 203.325 12 2000 192.449 18 3305160 3311026 13 0 1 20 1  0
10.3242 3273102 201.099 12 2497 464.908 1 3272592 3273250 13 0 1 20 1  0
111.071 3327177 204.422 9 2821 825.908 794 3326382 3327755 13 0 1 20 1  0
0 3143680 193.148 9 2775 761.206 532 3330804 3330805 13 0 1 20 1  0
12.305 3325654 204.328 2 2832 842.178 1 3325470 3326101 13 0 1 20 1  0
10.2823 3325284 204.305 2 2833 843.673 1 3325284 3325285 13 0 1 20 1  0
17.4718 3406061 209.268 8 0 0 1180 3406061 3406062 13 0 1 20 1  0
25.4102 3494941 214.729 8 0 0 1 3406229 3406230 13 0 1 20 1  0
25.3667 3568772 219.265 8 0 0 1 3406391 3406392 13 0 1 20 1  0
25.3311 3637395 223.482 8 0 0 1 3406537 3406539 13 0 1 20 1  0
10.1819 3406042 209.267 1 0 0 1 3406042 3406043 13 0 1 20 1  0
25.4445 3419141 210.072 1 0 0 2 3406061 3406063 13 0 1 20 1  0
0 3405824 209.254 1 0 0 1353 3406391 3406393 13 0 1 20 1  0
17.0354 3426970 210.553 2 0 0 7 3406708 3406711 13 0 1 20 1  0
10.921 3437760 211.216 3 0 0 1 3420116 3420119 13 0 1 20 1  0
10.412 3431413 210.826 5 1 0.0197462 3 3431413 3431414 13 0 1 20 1  0
11.3352 3417174 209.951 1 1 0.0197462 1 3417174 3417175 13 0 1 20 1  0
11.398 3666478 225.268 1 1 0.0197462 1 3418485 3418486 13 0 1 20 1  0
11.3144 3418486 210.032 2 1 0.0197462 1 3418486 3418487 13 0 1 20 1  0
10.7214 3433840 210.975 3 1 0.0197462 1 3431406 3431407 13 0 1 20 1  0
11.8017 3427075 210.559 8 4 0.0789836 11 3427031 3427097 13 0 1 20 1  0
10.5996 3408018 209.389 2 3 0.059238 1 3408018 3408019 13 0 1 20 1  0
11.906 3604714 221.474 2 3 0.059238 1 3418483 3418484 13 0 1 20 1  0
10.5922 3420115 210.132 3 3 0.059238 1 3420115 3420116 13 0 1 20 1  0
10.0484 3423056 210.313 2 4 0.0789836 1 3423056 3423057 13 0 1 20 1  0
11.0483 3600474 221.213 2 4 0.0789836 1 3475648 3475649 13 0 1 20 1  0
11.2779 3644259 223.903 3 4 0.0789836 2 3426966 3426969 13 0 1 20 1  0
11.3658 3438735 211.276 7 240 4.87612 67 3438717 3438781 13 0 1 20 1  0
10.7664 3597022 221.001 12 1927 169.04 1 3595106 3597686 13 0 1 20 1  0
10.2452 3590072 220.574 12 3001 1136.49 1 3589876 3590248 13 0 1 20 1  0
27.4609 3769726 231.612 8 0 0 1 3668106 3668108 13 0 1 20 1  0
27.4036 3843890 236.169 8 0 0 1 3668417 3668418 13 0 1 20 1  0
27.4786 3883094 238.577 8 0 0 1 3668432 3668434 13 0 1 20 1  0
0 3667968 225.36 8 0 0 1264 3668759 3668761 13 0 1 20 1  0
10.833 3668106 225.368 2 2 0.0394922 2 3668106 3668107 13 0 1 20 1  0
31.7533 3700792 227.377 1 0 0 3 3668107 3668109 13 0 1 20 1  0
30.886 3812863 234.262 1 0 0 10 3668418 3668419 13 0 1 20 1  0
20.5166 3928838 241.388 1 0 0 1 3668432 3668435 13 0 1 20 1  0
0 3667968 225.36 1 0 0 2134 3668759 3668762 13 0 1 20 1  0
17.6219 3906615 240.022 2 0 0 1 3668758 3668762 13 0 1 20 1  0
11.2124 3668759 225.409 1 1 0.0197462 4 3668759 3668760 13 0 1 20 1  0
11.6154 3883094 238.577 1 1 0.0197462 1 3679547 3679548 13 0 1 20 1  0
13.5616 3800776 233.52 2 2 0.0394922 1 3668431 3668433 13 0 1 20 1  0
12.0838 3668430 225.388 2 3 0.059238 3 3668430 3668431 13 0 1 20 1  0
11.9648 3892577 239.16 2 4 0.0789836 2 3668755 3668756 13 0 1 20 1  0
11.3004 3902497 239.769 3 5 0.0987291 3 3683794 3683796 13 0 1 20 1  0
10.0843 3884070 238.637 3 6 0.118475 1 3884070 3884071 13 0 1 20 1  0
24.324 3964449 243.576 8 0 0 1 3930122 3930124 13 0 1 20 1  0
24.8986 4166700 256.002 8 0 0 1 3930464 3930465 13 0 1 20 1  0
24.9024 4192189 257.568 8 0 0 1 3930606 3930607 13 0 1 20 1  0
0 3930112 241.466 8 0 0 1129 3930637 3930638 13 0 1 20 1  0
13.0341 3930123 241.467 1 0 0 1490 3930123 3930124 13 0 1 20 1  0
25.1932 4152001 255.099 1 0 0 1 3930606 3930608 13 0 1 20 1  0
26.5827 4166700 256.002 1 0 0 4 3930796 3930798 13 0 1 20 1  0
12.8031 3937323 241.909 3 0 0 3 3937322 3937327 13 0 1 20 1  0
13.1486 4026890 247.412 7 1 0.0197462 15 4026858 4026930 13 0 1 20 1  0
11.3929 3930796 241.508 1 1 0.0197462 1 3930796 3930797 13 0 1 20 1  0
11.7106 4125198 253.452 1 1 0.0197462 1 3962169 3962170 13 0 1 20 1  0
14.0312 4026529 247.39 2 1 0.0197462 10 3937324 3937326 13 0 1 20 1  0
10.6056 3993196 245.342 3 2 0.0394922 3 3993196 3993197 13 0 1 20 1  0
10.015 3935037 241.769 2 3 0.059238 1 3935037 3935038 13 0 1 20 1  0
11.1426 3962168 243.436 3 3 0.059238 1 3962168 3962169 13 0 1 20 1  0
10.2197 4004951 246.064 3 4 0.0789836 1 4004951 4004952 13 0 1 20 1  0
11.8969 4192486 257.586 8 0 0 3205 4192486 4192487 13 0 1 20 1  0
26.2461 4204610 258.331 8 0 0 1 4192507 4192508 13 0 1 20 1  0
25.9064 4398391 270.237 8 0 0 1 4192838 4192839 13 0 1 20 1  0
11.5905 4192487 257.586 1 0 0 1 4192487 4192488 13 0 1 20 1  0
30.6519 4236632 260.299 1 0 0 2 4192507 4192509 13 0 1 20 1  0
22.4466 4445777 273.149 2 0 0 4 4192507 4192510 13 0 1 20 1  0
10.0198 4197600 257.901 3 0 0 1 4197600 4197601 13 0 1 20 1  0
10.8672 4269175 262.298 6 1 0.0197462 9 4218190 4218234 13 0 1 20 1  0
12.7781 4218205 259.167 7 1 0.0197462 17 4218177 4218252 13 0 1 20 1  0
14.291 4199379 258.01 2 2 0.0394922 5 4196107 4196109 13 0 1 20 1  0
11.8854 4204285 258.311 1 1 0.0197462 1 4201669 4201670 13 0 1 20 1  0
10.4355 4218205 259.167 3 1 0.0197462 1 4218205 4218206 13 0 1 20 1  0
10.0294 4193494 257.648 2 2 0.0394922 1 4193494 4193495 13 0 1 20 1  0
12.7943 4239573 260.479 2 3 0.059238 2 4199377 4199379 13 0 1 20 1  0
10.1809 4227158 259.717 2 4 0.0789836 1 4227158 4227159 13 0 1 20 1  0
11.2954 4351331 267.346 3 4 0.0789836 1 4236628 4236630 13 0 1 20 1  0
10.2553 4245777 260.861 2 5 0.0987291 1 4245777 4245778 13 0 1 20 1  0
11.1859 4290533 263.61 2 5 0.0987291 2 4290533 4290535 13 0 1 20 1  0
11.4306 4433357 272.385 3 6 0.118475 2 4290531 4290533 13 0 1 20 1  0
13.8921 4257274 261.567 12 1919 166.654 24 4253666 4259208 13 0 1 20 1  0
13.3826 4204346 258.315 12 3065 1273.08 1 4201480 4205596 13 0 1 20 1  0
12.1412 4454588 273.69 8 0 0 1040 4454588 4454589 13 0 1 20 1  0
25.4529 4477148 275.076 8 0 0 1 4454598 4454599 13 0 1 20 1  0
11.5602 4454589 273.69 1 0 0 1 4454589 4454590 13 0 1 20 1  0
24.7573 4504612 276.763 1 0 0 3 4454598 4454600 13 0 1 20 1  0
26.1698 4681769 287.648 1 0 0 1 4454925 4454927 13 0 1 20 1  0
21.6436 4716089 289.757 1 0 0 1 4455250 4455251 13 0 1 20 1  0
0 4454400 273.678 1 0 0 1298 4455576 4455578 13 0 1 20 1  0
19.3027 4639929 285.077 2 0 0 3 4455576 4455578 13 0 1 20 1  0
13.3635 4541217 279.012 3 3 0.059238 7 4505921 4505923 13 0 1 20 1  0
11.1958 4454925 273.711 1 1 0.0197462 1 4454925 4454926 13 0 1 20 1  0
11.3431 4455576 273.751 1 1 0.0197462 1 4455576 4455577 13 0 1 20 1  0
10.2363 4465066 274.334 2 1 0.0197462 1 4465066 4465067 13 0 1 20 1  0
10.0951 4461140 274.092 2 2 0.0394922 1 4461140 4461141 13 0 1 20 1  0
10.5126 4505924 276.844 3 2 0.0394922 2 4505924 4505925 13 0 1 20 1  0
10.0462 4462771 274.193 2 3 0.059238 1 4462771 4462772 13 0 1 20 1  0
12.3097 4663145 286.504 2 3 0.059238 1 4471268 4471269 13 0 1 20 1  0
11.435 4680127 287.547 2 4 0.0789836 3 4505920 4505922 13 0 1 20 1  0
10.6207 4506889 276.903 2 6 0.118475 1 4506889 4506890 13 0 1 20 1  0
23.6918 4717072 289.817 8 0 0 1098 4717072 4717073 13 0 1 20 1  0
24.2499 4838345 297.268 8 0 0 1 4717402 4717403 13 0 1 20 1  0
24.2905 4876599 299.618 8 0 0 1 4717716 4717717 13 0 1 20 1  0
24.2306 4972718 305.524 8 0 0 1 4718022 4718023 13 0 1 20 1  0
10.8885 4717053 289.816 1 0 0 1 4717053 4717054 13 0 1 20 1  0
24.4812 4808929 295.461 1 0 0 1 4717072 4717074 13 0 1 20 1  0
30.1776 4880196 299.839 1 0 0 3 4717403 4717404 13 0 1 20 1  0
24.194 4944608 303.797 1 0 0 1 4717716 4717718 13 0 1 20 1  0
0 4716544 289.784 1 0 0 1588 4718378 4718380 13 0 1 20 1  0
18.017 4968134 305.242 2 0 0 1 4718377 4718380 13 0 1 20 1  0
12.6611 4781154 293.754 3 2 0.0394922 4 4781153 4781156 13 0 1 20 1  0
10.7999 4722953 290.178 1 1 0.0197462 1 4722953 4722954 13 0 1 20 1  0
12.8989 4873332 299.418 2 2 0.0394922 2 4722952 4722953 13 0 1 20 1  0
10.1978 4717403 289.837 2 1 0.0197462 1 4717403 4717404 13 0 1 20 1  0
10.01 4721651 290.098 2 2 0.0394922 1 4721651 4721652 13 0 1 20 1  0
10.7565 4721972 290.118 2 3 0.059238 1 4721972 4721973 13 0 1 20 1  0
12.1088 4768725 292.99 2 3 0.059238 3 4725563 4725564 13 0 1 20 1  0
10.0033 4745507 291.564 3 3 0.059238 1 4745507 4745508 13 0 1 20 1  0
11.1045 4728181 290.499 2 4 0.0789836 1 4728181 4728182 13 0 1 20 1  0
11.5644 4938390 303.415 2 4 0.0789836 2 4759894 4759895 13 0 1 20 1  0
10.0342 4759893 292.448 2 5 0.0987291 1 4759893 4759894 13 0 1 20 1  0
10.7686 4786687 294.094 3 5 0.0987291 3 4786686 4786689 13 0 1 20 1  0
12.4905 4978728 305.893 8 0 0 1093 4978728 4978729 13 0 1 20 1  0
24.6402 5013252 308.014 8 0 0 1 4978760 4978761 13 0 1 20 1  0
24.7083 5156079 316.789 8 0 0 1 4978920 4978922 13 0 1 20 1  0
24.6648 5227972 321.207 8 0 0 1 4979251 4979252 13 0 1 20 1  0
10.357 4978729 305.893 1 0 0 1 4978729 4978730 13 0 1 20 1  0
28.4296 4994942 306.889 1 0 0 2 4978921 4978922 13 0 1 20 1  0
26.8613 5162617 317.191 1 0 0 1 4979251 4979253 13 0 1 20 1  0
0 4978688 305.891 1 0 0 1498 4979389 4979390 13 0 1 20 1  0
10.1592 4978921 305.905 2 0 0 1 4978921 4978922 13 0 1 20 1  0
18.5957 5110316 313.978 2 0 0 1 4979583 4979585 13 0 1 20 1  0
18.7295 5079818 312.104 7 2 0.0394922 97 5079629 5079929 13 0 1 20 1  0
12.0673 4979912 305.966 2 2 0.0394922 4 4979912 4979913 13 0 1 20 1  0
11.2291 5171108 317.713 1 1 0.0197462 1 4980237 4980238 13 0 1 20 1  0
12.1328 5228640 321.248 2 1 0.0197462 1 4983495 4983496 13 0 1 20 1  0
12.7339 5152816 316.589 2 2 0.0394922 1 4980555 4980556 13 0 1 20 1  0
11.8438 5183206 318.456 3 2 0.0394922 1 5079798 5079800 13 0 1 20 1  0
10.1207 4980553 306.005 2 3 0.059238 1 4980553 4980554 13 0 1 20 1  0
10.1043 5015537 308.155 3 3 0.059238 1 5015537 5015538 13 0 1 20 1  0
11.564 5015858 308.174 3 3 0.059238 1 5015858 5015860 13 0 1 20 1  0
10.8903 5159022 316.97 3 4 0.0789836 4 5141375 5141376 13 0 1 20 1  0
12.2331 5241026 322.009 8 0 0 948 5241026 5241027 13 0 1 20 1  0
24.3401 5344645 328.375 8 0 0 1 5241052 5241054 13 0 1 20 1  0
11.5608 5241027 322.009 1 0 0 1 5241027 5241028 13 0 1 20 1  0
24.058 5344645 328.375 1 0 0 1 5241052 5241054 13 0 1 20 1  0
23.9174 5489416 337.27 1 0 0 1 5241067 5241068 13 0 1 20 1  0
0 5240832 321.997 1 0 0 878 5241515 5241516 13 0 1 20 1  0
16.2305 5247578 322.411 2 0 0 3 5241052 5241054 13 0 1 20 1  0
10.6651 5265885 323.536 1 1 0.0197462 1 5265885 5265886 13 0 1 20 1  0
11.0963 5338437 327.994 1 1 0.0197462 1 5278955 5278956 13 0 1 20 1  0
10.6651 5317849 326.729 2 1 0.0197462 1 5317849 5317850 13 0 1 20 1  0
11.0586 5473400 336.286 2 1 0.0197462 1 5388100 5388101 13 0 1 20 1  0
11.6192 5321112 326.929 2 2 0.0394922 1 5292027 5292028 13 0 1 20 1  0
11.9627 5306084 326.006 2 3 0.059238 1 5287131 5287132 13 0 1 20 1  0
10.0311 5362942 329.499 2 4 0.0789836 1 5362942 5362943 13 0 1 20 1  0
10.3749 5473072 336.266 2 4 0.0789836 1 5473072 5473073 13 0 1 20 1  0
10.2038 5445622 334.579 2 5 0.0987291 1 5445622 5445623 13 0 1 20 1  0
10.3925 5445941 334.599 2 5 0.0987291 1 5445941 5445942 13 0 1 20 1  0
13.776 5385284 330.872 12 84 1.66377 5 5363696 5387288 13 0 1 20 1  0
12.3841 5403602 331.997 12 409 8.78467 1 5396352 5404124 13 0 1 20 1  0
10.1688 5384950 330.851 12 441 9.60226 1 5384906 5384988 13 0 1 20 1  0
11.4839 5359668 329.298 12 647 15.729 1 5359234 5366208 13 0 1 20 1  0
10.1915 5357006 329.134 12 1185 44.7197 1 5356880 5357320 13 0 1 20 1  0
12.3267 5355806 329.061 12 1659 104.919 2 5354236 5356932 13 0 1 20 1  0
11.1875 5375068 330.244 12 1733 119.708 2 5353964 5354986 13 0 1 20 1  0
0 5240832 321.997 12 1733 119.708 2 5372972 5375722 13 0 1 20 1  0
10.627 5503135 338.113 8 0 0 1158 5503135 5503136 13 0 1 20 1  0
25.0496 5586147 343.213 8 0 0 1 5503465 5503466 13 0 1 20 1  0
25.1829 5706740 350.622 8 0 0 1 5503765 5503767 13 0 1 20 1  0
25.146 5742693 352.831 8 0 0 1 5503797 5503798 13 0 1 20 1  0
24.6511 5527984 339.639 1 0 0 1 5503465 5503467 13 0 1 20 1  0
27.2342 5630921 345.964 1 0 0 1 5503766 5503767 13 0 1 20 1  0
22.719 5764588 354.176 1 0 0 2 5504126 5504129 13 0 1 20 1  0
0 5502976 338.103 1 0 0 1338 5504281 5504282 13 0 1 20 1  0
18.4357 5715244 351.145 2 0 0 1 5504126 5504129 13 0 1 20 1  0
11.96 5659685 347.731 2 3 0.059238 2 5506401 5506402 13 0 1 20 1  0
16.9477 5738862 352.596 6 96 1.90345 1868 5738833 5738904 13 0 1 20 1  0
11.2799 5515883 338.896 1 1 0.0197462 1 5515883 5515884 13 0 1 20 1  0
11.3719 5644322 346.787 1 1 0.0197462 1 5522094 5522095 13 0 1 20 1  0
10.2831 5535162 340.08 2 1 0.0197462 1 5535162 5535163 13 0 1 20 1  0
12.5409 5680916 349.035 2 2 0.0394922 2 5505096 5505097 13 0 1 20 1  0
11.3984 5504125 338.173 2 2 0.0394922 2 5504125 5504126 13 0 1 20 1  0
10.9742 5658700 347.671 3 2 0.0394922 2 5615227 5615229 13 0 1 20 1  0
10.4275 5516216 338.916 2 4 0.0789836 1 5516216 5516217 13 0 1 20 1  0
10.5485 5615225 344.999 3 4 0.0789836 1 5615225 5615226 13 0 1 20 1  0
11.0208 5743134 352.858 3 4 0.0789836 2 5743134 5743136 13 0 1 20 1  0
10.4929 5743663 352.891 3 5 0.0987291 1 5743663 5743664 13 0 1 20 1  0
24.3445 6005498 368.978 8 0 0 1 5765251 5765253 13 0 1 20 1  0
0 5765120 354.209 8 0 0 1069 5765376 5765377 13 0 1 20 1  0
14.6966 5765252 354.217 1 0 0 2 5765252 5765253 13 0 1 20 1  0
26.6476 5866888 360.462 1 0 0 2 5765376 5765378 13 0 1 20 1  0
0 5765120 354.209 1 0 0 1225 5765583 5765585 13 0 1 20 1  0
11.2706 5961365 366.266 3 2 0.0394922 2 5961364 5961366 13 0 1 20 1  0
10.599 5765892 354.256 1 1 0.0197462 1 5765892 5765893 13 0 1 20 1  0
11.5106 5849240 359.377 1 1 0.0197462 1 5769163 5769164 13 0 1 20 1  0
10.9672 5782232 355.26 2 1 0.0197462 2 5782232 5782233 13 0 1 20 1  0
12.429 5909070 363.053 2 1 0.0197462 1 5794325 5794326 13 0 1 20 1  0
10.6025 5767205 354.337 2 2 0.0394922 1 5767205 5767206 13 0 1 20 1  0
12.0025 6005173 368.958 2 2 0.0394922 1 5772763 5772764 13 0 1 20 1  0
11.7177 5897950 362.37 2 3 0.059238 1 5782230 5782232 13 0 1 20 1  0
10.5942 5881601 361.366 3 3 0.059238 1 5881601 5881602 13 0 1 20 1  0
11.1633 6009745 369.239 2 4 0.0789836 1 5784535 5784536 13 0 1 20 1  0
10.1635 5955805 365.925 2 5 0.0987291 1 5955805 5955806 13 0 1 20 1  0
10.3518 6027370 370.322 8 0 0 1021 6027370 6027371 13 0 1 20 1  0
24.5152 6053230 371.91 8 0 0 1 6027399 6027400 13 0 1 20 1  0
24.0787 6247107 383.822 8 0 0 1 6027727 6027729 13 0 1 20 1  0
25.1598 6033620 370.706 1 0 0 1 6027399 6027401 13 0 1 20 1  0
0 6027264 370.315 1 0 0 1288 6027727 6027729 13 0 1 20 1  0
19.4711 6270651 385.269 2 0 0 1 6027727 6027730 13 0 1 20 1  0
12.6185 6287662 386.314 2 0 0 1 6028383 6028385 13 0 1 20 1  0
12.1786 6059772 372.312 2 2 0.0394922 5 6036551 6036552 13 0 1 20 1  0
14.341 6148017 377.734 3 0 0 7 6112076 6112080 13 0 1 20 1  0
10.3865 6027727 370.344 1 1 0.0197462 3 6027727 6027728 13 0 1 20 1  0
11.6305 6055508 372.05 1 1 0.0197462 1 6028383 6028384 13 0 1 20 1  0
12.5027 6114025 375.646 2 1 0.0197462 1 6047677 6047678 13 0 1 20 1  0
12.7937 6112076 375.526 3 2 0.0394922 1 6112075 6112078 13 0 1 20 1  0
10.6148 6031316 370.564 2 3 0.059238 1 6031316 6031317 13 0 1 20 1  0
11.9672 6201001 380.99 2 3 0.059238 1 6034264 6034265 13 0 1 20 1  0
10.3525 6030339 370.504 2 4 0.0789836 1 6030339 6030340 13 0 1 20 1  0
11.2385 6178762 379.623 2 4 0.0789836 2 6043749 6043750 13 0 1 20 1  0
10.3197 6149989 377.855 2 5 0.0987291 1 6061059 6061060 13 0 1 20 1  0
10.1164 6277516 385.691 3 6 0.118475 1 6277516 6277517 13 0 1 20 1  0
10.0848 6289411 386.421 8 0 0 873 6289411 6289412 13 0 1 20 1  0
24.0952 6388384 392.502 8 0 0 1 6289622 6289623 13 0 1 20 1  0
24.0991 6512321 400.117 8 0 0 1 6289919 6289920 13 0 1 20 1  0
26.9908 6318393 388.202 1 0 0 28 6289622 6289624 13 0 1 20 1  0
24.5119 6549603 402.408 1 0 0 1 6289920 6289921 13 0 1 20 1  0
0 6289408 386.421 1 0 0 1172 6289955 6289956 13 0 1 20 1  0
10.6914 6296492 386.856 3 0 0 1 6296492 6296493 13 0 1 20 1  0
10.5539 6295835 386.816 1 1 0.0197462 1 6295835 6295836 13 0 1 20 1  0
11.2422 6322319 388.443 1 1 0.0197462 1 6297469 6297470 13 0 1 20 1  0
10.5593 6290926 386.514 2 1 0.0197462 2 6290926 6290927 13 0 1 20 1  0
12.0413 6355675 390.493 2 2 0.0394922 1 6291900 6291901 13 0 1 20 1  0
12.3787 6299759 387.057 2 3 0.059238 3 6299759 6299760 13 0 1 20 1  0
12.648 6458685 396.822 2 3 0.059238 1 6301060 6301061 13 0 1 20 1  0
11.6093 6405057 393.527 2 4 0.0789836 1 6318386 6318387 13 0 1 20 1  0
10.6507 6388379 392.502 2 5 0.0987291 1 6388379 6388381 13 0 1 20 1  0
11.1037 6551569 402.528 8 0 0 1021 6551569 6551570 13 0 1 20 1  0
25.6078 6674556 410.085 8 0 0 1 6551723 6551724 13 0 1 20 1  0
21.1469 6811927 418.525 8 0 0 1 6551895 6551897 13 0 1 20 1  0
27.7147 6585587 404.618 1 0 0 3 6551896 6551898 13 0 1 20 1  0
24.8064 6720023 412.878 1 0 0 4 6552034 6552035 13 0 1 20 1  0
18.9064 6810953 418.465 1 0 0 1 6552076 6552077 13 0 1 20 1  0
0 6551552 402.527 1 0 0 1336 6552222 6552225 13 0 1 20 1  0
19.8535 6593765 405.121 2 0 0 1 6551895 6551897 13 0 1 20 1  0
11.0325 6798195 417.681 3 0 0 1 6593763 6593768 13 0 1 20 1  0
11.277 6562038 403.172 1 1 0.0197462 2 6562038 6562039 13 0 1 20 1  0
11.2917 6681083 410.486 1 1 0.0197462 1 6563989 6563990 13 0 1 20 1  0
11.6016 6635632 407.693 2 1 0.0197462 1 6563990 6563991 13 0 1 20 1  0
12.509 6801791 417.902 2 2 0.0394922 1 6555496 6555498 13 0 1 20 1  0
10.5686 6687973 410.909 3 2 0.0394922 1 6687973 6687974 13 0 1 20 1  0
10.1602 6552220 402.568 2 3 0.059238 1 6552220 6552221 13 0 1 20 1  0
12.94 6600299 405.522 2 3 0.059238 3 6562036 6562037 13 0 1 20 1  0
11.5539 6759914 415.329 2 4 0.0789836 2 6600298 6600300 13 0 1 20 1  0
11.243 6813698 418.634 8 0 0 1017 6813698 6813699 13 0 1 20 1  0
24.6107 6965999 427.991 8 0 0 1 6813892 6813893 13 0 1 20 1  0
24.3796 7060882 433.821 8 0 0 1 6814197 6814198 13 0 1 20 1  0
10.508 6813699 418.634 1 0 0 1096 6813699 6813700 13 0 1 20 1  0
24.34 6814549 418.686 1 0 0 3 6814198 6814199 13 0 1 20 1  0
22.7529 7060882 433.821 1 0 0 1 6814211 6814214 13 0 1 20 1  0
16.3249 6849556 420.837 2 0 0 2 6814211 6814214 13 0 1 20 1  0
10.6448 6823711 419.249 1 1 0.0197462 1 6823711 6823712 13 0 1 20 1  0
11.425 6950619 427.046 1 1 0.0197462 1 6831225 6831226 13 0 1 20 1  0
10.7762 6831226 419.711 2 1 0.0197462 1 6831226 6831227 13 0 1 20 1  0
11.5236 7059568 433.74 2 1 0.0197462 1 6832540 6832541 13 0 1 20 1  0
12.7271 6997411 429.921 2 2 0.0394922 1 6825995 6825996 13 0 1 20 1  0
12.6494 6825994 419.389 2 3 0.059238 2 6825994 6825995 13 0 1 20 1  0
10.6909 7069726 434.364 2 4 0.0789836 2 6843657 6843658 13 0 1 20 1  0
10.006 7000024 430.081 2 5 0.0987291 1 7000024 7000025 13 0 1 20 1  0
10.2379 7022931 431.489 3 5 0.0987291 1 7022931 7022932 13 0 1 20 1  0
26.2772 7100800 436.273 8 0 0 1 7075923 7075926 13 0 1 20 1  0
25.8311 7283368 447.49 8 0 0 1 7076534 7076535 13 0 1 20 1  0
25.3978 7327542 450.204 8 0 0 1 7076578 7076579 13 0 1 20 1  0
0 7075840 434.74 8 0 0 1165 7076729 7076730 13 0 1 20 1  0
27.4481 7250327 445.46 1 0 0 3 7075924 7075926 13 0 1 20 1  0
26.9463 7281744 447.39 1 0 0 1 7076578 7076580 13 0 1 20 1  0
0 7075840 434.74 1 0 0 1694 7076912 7076914 13 0 1 20 1  0
20.6954 7305946 448.877 2 0 0 1 7075924 7075926 13 0 1 20 1  0
13.1109 7256220 445.822 3 0 0 3 7106684 7106686 13 0 1 20 1  0
11.4483 7076578 434.785 1 1 0.0197462 1 7076578 7076579 13 0 1 20 1  0
11.5977 7145289 439.007 1 1 0.0197462 1 7142355 7142356 13 0 1 20 1  0
10.4486 7077887 434.865 2 3 0.059238 2 7077887 7077888 13 0 1 20 1  0
15.0836 7253273 445.641 2 1 0.0197462 1 7113229 7113230 13 0 1 20 1  0
12.5965 7256542 445.842 2 2 0.0394922 1 7077888 7077890 13 0 1 20 1  0
10.7253 7193394 441.962 3 2 0.0394922 1 7193394 7193395 13 0 1 20 1  0
11.2852 7290906 447.953 3 2 0.0394922 1 7194382 7194383 13 0 1 20 1  0
12.1209 7090974 435.669 2 3 0.059238 4 7082151 7082152 13 0 1 20 1  0
11.202 7285333 447.611 3 6 0.118475 3 7285333 7285334 13 0 1 20 1  0
10.7297 7075856 434.741 12 2479 450.299 2 7075840 7077344 13 0 1 20 1  0
10.3764 7338010 450.847 8 0 0 2460 7338010 7338011 13 0 1 20 1  0
24.1853 7411961 455.391 8 0 0 1 7338337 7338339 13 0 1 20 1  0
24.283 7594232 466.59 8 0 0 1 7338666 7338667 13 0 1 20 1  0
24.268 7599140 466.891 8 0 0 1 7338849 7338850 13 0 1 20 1  0
28.4073 7352032 451.709 3 0 0 535 7344525 7344528 13 0 1 20 1  0
22.442 7488540 460.096 1 0 0 1 7338666 7338668 13 0 1 20 1  0
22.7302 7578523 465.624 1 0 0 3 7338808 7338809 13 0 1 20 1  0
11.0915 7349465 451.551 1 1 0.0197462 2 7349465 7349466 13 0 1 20 1  0
16.3027 7351698 451.688 2 1 0.0197462 1 7351405 7351414 13 0 1 20 1  0
22.421 7351410 451.671 3 1 0.0197462 3 7351403 7351415 13 0 1 20 1  0
12.9461 7446645 457.522 2 2 0.0394922 1 7351409 7351412 13 0 1 20 1  0
10.3916 7338984 450.907 2 3 0.059238 1 7338984 7338985 13 0 1 20 1  0
11.3913 7337986 450.846 12 2248 298.894 1 7337984 7339218 13 0 1 20 1  0
11.9549 7338112 450.854 12 2529 492.06 1 7337984 7338664 13 0 1 20 1  0
10.4019 7600258 466.96 8 0 0 2921 7600258 7600259 13 0 1 20 1  0
23.9003 7777458 477.847 8 0 0 1 7600437 7600439 13 0 1 20 1  0
23.9426 7860246 482.934 8 0 0 1 7600767 7600769 13 0 1 20 1  0
11.4327 7600259 466.96 1 0 0 1 7600259 7600260 13 0 1 20 1  0
23.795 7655737 470.368 1 0 0 1 7600438 7600440 13 0 1 20 1  0
27.9402 7830132 481.083 1 0 0 1 7600767 7600770 13 0 1 20 1  0
42.4932 7640458 469.43 9 13 0.256698 5369 7640051 7642653 13 0 1 20 1  0
10.8265 7603069 467.133 1 1 0.0197462 1 7603069 7603070 13 0 1 20 1  0
11.295 7861217 482.993 1 1 0.0197462 1 7605033 7605034 13 0 1 20 1  0
10.35 7640281 469.419 2 1 0.0197462 1 7640281 7640282 13 0 1 20 1  0
10.8585 7600434 466.971 2 4 0.0789836 3 7600434 7600435 13 0 1 20 1  0
12.7904 7790207 478.63 2 2 0.0394922 1 7601746 7601747 13 0 1 20 1  0
12.2425 7822929 480.641 2 3 0.059238 1 7600765 7600766 13 0 1 20 1  0
11.2805 7789226 478.57 2 4 0.0789836 1 7600764 7600765 13 0 1 20 1  0
10.7177 7721168 474.389 3 4 0.0789836 1 7640577 7640598 13 0 1 20 1  0
10.1747 7706455 473.485 2 5 0.0987291 1 7706455 7706456 13 0 1 20 1  0
10.1029 7857618 482.772 2 5 0.0987291 1 7805588 7805589 13 0 1 20 1  0
10.3576 7784984 478.309 3 5 0.0987291 1 7784984 7784985 13 0 1 20 1  0
22.6916 7862529 483.074 8 0 0 1210 7862529 7862530 13 0 1 20 1  0
24.3342 7900810 485.426 8 0 0 1 7862538 7862539 13 0 1 20 1  0
24.204 8057229 495.036 8 0 0 1 7862860 7862861 13 0 1 20 1  0
29.0167 7918149 486.491 1 0 0 2 7862529 7862531 13 0 1 20 1  0
28.4299 7991453 490.995 1 0 0 1 7862860 7862861 13 0 1 20 1  0
0 7862272 483.058 1 0 0 2018 7862991 7862993 13 0 1 20 1  0
20.3396 7969524 489.648 2 0 0 4 7862528 7862531 13 0 1 20 1  0
18.2839 8068352 495.72 2 0 0 1 7863180 7863184 13 0 1 20 1  0
11.5777 7863180 483.114 2 2 0.0394922 3 7863180 7863181 13 0 1 20 1  0
11.3389 8051664 494.694 1 1 0.0197462 1 7865796 7865797 13 0 1 20 1  0
10.4549 7865792 483.274 2 4 0.0789836 2 7865792 7865793 13 0 1 20 1  0
12.3553 7952513 488.602 2 1 0.0197462 1 7866460 7866461 13 0 1 20 1  0
10.42 7967896 489.548 3 1 0.0197462 1 7967896 7967897 13 0 1 20 1  0
12.8581 7895242 485.084 2 2 0.0394922 1 7865795 7865796 13 0 1 20 1  0
10.3088 7880524 484.179 3 2 0.0394922 1 7880524 7880525 13 0 1 20 1  0
11.4019 8057230 495.036 3 2 0.0394922 1 7967894 7967895 13 0 1 20 1  0
10.0935 7899498 485.345 3 3 0.059238 1 7899498 7899499 13 0 1 20 1  0
11.3895 7900806 485.426 2 4 0.0789836 2 7870375 7870376 13 0 1 20 1  0
10.653 8106649 498.073 3 4 0.0789836 1 7918146 7918147 13 0 1 20 1  0
11.1733 7870699 483.576 3 6 0.118475 5 7870698 7870700 13 0 1 20 1  0
11.2097 7966580 489.467 2 5 0.0987291 1 7874636 7874637 13 0 1 20 1  0
14.7118 8124634 499.177 8 0 0 1201 8124634 8124635 13 0 1 20 1  0
25.754 8155061 501.047 8 0 0 1 8124948 8124949 13 0 1 20 1  0
25.753 8304930 510.255 8 0 0 1 8124967 8124969 13 0 1 20 1  0
25.6598 8382470 515.019 8 0 0 1 8125263 8125264 13 0 1 20 1  0
10.6983 8124614 499.176 1 0 0 1 8124614 8124615 13 0 1 20 1  0
27.5105 8184838 502.876 1 0 0 1 8124634 8124635 13 0 1 20 1  0
29.2171 8258793 507.42 1 0 0 1 8124670 8124671 13 0 1 20 1  0
30.4023 8380838 514.919 1 0 0 1 8124948 8124949 13 0 1 20 1  0
0 8124416 499.164 1 0 0 2016 8124967 8124970 13 0 1 20 1  0
21.0311 8252252 507.018 2 0 0 7 8124967 8124970 13 0 1 20 1  0
22.7751 8381820 514.979 2 0 0 1 8125620 8125623 13 0 1 20 1  0
11.4497 8125620 499.238 1 1 0.0197462 2 8125620 8125621 13 0 1 20 1  0
11.472 8219528 505.008 1 1 0.0197462 1 8126272 8126273 13 0 1 20 1  0
10.445 8126273 499.278 2 1 0.0197462 1 8126273 8126274 13 0 1 20 1  0
10.4368 8196622 503.6 3 1 0.0197462 1 8196622 8196623 13 0 1 20 1  0
11.124 8124966 499.198 2 2 0.0394922 1 8124966 8124967 13 0 1 20 1  0
13.7815 8272854 508.284 2 2 0.0394922 1 8125619 8125620 13 0 1 20 1  0
10.3321 8148521 500.645 3 3 0.059238 3 8148521 8148522 13 0 1 20 1  0
10.6988 8127583 499.359 2 3 0.059238 1 8127583 8127584 13 0 1 20 1  0
12.2229 8264352 507.762 2 3 0.059238 1 8140667 8140668 13 0 1 20 1  0
10.0618 8140666 500.163 2 4 0.0789836 1 8140666 8140667 13 0 1 20 1  0
11.8501 8375929 514.617 3 6 0.118475 4 8209049 8209051 13 0 1 20 1  0
10.2516 8243738 506.495 3 4 0.0789836 1 8243738 8243739 13 0 1 20 1  0
10.8665 8338959 512.346 2 5 0.0987291 2 8209050 8209051 13 0 1 20 1  0
11.2724 8386868 515.289 8 0 0 1123 8386868 8386869 13 0 1 20 1  0
25.2761 8408650 516.627 8 0 0 1 8387357 8387358 13 0 1 20 1  0
25.2246 8537586 524.549 8 0 0 1 8387393 8387395 13 0 1 20 1  0
24.0338 8645240 531.164 8 0 0 1 8387850 8387851 13 0 1 20 1  0
12.7642 8387358 515.319 1 0 0 1 8387358 8387359 13 0 1 20 1  0
27.6944 8405712 516.447 1 0 0 1 8387394 8387395 13 0 1 20 1  0
19.9915 8641633 530.942 1 0 0 1 8387850 8387852 13 0 1 20 1  0
0 8386560 515.27 1 0 0 1428 8388040 8388042 13 0 1 20 1  0
18.913 8467240 520.227 2 0 0 1 8387393 8387395 13 0 1 20 1  0
16.1525 8600080 528.389 2 0 0 1 8388040 8388043 13 0 1 20 1  0
12.2294 8535615 524.428 3 0 0 1 8404735 8404739 13 0 1 20 1  0
12.8417 8389026 515.422 2 2 0.0394922 5 8388695 8388696 13 0 1 20 1  0
11.3436 8395241 515.804 1 1 0.0197462 1 8393282 8393283 13 0 1 20 1  0
12.7917 8548708 525.233 2 1 0.0197462 1 8393283 8393284 13 0 1 20 1  0
10.5189 8388039 515.361 2 2 0.0394922 1 8388039 8388040 13 0 1 20 1  0
10.9859 8404734 516.387 3 3 0.059238 3 8404734 8404735 13 0 1 20 1  0
12.0863 8422732 517.493 2 3 0.059238 4 8389350 8389351 13 0 1 20 1  0
10.6738 8436808 518.357 3 3 0.059238 1 8436808 8436809 13 0 1 20 1  0
10.267 8399162 516.044 2 4 0.0789836 1 8399162 8399163 13 0 1 20 1  0
10.7934 8420104 517.331 2 4 0.0789836 1 8404731 8404732 13 0 1 20 1  0
10.9594 8392894 515.659 12 1189 45.0476 1 8392382 8393620 13 0 1 20 1  0
12.8507 8649129 531.402 8 0 0 1214 8649129 8649130 13 0 1 20 1  0
25.0833 8728995 536.309 8 0 0 1 8649167 8649168 13 0 1 20 1  0
25.1741 8840232 543.144 8 0 0 1 8649626 8649627 13 0 1 20 1  0
22.3551 8904680 547.104 8 0 0 1 8650111 8650112 13 0 1 20 1  0
10.9348 8649130 531.403 1 0 0 1 8649130 8649131 13 0 1 20 1  0
26.2742 8866073 544.732 1 0 0 1 8649167 8649168 13 0 1 20 1  0
22.1199 8882102 545.716 1 0 0 2 8649627 8649628 13 0 1 20 1  0
0 8648704 531.376 1 0 0 1391 8650111 8650112 13 0 1 20 1  0
19.5951 8700862 534.581 2 0 0 3 8650143 8650145 13 0 1 20 1  0
10.2658 8687304 533.748 3 0 0 1 8687304 8687305 13 0 1 20 1  0
10.7374 8652432 531.605 1 1 0.0197462 1 8652432 8652433 13 0 1 20 1  0
11.4976 8835982 542.883 1 1 0.0197462 1 8655055 8655056 13 0 1 20 1  0
11.1329 8658317 531.967 2 1 0.0197462 2 8658317 8658318 13 0 1 20 1  0
10.2156 8654399 531.726 2 2 0.0394922 1 8654399 8654400 13 0 1 20 1  0
12.1568 8813399 541.495 2 2 0.0394922 2 8658316 8658317 13 0 1 20 1  0
10.0676 8740447 537.013 3 2 0.0394922 1 8740447 8740448 13 0 1 20 1  0
12.0735 8798670 540.59 2 3 0.059238 1 8669778 8669779 13 0 1 20 1  0
10.0508 8789840 540.048 3 3 0.059238 1 8789840 8789841 13 0 1 20 1  0
10.0158 8790821 540.108 2 4 0.0789836 1 8790821 8790822 13 0 1 20 1  0
10.4037 8857892 544.229 2 4 0.0789836 1 8801306 8801307 13 0 1 20 1  0
25.8459 8966837 550.922 8 0 0 1 8910889 8910891 13 0 1 20 1  0
25.7368 9076757 557.676 8 0 0 1 8911190 8911191 13 0 1 20 1  0
24.4952 9138266 561.455 8 0 0 1 8911495 8911496 13 0 1 20 1  0
0 8910848 547.482 8 0 0 1302 8911552 8911554 13 0 1 20 1  0
25.2499 8958339 550.4 1 0 0 1 8910889 8910891 13 0 1 20 1  0
24.0844 9052222 556.169 1 0 0 1 8911190 8911192 13 0 1 20 1  0
22.5915 9144812 561.857 1 0 0 1 8911496 8911497 13 0 1 20 1  0
0 8910848 547.482 1 0 0 1583 8911553 8911554 13 0 1 20 1  0
17.5948 9055499 556.37 2 0 0 1 8910888 8910892 13 0 1 20 1  0
17.8599 9167715 563.264 2 0 0 1 8911552 8911554 13 0 1 20 1  0
12.0445 8989417 552.31 3 0 0 2 8951464 8951466 13 0 1 20 1  0
10.9996 8910889 547.485 1 1 0.0197462 2 8910889 8910890 13 0 1 20 1  0
11.3 8980904 551.787 1 1 0.0197462 1 8913514 8913515 13 0 1 20 1  0
11.6533 9109480 559.686 2 1 0.0197462 1 8913515 8913516 13 0 1 20 1  0
12.4361 9140555 561.596 3 1 0.0197462 2 9094108 9094110 13 0 1 20 1  0
10.0039 8915464 547.766 2 2 0.0394922 1 8915464 8915465 13 0 1 20 1  0
11.5886 8953089 550.078 2 2 0.0394922 1 8916446 8916447 13 0 1 20 1  0
10.0457 8925955 548.411 3 2 0.0394922 1 8925955 8925956 13 0 1 20 1  0
10.6255 9094106 558.742 3 3 0.059238 2 9094106 9094107 13 0 1 20 1  0
11.6827 8913512 547.646 2 3 0.059238 2 8913512 8913513 13 0 1 20 1  0
10.8145 9050262 556.048 2 3 0.059238 1 8916445 8916446 13 0 1 20 1  0
10.0453 9049607 556.008 3 3 0.059238 1 9049607 9049608 13 0 1 20 1  0
10.7748 9172152 563.537 12 207 4.17424 1 9172020 9172994 13 0 1 20 1  0
10.9621 9171562 563.501 12 1403 66.3606 1 9170564 9172316 13 0 1 20 1  0
12.9329 9173243 563.604 8 0 0 953 9173243 9173244 13 0 1 20 1  0
24.9918 9424198 579.023 8 0 0 1 9173274 9173278 13 0 1 20 1  0
11.2945 9173243 563.604 1 0 0 1 9173243 9173244 13 0 1 20 1  0
25.0917 9199775 565.234 1 0 0 2 9173274 9173278 13 0 1 20 1  0
26.7365 9295299 571.103 1 0 0 1 9173742 9173743 13 0 1 20 1  0
21.4002 9424198 579.023 1 0 0 1 9174252 9174255 13 0 1 20 1  0
0 9172992 563.589 1 0 0 1201 9174730 9174732 13 0 1 20 1  0
18.3231 9388869 576.852 2 0 0 1 9173275 9173277 13 0 1 20 1  0
10.5467 9184726 564.31 3 0 0 1 9184726 9184727 13 0 1 20 1  0
15.4477 9233533 567.308 3 0 0 10 9231508 9231509 13 0 1 20 1  0
10.8451 9180467 564.048 1 1 0.0197462 1 9180467 9180468 13 0 1 20 1  0
11.2871 9217435 566.319 1 1 0.0197462 1 9180802 9180803 13 0 1 20 1  0
10.7241 9201738 565.355 2 1 0.0197462 1 9201738 9201739 13 0 1 20 1  0
12.1729 9377083 576.128 2 1 0.0197462 1 9220714 9220715 13 0 1 20 1  0
10.2237 9182755 564.188 2 2 0.0394922 1 9182755 9182756 13 0 1 20 1  0
13.2091 9249833 568.31 2 2 0.0394922 1 9196507 9196508 13 0 1 20 1  0
10.4654 9213187 566.058 3 2 0.0394922 1 9213187 9213188 13 0 1 20 1  0
12.5862 9232479 567.243 2 3 0.059238 1 9201735 9201736 13 0 1 20 1  0
10.4054 9227253 566.922 3 3 0.059238 1 9227253 9227254 13 0 1 20 1  0
10.6446 9223984 566.722 2 4 0.0789836 1 9223984 9223985 13 0 1 20 1  0
10.7327 9234780 567.385 2 4 0.0789836 1 9229541 9229542 13 0 1 20 1  0
11.5249 9405238 577.858 12 2719 689.239 1 9400652 9407716 13 0 1 20 1  0
12.469 3325696 204.331 2 2831 840.685 1 3325642 3326483 13 0 1 20 1 1
