0 120029 71.3601
1 120029 71.3193
2 120029 71.2964
3 120029 71.2661
4 120029 71.2706
5 120029 71.2612
6 120029 71.2724
7 120029 71.2611
8 120029 71.2637
9 120029 71.2467
10 120029 71.2465
11 120029 71.2813
12 120029 71.2871
13 120029 71.3105
14 120029 71.3809
15 120029 71.4602
16 120030 71.479
17 120030 71.4994
18 120030 71.495
19 120030 71.5119
20 120030 71.5427
21 120030 71.5127
22 120030 71.5023
23 120030 71.4808
24 120030 71.4382
25 120030 71.4238
26 120030 71.3993
27 120030 71.4259
28 120030 71.4128
29 120030 71.7711
30 120030 71.7947
31 120030 71.7519
32 120030 71.7741
33 120030 71.7814
34 120030 71.8062
35 120030 71.8016
36 120030 71.7904
37 120030 71.8078
38 120030 71.7921
39 120030 71.7845
40 120030 71.7824
41 120030 71.7936
42 120030 71.7852
43 120030 71.7537
44 120029 71.756
45 120029 71.763
46 120029 71.7026
47 120029 71.6495
48 120029 71.7247
49 120029 71.7448
50 120029 71.8426
51 120029 71.82
52 120029 71.8385
53 120030 71.9133
54 120030 72.0009
55 120030 72.0417
56 120030 72.0582
57 120030 72.0795
58 120030 72.0706
59 120030 72.0589
60 120030 72.0703
61 120030 71.6955
62 120030 71.6899
63 120030 71.7009
64 120030 71.6777
65 120031 71.8938
66 120031 71.8632
67 120031 71.8815
68 120030 71.8975
69 120030 71.8905
70 120030 71.9832
71 120030 71.9965
72 120030 71.998
73 120030 71.9977
74 120030 72.0105
75 120030 71.9967
76 120030 71.9715
77 120030 71.9631
78 120029 71.9249
79 120029 71.8753
80 120029 71.7504
81 120029 71.7117
82 120028 71.5967
83 120028 71.5937
84 120028 71.5336
85 120028 71.4791
86 120027 71.3877
87 120027 71.3359
88 120027 71.3177
89 120027 71.3053
90 120027 71.3169
91 120026 71.3186
92 120026 71.2784
93 120026 71.2858
94 120026 71.2961
95 120026 71.2988
96 120026 71.3011
97 120026 71.077
98 120025 71.0752
99 120025 71.0575
100 120025 71.0427
101 120025 71.0432
102 120025 70.9434
103 120025 70.9276
104 120025 70.9175
105 120025 70.9189
106 120025 70.8969
107 120025 70.8952
108 120025 70.9085
109 120025 70.8818
110 120025 70.9236
111 120025 70.9397
112 120025 70.9548
113 120025 70.9529
114 120025 70.9719
115 120025 70.9934
116 120025 71.0474
117 120025 71.0504
118 120025 71.0722
119 120025 71.1824
120 120025 71.2464
121 120026 71.341
122 120026 71.3255
123 120026 71.2992
124 120026 71.3127
125 120026 71.2985
126 120026 71.3179
127 120026 71.3317
128 120026 71.3368
129 120026 71.3545
130 120026 71.3966
131 120026 71.433
132 120027 71.6034
133 120027 71.6875
134 120027 71.7789
135 120027 71.8057
136 120027 71.8043
137 120027 71.8101
138 120027 71.822
139 120027 71.8361
140 120027 71.844
141 120027 71.8318
142 120027 71.8081
143 120027 71.8162
144 120027 71.8057
145 120027 71.7984
146 120027 71.7816
147 120027 71.7618
148 120027 71.711
149 120027 71.7218
150 120026 71.7044
151 120026 71.609
152 120026 71.5321
153 120026 71.4207
154 120026 71.4358
155 120026 71.4381
156 120026 71.4133
157 120026 71.4184
158 120025 71.3923
159 120025 71.3711
160 120025 71.3612
161 120025 71.3505
162 120025 71.3891
163 120025 71.375
164 120024 71.2083
165 120024 71.125
166 120024 71.0578
167 120024 71.0554
168 120024 71.0503
169 120024 71.0401
170 120024 71.0394
171 120024 71.0329
172 120024 71.0188
173 120024 71.0306
174 120024 71.0287
175 120024 71.0262
176 120024 71.0275
177 120024 71.0374
178 120024 71.0387
179 120024 71.0507
180 120024 71.0905
181 120024 71.0649
182 120024 71.0602
183 120024 71.0796
184 120024 71.0952
185 120024 71.0999
186 120024 71.0941
187 120024 71.1028
188 120024 71.1348
189 120024 71.1336
190 120024 71.1601
191 120024 71.1574
192 120024 71.1444
193 120024 71.1404
194 120024 71.071
195 120024 71.0336
196 120024 71.0272
197 120024 71.0154
198 120025 71.0613
199 120025 71.1388
200 120025 71.2082
201 120026 71.242
202 120026 71.2548
203 120026 71.2739
204 120026 71.2747
205 120026 71.27
206 120026 71.3156
207 120026 71.3102
208 120027 71.3392
209 120027 71.3322
210 120027 71.3271
211 120027 71.3271
212 120027 71.2885
213 120027 71.2952
214 120027 71.3047
215 120027 71.2929
216 120027 71.294
217 120027 71.3145
218 120027 71.3093
219 120027 71.2977
220 120028 71.2749
221 120028 71.3229
222 120028 71.2983
223 120028 71.3147
224 120028 71.3353
225 120028 71.3485
226 120028 71.3549
227 120028 71.3765
228 120029 71.3769
229 120029 71.3761
230 120029 71.3037
231 120029 71.2097
232 120028 71.141
233 120028 71.0913
234 120028 71.0726
235 120028 71.0463
236 120028 71.0267
237 120028 71.0215
238 120028 70.9942
239 120028 71.0106
240 120028 70.9798
241 120028 70.9773
242 120028 70.9832
243 120028 70.9818
244 120027 70.9968
245 120027 70.9864
246 120027 70.9572
247 120027 70.9583
248 120028 70.9507
249 120028 70.9451
250 120028 70.9351
251 120028 70.9437
252 120028 70.9767
253 120028 70.9386
254 120028 70.9288
255 120028 70.9135
256 120028 70.9521
257 120028 70.9405
258 120028 70.9443
259 120028 70.9479
260 120028 70.9508
261 120028 70.9296
262 120028 70.944
263 120028 70.9325
264 120028 70.9434
265 120028 70.9583
266 120028 70.9712
267 120028 70.9752
268 120028 70.9816
269 120028 70.9825
270 120028 70.9649
271 120028 70.9452
272 120029 70.966
273 120029 70.9749
274 120029 70.9658
275 120029 70.9547
276 120029 70.9457
277 120029 70.9606
278 120029 70.9817
279 120030 71.0016
280 120030 71.0146
281 120030 71.0112
282 120030 71.0424
283 120030 71.0429
284 120031 71.0436
285 120031 71.0716
286 120031 71.0804
287 120032 71.1022
288 120032 71.0723
289 120032 71.1027
290 120032 71.0985
291 120032 71.0986
292 120032 71.1094
293 120033 71.1342
294 120033 71.1244
295 120033 71.1546
296 120033 71.1477
297 120034 71.191
298 120034 71.204
299 120034 71.2201
300 120034 71.2552
301 120035 71.3017
302 120035 71.3188
303 120035 71.308
304 120035 71.3074
305 120035 71.355
306 120035 71.3857
307 120035 71.4242
308 120036 71.4526
309 120036 71.4633
310 120036 71.5023
311 120036 71.5002
312 120036 71.5192
313 120036 71.5496
314 120036 71.5352
315 120037 71.5452
316 120036 71.5181
317 120036 71.5032
318 120036 71.5136
319 120036 71.5067
320 120036 71.5029
321 120036 71.4782
322 120037 71.497
323 120037 71.552
324 120037 71.5894
325 120037 71.5828
326 120037 71.5945
327 120037 71.5935
328 120037 71.6048
329 120036 71.5555
330 120036 71.5346
331 120036 71.5229
332 120036 71.5087
333 120036 71.4657
334 120036 71.5475
335 120036 71.6539
336 120037 71.6651
337 120037 71.6519
338 120037 71.7067
339 120037 71.6939
340 120037 71.6689
341 120037 71.6533
342 120037 71.6289
343 120037 71.6422
344 120037 71.6171
345 120036 71.5881
346 120036 71.5906
347 120036 71.5702
348 120036 71.5705
349 120036 71.5686
350 120036 71.5574
351 120036 71.583
352 120036 71.6193
353 120036 71.6207
354 120035 71.5852
355 120035 71.527
356 120035 71.4831
357 120035 71.5448
358 120036 71.6675
359 120036 71.7635
360 120036 71.7909
361 120036 71.795
362 120036 71.8037
363 120036 71.8047
364 120036 71.8365
365 120036 71.8671
366 120036 71.7733
367 120036 71.6765
368 120036 71.6912
369 120036 71.6611
370 120035 71.6045
371 120036 71.6443
372 120036 71.6866
373 120036 71.7071
374 120035 71.7094
375 120035 71.6813
376 120035 71.6878
377 120035 71.6892
378 120035 71.6633
379 120035 71.666
380 120035 71.6687
381 120035 71.6602
382 120035 71.6543
383 120035 71.6162
384 120035 71.5674
385 120035 71.5839
386 120035 71.6397
387 120035 71.636
388 120034 71.638
389 120034 71.5673
390 120033 71.4281
391 120033 71.3166
392 120032 71.2808
393 120032 71.2857
394 120032 71.2664
395 120032 71.2844
396 120031 71.2378
397 120031 71.197
398 120031 71.1988
399 120031 71.2111
400 120031 71.1806
401 120031 71.1786
402 120031 71.1547
403 120030 71.1005
404 120030 71.0549
405 120030 71.0467
406 120030 71.0393
407 120030 71.023
408 120030 71.0175
409 120030 71.0027
410 120030 71.0268
411 120030 71.039
412 120030 71.0583
413 120030 71.0597
414 120030 71.0677
415 120030 71.0748
416 120030 71.1209
417 120030 71.153
418 120030 71.131
419 120030 71.1609
420 120030 71.1318
421 120030 71.2391
422 120030 71.3921
423 120030 71.4577
424 120030 71.4589
425 120030 71.4474
426 120031 71.4574
427 120031 71.4318
428 120031 71.4374
429 120031 71.4525
430 120031 71.4673
431 120030 71.4591
432 120030 71.4498
433 120030 71.4358
434 120030 71.4507
435 120030 71.4611
436 120030 71.45
437 120030 71.4198
438 120030 71.4347
439 120030 71.453
440 120030 71.4402
441 120030 71.4685
442 120030 71.4623
443 120029 71.4521
444 120029 71.4383
445 120029 71.4299
446 120029 71.4361
447 120029 71.4458
448 120029 71.4025
449 120029 71.3479
450 120029 71.3205
451 120029 71.3033
452 120029 71.3166
453 120029 71.2102
454 120029 71.0775
455 120028 71.006
456 120029 71.0018
457 120029 71.0481
458 120029 71.0524
459 120029 71.0634
460 120030 71.0741
461 120030 71.0757
462 120030 71.0559
463 120030 71.0566
464 120030 71.064
465 120031 71.0888
466 120031 71.0719
467 120031 71.0576
468 120031 71.0776
469 120031 71.0814
470 120031 71.0704
471 120031 71.0643
472 120031 71.0661
473 120032 71.0389
474 120032 71.0468
475 120032 71.0484
476 120032 71.0306
477 120032 71.041
478 120032 71.0706
479 120032 71.0537
480 120032 71.0536
481 120032 71.0333
482 120032 71.0548
483 120032 71.0488
484 120032 71.0693
485 120032 71.0619
486 120032 71.0496
487 120033 71.054
488 120032 71.048
489 120032 71.0128
490 120032 70.9995
491 120032 70.9939
492 120032 71.0082
493 120032 71.0115
494 120032 71.0062
495 120032 71.0143
496 120032 71.0174
497 120032 71.0073
498 120032 71.0164
499 120032 71.0206
500 120032 71.0184
501 120032 71.0309
502 120032 71.0228
503 120032 71.021
504 120032 71.0286
505 120032 71.0454
506 120032 71.0364
507 120032 71.0392
508 120032 71.0562
509 120032 71.0508
510 120032 70.9816
511 120032 70.9936
