0 121268 137.33
1 121268 137.445
2 121268 137.442
3 121269 137.488
4 121269 137.635
5 121269 137.615
6 121269 137.612
7 121269 137.646
8 121269 137.691
9 121270 137.732
10 121269 137.797
11 121270 137.811
12 121270 137.798
13 121270 137.793
14 121270 137.813
15 121270 137.845
16 121270 137.894
17 121270 137.965
18 121269 138.051
19 121270 138.052
20 121270 138.112
21 121270 138.149
22 121270 138.199
23 121271 138.215
24 121271 138.209
25 121271 138.204
26 121271 138.248
27 121271 138.355
28 121272 138.414
29 121272 138.481
30 121272 138.529
31 121272 138.508
32 121273 138.617
33 121273 138.598
34 121273 138.722
35 121273 138.779
36 121273 138.699
37 121274 138.819
38 121274 138.87
39 121274 138.87
40 121274 138.844
41 121274 138.802
42 121274 138.749
43 121274 138.813
44 121274 138.892
45 121274 138.941
46 121274 138.967
47 121274 138.986
48 121275 138.926
49 121275 138.912
50 121275 138.908
51 121275 138.928
52 121275 138.91
53 121275 139.029
54 121275 139.022
55 121275 139.098
56 121275 139.153
57 121274 139.093
58 121274 139.098
59 121274 139.062
60 121274 139.033
61 121274 139.061
62 121274 139.017
63 121274 138.982
64 121273 138.922
65 121273 138.909
66 121273 138.798
67 121273 138.744
68 121273 138.719
69 121273 138.623
70 121273 138.573
71 121273 138.547
72 121273 138.545
73 121272 138.621
74 121273 138.67
75 121273 138.629
76 121273 138.524
77 121272 138.483
78 121272 138.433
79 121272 138.397
80 121272 138.434
81 121272 138.427
82 121272 138.431
83 121272 138.396
84 121272 138.405
85 121272 138.385
86 121272 138.403
87 121273 138.431
88 121273 138.453
89 121274 138.529
90 121274 138.52
91 121274 138.503
92 121274 138.551
93 121274 138.59
94 121275 138.625
95 121274 138.665
96 121274 138.625
97 121274 138.621
98 121274 138.64
99 121273 138.658
100 121273 138.729
101 121274 138.785
102 121273 138.829
103 121273 138.84
104 121274 138.826
105 121274 138.762
106 121274 138.842
107 121274 138.9
108 121274 138.981
109 121274 138.973
110 121274 139.032
111 121274 139.062
112 121274 139.045
113 121274 139.118
114 121274 139.083
115 121274 139.053
116 121274 139.006
117 121273 138.846
118 121273 138.896
119 121272 138.847
120 121272 138.818
121 121271 138.868
122 121271 138.875
123 121271 138.859
124 121271 138.81
125 121271 138.74
126 121270 138.691
127 121271 138.697
128 121271 138.762
129 121272 138.796
130 121271 138.881
131 121272 138.834
132 121272 138.788
133 121271 138.726
134 121271 138.658
135 121271 138.658
136 121270 138.738
137 121270 138.734
138 121270 138.582
139 121270 138.479
140 121270 138.585
141 121270 138.547
142 121269 138.535
143 121270 138.564
144 121270 138.624
145 121270 138.574
146 121270 138.628
147 121270 138.727
148 121270 138.75
149 121271 138.825
150 121271 138.748
151 121271 138.686
152 121271 138.635
153 121271 138.55
154 121271 138.514
155 121271 138.547
156 121271 138.565
157 121271 138.533
158 121271 138.537
159 121270 138.506
160 121270 138.455
161 121270 138.466
162 121270 138.343
163 121270 138.343
164 121270 138.321
165 121270 138.315
166 121270 138.346
167 121270 138.332
168 121270 138.334
169 121270 138.356
170 121270 138.353
171 121270 138.364
172 121270 138.248
173 121270 138.349
174 121270 138.301
175 121270 138.204
176 121269 138.12
177 121268 138.054
178 121267 137.972
179 121267 137.89
180 121267 137.879
181 121267 137.845
182 121267 137.798
183 121267 137.864
184 121266 137.871
185 121267 137.847
186 121267 137.851
187 121267 137.857
188 121267 137.913
189 121267 137.936
190 121268 138.246
191 121269 138.487
192 121270 138.752
193 121271 138.981
194 121271 138.97
195 121271 138.923
196 121271 138.937
197 121271 138.935
198 121271 138.917
199 121271 138.925
200 121271 139.03
201 121271 139.144
202 121271 139.111
203 121271 139.104
204 121270 139.036
205 121270 138.902
206 121270 138.899
207 121270 138.877
208 121270 138.876
209 121270 138.863
210 121271 138.884
211 121270 138.865
212 121270 138.861
213 121271 138.909
214 121271 138.886
215 121271 138.871
216 121271 138.846
217 121271 138.923
218 121272 138.947
219 121272 139
220 121271 138.848
221 121271 138.819
222 121271 138.487
223 121269 138.269
224 121269 137.969
225 121267 137.66
226 121267 137.696
227 121267 137.722
228 121267 137.731
229 121268 137.708
230 121267 137.663
231 121267 137.671
232 121267 137.45
233 121266 137.328
234 121267 137.353
235 121267 137.358
236 121266 137.389
237 121266 137.45
238 121266 137.435
239 121266 137.453
240 121266 137.445
241 121267 137.476
242 121266 137.47
243 121266 137.529
244 121266 137.508
245 121266 137.484
246 121265 137.49
247 121264 137.364
248 121264 137.352
249 121264 137.308
250 121263 137.273
251 121263 137.172
252 121263 137.306
253 121263 137.327
254 121263 137.361
255 121263 137.318
256 121263 137.325
257 121262 137.358
258 121262 137.331
259 121262 137.375
260 121263 137.454
261 121263 137.441
262 121263 137.455
263 121264 137.402
264 121264 137.436
265 121263 137.429
266 121263 137.468
267 121264 137.446
268 121264 137.491
269 121264 137.502
270 121264 137.542
271 121265 137.574
272 121265 137.662
273 121265 137.662
274 121265 137.674
275 121266 137.675
276 121266 137.747
277 121267 137.751
278 121268 137.795
279 121269 137.921
280 121269 137.9
281 121269 137.842
282 121269 137.797
283 121269 137.806
284 121269 137.737
285 121269 137.781
286 121269 137.746
287 121269 137.77
288 121269 137.804
289 121270 137.791
290 121269 137.791
291 121269 137.81
292 121269 137.685
293 121269 137.7
294 121268 137.739
295 121268 137.764
296 121268 137.75
297 121269 137.785
298 121269 137.748
299 121269 137.742
300 121269 137.702
301 121269 137.724
302 121269 137.711
303 121269 137.698
304 121269 137.635
305 121269 137.682
306 121269 137.659
307 121269 137.597
308 121268 137.573
309 121268 137.622
310 121269 137.669
311 121268 137.658
312 121268 137.687
313 121269 137.746
314 121269 137.831
315 121269 137.898
316 121269 137.904
317 121269 137.857
318 121270 137.866
319 121270 137.926
320 121270 137.928
321 121270 137.923
322 121271 137.921
323 121271 137.869
324 121271 137.889
325 121272 137.961
326 121272 137.965
327 121272 137.968
328 121272 138.014
329 121272 137.966
330 121272 138.003
331 121272 138.004
332 121272 137.942
333 121272 137.912
334 121272 137.936
335 121271 137.933
336 121271 137.924
337 121271 137.849
338 121271 137.871
339 121271 137.895
340 121271 137.897
341 121271 137.847
342 121271 137.788
343 121271 137.781
344 121271 137.796
345 121271 137.801
346 121271 137.78
347 121270 137.744
348 121271 137.752
349 121271 137.749
350 121270 137.759
351 121270 137.697
352 121270 137.662
353 121270 137.729
354 121271 137.881
355 121271 137.901
356 121271 137.965
357 121271 137.954
358 121271 137.958
359 121272 138.008
360 121272 138.007
361 121272 138.038
362 121273 138.09
363 121273 138.213
364 121274 138.289
365 121274 138.295
366 121274 138.267
367 121274 138.292
368 121275 138.383
369 121275 138.428
370 121276 138.501
371 121276 138.521
372 121276 138.51
373 121276 138.565
374 121276 138.569
375 121277 138.616
376 121278 138.71
377 121279 138.707
378 121278 138.678
379 121278 138.702
380 121278 138.684
381 121278 138.726
382 121278 138.727
383 121278 138.736
384 121279 138.741
385 121279 138.703
386 121278 138.579
387 121278 138.564
388 121277 138.512
389 121277 138.486
390 121277 138.454
391 121276 138.416
392 121276 138.391
393 121275 138.326
394 121275 138.248
395 121275 138.119
396 121274 138.084
397 121274 138.127
398 121274 138.156
399 121274 138.161
400 121274 138.094
401 121275 138.122
402 121275 138.026
403 121275 138.057
404 121275 138.067
405 121275 138.054
406 121275 138.093
407 121274 138.099
408 121273 138.047
409 121273 138.041
410 121273 138.061
411 121274 138.014
412 121273 138.045
413 121274 138.027
414 121273 137.972
415 121274 137.957
416 121274 138.014
417 121274 138.115
418 121274 138.146
419 121275 138.128
420 121275 138.138
421 121275 138.127
422 121275 138.205
423 121275 138.194
424 121276 138.216
425 121276 138.238
426 121276 138.267
427 121276 138.329
428 121277 138.336
429 121277 138.331
430 121277 138.286
431 121277 138.263
432 121276 138.194
433 121276 138.097
434 121275 138.145
435 121275 138.091
436 121275 138.006
437 121274 137.939
438 121274 137.847
439 121275 137.817
440 121275 137.824
441 121274 137.835
442 121274 137.875
443 121275 137.911
444 121275 137.898
445 121275 137.934
446 121275 138.007
447 121275 138.03
448 121276 138.018
449 121276 137.897
450 121276 137.901
451 121276 137.972
452 121276 138
453 121277 138.021
454 121277 138.009
455 121277 138.024
456 121278 138.103
457 121278 138.169
458 121278 138.161
459 121278 138.101
460 121278 138.072
461 121278 138.033
462 121278 138.05
463 121278 138.095
464 121278 138.123
465 121278 138.176
466 121278 138.077
467 121278 138.067
468 121278 138.118
469 121278 138.099
470 121277 138.104
471 121277 138.057
472 121276 137.945
473 121276 137.853
474 121275 137.792
475 121275 137.715
476 121274 137.645
477 121274 137.56
478 121273 137.523
479 121273 137.49
480 121272 137.451
481 121271 137.439
482 121270 137.362
483 121269 137.249
484 121268 137.207
485 121268 137.186
486 121267 137.121
487 121266 137.074
488 121265 136.957
489 121265 136.833
490 121264 136.804
491 121262 136.771
492 121262 136.756
493 121261 136.733
494 121261 136.679
495 121260 136.561
496 121259 136.593
497 121259 136.556
498 121259 136.593
499 121259 136.576
500 121259 136.541
501 121259 136.537
502 121259 136.545
503 121259 136.523
504 121259 136.564
505 121258 136.615
506 121258 136.59
507 121258 136.606
508 121258 136.63
509 121258 136.632
510 121257 136.604
511 121257 136.594
