0 120002 90.8208
1 120005 93.6385
2 120004 95.0418
3 120003 95.8497
4 120005 98.04
5 120003 96.7094
6 120000 95.5165
7 119999 94.7735
8 119997 93.8198
9 119995 93.0847
10 119994 92.3367
11 119993 91.7655
12 119993 91.436
13 119993 91.2641
14 119992 91.1504
15 119993 91.4127
16 119992 91.1194
17 119992 90.9837
18 119993 91.5313
19 119995 92.6011
20 119997 93.392
21 120000 94.8361
22 119998 94.5594
23 119998 93.2828
24 119997 92.843
25 119997 92.7008
26 119998 93.5094
27 119997 93.4445
28 119999 95.5166
29 119999 96.1816
30 119999 96.0899
31 119998 95.5343
32 119996 95.14
33 119994 93.0886
34 119993 91.6996
35 119997 94.8249
36 119994 93.6889
37 119994 93.8176
38 119995 93.9618
39 119995 93.9136
40 119996 93.9826
41 119996 93.9593
42 119997 94.3842
43 119997 94.5593
44 119996 94.312
45 119995 93.8402
46 119996 94.6159
47 119995 93.968
48 119995 93.7661
49 119995 93.7064
50 119993 93.1696
51 119990 91.586
52 119986 89.9992
53 119983 88.6031
54 119985 89.8668
55 119986 90.1786
56 119986 90.575
57 119986 91.4599
58 119986 90.9435
59 119987 91.3533
60 119984 88.846
61 119983 87.8143
62 119983 87.5013
63 119983 87.4959
64 119984 88.2619
65 119985 88.5901
66 119985 88.8431
67 119982 85.0445
68 119984 84.6201
69 119985 85.3689
70 119985 85.6079
71 119985 85.5926
72 119985 85.6435
73 119986 86.0155
74 119985 85.6063
75 119986 85.2748
76 119986 85.3742
77 119987 85.5678
78 119986 84.8554
79 119986 84.944
80 119986 85.0721
81 119987 85.0333
82 119986 84.8238
83 119988 85.417
84 119988 86.3035
85 119990 87.0029
86 119991 87.477
87 119992 87.225
88 119992 86.9379
89 119991 86.1279
90 119992 86.4035
91 119991 90.189
92 119991 90.0371
93 119991 89.8304
94 119991 89.4095
95 119990 89.027
96 119990 89.3469
97 119990 90.506
98 119991 90.6538
99 119991 90.2135
100 119989 89.6865
101 119987 89.0141
102 119986 88.555
103 119986 88.869
104 119985 88.6384
105 119983 88.1231
106 119982 88.2927
107 119982 88.5168
108 119982 88.6783
109 119982 88.8575
110 119982 88.6437
111 119983 88.4808
112 119983 88.4596
113 119982 88.7259
114 119983 88.9443
115 119982 89.255
116 119981 88.6298
117 119978 88.0448
118 119974 85.9804
119 119972 86.3864
120 119973 87.3415
121 119972 87.1523
122 119971 87.535
123 119970 82.8162
124 119971 83.665
125 119971 83.6581
126 119970 83.7766
127 119970 83.9341
128 119969 82.67
129 119967 81.1034
130 119965 80.5314
131 119964 80.4977
132 119964 80.709
133 119964 80.5513
134 119964 80.5765
135 119963 80.0065
136 119963 80.2091
137 119963 80.3968
138 119963 80.0341
139 119963 79.732
140 119961 79.3015
141 119960 78.9693
142 119959 78.7154
143 119957 78.6389
144 119955 78.5837
145 119955 78.1259
146 119953 77.9931
147 119952 77.1634
148 119952 76.8817
149 119952 76.7645
150 119952 77.0646
151 119952 76.4741
152 119951 75.5395
153 119950 75.875
154 119950 75.1626
155 119949 75.1739
156 119949 76.1902
157 119952 77.5279
158 119953 78.0523
159 119953 78.4003
160 119953 78.5915
161 119954 78.7836
162 119954 78.9737
163 119954 79.1077
164 119957 80.8684
165 119962 83.2972
166 119963 83.5048
167 119963 84.1699
168 119964 85.0478
169 119967 86.805
170 119969 88.4133
171 119972 90.4964
172 119976 92.6552
173 119980 94.1778
174 119982 94.9897
175 119990 98.9201
176 119997 102.877
177 119998 104.31
178 120002 105.694
179 120004 105.93
180 120006 106.27
181 120009 107.372
182 120013 109.031
183 120020 111.825
184 120028 115.889
185 120029 115.631
186 120031 115.812
187 120033 117.594
188 120036 118.034
189 120033 117.338
190 120032 116.904
191 120033 116.766
192 120033 116.792
193 120033 118.588
194 120033 118.414
195 120032 118.144
196 120029 116.062
197 120025 114.053
198 120025 114.281
199 120025 114.023
200 120024 113.682
201 120024 113.323
202 120023 113.415
203 120019 111.487
204 120016 109.739
205 120012 108.36
206 120010 107.496
207 120002 103.505
208 119996 99.5444
209 119996 98.7116
210 119993 97.8147
211 119992 98.1869
212 119991 97.775
213 119988 96.5644
214 119985 95.7792
215 119980 94.6888
216 119971 90.3893
217 119970 90.3132
218 119968 89.7094
219 119966 88.8489
220 119965 87.2526
221 119963 87.2928
222 119963 87.1202
223 119962 86.7146
224 119962 86.9061
225 119962 84.9183
226 119962 85.0919
227 119963 85.0867
228 119963 85.0808
229 119962 84.5578
230 119961 84.1778
231 119962 84.034
232 119962 83.4749
233 119960 81.923
234 119961 80.8014
235 119962 80.9547
236 119962 80.7335
237 119962 80.6429
238 119964 80.6856
239 119965 80.7114
240 119966 80.6432
241 119968 80.6003
242 119968 80.5112
243 119967 79.8306
244 119968 79.8393
245 119968 79.8887
246 119968 78.7151
247 119967 77.1149
248 119968 77.1859
249 119969 77.2413
250 119969 77.4072
251 119970 76.9508
252 119968 76.5028
253 119969 75.9621
254 119970 75.973
255 119971 76.295
256 119971 76.7494
257 119972 77.2264
258 119973 77.5048
259 119974 77.8604
260 119974 78.0698
261 119974 78.221
262 119975 78.3892
263 119975 78.3633
264 119975 78.4701
265 119975 78.7183
266 119975 78.3451
267 119976 78.3571
268 119976 78.6832
269 119976 79.6551
270 119976 80.1808
271 119977 81.1752
272 119977 82.1259
273 119975 81.8447
274 119974 81.3285
275 119973 81.1541
276 119972 81.0386
277 119972 81.3404
278 119973 82.2819
279 119973 82.6445
280 119973 82.6565
281 119973 82.7043
282 119972 82.6174
283 119972 82.2183
284 119971 82.2727
285 119970 81.969
286 119969 81.8089
287 119969 82.28
288 119970 82.7002
289 119970 83.6517
290 119972 85.0159
291 119972 85.1081
292 119973 85.6935
293 119976 86.8887
294 119977 88.6427
295 119979 90.0373
296 119980 90.2333
297 119984 92.9408
298 119989 95.6801
299 119987 95.7777
300 119987 95.4524
301 119985 94.585
302 119984 93.9301
303 119983 93.0639
304 119982 91.997
305 119981 91.694
306 119981 91.465
307 119981 91.552
308 119981 91.6026
309 119980 91.1086
310 119978 89.9617
311 119976 89.4177
312 119976 89.3697
313 119976 89.2574
314 119975 89.0868
315 119975 89.0657
316 119975 88.9954
317 119975 89.3582
318 119975 89.2919
319 119974 88.478
320 119972 87.2615
321 119970 86.0276
322 119967 84.1685
323 119967 83.793
324 119965 83.0315
325 119962 82.6703
326 119959 80.9146
327 119958 79.7314
328 119958 80.0836
329 119955 77.083
330 119949 74.2102
331 119951 74.7129
332 119952 75.814
333 119953 76.2123
334 119956 79.3193
335 119963 81.8842
336 119970 83.7834
337 119975 85.0793
338 119980 86.3553
339 119983 87.4381
340 119986 88.4103
341 119988 89.3486
342 119992 90.5894
343 119995 91.3327
344 119997 91.9818
345 120000 93.4063
346 120005 94.4731
347 120008 95.4484
348 120011 96.0124
349 120013 96.9322
350 120017 98.1093
351 120021 99.6329
352 120023 100.621
353 120024 101.378
354 120024 101.564
355 120025 101.794
356 120025 102.313
357 120024 101.351
358 120025 101.57
359 120025 102.092
360 120025 101.841
361 120025 102.205
362 120024 102.466
363 120022 101.792
364 120020 100.622
365 120019 99.9084
366 120017 96.9214
367 120009 94.2166
368 120002 92.488
369 119998 91.6711
370 119994 91.2586
371 119992 90.5927
372 119991 89.9467
373 119989 90.4405
374 119988 89.4972
375 119987 89.073
376 119986 88.6895
377 119984 87.7302
378 119980 86.7995
379 119980 86.1456
380 119977 85.4367
381 119976 84.8134
382 119972 84.1963
383 119970 82.8823
384 119969 82.0676
385 119969 81.4119
386 119969 81.3726
387 119969 81.3134
388 119971 82.0687
389 119973 82.4491
390 119973 82.1443
391 119974 81.5424
392 119974 81.2776
393 119976 81.2797
394 119977 81.6772
395 119978 81.6938
396 119979 81.6797
397 119980 81.9896
398 119980 82.296
399 119981 82.3287
400 119983 82.61
401 119983 82.4853
402 119983 82.141
403 119984 81.9894
404 119983 81.7056
405 119982 80.5172
406 119981 80.4884
407 119981 80.3663
408 119982 80.3395
409 119982 80.4246
410 119982 80.5677
411 119981 80.5147
412 119982 80.7198
413 119982 80.3934
414 119983 80.0028
415 119983 79.8701
416 119984 80.0428
417 119985 80.5447
418 119986 80.7419
419 119986 80.5691
420 119985 79.352
421 119984 79.2275
422 119984 79.3156
423 119984 79.2196
424 119984 79.0767
425 119983 78.7943
426 119983 78.3954
427 119982 78.4144
428 119984 78.4635
429 119984 78.3149
430 119984 77.9038
431 119984 77.8256
432 119984 77.4651
433 119985 77.7414
434 119987 77.991
435 119987 77.8913
436 119989 78.089
437 119991 78.2727
438 119992 78.4242
439 119993 78.7937
440 119994 79.1863
441 119994 79.2897
442 119996 79.9994
443 119998 80.5943
444 119998 80.6652
445 119997 80.7281
446 119997 81.0545
447 119997 81.2187
448 119996 81.1391
449 119994 80.5023
450 119996 82.5559
451 120001 84.9967
452 120003 88.1443
453 120002 88.3398
454 120003 88.5577
455 120003 88.901
456 120003 89.8194
457 120002 89.9614
458 120002 90.6401
459 120004 91.9032
460 120002 92.5124
461 120003 95.2944
462 120003 95.3596
463 120003 95.5104
464 120002 95.4204
465 119999 94.8466
466 119999 97.105
467 119997 97.2315
468 119996 97.1031
469 119994 96.839
470 119993 98.2031
471 119991 98.6518
472 119990 98.5695
473 119987 97.9839
474 119986 97.5514
475 119983 97.0895
476 119984 97.1284
477 119982 97.2101
478 119981 96.9385
479 119981 96.9968
480 119981 97.2871
481 119981 97.1399
482 119979 95.3532
483 119974 93.5266
484 119971 90.4699
485 119972 90.4374
486 119971 90.6469
487 119971 90.3316
488 119970 89.2982
489 119970 89.2566
490 119971 91.4541
491 119973 92.2528
492 119973 91.6602
493 119971 88.9995
494 119971 88.8852
495 119970 88.6238
496 119969 88.5161
497 119969 89.0752
498 119967 86.512
499 119967 86.622
500 119967 86.986
501 119966 87.4526
502 119966 86.0034
503 119966 85.4536
504 119966 85.2927
505 119967 85.8437
506 119966 85.8314
507 119966 85.9125
508 119965 85.8823
509 119967 86.0282
510 119969 86.6069
511 119968 87.054
