11.3972 19778 2.43032 8 0 0 1 19778 19779 13 0 1 20 1  0
11.5401 112011 13.7639 8 0 0 1 22263 22264 13 0 1 20 1  0
13.7021 3952 0.485622 5 183 5.66629 9622 3294 3308 13 0 1 20 1  0
10.3929 19779 2.43044 1 0 0 1 19779 19780 13 0 1 20 1  0
14.7874 26775 3.29011 1 0 0 2 26774 26776 13 0 1 20 1  0
17.9359 112355 13.8062 2 0 0 3 26774 26776 13 0 1 20 1  0
25.3391 245209 30.1313 6 0 0 1387 3766 3945 13 0 1 20 1  0
10.0076 182989 22.4857 9 0 0 1 182989 182990 13 0 1 20 1  0
10.5349 112011 13.7639 2 1 0.0308372 1 112011 112012 13 0 1 20 1  0
14.0959 246521 30.2925 3 2 0.0616743 5 112354 112356 13 0 1 20 1  0
10.274 158671 19.4975 4 7 0.215859 1 158671 158672 13 0 1 20 1  0
19.5401 51391 6.31493 11 361 11.3182 5126 49561 51843 13 0 1 20 1  0
10.0663 44634 5.48463 4 10 0.30837 1 44634 44635 13 0 1 20 1  0
10.0595 183005 22.4877 4 12 0.370045 1 183005 183006 13 0 1 20 1  0
12.4459 8591 1.05566 6 30 0.92517 77 3558 4215 13 0 1 20 1  0
10.4548 163621 20.1057 4 58 1.78915 1 4166 4167 13 0 1 20 1  0
10.3203 75544 9.28285 4 59 1.82002 1 3845 3846 13 0 1 20 1  0
10.1418 29073 3.57249 4 104 3.211 5 29073 29074 13 0 1 20 1  0
10.0664 27255 3.34909 5 128 3.95474 2 27255 27256 13 0 1 20 1  0
13.6467 182585 22.436 6 244 7.58032 73 8247 8259 13 0 1 20 1  0
14.2476 251105 30.8558 5 322 10.0607 161 246069 246089 13 0 1 20 1  0
10.7932 244228 30.0107 6 657 21.4168 12 35267 35307 13 0 1 20 1  0
10.5525 237465 29.1797 8 2896 226.744 2 237438 237534 13 0 1 20 1  0
11.925 37121 4.56143 8 3190 295.324 20 37048 37385 13 0 1 20 1  0
12.4372 238558 29.314 11 3355 342.382 18 237484 239425 13 0 1 20 1  0
10.2526 35073 4.30977 8 3302 326.51 1 35059 35148 13 0 1 20 1  0
11.1455 32082 3.94224 8 3465 377.801 9 31977 32206 13 0 1 20 1  0
10.7856 43001 5.28396 7 4184 717.936 7 42985 43068 13 0 1 20 1  0
10.2708 305357 37.5223 8 0 0 1 305357 305358 13 0 1 20 1  0
49.5513 379181 46.5938 8 1228 45.8286 32559 378687 379869 13 0 1 20 1  0
10.1328 264977 32.5604 5 169 5.22952 32823 264977 264978 13 0 1 20 1  0
10.4985 261547 32.1389 4 9 0.277533 5 261547 261548 13 0 1 20 1  0
18.2074 383223 47.0904 3 1 0.0308372 192 263719 263727 13 0 1 20 1  0
56.3329 381623 46.8938 9 14 0.43172 2461 265021 265408 13 0 1 20 1  0
10.7337 263724 32.4064 2 1 0.0308372 5 263724 263725 13 0 1 20 1  0
14.7866 271507 33.3628 4 5 0.154185 9 263710 263720 13 0 1 20 1  0
10.0221 262911 32.3065 3 7 0.215859 1 262911 262912 13 0 1 20 1  0
13.9674 295291 36.2854 4 8 0.246696 1 263705 263716 13 0 1 20 1  0
14.403 273119 33.5609 4 14 0.43172 11 261537 261543 13 0 1 20 1  0
13.7311 464302 57.0534 5 10 0.30837 1 265254 265271 13 0 1 20 1  0
15.5087 271983 33.4213 5 11 0.339207 1 263697 263709 13 0 1 20 1  0
12.4504 295497 36.3107 4 21 0.647592 1 263686 263697 13 0 1 20 1  0
10.0863 295891 36.3591 3 31 0.956015 1 295891 295892 13 0 1 20 1  0
10.4736 296076 36.3818 3 191 5.91625 28 296076 296077 13 0 1 20 1  0
10.0278 294831 36.2288 7 74 2.28327 1 294831 294832 13 0 1 20 1  0
11.825 467619 57.461 9 274 8.52938 5 380706 381760 13 0 1 20 1  0
10.3107 378493 46.5092 3 1359 52.8534 1 378493 378494 13 0 1 20 1  0
11.4892 378173 46.4699 9 3593 423.613 32 378015 378479 13 0 1 20 1  0
10.6799 370107 45.4787 8 5060 1567.45 4 370058 370173 13 0 1 20 1  0
10.0759 514682 63.2441 8 5087 1605.62 1 514681 514683 13 0 1 20 1  0
10.2445 367534 45.1626 8 5217 1802.8 1 367525 367626 13 0 1 20 1  0
14.8467 782859 96.1977 7 6 0.185022 6 533667 533787 13 0 1 20 1  0
0 522240 64.1729 8 0 0 1477 523594 523595 13 0 1 20 1  0
14.6277 782914 96.2045 1 0 0 1 523421 523423 13 0 1 20 1  0
18.0822 774801 95.2075 3 0 0 5 533729 533742 13 0 1 20 1  0
18.8403 533732 65.585 4 1 0.0308372 62 533650 533652 13 0 1 20 1  0
15.4477 774901 95.2198 8 11 0.339207 969 533663 533768 13 0 1 20 1  0
10.4428 523421 64.318 2 1 0.0308372 1 523421 523422 13 0 1 20 1  0
13.9112 738254 90.7167 4 20 0.616752 45 528117 528120 13 0 1 20 1  0
12.704 776010 95.3561 3 4 0.123348 1 533723 533735 13 0 1 20 1  0
13.1649 581041 71.3983 3 5 0.154185 4 533722 533735 13 0 1 20 1  0
12.4558 528104 64.8934 6 21 0.647592 106 528092 528116 13 0 1 20 1  0
11.9925 725125 89.1034 5 24 0.740114 32 528104 528116 13 0 1 20 1  0
11.8218 724197 88.9893 6 22 0.678432 13 528092 528113 13 0 1 20 1  0
11.5362 624192 76.7007 6 135 4.17198 48 527910 527934 13 0 1 20 1  0
10.873 774688 95.1937 4 81 2.49958 3 718697 718706 13 0 1 20 1  0
10.1629 718699 88.3137 4 82 2.53049 2 718698 718700 13 0 1 20 1  0
10.6585 574807 70.6323 8 4867 1319.79 4 574740 574849 13 0 1 20 1  0
12.5079 569615 69.9943 9 5246 1849.99 11 569335 569935 13 0 1 20 1  0
10.4317 760445 93.4435 7 5300 1941.17 1 760424 760454 13 0 1 20 1  0
19.9814 785266 96.4935 2 0 0 1571 784777 784781 13 0 1 20 1  0
11.647 788023 96.8323 8 0 0 1 784940 784941 13 0 1 20 1  0
15.4685 788024 96.8324 1 0 0 1 784777 784780 13 0 1 20 1  0
21.0504 998607 122.709 7 0 0 46 785201 785307 13 0 1 20 1  0
10.5621 784777 96.4334 2 1 0.0308372 1 784777 784778 13 0 1 20 1  0
10.0953 785028 96.4642 4 1 0.0308372 2 785028 785029 13 0 1 20 1  0
16.8485 787939 96.8219 4 4 0.123348 10 785241 785265 13 0 1 20 1  0
15.8431 1021816 125.561 7 15 0.462558 143 785223 785233 13 0 1 20 1  0
14.2549 833062 102.367 7 24 0.740114 317 813560 813593 13 0 1 20 1  0
12.4231 813514 99.9646 8 19 0.585913 27 813491 813686 13 0 1 20 1  0
11.4246 971249 119.347 3 15 0.462558 11 833115 833120 13 0 1 20 1  0
10.7985 876339 107.685 6 26 0.801797 32 876327 876345 13 0 1 20 1  0
11.0601 843157 103.607 9 30 0.92517 1 813624 813650 13 0 1 20 1  0
11.4778 884913 108.738 8 228 7.07637 31 832728 832752 13 0 1 20 1  0
10.7731 878783 107.985 5 122 3.76866 14 876181 876189 13 0 1 20 1  0
11.5457 877627 107.843 6 132 4.07886 30 876159 876182 13 0 1 20 1  0
10.2542 841232 103.371 5 198 6.13521 2 841228 841234 13 0 1 20 1  0
10.4859 839532 103.162 12 1128 40.8913 3 839312 839688 13 0 1 20 1  0
10.3679 837446 102.905 12 1868 88.0006 1 837248 837746 13 0 1 20 1  0
11.6105 1186743 145.827 8 0 0 1 1047985 1047989 13 0 1 20 1  0
22.7684 1047967 128.774 6 4 0.123348 19400 1047938 1048010 13 0 1 20 1  0
18.3103 1229306 151.057 2 0 0 2 1047981 1048001 13 0 1 20 1  0
21.0695 1245693 153.071 3 0 0 2 1047954 1048003 13 0 1 20 1  0
22.8452 1248218 153.381 8 13 0.400882 18974 1229240 1230799 13 0 1 20 1  0
24.4326 1281570 157.479 10 50 1.54221 654 1048295 1048317 13 0 1 20 1  0
20.8744 1230533 151.208 9 68 2.09793 797 1048044 1048066 13 0 1 20 1  0
14.6115 1230446 151.197 3 5 0.154185 31 1047944 1047948 13 0 1 20 1  0
11.7375 1230819 151.243 3 13 0.400882 1 1047934 1047940 13 0 1 20 1  0
11.0107 1281449 157.464 3 27 0.83264 1 1047918 1047923 13 0 1 20 1  0
10.8975 1230596 151.216 3 68 2.09793 1 1047859 1047890 13 0 1 20 1  0
11.4254 1266057 155.573 4 110 3.39679 9 1047792 1047823 13 0 1 20 1  0
12.0811 1248570 153.424 4 416 13.115 29 1247422 1247505 13 0 1 20 1  0
10.6604 1278887 157.15 7 1452 58.2718 4 1245147 1245322 13 0 1 20 1  0
10.0495 1226982 150.772 6 1779 80.7744 6 1226982 1226983 13 0 1 20 1  0
10.1892 1277581 156.989 5 1799 82.3524 5 1262316 1262321 13 0 1 20 1  0
10.0863 1243555 152.808 6 1868 88.0006 1 1243555 1243556 13 0 1 20 1  0
10.0492 1226380 150.698 6 1926 93.0048 3 1226380 1226381 13 0 1 20 1  0
10.0834 1243077 152.749 6 2013 100.981 3 1243077 1243078 13 0 1 20 1  0
10.038 1242553 152.685 7 2093 108.85 1 1242553 1242554 13 0 1 20 1  0
10.0216 1247799 153.33 8 2560 167.296 2 1247799 1247800 13 0 1 20 1  0
10.0061 1246705 153.195 6 2642 180.232 2 1246705 1246706 13 0 1 20 1  0
12.7435 1230614 151.218 8 3376 348.88 22 1230219 1231180 13 0 1 20 1  0
0 1046528 128.597 8 3376 348.88 6 1246272 1246923 13 0 1 20 1  0
13.1098 1253298 154.005 11 3736 481.344 145 1252030 1254861 13 0 1 20 1  0
0 1046528 128.597 7 3687 460.731 10 1254279 1254560 13 0 1 20 1  0
11.252 1238114 152.139 9 3814 516.065 6 1237947 1238617 13 0 1 20 1  0
0 1046528 128.597 12 3817 517.45 1 1252316 1253348 13 0 1 20 1  0
11.3848 1221803 150.135 9 4304 799.024 19 1221565 1222341 13 0 1 20 1  0
10.1142 1159311 142.456 8 5166 1722.71 1 1159305 1159312 13 0 1 20 1  0
10.4917 1314758 161.557 8 0 0 1 1314758 1314759 13 0 1 20 1  0
10.9003 1458616 179.235 8 0 0 1 1315080 1315085 13 0 1 20 1  0
0 1308672 160.81 8 0 0 79 1329048 1329049 13 0 1 20 1  0
11.5949 1314758 161.557 1 0 0 1 1314758 1314759 13 0 1 20 1  0
14.9445 1315083 161.597 2 0 0 8 1315081 1315085 13 0 1 20 1  0
10.1117 1309884 160.959 2 0 0 1 1309884 1309885 13 0 1 20 1  0
11.3763 1532505 188.314 6 0 0 5 1371651 1371666 13 0 1 20 1  0
10.1746 1527702 187.724 4 1 0.0308372 1 1527702 1527703 13 0 1 20 1  0
12.152 1371649 168.548 5 8 0.246696 34 1371641 1371656 13 0 1 20 1  0
10.3159 1321484 162.384 3 6 0.185022 2 1321484 1321485 13 0 1 20 1  0
11.5737 1328980 163.305 6 40 1.23365 20 1328971 1328993 13 0 1 20 1  0
10.4768 1330428 163.483 7 29 0.894326 1 1330423 1330435 13 0 1 20 1  0
11.6321 1329964 163.426 11 294 9.1654 3 1329719 1330106 13 0 1 20 1  0
17.6422 1326336 162.98 12 1645 70.839 1540 1324648 1328038 13 0 1 20 1  0
0 1308672 160.81 7 1549 64.3502 228 1327238 1327262 13 0 1 20 1  0
14.3258 1318914 162.068 7 2822 212.106 483 1318205 1319759 13 0 1 20 1  0
0 1308672 160.81 6 2703 190.475 47 1319490 1319611 13 0 1 20 1  0
12.514 1824501 224.195 1 0 0 1 1670045 1670048 13 0 1 20 1  0
0 1570816 193.022 1 0 0 1092 1705335 1705337 13 0 1 20 1  0
12.676 1670046 205.215 2 0 0 10 1670045 1670048 13 0 1 20 1  0
13.6864 1806131 221.937 5 7 0.215859 67 1607368 1607381 13 0 1 20 1  0
13.6561 1653962 203.239 6 15 0.462558 44 1650537 1650729 13 0 1 20 1  0
15.1923 1650688 202.837 6 30 0.92517 204 1584461 1584479 13 0 1 20 1  0
10.0008 1584377 194.688 5 89 2.7469 1 1584377 1584378 13 0 1 20 1  0
10.2754 1649126 202.645 11 836 28.2 1 1648985 1649189 13 0 1 20 1  0
12.2639 1633224 200.691 12 3244 309.974 10 1632084 1634508 13 0 1 20 1  0
10.8459 1855514 228.006 8 0 0 1 1855514 1855515 13 0 1 20 1  0
11.0193 1865018 229.173 8 0 0 1 1855838 1855842 13 0 1 20 1  0
0 1832960 225.234 8 0 0 450 1856163 1856167 13 0 1 20 1  0
16.661 1864929 229.162 2 0 0 7 1855515 1855517 13 0 1 20 1  0
13.9642 1856254 228.096 3 0 0 3 1855838 1855841 13 0 1 20 1  0
12.8558 1972029 242.323 4 0 0 5 1856330 1856335 13 0 1 20 1  0
15.4764 2042426 250.973 6 5 0.154185 25 1849721 1849730 13 0 1 20 1  0
10.2024 1976690 242.896 7 4 0.123348 2 1976678 1976692 13 0 1 20 1  0
13.5496 2057380 252.811 2 1 0.0308372 1 1855837 1855840 13 0 1 20 1  0
13.9188 1856328 228.106 3 1 0.0308372 8 1855836 1855839 13 0 1 20 1  0
13.9589 1849030 227.209 10 138 4.26513 138 1848838 1849451 13 0 1 20 1  0
11.9462 1855830 228.044 3 6 0.185022 4 1855829 1855832 13 0 1 20 1  0
12.3352 1977881 243.042 5 9 0.277533 18 1977874 1977889 13 0 1 20 1  0
11.4914 1923331 236.339 3 9 0.277533 20 1856150 1856152 13 0 1 20 1  0
10.3464 1856147 228.083 3 12 0.370045 3 1856147 1856148 13 0 1 20 1  0
12.4145 1962832 241.193 6 21 0.647592 41 1849679 1849692 13 0 1 20 1  0
10.2661 1965079 241.469 6 45 1.38792 2 1962796 1962802 13 0 1 20 1  0
10.2965 2019582 248.166 5 74 2.28327 4 1898952 1898954 13 0 1 20 1  0
10.1485 1898986 233.347 8 92 2.83968 2 1898982 1898995 13 0 1 20 1  0
10.0921 1838931 225.968 8 5320 1976.07 1 1838927 1838933 13 0 1 20 1  0
10.6712 2099480 257.984 8 0 0 12789 2099480 2099481 13 0 1 20 1  0
10.7816 2109501 259.215 8 0 0 1 2099492 2099493 13 0 1 20 1  0
10.2697 2099481 257.984 1 0 0 1 2099481 2099482 13 0 1 20 1  0
13.6668 2108856 259.136 1 0 0 3 2099491 2099494 13 0 1 20 1  0
16.3579 2152513 264.501 3 0 0 5 2099490 2099493 13 0 1 20 1  0
46.1505 2217850 272.529 11 215 6.66797 15683 2156049 2156423 13 0 1 20 1  0
12.2982 2156806 265.028 2 1 0.0308372 1 2109493 2109494 13 0 1 20 1  0
17.0977 2312530 284.164 4 2 0.0616743 4 2152506 2152520 13 0 1 20 1  0
10.233 2144907 263.566 2 2 0.0616743 1 2144907 2144908 13 0 1 20 1  0
10.0561 2109493 259.214 3 3 0.0925113 1 2109493 2109494 13 0 1 20 1  0
13.074 2232136 274.285 7 25 0.770955 2 2217120 2219061 13 0 1 20 1  0
10.0591 2152345 264.48 4 121 3.73765 6 2152345 2152346 13 0 1 20 1  0
10.9465 2221735 273.007 5 88 2.71598 27 2152391 2152396 13 0 1 20 1  0
10.309 2312346 284.141 3 99 3.05625 1 2218297 2218299 13 0 1 20 1  0
10.0353 2202534 270.647 5 111 3.42777 1 2202534 2202535 13 0 1 20 1  0
10.1376 2221464 272.973 2 266 8.27574 1 2221464 2221465 13 0 1 20 1  0
11.2834 2233982 274.512 12 415 13.0821 4 2232442 2234190 13 0 1 20 1  0
10.4303 2384573 293.016 8 0 0 1 2384573 2384574 13 0 1 20 1  0
15.1341 2397788 294.64 6 0 0 40 2363447 2363455 13 0 1 20 1  0
0 2357248 289.659 8 0 0 1326 2397329 2397332 13 0 1 20 1  0
10.7137 2363255 290.397 2 0 0 1 2363255 2363256 13 0 1 20 1  0
13.8816 2615636 321.409 2 0 0 1 2397330 2397331 13 0 1 20 1  0
12.5658 2432142 298.862 3 0 0 3 2397645 2397652 13 0 1 20 1  0
16.1748 2534690 311.463 7 63 1.94352 717 2455359 2455387 13 0 1 20 1  0
10.0056 2363449 290.421 6 2 0.0616743 1 2363449 2363450 13 0 1 20 1  0
14.858 2555387 314.006 6 34 1.04855 100 2361674 2361850 13 0 1 20 1  0
10.1142 2495874 306.693 4 21 0.647592 2 2495874 2495875 13 0 1 20 1  0
10.5755 2452915 301.414 9 23 0.709273 1 2452833 2452931 13 0 1 20 1  0
10.1193 2489844 305.952 5 35 1.0794 6 2489844 2489845 13 0 1 20 1  0
10.0811 2361852 290.224 5 33 1.01771 3 2361852 2361853 13 0 1 20 1  0
10.1222 2405795 295.624 5 75 2.31417 6 2405795 2405796 13 0 1 20 1  0
11.2433 2491603 306.168 5 52 1.60394 2 2405827 2405844 13 0 1 20 1  0
11.223 2549837 313.324 5 55 1.69654 6 2405826 2405836 13 0 1 20 1  0
10.0022 2455302 301.707 8 52 1.60394 1 2455302 2455303 13 0 1 20 1  0
10.2265 2533418 311.306 4 63 1.94352 3 2533418 2533419 13 0 1 20 1  0
10.0683 2495809 306.685 3 66 2.03616 1 2495809 2495810 13 0 1 20 1  0
14.0847 2453008 301.426 12 345 10.8008 9 2451948 2454344 13 0 1 20 1  0
13.4214 2534456 311.434 12 282 8.78346 1 2533094 2535548 13 0 1 20 1  0
0 2357248 289.659 12 345 10.8008 1 2533474 2534716 13 0 1 20 1  0
10.2405 2371077 291.358 8 5166 1722.71 1 2371064 2371091 13 0 1 20 1  0
10.9662 2633840 323.646 8 0 0 3 2633840 2633841 13 0 1 20 1  0
11.2522 2685898 330.043 8 0 0 1 2634158 2634159 13 0 1 20 1  0
0 2619392 321.871 8 0 0 9184 2634807 2634809 13 0 1 20 1  0
10.5 2634670 323.748 2 1 0.0308372 2 2634670 2634671 13 0 1 20 1  0
14.3009 2685650 330.013 1 0 0 1 2634808 2634809 13 0 1 20 1  0
22.7949 2643882 324.88 6 0 0 101 2636560 2636595 13 0 1 20 1  0
23.9179 2659959 326.856 7 42 1.29535 3768 2643760 2643890 13 0 1 20 1  0
27.6762 2815881 346.015 6 5 0.154185 1334 2635903 2635912 13 0 1 20 1  0
14.1898 2644591 324.967 2 1 0.0308372 3 2635929 2635937 13 0 1 20 1  0
10.5494 2635933 323.903 2 3 0.0925113 3 2635933 2635934 13 0 1 20 1  0
10.3449 2636563 323.981 3 13 0.400882 7 2636563 2636564 13 0 1 20 1  0
12.1825 2854255 350.731 7 21 0.647592 1 2659948 2660328 13 0 1 20 1  0
10.0121 2622315 322.23 6 29 0.894326 2 2622315 2622316 13 0 1 20 1  0
12.537 2817879 346.261 4 41 1.2645 8 2643824 2643850 13 0 1 20 1  0
13.9226 2673942 328.574 4 99 3.05625 54 2643709 2643717 13 0 1 20 1  0
10.329 2859457 351.37 4 135 4.17198 3 2659824 2659837 13 0 1 20 1  0
13.8084 2813034 345.666 6 237 7.35966 125 2659624 2659737 13 0 1 20 1  0
11.5296 2812413 345.589 5 216 6.69935 17 2659720 2659737 13 0 1 20 1  0
10.0048 2811353 345.459 4 180 5.57263 1 2811353 2811354 13 0 1 20 1  0
10.0552 2673485 328.518 5 328 10.2533 1 2673485 2673486 13 0 1 20 1  0
0 2619392 321.871 11 1065 37.9499 1 2812706 2813016 13 0 1 20 1  0
0 2619392 321.871 8 1299 49.5525 1 2861475 2861565 13 0 1 20 1  0
17.6636 2802946 344.426 12 3302 326.51 190 2800190 2805386 13 0 1 20 1  0
10.4965 2794908 343.438 11 4886 1342.32 1 2794322 2795161 13 0 1 20 1  0
10.2902 2874062 353.165 8 5023 1516.61 1 2874036 2874066 13 0 1 20 1  0
10.8973 2872377 352.958 9 5127 1663.87 3 2872267 2872495 13 0 1 20 1  0
11.2818 2658511 326.678 11 5208 1788.4 3 2658093 2659084 13 0 1 20 1  0
10.3052 2869407 352.593 8 5281 1908.59 1 2869391 2869412 13 0 1 20 1  0
10.3177 2888272 354.911 8 0 0 1 2888272 2888273 13 0 1 20 1  0
10.7328 2963678 364.177 8 0 0 1 2889339 2889340 13 0 1 20 1  0
0 2881536 354.083 8 0 0 681 2917081 2917084 13 0 1 20 1  0
10.0244 2888272 354.911 1 0 0 1 2888272 2888273 13 0 1 20 1  0
17.4491 2935026 360.656 4 0 0 177 2918085 2918092 13 0 1 20 1  0
10.0898 2917287 358.476 6 0 0 1 2917287 2917288 13 0 1 20 1  0
18.8905 2918072 358.573 6 0 0 269 2918045 2918116 13 0 1 20 1  0
14.1184 3110732 382.247 8 30 0.92517 279 2917981 2918094 13 0 1 20 1  0
10.2752 2902623 356.674 3 9 0.277533 3 2902623 2902624 13 0 1 20 1  0
10.5924 3019948 371.091 5 34 1.04855 5 2918033 2918040 13 0 1 20 1  0
12.2095 3058587 375.839 6 41 1.2645 11 2918004 2918027 13 0 1 20 1  0
12.5758 2977974 365.933 6 118 3.64466 18 2917879 2917917 13 0 1 20 1  0
10.0235 2975284 365.603 7 104 3.211 1 2975284 2975285 13 0 1 20 1  0
10.0414 2945229 361.91 9 5137 1678.77 1 2945225 2945231 13 0 1 20 1  0
10.2278 3037085 373.197 8 5250 1856.59 1 3036993 3037129 13 0 1 20 1  0
10.5556 3047204 374.44 9 5332 1997.31 1 3047053 3047265 13 0 1 20 1  0
10.9527 3214268 394.969 8 0 0 1 3214268 3214269 13 0 1 20 1  0
11.0368 3338645 410.253 8 0 0 1 3214596 3214598 13 0 1 20 1  0
0 3143680 386.295 8 0 0 6340 3214678 3214680 13 0 1 20 1  0
11.6835 3188932 391.856 1 0 0 3 3188932 3188933 13 0 1 20 1  0
14.1072 3338646 410.253 1 0 0 1 3214597 3214599 13 0 1 20 1  0
31.5869 3349299 411.562 7 0 0 19873 3349202 3349888 13 0 1 20 1  0
11.0346 3214997 395.059 2 1 0.0308372 4 3214997 3214998 13 0 1 20 1  0
10.5942 3214675 395.019 2 2 0.0616743 2 3214675 3214676 13 0 1 20 1  0
10.0224 3350861 411.754 2 3 0.0925113 1 3350861 3350862 13 0 1 20 1  0
13.2047 3381649 415.537 5 26 0.801797 16 3349197 3349245 13 0 1 20 1  0
10.0389 3272643 402.142 4 111 3.42777 1 3272643 3272644 13 0 1 20 1  0
10.0219 3302526 405.814 6 127 3.92372 1 3302526 3302527 13 0 1 20 1  0
10.0973 3255364 400.019 12 709 23.3238 1 3255320 3255496 13 0 1 20 1  0
10.0049 3257042 400.225 5 744 24.6353 1 3257042 3257043 13 0 1 20 1  0
10.0962 3255330 400.015 5 1320 50.6912 6 3255330 3255331 13 0 1 20 1  0
10.0989 3254623 399.928 5 1530 63.1232 4 3254623 3254624 13 0 1 20 1  0
10.1548 3253129 399.744 11 1898 90.5588 2 3252980 3253429 13 0 1 20 1  0
0 3143680 386.295 5 2693 188.758 1 3339496 3339504 13 0 1 20 1  0
0 3143680 386.295 6 2951 238.258 16 3337417 3337439 13 0 1 20 1  0
10.1766 3345606 411.108 8 3751 487.836 1 3345603 3345614 13 0 1 20 1  0
10.9199 3473282 426.797 8 0 0 2 3473276 3473279 13 0 1 20 1  0
10.0867 3410864 419.127 5 36 1.11025 6806 3410864 3410865 13 0 1 20 1  0
14.3267 3473283 426.797 1 0 0 2 3408209 3408211 13 0 1 20 1  0
19.4051 3533645 434.214 4 1 0.0308372 32 3410907 3410919 13 0 1 20 1  0
26.8541 3551729 436.436 7 133 4.10989 5359 3410668 3410757 13 0 1 20 1  0
10.504 3410906 419.132 3 2 0.0616743 3 3410906 3410907 13 0 1 20 1  0
10.8206 3455805 424.649 3 3 0.0925113 1 3455805 3455806 13 0 1 20 1  0
11.9368 3552304 436.507 3 15 0.462558 1 3410888 3410896 13 0 1 20 1  0
12.3343 3595790 441.851 11 26 0.801797 5 3551109 3551636 13 0 1 20 1  0
10.1354 3489910 428.84 3 34 1.04855 9 3489910 3489911 13 0 1 20 1  0
10.2721 3430265 421.511 3 52 1.60394 2 3430265 3430266 13 0 1 20 1  0
10.0212 3407830 418.754 5 53 1.6348 1 3407830 3407831 13 0 1 20 1  0
10.42 3620743 444.917 7 85 2.62323 1 3414059 3414072 13 0 1 20 1  0
10.1305 3430132 421.495 4 127 3.92372 4 3430132 3430133 13 0 1 20 1  0
10.0268 3414271 419.546 4 168 5.19836 2 3414271 3414272 13 0 1 20 1  0
10.001 3511251 431.462 6 268 8.33911 1 3511251 3511252 13 0 1 20 1  0
10.5448 3549177 436.123 7 1386 54.3875 13 3549029 3549203 13 0 1 20 1  0
15.5355 3667964 450.719 7 2733 195.717 372 3667700 3667969 13 0 1 20 1  0
0 3405824 418.508 5 2762 200.917 1 3667892 3667922 13 0 1 20 1  0
12.2869 3662057 449.994 7 3561 411.668 137 3661700 3662103 13 0 1 20 1  0
0 3405824 418.508 7 3622 434.736 8 3662153 3662195 13 0 1 20 1  0
10.1247 3630992 446.176 7 4531 978.25 1 3630986 3630993 13 0 1 20 1  0
11.49 3553670 436.675 7 4902 1361.6 3 3553622 3553739 13 0 1 20 1  0
0 3405824 418.508 7 4902 1361.6 1 3614119 3614133 13 0 1 20 1  0
10.1297 3613902 444.076 9 4921 1384.85 1 3613888 3613932 13 0 1 20 1  0
10.7492 3571664 438.886 8 5243 1845.05 1 3571581 3571732 13 0 1 20 1  0
0 3405824 418.508 8 5243 1845.05 6 3620028 3620392 13 0 1 20 1  0
10.9333 3620104 444.838 9 5249 1854.94 2 3619879 3620320 13 0 1 20 1  0
11.2204 3595769 441.848 9 5259 1871.54 2 3547416 3547540 13 0 1 20 1  0
10.8725 3753741 461.26 8 0 0 1 3673710 3673724 13 0 1 20 1  0
65.5442 3674126 451.477 9 150 4.63803 64718 3670296 3671374 13 0 1 20 1  0
14.0585 3754230 461.32 1 0 0 1 3673708 3673727 13 0 1 20 1  0
12.8672 3894314 478.533 2 1 0.0308372 12 3673708 3673726 13 0 1 20 1  0
13.1907 3912422 480.758 5 4 0.123348 2 3673704 3674517 13 0 1 20 1  0
10.2603 3671381 451.139 3 8 0.246696 4 3671381 3671382 13 0 1 20 1  0
14.3767 3812482 468.478 6 9 0.277533 1 3671346 3671395 13 0 1 20 1  0
15.8396 3912117 480.721 9 101 3.11814 8 3673530 3674630 13 0 1 20 1  0
10.0635 3672112 451.229 5 57 1.75827 1 3672112 3672113 13 0 1 20 1  0
10.4532 3688206 453.207 10 57 1.75827 1 3688176 3688229 13 0 1 20 1  0
11.4055 3912226 480.734 5 75 2.31417 1 3673700 3674459 13 0 1 20 1  0
11.2717 3857918 474.061 5 93 2.87061 1 3673694 3674438 13 0 1 20 1  0
10.6236 3837439 471.544 5 101 3.11814 1 3696247 3696249 13 0 1 20 1  0
13.5587 3835053 471.251 8 102 3.14909 1 3673656 3674516 13 0 1 20 1  0
10.7883 3880829 476.876 7 120 3.70665 1 3673650 3674457 13 0 1 20 1  0
17.5512 3698276 454.444 8 141 4.35831 2 3673621 3674495 13 0 1 20 1  0
10.6895 3673565 451.408 2 1309 50.0926 2 3672621 3672629 13 0 1 20 1  0
10.0997 3670472 451.028 3 2160 115.864 1 3670472 3670473 13 0 1 20 1  0
11.9794 3672442 451.27 4 2181 118.146 1 3671381 3671508 13 0 1 20 1  0
10.1864 3804320 467.475 12 3797 508.291 1 3804156 3804470 13 0 1 20 1  0
10.5844 3867940 475.292 7 4699 1136.27 3 3867925 3867948 13 0 1 20 1  0
11.0636 3924303 482.218 9 4810 1254.42 1 3866432 3866524 13 0 1 20 1  0
0 3667968 450.72 9 4810 1254.42 2 3924220 3924422 13 0 1 20 1  0
10.7 3746603 460.383 8 4860 1311.58 2 3746525 3746665 13 0 1 20 1  0
10.9128 3770148 463.276 8 4863 1315.09 1 3746441 3746605 13 0 1 20 1  0
10.4597 3875797 476.258 9 4954 1426.18 1 3875784 3876008 13 0 1 20 1  0
10.7203 3827879 470.37 8 4966 1441.51 1 3827838 3827893 13 0 1 20 1  0
10.2479 3895996 478.74 8 5165 1721.18 1 3895988 3896005 13 0 1 20 1  0
11.1763 3810995 468.295 9 5219 1806.01 4 3810720 3811074 13 0 1 20 1  0
10.5546 3846666 472.678 8 5241 1841.76 3 3846616 3846717 13 0 1 20 1  0
12.2448 3916039 481.203 9 5285 1915.4 9 3915844 3916328 13 0 1 20 1  0
0 3667968 450.72 9 5278 1903.49 2 3858157 3858163 13 0 1 20 1  0
11.0145 3978774 488.912 8 0 0 1 3978774 3978775 13 0 1 20 1  0
11.2083 4085555 502.033 8 0 0 1 4067871 4067872 13 0 1 20 1  0
0 3930112 482.932 8 0 0 10358 4067947 4067952 13 0 1 20 1  0
10.2677 3973423 488.254 1 0 0 1 3973423 3973424 13 0 1 20 1  0
16.7223 4067949 499.87 2 0 0 49 4056242 4056245 13 0 1 20 1  0
15.5759 4001155 491.662 8 32 0.986861 600 3958253 3958271 13 0 1 20 1  0
16.7878 4143859 509.197 6 2 0.0616743 27 3943043 3943058 13 0 1 20 1  0
15.9851 4010065 492.757 7 41 1.2645 430 3942303 3942328 13 0 1 20 1  0
15.7629 3942998 484.516 6 31 0.956015 24 3936330 3936524 13 0 1 20 1  0
12.9501 4064409 499.435 4 17 0.524235 3 3943023 3943034 13 0 1 20 1  0
10.4381 3938949 484.018 3 33 1.01771 10 3938949 3938950 13 0 1 20 1  0
17.8857 4074293 500.649 6 29 0.894326 199 3931133 3931141 13 0 1 20 1  0
10.0301 3958270 486.392 7 20 0.616752 3 3958270 3958271 13 0 1 20 1  0
15.6273 4086590 502.16 5 26 0.801797 6 3936348 3936352 13 0 1 20 1  0
10.2008 3936510 483.718 3 31 0.956015 7 3936510 3936511 13 0 1 20 1  0
12.0481 4187130 514.515 7 29 0.894326 1 3942960 3942977 13 0 1 20 1  0
10.0156 3936323 483.695 5 43 1.32621 1 3936323 3936324 13 0 1 20 1  0
10.0253 3969754 487.803 7 65 2.00528 1 3969754 3969755 13 0 1 20 1  0
10.1507 3942243 484.423 4 102 3.14909 4 3942243 3942244 13 0 1 20 1  0
10.5403 4067766 499.847 3 106 3.27292 5 4067765 4067768 13 0 1 20 1  0
10.5944 3983680 489.515 6 3204 299.055 10 3983672 3983688 13 0 1 20 1  0
10.1044 3947264 485.04 7 3411 359.982 1 3947259 3947267 13 0 1 20 1  0
10.5349 4292210 527.427 8 0 0 1 4292210 4292211 13 0 1 20 1  0
10.693 4397133 540.32 8 0 0 1 4335384 4335386 13 0 1 20 1  0
0 4192256 515.144 8 0 0 1513 4335510 4335511 13 0 1 20 1  0
14.1908 4335385 532.732 1 0 0 1 4335385 4335386 13 0 1 20 1  0
19.0624 4397135 540.32 2 0 0 8 4246459 4246463 13 0 1 20 1  0
18.3552 4423468 543.556 3 0 0 74 4246450 4246466 13 0 1 20 1  0
16.9169 4246452 521.804 6 0 0 361 4234813 4235013 13 0 1 20 1  0
13.4921 4234867 520.38 8 13 0.400882 102 4234837 4235011 13 0 1 20 1  0
14.5973 4409322 541.817 3 3 0.0925113 9 4246446 4246449 13 0 1 20 1  0
10.0777 4205767 516.805 6 28 0.863483 2 4205767 4205768 13 0 1 20 1  0
12.9208 4367300 536.654 5 90 2.77783 66 4236065 4236067 13 0 1 20 1  0
12.1852 4407828 541.634 5 104 3.211 41 4246278 4246299 13 0 1 20 1  0
10.1634 4403466 541.098 7 107 3.30389 1 4246311 4246317 13 0 1 20 1  0
12.2881 4392027 539.692 6 125 3.86168 17 4205601 4205622 13 0 1 20 1  0
10.4532 4264424 524.012 8 355 11.1239 5 4264408 4264453 13 0 1 20 1  0
10.4421 4244983 521.623 8 557 17.8749 1 4235240 4235243 13 0 1 20 1  0
0 4192256 515.144 8 557 17.8749 2 4244898 4245003 13 0 1 20 1  0
21.4975 4230606 519.857 12 1849 86.4131 499 4228526 4233284 13 0 1 20 1  0
0 4192256 515.144 12 1211 44.9647 9 4399596 4400678 13 0 1 20 1  0
0 4192256 515.144 12 1793 81.8763 5 4399134 4399876 13 0 1 20 1  0
14.9983 4239412 520.939 12 2675 185.705 143 4237200 4241144 13 0 1 20 1  0
10.0841 4237957 520.76 6 2664 183.863 1 4237947 4237958 13 0 1 20 1  0
0 4192256 515.144 7 2733 195.717 4 4239589 4239708 13 0 1 20 1  0
10.9983 4460669 548.127 8 0 0 1 4460669 4460670 13 0 1 20 1  0
11.1101 4648760 571.24 8 0 0 1 4462711 4462712 13 0 1 20 1  0
0 4454400 547.357 8 0 0 18115 4462781 4462784 13 0 1 20 1  0
10.4345 4460598 548.118 1 0 0 1 4460598 4460599 13 0 1 20 1  0
17.4665 4649326 571.309 2 0 0 4 4460598 4460599 13 0 1 20 1  0
10.3689 4460346 548.087 2 0 0 1 4460346 4460347 13 0 1 20 1  0
17.9753 4466127 548.798 3 0 0 25 4460668 4460673 13 0 1 20 1  0
30.7888 4590060 564.027 8 12 0.370045 2990 4475965 4475979 13 0 1 20 1  0
29.2097 4636031 569.675 9 0 0 14492 4589626 4591577 13 0 1 20 1  0
11.1673 4460669 548.127 2 1 0.0308372 2 4460669 4460670 13 0 1 20 1  0
10.1331 4476040 550.016 2 2 0.0616743 1 4476040 4476041 13 0 1 20 1  0
10.1627 4473401 549.691 3 59 1.82002 9 4473401 4473402 13 0 1 20 1  0
10.3722 4636689 569.756 3 41 1.2645 1 4635720 4635736 13 0 1 20 1  0
10.0402 4587360 563.695 6 43 1.32621 3 4587360 4587361 13 0 1 20 1  0
10.0236 4489321 551.648 7 55 1.69654 1 4489321 4489322 13 0 1 20 1  0
10.078 4589498 563.958 3 606 19.5911 1 4589498 4589499 13 0 1 20 1  0
0 4454400 547.357 12 1770 80.0726 1 4631148 4632054 13 0 1 20 1  0
10.9236 4622410 568.002 8 3066 264.216 27 4622034 4622499 13 0 1 20 1  0
10.287 4619943 567.699 6 3242 309.419 1 4619938 4619951 13 0 1 20 1  0
13.2408 4629807 568.911 8 4342 826.561 48 4628117 4630243 13 0 1 20 1  0
0 4454400 547.357 8 4181 716.018 5 4630302 4630334 13 0 1 20 1  0
10.3322 4598100 565.015 8 4186 719.218 2 4596206 4596216 13 0 1 20 1  0
10.8966 4534624 557.215 8 4708 1145.42 1 4534535 4534754 13 0 1 20 1  0
10.8976 4741935 582.689 8 0 0 1 4719280 4719284 13 0 1 20 1  0
0 4716544 579.569 8 0 0 10469 4727713 4727715 13 0 1 20 1  0
14.4774 4894444 601.429 1 0 0 1 4719279 4719285 13 0 1 20 1  0
16.9271 4719282 579.905 2 0 0 7 4719279 4719285 13 0 1 20 1  0
18.2109 4977674 611.657 3 0 0 13 4719279 4719287 13 0 1 20 1  0
23.001 4974930 611.319 6 3 0.0925113 9125 4730621 4730787 13 0 1 20 1  0
11.6945 4978507 611.759 3 7 0.215859 3 4719277 4719281 13 0 1 20 1  0
10.1471 4730798 581.32 4 7 0.215859 1 4730798 4730799 13 0 1 20 1  0
10.7387 4966069 610.231 3 11 0.339207 1 4966066 4966072 13 0 1 20 1  0
10.1192 4779081 587.253 5 13 0.400882 3 4779081 4779082 13 0 1 20 1  0
10.0889 4719757 579.964 4 14 0.43172 2 4719757 4719758 13 0 1 20 1  0
10.025 4730595 581.295 6 24 0.740114 1 4730595 4730596 13 0 1 20 1  0
11.6101 4781581 587.561 3 76 2.34506 16 4779867 4779872 13 0 1 20 1  0
11.5241 4932701 606.13 5 35 1.0794 19 4781649 4781652 13 0 1 20 1  0
10.3057 4821507 592.467 4 52 1.60394 7 4821505 4821511 13 0 1 20 1  0
10.0267 4822969 592.646 4 54 1.66567 1 4822969 4822970 13 0 1 20 1  0
15.1631 4965930 610.213 8 54 1.66567 1 4730613 4731305 13 0 1 20 1  0
10.0055 4954386 608.795 9 59 1.82002 1 4954386 4954387 13 0 1 20 1  0
10.2034 4976560 611.52 3 77 2.37596 2 4973997 4974028 13 0 1 20 1  0
10.028 4731358 581.389 5 65 2.00528 3 4731358 4731359 13 0 1 20 1  0
11.1803 4977379 611.62 3 91 2.80875 4 4932601 4932603 13 0 1 20 1  0
10.6868 4977550 611.641 3 69 2.12881 1 4781589 4781593 13 0 1 20 1  0
10.1078 4779871 587.351 3 74 2.28327 1 4779871 4779872 13 0 1 20 1  0
10.12 4770772 586.232 3 76 2.34506 3 4770772 4770773 13 0 1 20 1  0
10.2131 4733587 581.663 4 105 3.24196 3 4733587 4733588 13 0 1 20 1  0
10.3152 4907347 603.015 4 131 4.04782 2 4907347 4907348 13 0 1 20 1  0
11.843 4780290 587.402 12 326 10.1891 7 4779182 4780608 13 0 1 20 1  0
11.117 4976888 611.56 4 412 12.9833 6 4973507 4973518 13 0 1 20 1  0
10.0037 4967769 610.439 5 997 34.9089 1 4967769 4967770 13 0 1 20 1  0
11.1582 4977469 611.631 7 1476 59.7335 25 4971926 4972381 13 0 1 20 1  0
10.5366 4970303 610.751 7 1861 87.4128 10 4970276 4970338 13 0 1 20 1  0
10.162 4965241 610.129 8 2780 204.212 1 4965222 4965258 13 0 1 20 1  0
15.2391 4988195 612.949 8 6 0.185022 165 4979823 4980823 13 0 1 20 1  0
10.5846 5109102 627.806 8 0 0 1 5001445 5001446 13 0 1 20 1  0
16.3404 4980607 612.017 7 60 1.85089 13841 4979678 4980663 13 0 1 20 1  0
10.601 4979494 611.88 1 0 0 1 4979494 4979495 13 0 1 20 1  0
14.1646 5109103 627.807 1 0 0 1 4980113 4980114 13 0 1 20 1  0
16.7715 5112424 628.215 2 0 0 9 4979004 4979006 13 0 1 20 1  0
15.1584 5141334 631.767 2 0 0 1 4979493 4979494 13 0 1 20 1  0
11.0397 4978997 611.819 3 4 0.123348 5 4978997 4978998 13 0 1 20 1  0
18.0619 5054514 621.099 3 0 0 1 4979491 4979492 13 0 1 20 1  0
19.9704 5115265 628.564 4 0 0 10 4979620 4979627 13 0 1 20 1  0
16.1932 5034707 618.665 5 0 0 1 4979619 4979626 13 0 1 20 1  0
20.8336 5070809 623.101 5 0 0 116 4979846 4979849 13 0 1 20 1  0
22.065 5067371 622.679 6 3 0.0925113 54 4979811 4980098 13 0 1 20 1  0
17.155 5228818 642.517 7 13 0.400882 38 4979758 4981025 13 0 1 20 1  0
10.8584 4979824 611.921 3 12 0.370045 3 4979473 4979476 13 0 1 20 1  0
14.0745 5239561 643.837 7 2 0.0616743 4 4980703 4980713 13 0 1 20 1  0
10.2535 5115371 628.577 8 2 0.0616743 1 5115368 5115377 13 0 1 20 1  0
14.077 5226028 642.174 7 6 0.185022 3 4979785 4979788 13 0 1 20 1  0
17.0902 4992724 613.506 8 74 2.28327 133 4979603 4980694 13 0 1 20 1  0
15.5666 4982528 612.253 5 14 0.43172 7 4979584 4979604 13 0 1 20 1  0
18.4211 5048924 620.412 6 28 0.863483 153 4979548 4980065 13 0 1 20 1  0
13.5622 5086812 625.067 5 22 0.678432 1 4979574 4979591 13 0 1 20 1  0
14.2498 5085341 624.887 5 28 0.863483 33 4979563 4979584 13 0 1 20 1  0
14.2988 4984568 612.504 5 53 1.6348 31 4979524 4979549 13 0 1 20 1  0
12.9701 5211126 640.343 6 50 1.54221 2 4979864 4980029 13 0 1 20 1  0
10.6591 5028427 617.893 3 34 1.04855 2 4980669 4980674 13 0 1 20 1  0
10.9938 5117858 628.882 3 41 1.2645 3 4982485 4982487 13 0 1 20 1  0
10.5302 5055757 621.251 3 45 1.38792 1 4987877 4987887 13 0 1 20 1  0
10.1371 5019638 616.813 3 77 2.37596 1 5019638 5019639 13 0 1 20 1  0
10.912 5034225 618.606 4 105 3.24196 10 5021555 5021563 13 0 1 20 1  0
10.255 5028327 617.881 3 93 2.87061 2 5028327 5028328 13 0 1 20 1  0
12.3038 5021503 617.042 6 132 4.07886 61 4980487 4980546 13 0 1 20 1  0
10.7342 5034042 618.583 10 123 3.79966 1 4980089 4980119 13 0 1 20 1  0
10.751 4991891 613.404 5 611 19.7682 19 4991880 4991897 13 0 1 20 1  0
10.6404 5070139 623.019 5 486 15.4477 1 4992036 4992041 13 0 1 20 1  0
0 4978688 611.781 5 486 15.4477 1 5070127 5070142 13 0 1 20 1  0
10.1845 4991087 613.305 6 949 32.84 1 4991086 4991091 13 0 1 20 1  0
12.2488 4990224 613.199 10 1316 50.473 19 4989952 4990573 13 0 1 20 1  0
10.2305 5048099 620.31 5 3258 313.888 1 5048097 5048100 13 0 1 20 1  0
21.7888 5240990 644.013 5 0 0 3044 5240973 5241016 13 0 1 20 1  0
11.187 5264755 646.933 8 0 0 1 5240992 5240996 13 0 1 20 1  0
14.0508 5368030 659.623 1 0 0 1 5240981 5241006 13 0 1 20 1  0
18.159 5403410 663.971 2 0 0 9 5240976 5241007 13 0 1 20 1  0
24.7101 5387712 662.042 7 0 0 1603 5240934 5241054 13 0 1 20 1  0
12.9122 5430185 667.261 2 1 0.0308372 1 5240983 5241004 13 0 1 20 1  0
14.182 5331538 655.139 3 3 0.0925113 5 5240981 5241003 13 0 1 20 1  0
10.0111 5302461 651.566 8 5 0.154185 2 5302461 5302462 13 0 1 20 1  0
10.8866 5355365 658.067 5 36 1.11025 25 5355358 5355371 13 0 1 20 1  0
12.5287 5385150 661.727 6 22 0.678432 2 5240952 5240976 13 0 1 20 1  0
12.1799 5455859 670.416 5 19 0.585913 4 5240973 5240983 13 0 1 20 1  0
10.0419 5376544 660.67 3 21 0.647592 1 5376544 5376545 13 0 1 20 1  0
10.0059 5294659 650.608 5 25 0.770955 1 5294659 5294660 13 0 1 20 1  0
12.6052 5244224 644.41 7 32 0.986861 1 5240931 5240986 13 0 1 20 1  0
10.3894 5384604 661.66 6 1559 65.0033 4 5384509 5384651 13 0 1 20 1  0
10.2951 5383310 661.501 3 1791 81.7181 3 5383310 5383311 13 0 1 20 1  0
0 5240832 643.993 6 1835 85.2592 1 5383255 5383286 13 0 1 20 1  0
0 5240832 643.993 6 2200 120.246 5 5382762 5382780 13 0 1 20 1  0
10.0184 5424978 666.621 5 2675 185.705 1 5424978 5424979 13 0 1 20 1  0
11.1547 5764414 708.331 8 0 0 1 5528201 5528204 13 0 1 20 1  0
10.2576 5504114 676.346 3 31 0.956015 35635 5504114 5504115 13 0 1 20 1  0
11.1616 5522526 678.608 1 0 0 2 5522526 5522527 13 0 1 20 1  0
14.5379 5732947 704.464 1 0 0 7 5528200 5528205 13 0 1 20 1  0
14.7373 5764251 708.311 1 0 0 2 5528688 5528694 13 0 1 20 1  0
20.8221 5742902 705.688 3 0 0 11 5528199 5528206 13 0 1 20 1  0
48.2629 5718321 702.667 6 0 0 23939 5517066 5517115 13 0 1 20 1  0
16.1575 5759912 707.778 6 0 0 2 5522449 5522558 13 0 1 20 1  0
24.4756 5704983 701.028 10 0 0 104 5704260 5705713 13 0 1 20 1  0
11.0761 5528199 679.305 3 4 0.123348 2 5528199 5528200 13 0 1 20 1  0
14.5432 5517125 677.944 7 5 0.154185 9 5517036 5517143 13 0 1 20 1  0
13.2222 5621455 690.764 4 21 0.647592 17 5508358 5508361 13 0 1 20 1  0
15.1314 5718800 702.726 4 13 0.400882 18 5517056 5517070 13 0 1 20 1  0
14.1147 5546179 681.514 7 24 0.740114 3 5516997 5517106 13 0 1 20 1  0
11.3241 5710156 701.664 3 16 0.493396 1 5517054 5517061 13 0 1 20 1  0
13.2921 5626032 691.327 4 18 0.555074 17 5517051 5517064 13 0 1 20 1  0
17.2297 5532416 679.823 5 18 0.555074 7 5504123 5504138 13 0 1 20 1  0
13.297 5711284 701.803 4 22 0.678432 8 5508356 5508360 13 0 1 20 1  0
10.1807 5508353 676.866 3 26 0.801797 1 5508353 5508354 13 0 1 20 1  0
13.0666 5704761 701.001 4 29 0.894326 25 5504110 5504120 13 0 1 20 1  0
10.0736 5522801 678.642 3 39 1.2028 1 5522801 5522802 13 0 1 20 1  0
10.1366 5518571 678.122 4 42 1.29535 1 5518571 5518572 13 0 1 20 1  0
10.2536 5519186 678.198 4 57 1.75827 1 5519186 5519187 13 0 1 20 1  0
10.0553 5705165 701.051 5 121 3.73765 2 5705165 5705166 13 0 1 20 1  0
10.0093 5704917 701.02 5 319 9.9645 1 5704917 5704918 13 0 1 20 1  0
10.0897 5704647 700.987 3 407 12.819 1 5704647 5704648 13 0 1 20 1  0
10.3507 5704615 700.983 3 440 13.9086 2 5704615 5704616 13 0 1 20 1  0
10.5439 5717513 702.568 2 839 28.3193 25 5717513 5717514 13 0 1 20 1  0
10.2992 5717486 702.565 2 864 29.3213 15 5717486 5717487 13 0 1 20 1  0
10.4331 5717364 702.55 2 899 30.7487 27 5717364 5717365 13 0 1 20 1  0
11.1161 5717282 702.54 2 1008 35.3918 24 5717229 5717232 13 0 1 20 1  0
10.422 5717197 702.529 2 1122 40.6058 24 5717197 5717198 13 0 1 20 1  0
10.2849 5717163 702.525 2 1121 40.5583 14 5717163 5717164 13 0 1 20 1  0
10.0134 5717453 702.561 2 1142 41.5621 1 5717453 5717454 13 0 1 20 1  0
10.6159 5717484 702.564 2 1181 43.4652 1 5717088 5717089 13 0 1 20 1  0
19.8906 5700855 700.521 10 2993 247.434 4024 5699889 5701787 13 0 1 20 1  0
10.1947 5716846 702.486 2 1291 49.1233 2 5716846 5716847 13 0 1 20 1  0
10.3404 5717585 702.577 2 1516 62.2307 2 5716512 5716525 13 0 1 20 1  0
12.4567 5717555 702.573 3 1563 65.2661 2 5716338 5716355 13 0 1 20 1  0
10.4866 5717529 702.57 2 1573 65.9265 1 5716406 5716408 13 0 1 20 1  0
10.0185 5717272 702.538 2 1752 78.6846 1 5717272 5717273 13 0 1 20 1  0
10.3687 5704110 700.921 3 1783 81.0879 2 5704110 5704111 13 0 1 20 1  0
10.0721 5540699 680.841 6 2041 103.675 2 5540699 5540700 13 0 1 20 1  0
10.8767 5712582 701.962 4 2691 188.416 3 5701569 5701572 13 0 1 20 1  0
13.4334 5697200 700.072 7 3686 460.319 272 5696992 5697960 13 0 1 20 1  0
0 5502976 676.206 6 3611 430.483 29 5698699 5698709 13 0 1 20 1  0
11.9225 5693732 699.646 12 4122 679.313 2 5692856 5694554 13 0 1 20 1  0
10.2599 5693765 699.65 6 4164 705.243 1 5693746 5693766 13 0 1 20 1  0
11.2035 5776925 709.869 8 0 0 1 5776925 5776926 13 0 1 20 1  0
11.2601 5880730 722.624 8 0 0 1 5828724 5828725 13 0 1 20 1  0
0 5765120 708.418 8 0 0 6775 5828902 5828903 13 0 1 20 1  0
11.0252 5794879 712.075 1 0 0 1 5794879 5794880 13 0 1 20 1  0
14.912 5880731 722.624 1 0 0 3 5799286 5799287 13 0 1 20 1  0
14.9087 5953565 731.574 2 0 0 1 5794878 5794880 13 0 1 20 1  0
15.3555 5888845 723.621 3 0 0 3 5794874 5794880 13 0 1 20 1  0
17.9032 5846804 718.455 6 26 0.801797 775 5773187 5773209 13 0 1 20 1  0
19.5602 5830626 716.467 6 0 0 97 5792123 5792502 13 0 1 20 1  0
16.9978 5871121 721.443 7 2 0.0616743 12 5792121 5792478 13 0 1 20 1  0
10.8627 5934368 729.215 2 1 0.0308372 1 5888518 5888519 13 0 1 20 1  0
14.7945 5799284 712.616 4 2 0.0616743 4 5792151 5792154 13 0 1 20 1  0
11.1156 5774994 709.631 3 18 0.555074 13 5774992 5774999 13 0 1 20 1  0
17.379 5953289 731.54 5 2 0.0616743 61 5792152 5792501 13 0 1 20 1  0
12.3786 5888674 723.6 3 4 0.123348 2 5830591 5830594 13 0 1 20 1  0
10.2136 5792151 711.74 4 3 0.0925113 2 5792151 5792152 13 0 1 20 1  0
15.4205 5952792 731.479 4 6 0.185022 41 5775005 5775015 13 0 1 20 1  0
17.9711 5916607 727.033 7 8 0.246696 12 5792111 5792461 13 0 1 20 1  0
11.8369 5846119 718.371 3 7 0.215859 1 5792314 5792315 13 0 1 20 1  0
10.0274 5783855 710.72 5 7 0.215859 2 5783855 5783856 13 0 1 20 1  0
10.0998 5783218 710.642 6 7 0.215859 1 5783218 5783219 13 0 1 20 1  0
11.1792 5846198 718.381 3 8 0.246696 1 5830585 5830590 13 0 1 20 1  0
11.882 5871054 721.435 3 10 0.30837 3 5775001 5775005 13 0 1 20 1  0
11.3194 5773162 709.406 3 57 1.75827 17 5773160 5773166 13 0 1 20 1  0
10.862 6013721 738.966 5 9 0.277533 1 5792481 5792483 13 0 1 20 1  0
14.6777 5995911 736.778 6 9 0.277533 2 5792155 5792401 13 0 1 20 1  0
12.6619 5792288 711.756 9 10 0.30837 5 5792156 5792413 13 0 1 20 1  0
11.5294 5872968 721.67 4 33 1.01771 5 5773196 5773207 13 0 1 20 1  0
10.0135 5774669 709.591 6 14 0.43172 1 5774669 5774670 13 0 1 20 1  0
11.574 5995287 736.701 7 21 0.647592 1 5815979 5816088 13 0 1 20 1  0
10.0809 5978094 734.588 3 35 1.0794 1 5774969 5774974 13 0 1 20 1  0
10.0222 5952415 731.433 3 38 1.17195 1 5952415 5952416 13 0 1 20 1  0
12.206 5842562 717.934 4 59 1.82002 58 5773154 5773164 13 0 1 20 1  0
11.2178 5839676 717.579 3 63 1.94352 4 5774933 5774935 13 0 1 20 1  0
10.9121 5831626 716.59 4 68 2.09793 5 5773144 5773147 13 0 1 20 1  0
11.0996 5872907 721.663 4 71 2.19059 5 5830495 5830498 13 0 1 20 1  0
10.0244 5839643 717.575 3 84 2.59231 1 5839643 5839644 13 0 1 20 1  0
10.0064 5815726 714.636 7 211 6.54248 1 5815726 5815727 13 0 1 20 1  0
10.1474 5933807 729.146 6 255 7.92765 1 5845650 5845658 13 0 1 20 1  0
13.6646 6052088 743.681 7 33 1.01771 32 6042247 6042333 13 0 1 20 1  0
10.4119 6165354 757.599 8 0 0 1 6053706 6053708 13 0 1 20 1  0
0 6027264 740.63 8 0 0 2465 6129718 6129719 13 0 1 20 1  0
13.7248 6165355 757.599 1 0 0 1 6051776 6051778 13 0 1 20 1  0
10.9407 6051777 743.642 2 0 0 1 6051777 6051778 13 0 1 20 1  0
18.5072 6140923 754.597 4 0 0 196 6052100 6052114 13 0 1 20 1  0
19.8143 6222575 764.63 3 0 0 22 6052099 6052112 13 0 1 20 1  0
20.2008 6129726 753.221 5 0 0 3 6048360 6048370 13 0 1 20 1  0
20.7341 6153779 756.176 6 4 0.123348 20 6051763 6051778 13 0 1 20 1  0
11.5898 6053704 743.879 2 1 0.0308372 3 6053704 6053705 13 0 1 20 1  0
10.6814 6052096 743.682 3 2 0.0616743 2 6052096 6052097 13 0 1 20 1  0
17.2796 6130064 753.262 4 1 0.0308372 7 6052100 6052107 13 0 1 20 1  0
10.1592 6048331 743.219 4 19 0.585913 7 6048331 6048332 13 0 1 20 1  0
10.0246 6033081 741.345 6 4 0.123348 1 6033081 6033082 13 0 1 20 1  0
15.0061 6128254 753.04 5 5 0.154185 6 6041026 6041028 13 0 1 20 1  0
12.653 6256583 768.809 7 5 0.154185 1 6034182 6034275 13 0 1 20 1  0
15.3101 6240722 766.86 4 7 0.215859 8 6048343 6048347 13 0 1 20 1  0
12.2764 6085629 747.802 8 6 0.185022 9 6085517 6085682 13 0 1 20 1  0
15.2716 6065244 745.297 5 7 0.215859 52 6041021 6041028 13 0 1 20 1  0
10.4841 6138216 754.264 3 11 0.339207 1 6053688 6053692 13 0 1 20 1  0
10.0103 6041019 742.32 5 11 0.339207 1 6041019 6041020 13 0 1 20 1  0
13.5278 6108195 750.575 7 14 0.43172 14 6051714 6052134 13 0 1 20 1  0
12.7999 6089596 748.29 5 26 0.801797 2 6040995 6041001 13 0 1 20 1  0
13.1032 6100427 749.62 7 42 1.29535 16 6051672 6052094 13 0 1 20 1  0
10.2158 6137638 754.193 4 61 1.88177 2 6137637 6137640 13 0 1 20 1  0
10.3731 6089494 748.277 5 90 2.77783 1 6089490 6089496 13 0 1 20 1  0
10.6739 6284756 772.271 12 4008 613.624 1 6284020 6285354 13 0 1 20 1  0
10.6162 6332197 778.1 8 0 0 1 6329429 6329434 13 0 1 20 1  0
10.02 6292390 773.209 8 40 1.23365 4834 6292390 6292391 13 0 1 20 1  0
10.1818 6309657 775.331 4 92 2.83968 9 6309657 6309658 13 0 1 20 1  0
13.8784 6500895 798.83 1 0 0 1 6313283 6313286 13 0 1 20 1  0
17.9276 6526087 801.926 2 0 0 3 6309495 6309501 13 0 1 20 1  0
24.1748 6535781 803.117 4 0 0 546 6309491 6309525 13 0 1 20 1  0
23.2895 6408465 787.472 7 13 0.400882 1138 6292317 6292343 13 0 1 20 1  0
12.1879 6502628 799.043 4 60 1.85089 47 6493914 6493927 13 0 1 20 1  0
10.2197 6292353 773.204 3 21 0.647592 6 6292353 6292354 13 0 1 20 1  0
10.0584 6313276 775.775 3 4 0.123348 1 6313276 6313277 13 0 1 20 1  0
10.45 6309373 775.296 3 6 0.185022 2 6309373 6309374 13 0 1 20 1  0
12.4489 6493976 797.98 4 18 0.555074 30 6292355 6292364 13 0 1 20 1  0
14.8987 6478686 796.101 6 19 0.585913 3 6292337 6292365 13 0 1 20 1  0
11.9284 6495655 798.186 4 36 1.11025 4 6292341 6292343 13 0 1 20 1  0
10.8366 6536631 803.221 3 27 0.83264 3 6292347 6292353 13 0 1 20 1  0
10.0349 6472429 795.332 5 51 1.57308 1 6472429 6472430 13 0 1 20 1  0
10.6048 6473868 795.509 12 160 4.94917 1 6311082 6311120 13 0 1 20 1  0
0 6289408 772.842 7 537 17.1844 1 6535619 6535639 13 0 1 20 1  0
10.0634 6551383 805.034 10 1115 40.2741 2 6551372 6551431 13 0 1 20 1  0
10.4682 6473340 795.444 12 4558 1002.08 1 6472974 6474112 13 0 1 20 1  0
23.3067 6553527 805.297 3 0 0 42655 6553354 6553393 13 0 1 20 1  0
11.8497 6694501 822.62 8 0 0 1 6553361 6553369 13 0 1 20 1  0
14.918 6646672 816.743 1 0 0 1 6553356 6553370 13 0 1 20 1  0
60.5738 6811750 837.028 7 0 0 36252 6553299 6553733 13 0 1 20 1  0
12.3499 6704464 823.844 3 9 0.277533 11 6553340 6553376 13 0 1 20 1  0
12.2944 6706139 824.05 4 34 1.04855 15 6553302 6553330 13 0 1 20 1  0
11.3044 6720131 825.77 3 19 0.585913 2 6553325 6553339 13 0 1 20 1  0
10.0012 6811899 837.046 2 132 4.07886 1 6811899 6811900 13 0 1 20 1  0
10.3455 6810550 836.88 2 670 21.8891 5 6810550 6810551 13 0 1 20 1  0
10.4776 6810500 836.874 2 695 22.8057 13 6810500 6810501 13 0 1 20 1  0
10.3406 6810456 836.869 2 734 24.2582 6 6810456 6810457 13 0 1 20 1  0
10.1011 6810416 836.864 2 750 24.8625 2 6810416 6810417 13 0 1 20 1  0
10.3022 6810433 836.866 2 752 24.9384 1 6810433 6810434 13 0 1 20 1  0
10.2173 6810339 836.854 2 793 26.5118 4 6810339 6810340 13 0 1 20 1  0
10.4009 6810247 836.843 3 805 26.9789 6 6810247 6810248 13 0 1 20 1  0
10.3262 6810278 836.847 2 810 27.1744 2 6810278 6810279 13 0 1 20 1  0
10.0261 6810202 836.838 2 850 28.7584 1 6810202 6810203 13 0 1 20 1  0
10.0683 6810160 836.832 3 858 29.0795 1 6810160 6810161 13 0 1 20 1  0
10.4606 6810111 836.826 3 879 29.9295 1 6810111 6810112 13 0 1 20 1  0
10.2294 6810076 836.822 3 916 31.4527 4 6810076 6810077 13 0 1 20 1  0
10.4447 6810035 836.817 3 912 31.2864 1 6810035 6810036 13 0 1 20 1  0
10.4622 6810954 836.93 2 981 34.2123 2 6810954 6810955 13 0 1 20 1  0
11.9442 6811425 836.988 3 1102 39.6623 5 6809641 6809696 13 0 1 20 1  0
12.2293 6811377 836.982 3 1119 40.4634 2 6809570 6809681 13 0 1 20 1  0
10.4767 6809320 836.729 2 1239 46.3932 8 6809320 6809321 13 0 1 20 1  0
10.2969 6809269 836.723 3 1230 45.9309 2 6809269 6809270 13 0 1 20 1  0
10.6195 6809163 836.71 3 1283 48.6965 9 6809163 6809164 13 0 1 20 1  0
10.2181 6809138 836.707 3 1288 48.963 9 6809138 6809139 13 0 1 20 1  0
13.9226 6808969 836.686 4 1364 53.1352 18 6808881 6808905 13 0 1 20 1  0
12.7989 6808951 836.684 3 1371 53.5314 4 6808863 6808883 13 0 1 20 1  0
14.1627 6808856 836.672 4 1399 55.1373 16 6808721 6808986 13 0 1 20 1  0
10.0208 6808784 836.663 3 1424 56.6001 1 6808784 6808785 13 0 1 20 1  0
10.5982 6808046 836.573 3 3355 342.382 21 6808046 6808047 13 0 1 20 1  0
10.7478 6808192 836.591 2 3334 336.004 4 6808192 6808193 13 0 1 20 1  0
10.4306 6807625 836.521 3 3417 361.92 9 6807625 6807626 13 0 1 20 1  0
10.1874 6807863 836.55 4 3320 331.817 2 6807863 6807864 13 0 1 20 1  0
10.1127 6807338 836.486 5 3345 339.33 3 6807338 6807339 13 0 1 20 1  0
10.0048 6807490 836.504 4 3364 345.152 1 6807490 6807491 13 0 1 20 1  0
10.3662 6806845 836.425 4 3545 405.821 3 6806845 6806850 13 0 1 20 1  0
10.3292 6806062 836.329 5 3483 383.934 4 6806062 6806063 13 0 1 20 1  0
10.0516 6798749 835.43 6 3455 374.437 1 6798749 6798750 13 0 1 20 1  0
10.0327 6805914 836.311 5 3510 393.318 1 6805914 6805915 13 0 1 20 1  0
10.0273 6792478 834.66 8 3828 522.556 1 6792478 6792479 13 0 1 20 1  0
10.1695 6798931 835.453 5 3982 599.552 1 6798931 6798932 13 0 1 20 1  0
21.9803 6813696 837.267 12 4258 766.913 543 6793106 6797162 13 0 1 20 1  0
0 6551552 805.055 8 4716 1153.62 4 6784025 6784038 13 0 1 20 1  0
0 6551552 805.055 12 4762 1201.89 1 6800716 6801902 13 0 1 20 1  0
10.1711 6800828 835.686 12 4821 1266.78 1 6800316 6801014 13 0 1 20 1  0
14.9247 6806928 836.435 12 5322 1979.6 60 6805054 6809080 13 0 1 20 1  0
0 6551552 805.055 12 5094 1615.66 2 6806570 6809942 13 0 1 20 1  0
10.7331 6745302 828.863 12 5127 1663.87 2 6744744 6745988 13 0 1 20 1  0
10.3892 6977133 857.35 8 0 0 1 6831894 6831898 13 0 1 20 1  0
41.9203 6817166 837.693 11 546 17.4945 40937 6815486 6818970 13 0 1 20 1  0
13.4209 6996955 859.786 1 0 0 1 6816904 6816916 13 0 1 20 1  0
10.9775 6815321 837.467 2 0 0 1 6815321 6815322 13 0 1 20 1  0
16.1097 6997444 859.846 2 0 0 1 6816905 6816923 13 0 1 20 1  0
17.6257 7044253 865.598 3 0 0 5 6816906 6816998 13 0 1 20 1  0
12.1183 6977132 857.35 2 1 0.0308372 3 6817134 6817136 13 0 1 20 1  0
11.2583 6831901 839.504 3 5 0.154185 4 6817214 6817216 13 0 1 20 1  0
11.1421 6950229 854.044 4 11 0.339207 2 6950226 6950235 13 0 1 20 1  0
14.3537 7068905 868.627 7 22 0.678432 5 6831856 6831876 13 0 1 20 1  0
10.5859 6814615 837.38 3 1500 61.2225 26 6814615 6814616 13 0 1 20 1  0
10.3929 6814815 837.404 2 1570 65.7278 2 6814815 6814816 13 0 1 20 1  0
11.5659 6814616 837.38 3 2295 131.277 1 6814604 6814621 13 0 1 20 1  0
10.7684 6814382 837.351 2 2341 136.952 2 6813734 6813736 13 0 1 20 1  0
0 6813696 837.267 7 4521 969.569 239 6822343 6822345 13 0 1 20 1  0
11.3271 6819864 838.025 2 4578 1020.1 1 6819863 6819867 13 0 1 20 1  0
10.4552 6902024 848.121 7 4881 1336.35 2 6902019 6902059 13 0 1 20 1  0
10.5253 6901343 848.037 7 4925 1389.79 1 6901316 6901355 13 0 1 20 1  0
11.136 6893708 847.099 8 5332 1997.31 1 6893690 6893759 13 0 1 20 1  0
10.4883 7123936 875.389 8 0 0 1 7123936 7123937 13 0 1 20 1  0
10.4529 7271455 893.516 8 0 0 1 7232833 7232834 13 0 1 20 1  0
0 7075840 869.479 8 0 0 858 7233000 7233001 13 0 1 20 1  0
14.4882 7232840 888.771 4 1 0.0308372 87 7083590 7083595 13 0 1 20 1  0
13.6186 7271456 893.516 1 0 0 1 7233000 7233009 13 0 1 20 1  0
17.237 7270729 893.427 2 0 0 5 7232834 7232845 13 0 1 20 1  0
15.2686 7270405 893.387 3 0 0 5 7096924 7096926 13 0 1 20 1  0
13.2611 7279404 894.493 4 0 0 2 7096926 7096930 13 0 1 20 1  0
10.0548 7083599 870.433 6 0 0 1 7083599 7083600 13 0 1 20 1  0
15.6589 7104467 872.997 5 6 0.185022 149 7083579 7083588 13 0 1 20 1  0
10.5322 7233793 888.888 2 1 0.0308372 1 7233793 7233794 13 0 1 20 1  0
10.4132 7096911 872.068 3 10 0.30837 5 7096911 7096912 13 0 1 20 1  0
11.2868 7251470 891.061 3 7 0.215859 2 7104458 7104463 13 0 1 20 1  0
12.4308 7114190 874.192 7 7 0.215859 1 7093055 7093167 13 0 1 20 1  0
10.5727 7127356 875.809 6 9 0.277533 3 7096917 7096921 13 0 1 20 1  0
14.1389 7093059 871.595 7 9 0.277533 4 7092955 7093174 13 0 1 20 1  0
13.7447 7096851 872.061 7 15 0.462558 12 7092965 7093162 13 0 1 20 1  0
10.3274 7178045 882.038 4 111 3.42777 7 7178043 7178047 13 0 1 20 1  0
10.752 7493196 920.764 8 0 0 1 7342812 7342814 13 0 1 20 1  0
0 7337984 901.691 8 0 0 2211 7346550 7346551 13 0 1 20 1  0
14.2232 7377837 906.589 1 0 0 1 7342812 7342814 13 0 1 20 1  0
16.9726 7474944 918.521 2 0 0 5 7342812 7342815 13 0 1 20 1  0
22.3501 7472070 918.168 5 3 0.0925113 78 7346459 7346476 13 0 1 20 1  0
20.3647 7361117 904.534 7 0 0 873 7342775 7342872 13 0 1 20 1  0
19.0891 7346592 902.749 8 0 0 170 7342854 7342860 13 0 1 20 1  0
10.3128 7342811 902.285 3 1 0.0308372 2 7342811 7342812 13 0 1 20 1  0
16.1387 7475105 918.541 3 1 0.0308372 2 7346474 7346475 13 0 1 20 1  0
10.689 7346473 902.735 3 3 0.0925113 1 7346473 7346474 13 0 1 20 1  0
13.4386 7475047 918.534 9 128 3.95474 23 7346249 7346479 13 0 1 20 1  0
10.0927 7360473 904.455 3 4 0.123348 1 7360473 7360474 13 0 1 20 1  0
10.4203 7471830 918.138 3 6 0.185022 1 7471830 7471831 13 0 1 20 1  0
13.3157 7549579 927.692 7 13 0.400882 5 7353616 7353789 13 0 1 20 1  0
10.0439 7428832 912.855 5 19 0.585913 1 7428832 7428833 13 0 1 20 1  0
12.8369 7597480 933.578 7 148 4.57584 106 7346308 7346382 13 0 1 20 1  0
12.3166 7353450 903.592 8 145 4.48259 12 7346239 7346444 13 0 1 20 1  0
0 7337984 901.691 7 1035 36.5918 3 7359347 7359367 13 0 1 20 1  0
16.0753 7415866 911.262 12 2720 193.429 74 7413870 7417936 13 0 1 20 1  0
12.2662 7409856 910.523 12 3436 368.126 6 7407746 7411702 13 0 1 20 1  0
11.9012 7409050 910.424 12 3805 511.935 1 7407174 7410834 13 0 1 20 1  0
10.8687 7472087 918.17 8 4426 890.84 1 7472009 7472161 13 0 1 20 1  0
11.3351 7516088 923.577 11 4994 1477.93 11 7515684 7516829 13 0 1 20 1  0
12.1356 7464528 917.241 12 5090 1609.91 38 7463198 7465174 13 0 1 20 1  0
10.3034 7546238 927.282 9 5299 1939.44 1 7458859 7458884 13 0 1 20 1  0
0 7337984 901.691 9 5299 1939.44 1 7546206 7546280 13 0 1 20 1  0
10.4295 7615536 935.797 8 0 0 1 7615536 7615537 13 0 1 20 1  0
10.7151 7771756 954.993 8 0 0 1 7686745 7686746 13 0 1 20 1  0
0 7600128 933.904 8 0 0 2241 7688861 7688864 13 0 1 20 1  0
10.1694 7677996 943.472 1 0 0 1 7677996 7677997 13 0 1 20 1  0
18.0509 7701891 946.408 2 0 0 9 7677995 7677999 13 0 1 20 1  0
10.678 7667603 942.195 2 0 0 1 7667603 7667604 13 0 1 20 1  0
20.1411 7700600 946.25 3 0 0 14 7677996 7677999 13 0 1 20 1  0
11.1837 7813730 960.151 6 9 0.277533 2 7692555 7692594 13 0 1 20 1  0
17.2371 7821762 961.138 8 0 0 1005 7788667 7788851 13 0 1 20 1  0
15.3429 7688850 944.806 4 5 0.154185 7 7600948 7600959 13 0 1 20 1  0
10.3235 7686744 944.547 2 2 0.0616743 1 7686744 7686745 13 0 1 20 1  0
13.3131 7846872 964.224 6 2 0.0616743 3 7692580 7692619 13 0 1 20 1  0
16.2486 7692590 945.265 5 7 0.215859 529 7600939 7600955 13 0 1 20 1  0
16.4731 7861610 966.035 9 33 1.01771 130 7788614 7788781 13 0 1 20 1  0
11.1041 7698006 945.931 3 10 0.30837 4 7688839 7688847 13 0 1 20 1  0
10.3405 7600940 934.003 4 14 0.43172 1 7600940 7600941 13 0 1 20 1  0
10.0208 7644084 939.305 7 29 0.894326 1 7644084 7644085 13 0 1 20 1  0
10.1192 7854530 965.165 8 51 1.57308 1 7692429 7692433 13 0 1 20 1  0
10.0765 7854406 965.149 7 4957 1429.99 1 7854405 7854407 13 0 1 20 1  0
10.853 7867743 966.788 8 0 0 4754 7867743 7867744 13 0 1 20 1  0
10.7994 7948649 976.73 8 0 0 1 7948649 7948652 13 0 1 20 1  0
10.3381 7916673 972.801 3 1 0.0308372 2 7916673 7916674 13 0 1 20 1  0
14.4843 7948650 976.73 1 0 0 1 7948504 7948508 13 0 1 20 1  0
10.02 7907247 971.642 2 0 0 1 7907247 7907248 13 0 1 20 1  0
27.3236 8013938 984.753 7 0 0 1565 7875487 7875762 13 0 1 20 1  0
16.433 7911609 972.178 6 0 0 4 7875502 7875730 13 0 1 20 1  0
18.0924 8058202 990.192 7 0 0 1 7882872 7882947 13 0 1 20 1  0
10.274 7875655 967.76 4 1 0.0308372 5 7875655 7875656 13 0 1 20 1  0
10.3123 7916219 972.745 3 4 0.123348 4 7916219 7916220 13 0 1 20 1  0
10.0843 7912033 972.231 4 2 0.0616743 1 7912033 7912034 13 0 1 20 1  0
10.0516 8013325 984.677 3 3 0.0925113 1 8013325 8013326 13 0 1 20 1  0
12.1062 8086127 993.623 8 4 0.123348 1 7911499 7912148 13 0 1 20 1  0
13.4782 7916467 972.775 9 6 0.185022 16 7911995 7912022 13 0 1 20 1  0
10.2271 7948482 976.709 3 7 0.215859 1 7948482 7948483 13 0 1 20 1  0
10.092 7863498 966.267 4 10 0.30837 1 7863498 7863499 13 0 1 20 1  0
12.225 8027496 986.419 5 15 0.462558 11 7958845 7958852 13 0 1 20 1  0
10.0231 7958845 977.983 5 17 0.524235 2 7958845 7958846 13 0 1 20 1  0
12.8439 8096251 994.867 7 18 0.555074 1 7882851 7882890 13 0 1 20 1  0
17.1806 8052998 989.552 9 19 0.585913 17 7911731 7912007 13 0 1 20 1  0
10.0149 7998802 982.893 8 45 1.38792 1 7998802 7998803 13 0 1 20 1  0
12.825 7957603 977.83 8 143 4.42044 35 7911281 7911873 13 0 1 20 1  0
10.9237 7928746 974.284 8 161 4.9803 7 7928726 7928818 13 0 1 20 1  0
10.9967 7965207 978.765 9 219 6.79353 6 7915810 7915836 13 0 1 20 1  0
0 7862272 966.116 7 561 18.0137 2 7964787 7964806 13 0 1 20 1  0
10.2771 7964824 978.718 5 566 18.1875 1 7964823 7964826 13 0 1 20 1  0
10.5841 8006810 983.877 12 3035 256.957 3 8006240 8007484 13 0 1 20 1  0
10.561 8045990 988.691 12 3040 258.115 1 8045418 8046502 13 0 1 20 1  0
11.0928 7957302 977.793 12 3201 298.252 1 7956594 7957958 13 0 1 20 1  0
12.2492 8007067 983.908 11 3512 394.022 19 8005625 8007634 13 0 1 20 1  0
14.2652 7939325 975.584 8 5152 1701.35 24 7939148 7939559 13 0 1 20 1  0
0 7862272 966.116 8 5151 1699.84 4 8011329 8011330 13 0 1 20 1  0
10.4564 8010388 984.316 9 5201 1777.28 1 8010303 8010446 13 0 1 20 1  0
10.4397 8141112 1000.38 8 0 0 1 8141112 8141113 13 0 1 20 1  0
10.4662 8265528 1015.67 8 0 0 1 8179988 8179989 13 0 1 20 1  0
0 8124416 998.328 8 0 0 196 8196441 8196443 13 0 1 20 1  0
10.311 8167473 1003.62 1 0 0 2 8167473 8167474 13 0 1 20 1  0
15.2322 8370355 1028.55 3 0 0 6 8196443 8196447 13 0 1 20 1  0
16.1828 8371982 1028.75 2 0 0 2 8196441 8196445 13 0 1 20 1  0
23.9982 8381886 1029.97 8 0 0 8425 8253745 8253929 13 0 1 20 1  0
10.3815 8196441 1007.18 2 1 0.0308372 1 8196441 8196442 13 0 1 20 1  0
10.3295 8179979 1005.16 3 4 0.123348 3 8179979 8179980 13 0 1 20 1  0
10.2335 8253961 1014.25 4 2 0.0616743 1 8253961 8253962 13 0 1 20 1  0
10.0679 8253026 1014.13 6 2 0.0616743 1 8253026 8253027 13 0 1 20 1  0
11.1087 8225942 1010.8 3 4 0.123348 2 8225941 8225943 13 0 1 20 1  0
10.0297 8253787 1014.23 5 6 0.185022 1 8253787 8253788 13 0 1 20 1  0
0 8124416 998.328 5 512 16.3289 1 8381335 8381336 13 0 1 20 1  0
0 8124416 998.328 6 828 27.8828 3 8380983 8381049 13 0 1 20 1  0
0 8124416 998.328 5 1176 43.2183 193 8380723 8380731 13 0 1 20 1  0
10.6212 8379594 1029.68 4 1597 67.5329 1 8378867 8378869 13 0 1 20 1  0
10.4546 8186395 1005.94 7 4750 1189.11 3 8186375 8186414 13 0 1 20 1  0
10.0637 8433257 1036.28 8 0 0 1 8433257 8433258 13 0 1 20 1  0
11.8266 8644331 1062.22 8 7 0.215859 23 8394378 8394562 13 0 1 20 1  0
0 8386560 1030.54 8 0 0 1488 8452901 8452905 13 0 1 20 1  0
10.037 8387258 1030.63 1 0 0 1 8387258 8387259 13 0 1 20 1  0
13.0222 8504922 1045.08 1 0 0 10 8438561 8438567 13 0 1 20 1  0
15.4539 8506153 1045.24 2 0 0 2 8417443 8417446 13 0 1 20 1  0
10.0084 8417445 1034.34 3 0 0 1 8417445 8417446 13 0 1 20 1  0
18.8808 8539576 1049.34 4 3 0.0925113 24 8395868 8395883 13 0 1 20 1  0
15.4095 8568378 1052.88 6 6 0.185022 34 8394332 8394343 13 0 1 20 1  0
14.9632 8614282 1058.52 7 2 0.0616743 10 8394292 8394634 13 0 1 20 1  0
11.0877 8438561 1036.93 2 1 0.0308372 3 8438561 8438562 13 0 1 20 1  0
10.1869 8403847 1032.66 3 1 0.0308372 1 8403847 8403848 13 0 1 20 1  0
10.0467 8394349 1031.5 5 1 0.0308372 1 8394349 8394350 13 0 1 20 1  0
10.1352 8437972 1036.86 3 2 0.0616743 1 8437972 8437973 13 0 1 20 1  0
16.1656 8573842 1053.55 7 10 0.30837 114 8394271 8394627 13 0 1 20 1  0
10.3189 8395878 1031.69 4 5 0.154185 2 8395878 8395879 13 0 1 20 1  0
10.1722 8498399 1044.28 4 6 0.185022 2 8498399 8498400 13 0 1 20 1  0
10.0243 8452889 1038.69 3 9 0.277533 1 8452889 8452890 13 0 1 20 1  0
10.0554 8509410 1045.64 6 16 0.493396 2 8509410 8509411 13 0 1 20 1  0
13.9821 8630798 1060.55 7 25 0.770955 87 8394433 8394446 13 0 1 20 1  0
10.0382 8475700 1041.49 7 24 0.740114 1 8475700 8475701 13 0 1 20 1  0
10.6674 8394271 1031.49 9 78 2.40686 3 8394233 8394323 13 0 1 20 1  0
10.2261 8556558 1051.43 9 81 2.49958 1 8556551 8556572 13 0 1 20 1  0
10.1104 8508822 1045.56 10 90 2.77783 2 8508819 8508840 13 0 1 20 1  0
10.7783 8504667 1045.05 4 138 4.26513 11 8504665 8504670 13 0 1 20 1  0
10.6256 8504334 1045.01 5 358 11.221 12 8504329 8504340 13 0 1 20 1  0
10.4247 8479193 1041.92 9 376 11.8054 1 8479169 8479224 13 0 1 20 1  0
0 8386560 1030.54 9 376 11.8054 1 8643832 8643904 13 0 1 20 1  0
10.2639 8511255 1045.86 7 4856 1306.91 3 8511233 8511296 13 0 1 20 1  0
53.381 6820712 838.129 8 4560 1003.87 723 6820501 6820927 13 0 1 20 1 1
