0 122240 183.14
1 122242 183.072
2 122243 183.088
3 122243 182.988
4 122241 182.573
5 122240 182.22
6 122238 181.913
7 122236 181.549
8 122234 181.419
9 122237 183.739
10 122239 185.379
11 122240 185.744
12 122238 185.57
13 122237 185.224
14 122234 184.895
15 122232 184.777
16 122232 184.904
17 122232 185.135
18 122232 185.401
19 122233 185.495
20 122230 185.071
21 122230 185.11
22 122228 184.837
23 122228 185.577
24 122227 185.838
25 122228 186.552
26 122226 186.597
27 122224 187.262
28 122222 187.968
29 122222 189.415
30 122220 191.123
31 122216 191.228
32 122212 191.511
33 122209 192.815
34 122206 193.075
35 122203 192.722
36 122200 192.454
37 122196 192.144
38 122194 191.973
39 122192 191.736
40 122190 191.427
41 122184 189.413
42 122180 188.161
43 122176 187.293
44 122174 186.855
45 122172 186.775
46 122172 186.528
47 122170 186.08
48 122167 185.46
49 122165 184.853
50 122162 184.172
51 122160 183.842
52 122159 183.845
53 122159 184.793
54 122158 186.166
55 122157 186.748
56 122155 186.526
57 122151 185.904
58 122150 185.579
59 122147 184.644
60 122145 183.8
61 122141 181.94
62 122138 180.031
63 122140 180.825
64 122140 180.217
65 122138 178.427
66 122137 177.838
67 122136 177.734
68 122137 177.901
69 122138 178.127
70 122139 178.292
71 122140 178.485
72 122140 179.679
73 122141 180.931
74 122142 181.203
75 122142 181.598
76 122144 181.906
77 122144 182.031
78 122146 182.6
79 122149 183.022
80 122150 183.265
81 122152 183.453
82 122153 183.91
83 122152 183.759
84 122152 183.54
85 122151 182.336
86 122152 180.949
87 122152 179.432
88 122154 179.259
89 122154 178.995
90 122155 178.864
91 122158 179.223
92 122159 180.424
93 122162 181.299
94 122165 182.032
95 122168 182.005
96 122171 182.64
97 122173 183.597
98 122175 184.162
99 122178 184.711
100 122180 184.901
101 122180 184.965
102 122179 184.824
103 122180 185.789
104 122179 184.552
105 122178 182.992
106 122176 182.296
107 122176 182.215
108 122176 183.23
109 122175 182.91
110 122173 182.434
111 122172 182.326
112 122172 183.019
113 122171 182.776
114 122171 183.62
115 122170 183.595
116 122170 183.529
117 122168 183.187
118 122167 182.953
119 122167 182.936
120 122165 182.514
121 122166 182.477
122 122168 182.541
123 122167 182.249
124 122166 180.664
125 122164 179.948
126 122163 179.337
127 122162 178.165
128 122160 177.806
129 122159 177.157
130 122159 176.496
131 122158 176.122
132 122158 175.97
133 122160 176.104
134 122162 176.071
135 122162 175.106
136 122164 175.448
137 122166 175.545
138 122168 175.456
139 122168 175.148
140 122168 174.016
141 122171 174.668
142 122175 175.404
143 122175 175.735
144 122175 174.946
145 122176 175.036
146 122177 174.019
147 122179 174.003
148 122180 174.146
149 122183 174.689
150 122186 175.619
151 122185 175.812
152 122188 176.57
153 122191 176.834
154 122191 177.378
155 122193 177.514
156 122195 178.389
157 122198 178.651
158 122199 178.596
159 122199 178.554
160 122200 178.417
161 122201 178.475
162 122203 178.821
163 122205 179.146
164 122205 180.225
165 122205 180.705
166 122205 181.328
167 122208 182.733
168 122209 183.151
169 122208 183.474
170 122207 183.517
171 122207 183.903
172 122207 183.805
173 122205 183.336
174 122202 182.595
175 122201 182.053
176 122201 182.02
177 122201 181.902
178 122200 181.716
179 122199 181.707
180 122200 182.151
181 122198 181.795
182 122197 181.136
183 122198 181.166
184 122197 180.526
185 122196 180.242
186 122196 179.625
187 122194 179.597
188 122193 179.022
189 122192 178.935
190 122192 179.142
191 122192 179.546
192 122192 179.441
193 122192 180.386
194 122191 181.172
195 122192 182.249
196 122192 181.481
197 122192 181.318
198 122194 181.139
199 122191 180.11
200 122194 180.279
201 122195 180.189
202 122197 180.935
203 122200 181.235
204 122201 181.747
205 122203 183.221
206 122205 183.798
207 122206 184.215
208 122208 184.325
209 122209 184.507
210 122210 184.507
211 122212 184.785
212 122212 184.82
213 122211 184.86
214 122212 186.024
215 122212 186.084
216 122212 186.159
217 122213 186.344
218 122212 186.183
219 122214 186.662
220 122215 186.743
221 122214 186.646
222 122213 186.309
223 122211 185.918
224 122212 186.095
225 122211 186.148
226 122213 185.966
227 122210 184.691
228 122213 185.455
229 122213 185.109
230 122213 186.01
231 122212 185.702
232 122209 184.996
233 122209 184.857
234 122207 184.121
235 122203 183.306
236 122200 182.906
237 122200 183.137
238 122198 182.51
239 122196 182.022
240 122193 181.794
241 122193 181.817
242 122191 181.729
243 122189 181.472
244 122189 181.275
245 122191 181.681
246 122190 180.3
247 122188 179.999
248 122187 179.999
249 122185 179.967
250 122185 180.698
251 122185 180.317
252 122186 180.486
253 122186 180.663
254 122190 181.35
255 122193 181.776
256 122196 182.29
257 122195 181.252
258 122194 180.49
259 122194 180.358
260 122191 179.253
261 122190 179.177
262 122189 177.951
263 122190 177.902
264 122190 177.865
265 122189 178.009
266 122190 177.999
267 122192 178.325
268 122193 178.361
269 122191 176.607
270 122192 176.625
271 122192 176.673
272 122193 176.88
273 122192 176.828
274 122192 176.826
275 122193 177.808
276 122190 177.405
277 122187 176.842
278 122187 176.767
279 122188 178.756
280 122189 180.703
281 122188 181.563
282 122186 180.75
283 122185 182.146
284 122182 182.175
285 122179 181.854
286 122174 181.397
287 122170 180.874
288 122166 180.13
289 122163 179.85
290 122160 179.586
291 122159 179.494
292 122157 179.404
293 122155 179.161
294 122153 178.91
295 122151 178.679
296 122149 178.499
297 122147 178.498
298 122147 178.577
299 122146 178.52
300 122144 178.391
301 122143 178.318
302 122143 178.646
303 122142 178.887
304 122142 178.941
305 122142 178.756
306 122143 178.861
307 122143 177.967
308 122144 177.972
309 122144 177.931
310 122145 177.953
311 122143 175.941
312 122142 174.151
313 122142 173.109
314 122142 173.012
315 122141 171.43
316 122141 171.043
317 122141 171.118
318 122141 170.739
319 122141 170.809
320 122143 171.096
321 122144 171.565
322 122145 171.741
323 122146 172.276
324 122148 173.084
325 122149 173.65
326 122151 173.91
327 122153 174.205
328 122156 174.908
329 122157 174.823
330 122159 175.018
331 122161 175.119
332 122162 175.199
333 122163 175.67
334 122163 175.739
335 122163 175.783
336 122163 175.637
337 122164 176.108
338 122163 176.208
339 122162 176.417
340 122163 176.775
341 122165 176.908
342 122164 177.672
343 122166 177.858
344 122167 177.728
345 122168 178.05
346 122168 178.235
347 122169 178.492
348 122170 178.622
349 122172 178.756
350 122174 179.007
351 122175 179.535
352 122177 179.897
353 122177 179.723
354 122179 179.777
355 122179 179.513
356 122178 178.882
357 122178 178.465
358 122177 178.397
359 122176 178.555
360 122174 178.176
361 122174 178.233
362 122173 178.292
363 122173 178.459
364 122173 178.586
365 122173 178.321
366 122173 177.928
367 122173 177.731
368 122173 177.66
369 122172 177.396
370 122173 177.417
371 122172 177.199
372 122170 177.093
373 122167 177.074
374 122165 176.267
375 122162 176.015
376 122161 175.841
377 122160 176.444
378 122160 176.497
379 122160 176.184
380 122158 176.056
381 122156 176.201
382 122155 175.929
383 122152 175.343
384 122148 174.694
385 122146 174.372
386 122143 174.135
387 122140 173.747
388 122139 173.626
389 122137 173.613
390 122135 173.459
391 122134 173.001
392 122134 172.99
393 122133 173.003
394 122133 172.838
395 122132 172.434
396 122131 172.113
397 122131 171.881
398 122130 171.794
399 122130 171.696
400 122129 171.608
401 122129 171.387
402 122127 171.174
403 122127 170.962
404 122127 170.947
405 122129 171.302
406 122131 171.569
407 122132 171.759
408 122135 171.958
409 122136 171.253
410 122137 171.215
411 122136 171.206
412 122137 171.307
413 122137 171.061
414 122137 171.329
415 122138 171.359
416 122139 171.456
417 122140 171.719
418 122142 171.967
419 122143 172.261
420 122143 172.284
421 122145 172.564
422 122147 172.915
423 122149 173.304
424 122150 173.234
425 122150 173.23
426 122148 172.925
427 122147 172.885
428 122148 173.145
429 122149 173.32
430 122150 173.476
431 122153 173.749
432 122157 174.274
433 122159 174.784
434 122161 175.04
435 122162 175.168
436 122163 175.005
437 122161 174.535
438 122160 174.357
439 122158 174.135
440 122157 174.043
441 122155 173.908
442 122154 173.734
443 122154 173.557
444 122153 173.408
445 122154 173.328
446 122154 173.563
447 122153 173.608
448 122152 173.389
449 122150 173.074
450 122148 172.745
451 122147 172.519
452 122146 172.456
453 122146 172.104
454 122143 171.723
455 122142 171.453
456 122140 171.238
457 122139 171.007
458 122139 171.179
459 122141 171.307
460 122140 171.088
461 122138 170.902
462 122136 170.757
463 122133 170.467
464 122129 169.953
465 122126 169.346
466 122124 169.145
467 122122 168.978
468 122121 168.815
469 122121 168.826
470 122120 168.673
471 122119 168.61
472 122118 168.42
473 122117 168.245
474 122117 168.267
475 122117 168.264
476 122116 167.995
477 122114 167.784
478 122112 167.307
479 122113 167.216
480 122113 167.296
481 122115 167.508
482 122115 167.492
483 122114 167.401
484 122114 167.526
485 122114 167.482
486 122113 167.416
487 122112 167.225
488 122112 167.342
489 122111 167.237
490 122111 167.163
491 122110 166.995
492 122110 167.758
493 122111 168.881
494 122110 168.836
495 122111 168.896
496 122111 168.995
497 122111 169.147
498 122110 169.111
499 122110 169.192
500 122110 169.282
501 122110 169.317
502 122111 169.488
503 122111 169.589
504 122111 169.682
505 122111 169.855
506 122111 169.9
507 122111 170.171
508 122113 170.521
509 122114 170.876
510 122114 171.03
511 122113 171.21
