0 121936 167.939
1 121936 167.875
2 121936 167.936
3 121937 167.885
4 121937 167.903
5 121937 167.876
6 121937 167.821
7 121937 167.836
8 121937 167.794
9 121937 167.805
10 121937 167.808
11 121937 167.753
12 121937 167.779
13 121937 167.755
14 121938 167.762
15 121938 167.774
16 121938 167.774
17 121938 167.828
18 121938 167.804
19 121938 167.81
20 121939 167.775
21 121939 167.772
22 121939 167.815
23 121939 167.787
24 121939 167.739
25 121939 167.765
26 121939 167.814
27 121939 167.803
28 121939 167.787
29 121939 167.793
30 121939 167.82
31 121939 167.776
32 121939 167.704
33 121939 167.686
34 121939 167.676
35 121939 167.679
36 121939 167.656
37 121939 167.666
38 121939 167.674
39 121939 167.694
40 121939 167.754
41 121939 167.72
42 121939 167.773
43 121939 167.75
44 121940 167.74
45 121940 167.814
46 121940 167.807
47 121940 167.813
48 121940 167.814
49 121940 167.764
50 121940 167.8
51 121940 167.77
52 121940 167.763
53 121940 167.788
54 121940 167.792
55 121941 167.795
56 121941 167.791
57 121941 167.786
58 121941 167.749
59 121941 167.693
60 121941 167.667
61 121941 167.629
62 121942 167.56
63 121942 167.622
64 121942 167.69
65 121942 167.749
66 121942 167.709
67 121942 167.754
68 121942 167.743
69 121942 167.746
70 121942 167.81
71 121943 167.775
72 121943 167.75
73 121943 167.752
74 121943 167.692
75 121943 167.742
76 121943 167.729
77 121943 167.684
78 121943 167.697
79 121943 167.726
80 121943 167.764
81 121943 167.787
82 121943 167.777
83 121944 167.872
84 121944 167.903
85 121944 167.93
86 121944 167.959
87 121944 167.946
88 121944 167.992
89 121944 168.017
90 121944 168.03
91 121944 168.1
92 121944 168.153
93 121944 168.151
94 121944 168.169
95 121944 168.152
96 121944 168.145
97 121944 168.09
98 121944 168.084
99 121944 168.043
100 121944 168.061
101 121944 168.064
102 121944 168.035
103 121944 168.032
104 121944 168.045
105 121944 168.059
106 121945 168.092
107 121945 168.068
108 121945 168.03
109 121945 168.004
110 121945 168.018
111 121945 167.947
112 121945 167.892
113 121945 167.883
114 121945 167.851
115 121945 167.761
116 121945 167.764
117 121945 167.744
118 121945 167.724
119 121945 167.695
120 121945 167.685
121 121945 167.692
122 121945 167.741
123 121945 167.688
124 121945 167.674
125 121945 167.708
126 121945 167.753
127 121945 167.768
128 121946 167.8
129 121946 167.879
130 121946 167.848
131 121946 167.818
132 121946 167.848
133 121946 167.86
134 121946 167.903
135 121946 167.902
136 121946 167.916
137 121946 167.927
138 121946 167.929
139 121946 167.985
140 121946 168.054
141 121946 168.106
142 121946 168.098
143 121946 168.163
144 121946 168.152
145 121946 168.137
146 121946 168.18
147 121946 168.158
148 121946 168.131
149 121946 168.142
150 121946 168.127
151 121946 168.192
152 121946 168.2
153 121946 168.247
154 121946 168.235
155 121946 168.234
156 121946 168.209
157 121946 168.233
158 121946 168.234
159 121946 168.242
160 121946 168.28
161 121947 168.271
162 121947 168.368
163 121947 168.404
164 121947 168.373
165 121947 168.37
166 121948 168.331
167 121948 168.354
168 121948 168.356
169 121948 168.362
170 121948 168.349
171 121949 168.329
172 121949 168.358
173 121949 168.324
174 121950 168.392
175 121950 168.365
176 121950 168.396
177 121950 168.49
178 121951 168.492
179 121951 168.571
180 121951 168.581
181 121951 168.578
182 121951 168.639
183 121951 168.642
184 121952 168.661
185 121952 168.567
186 121952 168.612
187 121952 168.66
188 121952 168.624
189 121952 168.563
190 121952 168.531
191 121952 168.527
192 121952 168.481
193 121952 168.49
194 121952 168.425
195 121952 168.471
196 121952 168.51
197 121952 168.514
198 121951 168.556
199 121951 168.541
200 121951 168.5
201 121951 168.531
202 121951 168.511
203 121951 168.506
204 121951 168.482
205 121951 168.475
206 121950 168.37
207 121950 168.335
208 121950 168.318
209 121950 168.258
210 121950 168.238
211 121950 168.231
212 121949 168.217
213 121949 168.167
214 121949 168.064
215 121949 168.081
216 121949 168.029
217 121949 168.087
218 121949 168.04
219 121949 167.995
220 121949 168.034
221 121949 168.03
222 121949 168.004
223 121949 167.996
224 121949 167.953
225 121948 167.872
226 121948 167.93
227 121948 167.915
228 121948 167.9
229 121948 167.842
230 121948 167.754
231 121948 167.741
232 121948 167.787
233 121948 167.773
234 121948 167.757
235 121948 167.769
236 121948 167.777
237 121948 167.835
238 121948 167.843
239 121948 167.885
240 121948 167.89
241 121948 167.887
242 121948 167.868
243 121948 167.797
244 121948 167.813
245 121949 167.89
246 121949 167.958
247 121949 167.971
248 121949 168.032
249 121949 168.011
250 121949 168.034
251 121949 168.092
252 121949 168.08
253 121949 168.115
254 121949 168.126
255 121949 168.146
256 121949 168.173
257 121949 168.276
258 121949 168.266
259 121949 168.267
260 121949 168.214
261 121949 168.258
262 121949 168.278
263 121949 168.315
264 121949 168.271
265 121949 168.282
266 121948 168.27
267 121949 168.277
268 121948 168.237
269 121948 168.17
270 121948 168.239
271 121948 168.235
272 121948 168.319
273 121948 168.337
274 121948 168.348
275 121948 168.342
276 121948 168.381
277 121948 168.358
278 121947 168.352
279 121947 168.328
280 121947 168.291
281 121947 168.322
282 121947 168.281
283 121947 168.205
284 121947 168.215
285 121947 168.204
286 121947 168.259
287 121947 168.257
288 121947 168.347
289 121947 168.253
290 121947 168.239
291 121947 168.267
292 121947 168.338
293 121947 168.335
294 121947 168.37
295 121947 168.397
296 121947 168.455
297 121947 168.435
298 121947 168.491
299 121947 168.499
300 121947 168.517
301 121947 168.495
302 121947 168.47
303 121946 168.453
304 121947 168.336
305 121946 168.35
306 121947 168.345
307 121947 168.407
308 121947 168.399
309 121947 168.363
310 121947 168.35
311 121947 168.424
312 121947 168.409
313 121947 168.428
314 121948 168.412
315 121948 168.453
316 121948 168.486
317 121948 168.461
318 121948 168.425
319 121948 168.469
320 121948 168.364
321 121948 168.42
322 121948 168.447
323 121948 168.411
324 121948 168.359
325 121948 168.37
326 121949 168.389
327 121949 168.31
328 121949 168.287
329 121949 168.313
330 121949 168.292
331 121949 168.28
332 121950 168.283
333 121950 168.273
334 121950 168.237
335 121951 168.27
336 121951 168.306
337 121951 168.262
338 121951 168.301
339 121951 168.269
340 121951 168.282
341 121950 168.305
342 121950 168.287
343 121950 168.217
344 121950 168.258
345 121950 168.23
346 121950 168.259
347 121950 168.279
348 121950 168.252
349 121950 168.259
350 121950 168.193
351 121950 168.136
352 121950 168.131
353 121950 168.122
354 121951 168.054
355 121950 168.077
356 121950 168.096
357 121950 168.059
358 121950 167.992
359 121950 168.076
360 121950 167.985
361 121950 167.905
362 121950 167.941
363 121950 167.95
364 121949 167.948
365 121949 168.027
366 121949 168.014
367 121949 167.974
368 121949 168.027
369 121949 168.033
370 121949 168.025
371 121949 168.046
372 121949 168.018
373 121949 168.009
374 121949 168.048
375 121949 168.054
376 121949 168.017
377 121949 168.036
378 121949 167.981
379 121949 167.968
380 121949 167.975
381 121949 167.967
382 121949 168.085
383 121949 168.065
384 121949 168.126
385 121949 168.156
386 121949 168.204
387 121948 168.198
388 121948 168.212
389 121949 168.22
390 121949 168.302
391 121949 168.278
392 121949 168.309
393 121949 168.328
394 121949 168.333
395 121949 168.405
396 121949 168.369
397 121949 168.331
398 121949 168.389
399 121949 168.44
400 121949 168.379
401 121949 168.371
402 121949 168.366
403 121949 168.31
404 121949 168.306
405 121949 168.353
406 121949 168.342
407 121949 168.37
408 121949 168.422
409 121949 168.368
410 121949 168.422
411 121949 168.442
412 121949 168.432
413 121949 168.482
414 121950 168.431
415 121950 168.445
416 121950 168.403
417 121950 168.471
418 121950 168.489
419 121950 168.468
420 121950 168.498
421 121950 168.537
422 121950 168.45
423 121950 168.416
424 121950 168.442
425 121950 168.489
426 121950 168.451
427 121950 168.388
428 121950 168.433
429 121950 168.399
430 121950 168.424
431 121950 168.372
432 121950 168.412
433 121950 168.397
434 121950 168.428
435 121950 168.464
436 121950 168.457
437 121950 168.425
438 121950 168.429
439 121950 168.372
440 121950 168.358
441 121950 168.393
442 121950 168.411
443 121950 168.385
444 121950 168.373
445 121950 168.319
446 121950 168.344
447 121950 168.331
448 121950 168.367
449 121950 168.252
450 121950 168.218
451 121950 168.224
452 121950 168.203
453 121950 168.207
454 121950 168.236
455 121950 168.263
456 121950 168.301
457 121950 168.293
458 121950 168.332
459 121950 168.347
460 121950 168.322
461 121950 168.41
462 121950 168.341
463 121950 168.379
464 121950 168.378
465 121950 168.471
466 121950 168.408
467 121950 168.428
468 121950 168.413
469 121950 168.415
470 121950 168.407
471 121950 168.458
472 121950 168.464
473 121950 168.478
474 121950 168.451
475 121949 168.423
476 121949 168.472
477 121949 168.464
478 121949 168.395
479 121949 168.432
480 121949 168.473
481 121949 168.511
482 121949 168.475
483 121949 168.469
484 121949 168.468
485 121949 168.426
486 121949 168.454
487 121949 168.485
488 121949 168.493
489 121949 168.446
490 121949 168.452
491 121949 168.411
492 121949 168.4
493 121949 168.367
494 121949 168.406
495 121949 168.414
496 121949 168.402
497 121949 168.333
498 121949 168.357
499 121949 168.355
500 121949 168.399
501 121949 168.384
502 121949 168.388
503 121949 168.347
504 121949 168.323
505 121950 168.288
506 121950 168.303
507 121950 168.353
508 121950 168.326
509 121950 168.377
510 121950 168.446
511 121950 168.414
