14.1341 2385 0.146534 8 0 0 3233 2385 2386 13 0 1 20 1  0
18.9574 86863 5.33686 8 0 0 1 2419 2420 13 0 1 20 1  0
32.2009 59416 3.65052 3 0 0 931 54789 54793 13 0 1 20 1  0
10.0168 2385 0.146534 2 0 0 1 2385 2386 13 0 1 20 1  0
15.5503 57706 3.54546 5 30 0.592527 127 55416 55427 13 0 1 20 1  0
10.8975 19833 1.21854 2 1 0.0197462 1 19833 19834 13 0 1 20 1  0
10.3829 39717 2.44021 2 2 0.0394922 1 39717 39718 13 0 1 20 1  0
10.4158 57054 3.5054 2 7 0.13822 2 57054 57055 13 0 1 20 1  0
10.646 58759 3.61015 2 9 0.177712 1 58759 58760 13 0 1 20 1  0
10.1845 55109 3.3859 4 16 0.315943 4 55109 55110 13 0 1 20 1  0
10.1048 56076 3.44531 3 17 0.335692 1 56076 56077 13 0 1 20 1  0
10.0828 55443 3.40642 6 20 0.394946 2 55443 55444 13 0 1 20 1  0
20.5948 303973 18.6761 8 0 0 1 260420 260422 13 0 1 20 1  0
20.5361 418202 25.6943 8 0 0 1 260451 260452 13 0 1 20 1  0
0 260096 15.9803 8 0 0 853 260909 260910 13 0 1 20 1  0
13.8649 260421 16.0003 1 0 0 1 260421 260422 13 0 1 20 1  0
23.9238 301526 18.5258 1 0 0 2 260452 260453 13 0 1 20 1  0
0 260096 15.9803 1 0 0 1566 260910 260911 13 0 1 20 1  0
17.1406 485972 29.8581 2 0 0 1 260944 260946 13 0 1 20 1  0
12.5119 465292 28.5875 3 0 0 1 290738 290740 13 0 1 20 1  0
10.2899 264029 16.2219 1 1 0.0197462 1 264029 264030 13 0 1 20 1  0
10.7392 444581 27.3151 1 1 0.0197462 1 280963 280964 13 0 1 20 1  0
12.4585 413317 25.3942 2 1 0.0197462 1 263367 263369 13 0 1 20 1  0
10.0403 296641 18.2256 3 1 0.0197462 1 296641 296642 13 0 1 20 1  0
10.5705 289762 17.803 2 2 0.0394922 2 289762 289763 13 0 1 20 1  0
10.87 313755 19.2771 2 2 0.0394922 1 313755 313756 13 0 1 20 1  0
11.1893 318172 19.5485 3 3 0.059238 2 318172 318173 13 0 1 20 1  0
11.0875 278074 17.0849 5 4 0.0789836 6 278073 278077 13 0 1 20 1  0
11.3042 443523 27.2501 7 137 2.72927 47 443505 443543 13 0 1 20 1  0
20.6822 539283 33.1335 8 0 0 1 522335 522337 13 0 1 20 1  0
20.5939 704669 43.2949 8 0 0 1 522657 522659 13 0 1 20 1  0
0 522240 32.0864 8 0 0 844 522991 522993 13 0 1 20 1  0
17.2896 522336 32.0923 1 0 0 1 522336 522337 13 0 1 20 1  0
25.4632 530160 32.573 1 0 0 4 522657 522659 13 0 1 20 1  0
23.3351 761886 46.8103 1 0 0 1 522991 522994 13 0 1 20 1  0
0 522240 32.0864 1 0 0 1645 523311 523313 13 0 1 20 1  0
10.9716 524940 32.2523 1 1 0.0197462 4 524940 524941 13 0 1 20 1  0
11.0423 604629 37.1484 1 1 0.0197462 1 525281 525282 13 0 1 20 1  0
12.5573 599107 36.8091 2 1 0.0197462 1 525281 525282 13 0 1 20 1  0
12.1804 592773 36.42 3 1 0.0197462 1 552672 552673 13 0 1 20 1  0
12.3939 529506 32.5328 2 2 0.0394922 4 529506 529507 13 0 1 20 1  0
10.2757 722424 44.3857 2 3 0.059238 1 722424 722425 13 0 1 20 1  0
10.3855 738648 45.3825 4 8 0.157966 5 738648 738650 13 0 1 20 1  0
10.556 522823 32.1222 11 2406 395.605 1 522240 523150 13 0 1 20 1  0
13.6855 784696 48.2117 8 0 0 1617 784696 784697 13 0 1 20 1  0
21.0696 905953 55.6618 8 0 0 1 785026 785027 13 0 1 20 1  0
21.0596 925835 56.8833 8 0 0 1 785348 785349 13 0 1 20 1  0
25.7464 827075 50.8155 1 0 0 1 784696 784698 13 0 1 20 1  0
23.9262 990047 60.8285 1 0 0 1 785026 785028 13 0 1 20 1  0
0 784384 48.1926 1 0 0 1736 785348 785350 13 0 1 20 1  0
19.2223 843369 51.8166 2 0 0 3 784696 784698 13 0 1 20 1  0
16.8298 919315 56.4827 2 0 0 1 785026 785028 13 0 1 20 1  0
16.7979 983847 60.4476 2 0 0 1 785348 785350 13 0 1 20 1  0
25.9882 839251 51.5636 10 1050 34.872 10450 837877 840502 13 0 1 20 1  0
10.7855 805565 49.4939 1 1 0.0197462 1 805565 805566 13 0 1 20 1  0
11.207 942130 57.8845 1 1 0.0197462 1 816968 816969 13 0 1 20 1  0
10.2644 785682 48.2723 2 1 0.0197462 1 785682 785683 13 0 1 20 1  0
10.4369 800669 49.1931 2 2 0.0394922 1 800669 800670 13 0 1 20 1  0
11.3137 1011234 62.1302 2 2 0.0394922 2 819571 819572 13 0 1 20 1  0
10.8817 846634 52.0172 3 2 0.0394922 1 846634 846635 13 0 1 20 1  0
10.281 843044 51.7966 2 4 0.0789836 1 843044 843045 13 0 1 20 1  0
10.0746 847603 52.0767 3 8 0.157966 1 847603 847604 13 0 1 20 1  0
0 784384 48.1926 7 1003 31.94 615 839523 839831 13 0 1 20 1  0
0 784384 48.1926 12 2205 276.935 1 843310 846072 13 0 1 20 1  0
10.7664 792412 48.6858 12 2830 839.196 2 791722 793044 13 0 1 20 1  0
10.4801 836664 51.4046 12 2932 1005.59 1 835896 836806 13 0 1 20 1  0
11.1181 1046742 64.3118 8 0 0 798 1046742 1046743 13 0 1 20 1  0
21.9215 1194742 73.4049 8 0 0 1 1046778 1046780 13 0 1 20 1  0
21.8747 1263510 77.6301 8 0 0 1 1047243 1047244 13 0 1 20 1  0
12.6556 1046743 64.3119 1 0 0 1 1046743 1046744 13 0 1 20 1  0
23.8042 1089785 66.9564 1 0 0 2 1046779 1046780 13 0 1 20 1  0
24.4563 1299687 79.8528 1 0 0 1 1047243 1047245 13 0 1 20 1  0
0 1046528 64.2987 1 0 0 1676 1047280 1047282 13 0 1 20 1  0
18.352 1209732 74.3259 2 0 0 1 1046778 1046781 13 0 1 20 1  0
13.7129 1112423 68.3473 3 0 0 2 1073161 1073164 13 0 1 20 1  0
10.2304 1047902 64.3831 1 1 0.0197462 1 1047902 1047903 13 0 1 20 1  0
11.3548 1111948 68.3181 1 1 0.0197462 1 1063704 1063705 13 0 1 20 1  0
10.3551 1048235 64.4036 2 1 0.0197462 1 1048235 1048236 13 0 1 20 1  0
12.4202 1203867 73.9656 2 1 0.0197462 1 1048556 1048558 13 0 1 20 1  0
10.2794 1074470 66.0154 3 1 0.0197462 2 1074470 1074471 13 0 1 20 1  0
19.2994 1189776 73.0998 10 543 12.4279 2482 1189140 1190142 13 0 1 20 1  0
10.4808 1048556 64.4233 2 2 0.0394922 1 1048556 1048557 13 0 1 20 1  0
11.4522 1301967 79.9929 2 2 0.0394922 2 1066965 1066966 13 0 1 20 1  0
10.7287 1210385 74.3661 3 2 0.0394922 1 1210385 1210386 13 0 1 20 1  0
10.7508 1178084 72.3815 12 1754 124.269 3 1177528 1179550 13 0 1 20 1  0
10.5768 1261414 77.5013 12 2992 1118.49 1 1260738 1263020 13 0 1 20 1  0
11.0969 1308798 80.4125 8 0 0 874 1308798 1308799 13 0 1 20 1  0
21.4526 1419297 87.2016 8 0 0 1 1308832 1308833 13 0 1 20 1  0
21.3657 1561774 95.9554 8 0 0 1 1309294 1309295 13 0 1 20 1  0
14.2198 1308833 80.4147 1 0 0 1 1308833 1308834 13 0 1 20 1  0
23.9469 1412792 86.8019 1 0 0 2 1309294 1309296 13 0 1 20 1  0
20.0937 1561124 95.9155 1 0 0 1 1309327 1309329 13 0 1 20 1  0
0 1308672 80.4048 1 0 0 1534 1309778 1309780 13 0 1 20 1  0
17.3359 1350384 82.9676 2 0 0 1 1309294 1309296 13 0 1 20 1  0
11.8842 1344236 82.5899 3 0 0 4 1324348 1324355 13 0 1 20 1  0
10.1612 1324354 81.3683 4 0 0 1 1324354 1324355 13 0 1 20 1  0
10.7513 1313684 80.7127 1 1 0.0197462 2 1313684 1313685 13 0 1 20 1  0
13.0918 1339296 82.2863 2 1 0.0197462 2 1326892 1326893 13 0 1 20 1  0
10.6311 1346633 82.7371 3 1 0.0197462 2 1346633 1346634 13 0 1 20 1  0
10.0973 1542869 94.7939 3 1 0.0197462 1 1362615 1362616 13 0 1 20 1  0
12.1058 1543190 94.8136 2 2 0.0394922 3 1341579 1341580 13 0 1 20 1  0
10.0805 1352498 83.0975 3 2 0.0394922 1 1352498 1352499 13 0 1 20 1  0
22.9916 1573514 96.6767 8 0 0 1 1570903 1570905 13 0 1 20 1  0
0 1570816 96.5109 8 0 0 821 1571230 1571232 13 0 1 20 1  0
28.0638 1605295 98.6293 1 0 0 3 1570903 1570906 13 0 1 20 1  0
28.5723 1775335 109.077 1 0 0 1 1571231 1571233 13 0 1 20 1  0
0 1570816 96.5109 1 0 0 2063 1571557 1571560 13 0 1 20 1  0
19.4767 1657960 101.865 2 0 0 1 1570903 1570906 13 0 1 20 1  0
19.2288 1804679 110.879 2 0 0 1 1571230 1571234 13 0 1 20 1  0
13.4212 1609720 98.9012 3 0 0 1 1571230 1571234 13 0 1 20 1  0
10.0754 1570904 96.5163 1 1 0.0197462 1 1570904 1570905 13 0 1 20 1  0
11.4729 1571232 96.5365 2 1 0.0197462 4 1571232 1571233 13 0 1 20 1  0
13.3287 1767034 108.567 2 1 0.0197462 2 1571881 1571882 13 0 1 20 1  0
12.5946 1655347 101.705 2 2 0.0394922 1 1575466 1575467 13 0 1 20 1  0
11.5532 1782185 109.497 3 3 0.059238 8 1689590 1689591 13 0 1 20 1  0
12.384 1614166 99.1744 4 7 0.13822 22 1614162 1614170 13 0 1 20 1  0
10.3503 1584596 97.3576 2 3 0.059238 1 1584596 1584597 13 0 1 20 1  0
10.0215 1633172 100.342 3 12 0.236951 1 1633172 1633173 13 0 1 20 1  0
21.8597 1835981 112.803 8 0 0 1 1833045 1833047 13 0 1 20 1  0
0 1832960 112.617 8 0 0 844 1833375 1833376 13 0 1 20 1  0
26.0856 1835982 112.803 1 0 0 2 1833045 1833048 13 0 1 20 1  0
25.6448 2033906 124.963 1 0 0 1 1833375 1833377 13 0 1 20 1  0
0 1832960 112.617 1 0 0 1790 1833697 1833699 13 0 1 20 1  0
18.6511 1846742 113.464 2 0 0 1 1833045 1833048 13 0 1 20 1  0
18.1762 2001303 122.96 2 0 0 1 1833375 1833377 13 0 1 20 1  0
17.6464 2058516 126.475 2 0 0 1 1833697 1833700 13 0 1 20 1  0
10.0608 1838921 112.983 3 0 0 1 1838921 1838922 13 0 1 20 1  0
14.6271 1916381 117.742 3 0 0 4 1845435 1845438 13 0 1 20 1  0
11.1902 1944562 119.474 1 1 0.0197462 1 1842175 1842176 13 0 1 20 1  0
10.3163 1833698 112.662 2 1 0.0197462 3 1833698 1833699 13 0 1 20 1  0
13.2226 1862070 114.406 2 1 0.0197462 1 1835981 1835983 13 0 1 20 1  0
12.3086 1936737 118.993 2 2 0.0394922 3 1862069 1862070 13 0 1 20 1  0
10.2179 1860764 114.325 2 2 0.0394922 1 1860764 1860765 13 0 1 20 1  0
10.2277 2057541 126.415 3 2 0.0394922 1 1947826 1947827 13 0 1 20 1  0
10.4326 1951080 119.874 2 3 0.059238 1 1951080 1951082 13 0 1 20 1  0
10.0424 1984338 121.918 2 8 0.157966 2 1984338 1984339 13 0 1 20 1  0
10.8263 2060152 126.576 11 424 9.16424 6 2059804 2060202 13 0 1 20 1  0
10.4164 1916128 117.727 8 190 3.81834 8 1916117 1916137 13 0 1 20 1  0
13.4139 2095204 128.729 8 0 0 866 2095204 2095205 13 0 1 20 1  0
21.9969 2355127 144.699 8 0 0 1 2095532 2095533 13 0 1 20 1  0
25.3367 2193686 134.78 1 0 0 1 2095204 2095206 13 0 1 20 1  0
26.5256 2275857 139.829 1 0 0 1 2095532 2095534 13 0 1 20 1  0
0 2095104 128.723 1 0 0 1701 2095861 2095863 13 0 1 20 1  0
18.1987 2230214 137.024 2 0 0 1 2095204 2095206 13 0 1 20 1  0
10.1104 2126839 130.673 3 0 0 1 2126839 2126840 13 0 1 20 1  0
14.0238 2209878 135.775 3 0 0 3 2132707 2132712 13 0 1 20 1  0
11.9822 2209557 135.755 4 0 0 2 2191620 2191623 13 0 1 20 1  0
10.0142 2124875 130.552 1 1 0.0197462 1 2124875 2124876 13 0 1 20 1  0
10.7051 2195643 134.9 1 1 0.0197462 1 2138248 2138249 13 0 1 20 1  0
12.5239 2192055 134.68 2 1 0.0197462 1 2095862 2095864 13 0 1 20 1  0
10.3685 2095864 128.77 3 1 0.0197462 2 2095864 2095865 13 0 1 20 1  0
10.6541 2244236 137.886 3 1 0.0197462 2 2209876 2209878 13 0 1 20 1  0
11.3217 2253847 138.476 2 2 0.0394922 1 2119990 2119991 13 0 1 20 1  0
10.8972 2248992 138.178 3 7 0.13822 8 2248991 2248994 13 0 1 20 1  0
13.0612 2208314 135.679 12 610 14.4993 18 2206240 2209406 13 0 1 20 1  0
23.1004 2357405 144.839 8 0 0 798 2357405 2357406 13 0 1 20 1  0
23.1325 2383828 146.462 8 0 0 1 2357736 2357738 13 0 1 20 1  0
23.0716 2616014 160.728 8 0 0 1 2358061 2358062 13 0 1 20 1  0
27.2285 2540359 156.08 1 0 0 1 2357405 2357407 13 0 1 20 1  0
0 2357248 144.829 1 0 0 1933 2357736 2357738 13 0 1 20 1  0
19.2029 2457531 150.991 2 0 0 2 2357404 2357408 13 0 1 20 1  0
19.1491 2615690 160.708 2 0 0 1 2357736 2357739 13 0 1 20 1  0
12.7193 2374695 145.901 3 0 0 1 2358711 2358717 13 0 1 20 1  0
10.5868 2445035 150.223 4 0 0 1 2445031 2445037 13 0 1 20 1  0
10.7981 2358713 144.919 1 1 0.0197462 1 2358713 2358714 13 0 1 20 1  0
11.4817 2394917 147.144 1 1 0.0197462 2 2367845 2367846 13 0 1 20 1  0
10.4006 2360995 145.06 2 1 0.0197462 2 2360995 2360996 13 0 1 20 1  0
13.0572 2480367 152.394 2 1 0.0197462 2 2362303 2362304 13 0 1 20 1  0
10.2119 2371759 145.721 2 2 0.0394922 1 2371759 2371760 13 0 1 20 1  0
10.1264 2379917 146.222 3 2 0.0394922 1 2379917 2379918 13 0 1 20 1  0
10.9575 2380566 146.262 3 2 0.0394922 2 2380566 2380567 13 0 1 20 1  0
10.1556 2398830 147.384 2 3 0.059238 1 2398830 2398831 13 0 1 20 1  0
11.0205 2462426 151.291 2 3 0.059238 1 2457529 2457531 13 0 1 20 1  0
11.7255 2411618 148.17 12 33 0.651829 3 2409820 2412502 13 0 1 20 1  0
0 2357248 144.829 12 33 0.651829 1 2455528 2461794 13 0 1 20 1  0
22.8946 2811979 172.768 8 0 0 1 2619601 2619603 13 0 1 20 1  0
19.5129 2876549 176.735 8 0 0 1 2619926 2619928 13 0 1 20 1  0
0 2619392 160.935 8 0 0 8151 2620253 2620255 13 0 1 20 1  0
27.7424 2625472 161.309 1 0 0 2 2619601 2619604 13 0 1 20 1  0
26.9398 2799590 172.007 1 0 0 1 2619926 2619929 13 0 1 20 1  0
23.5715 2742568 168.503 2 0 0 1 2619601 2619604 13 0 1 20 1  0
21.4303 2782634 170.965 2 0 0 8 2619926 2619929 13 0 1 20 1  0
21.118 2723352 167.323 3 0 0 4 2623190 2623196 13 0 1 20 1  0
24.394 2849830 175.094 12 320 6.65127 5517 2843764 2853142 13 0 1 20 1  0
11.0118 2619602 160.948 1 1 0.0197462 2 2619602 2619603 13 0 1 20 1  0
12.8186 2694424 165.545 2 2 0.0394922 2 2623191 2623193 13 0 1 20 1  0
10.1014 2623193 161.169 3 2 0.0394922 1 2623193 2623194 13 0 1 20 1  0
10.2501 2775466 170.525 3 3 0.059238 1 2775466 2775467 13 0 1 20 1  0
11.1901 2824854 173.559 12 2058 213.329 6 2823880 2825480 13 0 1 20 1  0
15.2955 2841760 174.598 12 2560 519.874 20 2839714 2845554 13 0 1 20 1  0
0 2619392 160.935 12 2487 456.734 7 2840394 2845638 13 0 1 20 1  0
15.2969 2881534 177.041 12 2494 462.441 3 2802032 2805670 13 0 1 20 1  0
11.7909 2800616 172.07 12 2544 505.327 1 2799228 2801838 13 0 1 20 1  0
11.0454 2784502 171.08 12 2728 700.329 1 2783398 2786528 13 0 1 20 1  0
11.0489 2836784 174.292 12 3062 1266.32 4 2833538 2837072 13 0 1 20 1  0
21.1399 3056794 187.809 8 0 0 1 2881575 2881577 13 0 1 20 1  0
0 2881536 177.042 8 0 0 2260 2882059 2882060 13 0 1 20 1  0
22.1234 2996680 184.116 1 0 0 2 2881575 2881578 13 0 1 20 1  0
23.6194 3089717 189.832 1 0 0 1 2882059 2882061 13 0 1 20 1  0
24.4011 3127022 192.124 1 0 0 1 2882092 2882094 13 0 1 20 1  0
15.3151 2960972 181.922 2 0 0 1 2881575 2881578 13 0 1 20 1  0
17.1246 3126528 192.094 2 0 0 1 2882060 2882061 13 0 1 20 1  0
10.4144 2890894 177.617 3 0 0 1 2890894 2890895 13 0 1 20 1  0
16.3003 2980426 183.117 3 0 0 14 2913031 2913035 13 0 1 20 1  0
10.0824 2895922 177.925 1 1 0.0197462 1 2895922 2895923 13 0 1 20 1  0
10.8248 3042464 186.929 1 1 0.0197462 1 2954452 2954453 13 0 1 20 1  0
10.7178 2886467 177.345 2 1 0.0197462 1 2886467 2886468 13 0 1 20 1  0
10.2313 2961306 181.943 2 2 0.0394922 1 2961306 2961307 13 0 1 20 1  0
10.9027 3061692 188.11 2 2 0.0394922 2 3018665 3018666 13 0 1 20 1  0
11.7215 3135825 192.665 3 2 0.0394922 1 3135825 3135827 13 0 1 20 1  0
10.2683 3018664 185.467 2 3 0.059238 1 3018664 3018665 13 0 1 20 1  0
10.4708 3123121 191.885 2 3 0.059238 1 3123120 3123122 13 0 1 20 1  0
10.6442 2979822 183.08 10 76 1.50439 5 2979804 2979843 13 0 1 20 1  0
10.872 2925966 179.771 12 1322 57.3492 1 2924900 2926888 13 0 1 20 1  0
10.3474 2922992 179.589 12 1672 107.379 1 2922464 2923236 13 0 1 20 1  0
14.5696 3144126 193.175 8 0 0 761 3144126 3144127 13 0 1 20 1  0
21.2254 3233767 198.683 8 0 0 1 3144159 3144160 13 0 1 20 1  0
21.0999 3357581 206.29 8 0 0 1 3144621 3144623 13 0 1 20 1  0
23.345 3235064 198.762 1 0 0 1 3144126 3144128 13 0 1 20 1  0
17.8721 3401246 208.973 1 0 0 1 3144159 3144161 13 0 1 20 1  0
0 3143680 193.148 1 0 0 1341 3144621 3144623 13 0 1 20 1  0
16.1332 3388864 208.212 2 0 0 1 3144126 3144128 13 0 1 20 1  0
14.0681 3385491 208.005 3 0 0 3 3183257 3183259 13 0 1 20 1  0
10.8369 3160760 194.197 1 1 0.0197462 1 3160760 3160761 13 0 1 20 1  0
10.9125 3238650 198.983 1 1 0.0197462 1 3232456 3232457 13 0 1 20 1  0
10.0876 3144127 193.175 2 1 0.0197462 1 3144127 3144128 13 0 1 20 1  0
11.5961 3296326 202.526 2 1 0.0197462 2 3150983 3150984 13 0 1 20 1  0
10.1501 3318340 203.879 3 1 0.0197462 1 3318340 3318341 13 0 1 20 1  0
10.4932 3161745 194.258 3 4 0.0789836 4 3161744 3161746 13 0 1 20 1  0
10.586 3345522 205.549 2 3 0.059238 1 3345522 3345523 13 0 1 20 1  0
10.1135 3310647 203.406 3 3 0.059238 1 3310647 3310648 13 0 1 20 1  0
10.2086 3253959 199.923 2 4 0.0789836 1 3253959 3253960 13 0 1 20 1  0
15.1108 3238920 198.999 12 1050 34.872 180 3237626 3240344 13 0 1 20 1  0
10.0057 3366446 206.834 12 1155 42.3308 1 3366446 3366448 13 0 1 20 1  0
10.4494 3363424 206.649 12 1625 98.745 1 3235396 3236472 13 0 1 20 1  0
0 3143680 193.148 12 1625 98.745 1 3363020 3363694 13 0 1 20 1  0
11.0076 3361492 206.53 12 1834 143.28 2 3360814 3362508 13 0 1 20 1  0
10.45 3337418 205.051 12 1967 181.491 1 3336862 3337732 13 0 1 20 1  0
15.9825 3359518 206.409 12 2518 482.552 12 3356318 3363238 13 0 1 20 1  0
15.5045 3406133 209.273 8 0 0 822 3406133 3406134 13 0 1 20 1  0
21.0569 3430394 210.763 8 0 0 1 3406459 3406461 13 0 1 20 1  0
20.9227 3567400 219.181 8 0 0 1 3406787 3406789 13 0 1 20 1  0
23.715 3430395 210.763 1 0 0 1 3406133 3406135 13 0 1 20 1  0
24.0752 3542323 217.64 1 0 0 1 3406460 3406462 13 0 1 20 1  0
23.758 3662399 225.018 1 0 0 2 3406787 3406790 13 0 1 20 1  0
0 3405824 209.254 1 0 0 1219 3407112 3407114 13 0 1 20 1  0
15.896 3537767 217.36 2 0 0 1 3406133 3406135 13 0 1 20 1  0
13.8497 3440555 211.388 3 0 0 3 3440553 3440558 13 0 1 20 1  0
10.5289 3599496 221.153 1 1 0.0197462 2 3599496 3599497 13 0 1 20 1  0
10.4289 3624118 222.666 1 1 0.0197462 1 3624118 3624119 13 0 1 20 1  0
10.7671 3407112 209.333 2 1 0.0197462 1 3407112 3407113 13 0 1 20 1  0
12.9462 3409394 209.473 2 1 0.0197462 1 3409393 3409395 13 0 1 20 1  0
10.0454 3414931 209.813 2 2 0.0394922 1 3414931 3414932 13 0 1 20 1  0
10.8214 3424535 210.403 2 2 0.0394922 1 3424535 3424536 13 0 1 20 1  0
13.9219 3667812 225.35 12 1439 70.7938 32 3665000 3667970 13 0 1 20 1  0
0 3405824 209.254 9 1567 89.0299 1 3667679 3667969 13 0 1 20 1  0
14.9216 3648896 224.188 12 3036 1209.26 12 3646536 3651830 13 0 1 20 1  0
10.1935 3667964 225.36 12 3116 1393.58 1 3667864 3667970 13 0 1 20 1  0
13.2303 3668081 225.367 8 0 0 821 3668081 3668082 13 0 1 20 1  0
22.1964 3814184 234.343 8 0 0 1 3668386 3668387 13 0 1 20 1  0
13.0039 3668387 225.386 1 0 0 1 3668387 3668388 13 0 1 20 1  0
24.2832 3777207 232.072 1 0 0 1 3668427 3668428 13 0 1 20 1  0
24.8891 3813038 234.273 1 0 0 1 3668885 3668887 13 0 1 20 1  0
23.7338 3923126 241.037 1 0 0 1 3669361 3669362 13 0 1 20 1  0
0 3667968 225.36 1 0 0 1576 3669395 3669396 13 0 1 20 1  0
15.7138 3769398 231.592 2 0 0 1 3668885 3668887 13 0 1 20 1  0
16.6706 3858147 237.045 2 0 0 1 3669863 3669866 13 0 1 20 1  0
17.4115 3896104 239.377 2 0 0 2 3670374 3670377 13 0 1 20 1  0
10.1993 3707320 227.778 3 0 0 1 3707320 3707321 13 0 1 20 1  0
10.1066 3701454 227.417 1 1 0.0197462 1 3701454 3701455 13 0 1 20 1  0
11.3293 3786661 232.652 1 1 0.0197462 1 3723455 3723456 13 0 1 20 1  0
10.0494 3672791 225.656 2 1 0.0197462 1 3672791 3672792 13 0 1 20 1  0
12.9907 3749847 230.391 2 1 0.0197462 1 3674750 3674751 13 0 1 20 1  0
12.8095 3746025 230.156 3 1 0.0197462 8 3746024 3746027 13 0 1 20 1  0
10.0358 3706344 227.718 2 2 0.0394922 1 3706344 3706345 13 0 1 20 1  0
11.0919 3818577 234.613 2 2 0.0394922 1 3734539 3734540 13 0 1 20 1  0
11.2699 3804129 233.726 7 229 4.64044 34 3804080 3804146 13 0 1 20 1  0
11.8603 3869993 237.772 9 286 5.88266 13 3869944 3870052 13 0 1 20 1  0
11.2093 3814148 234.341 8 521 11.7873 9 3814082 3814189 13 0 1 20 1  0
0 3667968 225.36 8 521 11.7873 1 3872517 3872545 13 0 1 20 1  0
13.0809 3930306 241.478 8 0 0 913 3930306 3930307 13 0 1 20 1  0
21.4653 4028629 247.519 8 0 0 11 3930954 3930955 13 0 1 20 1  0
21.0258 4151400 255.062 8 0 0 1 3931275 3931277 13 0 1 20 1  0
14.1946 3930307 241.478 1 0 0 1 3930307 3930308 13 0 1 20 1  0
24.2013 3966122 243.679 1 0 0 1 3930627 3930628 13 0 1 20 1  0
22.3034 4156936 255.402 1 0 0 1 3930954 3930956 13 0 1 20 1  0
0 3930112 241.466 1 0 0 1617 3931276 3931278 13 0 1 20 1  0
19.2828 3953746 242.918 2 0 0 1 3930954 3930956 13 0 1 20 1  0
18.9862 3956110 243.063 3 0 0 50 3953091 3953095 13 0 1 20 1  0
10.0258 3940717 242.118 1 1 0.0197462 1 3940717 3940718 13 0 1 20 1  0
11.087 4134147 254.002 1 1 0.0197462 1 3953091 3953092 13 0 1 20 1  0
10.0778 3934211 241.718 2 1 0.0197462 1 3934211 3934212 13 0 1 20 1  0
12.2135 3962211 243.438 2 1 0.0197462 1 3940065 3940066 13 0 1 20 1  0
10.8993 3953094 242.878 3 1 0.0197462 1 3953094 3953095 13 0 1 20 1  0
10.3225 3995286 245.47 2 2 0.0394922 1 3995286 3995287 13 0 1 20 1  0
10.3654 4156612 255.382 2 2 0.0394922 1 4124701 4124702 13 0 1 20 1  0
10.5176 3951406 242.774 5 75 1.48449 3 3951403 3951408 13 0 1 20 1  0
11.4549 4058890 249.378 9 617 14.727 65 4058675 4059108 13 0 1 20 1  0
13.8713 4020780 247.037 12 1413 67.5642 1 4018426 4023242 13 0 1 20 1  0
0 3930112 241.466 12 1413 67.5642 1 4044758 4057308 13 0 1 20 1  0
10.5838 4044712 248.507 12 1518 81.5608 2 4044042 4045834 13 0 1 20 1  0
11.0432 4028005 247.481 10 2289 321.45 5 4026793 4028962 13 0 1 20 1  0
23.844 4015195 246.694 11 3010 1154.77 776 4010555 4017457 13 0 1 20 1  0
0 3930112 241.466 8 2630 588.597 297 4033651 4033718 13 0 1 20 1  0
14.0577 4076246 250.445 10 2786 776.201 14 4025653 4029152 13 0 1 20 1  0
17.307 4061828 249.559 11 3047 1233.08 45 4009431 4014690 13 0 1 20 1  0
17.8023 4043545 248.435 11 3268 1824.71 95 3992471 3996358 13 0 1 20 1  0
21.6456 4447362 273.246 8 0 0 4 4192411 4192413 13 0 1 20 1  0
0 4192256 257.572 8 0 0 861 4192723 4192724 13 0 1 20 1  0
26.9969 4306029 264.562 1 0 0 1 4192411 4192413 13 0 1 20 1  0
0 4192256 257.572 1 0 0 1840 4193374 4193375 13 0 1 20 1  0
18.78 4426845 271.985 2 0 0 1 4192411 4192414 13 0 1 20 1  0
16.9847 4452576 273.566 2 0 0 1 4193414 4193415 13 0 1 20 1  0
12.7383 4277958 262.838 3 0 0 2 4195185 4195191 13 0 1 20 1  0
10.1115 4209335 258.622 1 1 0.0197462 1 4209335 4209336 13 0 1 20 1  0
11.3187 4421317 271.646 1 1 0.0197462 1 4218449 4218450 13 0 1 20 1  0
10.3253 4195188 257.752 3 2 0.0394922 3 4195188 4195189 13 0 1 20 1  0
14.5158 4415777 271.305 2 1 0.0197462 3 4203800 4203801 13 0 1 20 1  0
11.1671 4296759 263.993 3 1 0.0197462 2 4195185 4195190 13 0 1 20 1  0
10.2525 4232295 260.032 2 2 0.0394922 1 4232295 4232296 13 0 1 20 1  0
10.3031 4279174 262.912 2 5 0.0987291 2 4279174 4279175 13 0 1 20 1  0
10.7055 4418703 271.485 2 3 0.059238 4 4296756 4296757 13 0 1 20 1  0
14.3882 4454056 273.657 12 2242 295.729 2 4426020 4427554 13 0 1 20 1  0
0 4192256 257.572 12 2242 295.729 1 4451260 4454402 13 0 1 20 1  0
21.7301 4476988 275.066 8 0 0 1 4454519 4454521 13 0 1 20 1  0
21.7369 4714351 289.65 8 0 0 1 4454849 4454851 13 0 1 20 1  0
0 4454400 273.678 8 0 0 2611 4455171 4455173 13 0 1 20 1  0
26.1207 4533645 278.547 1 0 0 1 4454519 4454521 13 0 1 20 1  0
23.9134 4639957 285.079 1 0 0 3 4454850 4454852 13 0 1 20 1  0
26.2047 4715655 289.73 1 0 0 2 4455171 4455173 13 0 1 20 1  0
19.688 4504664 276.767 2 0 0 1 4454519 4454522 13 0 1 20 1  0
16.5759 4537876 278.807 2 0 0 2 4454850 4454852 13 0 1 20 1  0
24.6583 4668770 286.849 2 0 0 5 4455171 4455174 13 0 1 20 1  0
15.6654 4557532 280.015 12 164 3.28053 473 4555804 4560146 13 0 1 20 1  0
10.175 4458757 273.946 1 1 0.0197462 1 4458757 4458758 13 0 1 20 1  0
11.2871 4489687 275.846 1 1 0.0197462 1 4461530 4461531 13 0 1 20 1  0
10.3925 4455172 273.726 2 1 0.0197462 1 4455172 4455173 13 0 1 20 1  0
10.3607 4503039 276.667 3 1 0.0197462 1 4503039 4503040 13 0 1 20 1  0
11.6561 4543955 279.181 4 1 0.0197462 1 4543951 4543959 13 0 1 20 1  0
10.007 4481872 275.366 2 2 0.0394922 1 4481872 4481873 13 0 1 20 1  0
11.1756 4665844 286.669 3 2 0.0394922 3 4665844 4665845 13 0 1 20 1  0
10.1931 4499128 276.426 2 3 0.059238 1 4499128 4499129 13 0 1 20 1  0
10.7083 4613418 283.448 2 3 0.059238 1 4529089 4529090 13 0 1 20 1  0
10.2134 4633143 284.66 3 5 0.0987291 1 4633143 4633144 13 0 1 20 1  0
0 4454400 273.678 6 480 10.6407 188 4558810 4558819 13 0 1 20 1  0
10.096 4555163 279.869 6 516 11.6443 1 4555163 4555164 13 0 1 20 1  0
12.7461 4555282 279.877 11 2302 328.951 44 4553172 4555975 13 0 1 20 1  0
12.1618 4550744 279.598 11 2648 607.691 8 4549219 4552126 13 0 1 20 1  0
18.9329 4716630 289.79 8 0 0 876 4716630 4716631 13 0 1 20 1  0
22.0969 4820489 296.171 8 0 0 1 4716957 4716959 13 0 1 20 1  0
22.0786 4834165 297.011 8 0 0 1 4717281 4717283 13 0 1 20 1  0
26.6094 4804863 295.211 1 0 0 2 4716630 4716632 13 0 1 20 1  0
25.0495 4868343 299.111 1 0 0 1 4716957 4716959 13 0 1 20 1  0
23.5921 4940804 303.563 1 0 0 1 4717281 4717283 13 0 1 20 1  0
0 4716544 289.784 1 0 0 1855 4717608 4717611 13 0 1 20 1  0
19.0469 4944868 303.813 2 0 0 1 4716957 4716960 13 0 1 20 1  0
15.1268 4728586 290.524 3 0 0 6 4717611 4717613 13 0 1 20 1  0
10.8465 4717609 289.85 1 1 0.0197462 2 4717609 4717610 13 0 1 20 1  0
11.1942 4826028 296.511 1 1 0.0197462 1 4718259 4718260 13 0 1 20 1  0
10.2658 4716958 289.81 2 1 0.0197462 1 4716958 4716959 13 0 1 20 1  0
12.9779 4739096 291.17 2 1 0.0197462 1 4717609 4717611 13 0 1 20 1  0
10.7528 4845558 297.711 2 2 0.0394922 3 4729328 4729329 13 0 1 20 1  0
10.1254 4785002 293.991 3 2 0.0394922 1 4785002 4785003 13 0 1 20 1  0
11.1561 4852241 298.122 3 3 0.059238 3 4852241 4852243 13 0 1 20 1  0
10.1904 4931562 302.995 12 622 14.891 1 4931536 4931682 13 0 1 20 1  0
11.5057 4929724 302.882 12 1090 37.5574 16 4928794 4930794 13 0 1 20 1  0
12.9289 4978761 305.895 8 0 0 2375 4978761 4978762 13 0 1 20 1  0
20.7825 5109319 313.917 8 0 0 1 4979059 4979060 13 0 1 20 1  0
11.6277 4978762 305.895 1 0 0 1 4978762 4978763 13 0 1 20 1  0
22.8924 5109320 313.917 1 0 0 1 4979060 4979061 13 0 1 20 1  0
22.1992 5209945 320.099 1 0 0 1 4979101 4979103 13 0 1 20 1  0
10.1458 4979556 305.944 2 0 0 1 4979556 4979557 13 0 1 20 1  0
17.542 5032686 309.208 2 0 0 1 4980071 4980073 13 0 1 20 1  0
15.7712 5236829 321.751 2 0 0 2 4980533 4980536 13 0 1 20 1  0
13.196 5216116 320.478 3 0 0 1 5021730 5021732 13 0 1 20 1  0
10.635 4980533 306.004 1 1 0.0197462 2 4980533 4980534 13 0 1 20 1  0
13.3606 4996661 306.995 2 1 0.0197462 3 4985091 4985092 13 0 1 20 1  0
10.1386 5220683 320.759 2 2 0.0394922 1 5087182 5087183 13 0 1 20 1  0
11.4577 5178683 318.178 3 2 0.0394922 2 5178682 5178684 13 0 1 20 1  0
10.1424 5087181 312.556 2 3 0.059238 1 5087181 5087182 13 0 1 20 1  0
10.0632 5026290 308.815 3 7 0.13822 1 5026290 5026291 13 0 1 20 1  0
11.2113 5074714 311.79 7 169 3.38338 13 5072085 5072124 13 0 1 20 1  0
10.2646 5054684 310.56 12 126 2.50651 1 5053706 5054722 13 0 1 20 1  0
12.6507 5072123 311.631 6 170 3.40399 80 5072096 5072138 13 0 1 20 1  0
10.1245 5054206 310.53 12 347 7.27865 1 5054198 5054462 13 0 1 20 1  0
18.5853 5240858 321.998 8 0 0 3802 5240858 5240859 13 0 1 20 1  0
19.8531 5278974 324.34 8 0 0 1 5241182 5241183 13 0 1 20 1  0
19.6051 5448630 334.764 8 0 0 1 5241513 5241514 13 0 1 20 1  0
22.5716 5322934 327.041 1 0 0 1 5240858 5240860 13 0 1 20 1  0
22.3138 5355519 329.043 1 0 0 1 5241183 5241184 13 0 1 20 1  0
23.318 5466719 335.875 1 0 0 1 5241513 5241515 13 0 1 20 1  0
17.3986 5280600 324.44 2 0 0 1 5240858 5240861 13 0 1 20 1  0
21.2639 5480156 336.701 3 0 0 15 5279992 5279994 13 0 1 20 1  0
10.0972 5261871 323.289 1 1 0.0197462 1 5261871 5261872 13 0 1 20 1  0
10.9511 5406156 332.154 1 1 0.0197462 1 5265128 5265129 13 0 1 20 1  0
10.1875 5246569 322.349 2 1 0.0197462 1 5246569 5246570 13 0 1 20 1  0
10.3269 5279991 324.403 3 1 0.0197462 1 5279991 5279992 13 0 1 20 1  0
10.0956 5243968 322.189 2 2 0.0394922 1 5243968 5243969 13 0 1 20 1  0
12.1489 5396363 331.553 2 2 0.0394922 1 5246568 5246569 13 0 1 20 1  0
16.5919 5468726 335.999 4 3 0.059238 169 5345276 5345286 13 0 1 20 1  0
10.0649 5394408 331.432 2 3 0.059238 1 5394408 5394409 13 0 1 20 1  0
10.0907 5345276 328.414 3 3 0.059238 1 5345276 5345277 13 0 1 20 1  0
10.1169 5404018 332.023 2 4 0.0789836 1 5404018 5404019 13 0 1 20 1  0
12.0832 5356684 329.115 3 31 0.612292 24 5356681 5356689 13 0 1 20 1  0
11.1574 5357335 329.155 3 5 0.0987291 1 5357335 5357336 13 0 1 20 1  0
13.5945 5383378 330.755 3 9 0.177712 7 5356349 5356351 13 0 1 20 1  0
10.0598 5466738 335.876 6 10 0.197458 1 5466738 5466739 13 0 1 20 1  0
10.0081 5356343 329.094 4 11 0.217204 1 5356343 5356344 13 0 1 20 1  0
10.171 5373900 330.172 6 19 0.375194 2 5373900 5373901 13 0 1 20 1  0
10.1857 5356989 329.133 3 15 0.296194 1 5356989 5356990 13 0 1 20 1  0
10.3194 5357300 329.152 3 22 0.434452 3 5357300 5357301 13 0 1 20 1  0
10.0003 5359903 329.312 3 20 0.394946 1 5359903 5359904 13 0 1 20 1  0
10.0334 5361859 329.433 5 22 0.434452 2 5361859 5361860 13 0 1 20 1  0
10.1206 5370964 329.992 6 21 0.414699 1 5370964 5370965 13 0 1 20 1  0
10.0995 5373575 330.152 5 23 0.454207 1 5373575 5373576 13 0 1 20 1  0
14.3409 5374912 330.235 5 61 1.2063 333 5374900 5374925 13 0 1 20 1  0
11.3257 5488201 337.195 9 617 14.727 41 5488095 5488293 13 0 1 20 1  0
20.9668 5693265 349.794 8 0 0 1 5503046 5503048 13 0 1 20 1  0
0 5502976 338.103 8 0 0 923 5503367 5503369 13 0 1 20 1  0
22.6642 5695720 349.945 1 0 0 1 5503046 5503049 13 0 1 20 1  0
0 5502976 338.103 1 0 0 1516 5503368 5503369 13 0 1 20 1  0
20.443 5617058 345.112 2 0 0 4 5503046 5503049 13 0 1 20 1  0
17.1968 5685623 349.325 2 0 0 1 5503367 5503370 13 0 1 20 1  0
10.0601 5507072 338.354 3 0 0 1 5507072 5507073 13 0 1 20 1  0
10.0695 5509714 338.517 1 1 0.0197462 1 5509714 5509715 13 0 1 20 1  0
11.0049 5736432 352.446 1 1 0.0197462 1 5513661 5513662 13 0 1 20 1  0
10.1957 5508242 338.426 2 1 0.0197462 1 5508242 5508243 13 0 1 20 1  0
10.3698 5515084 338.847 3 1 0.0197462 1 5515084 5515085 13 0 1 20 1  0
10.1859 5511626 338.634 4 1 0.0197462 1 5511626 5511627 13 0 1 20 1  0
10.1425 5505805 338.277 2 2 0.0394922 1 5505805 5505806 13 0 1 20 1  0
10.4297 5568349 342.119 2 2 0.0394922 1 5568349 5568350 13 0 1 20 1  0
10.0946 5542116 340.508 2 4 0.0789836 1 5542116 5542117 13 0 1 20 1  0
10.7382 5743759 352.897 4 9 0.177712 13 5743757 5743762 13 0 1 20 1  0
17.7091 5765132 354.21 8 0 0 2285 5765132 5765133 13 0 1 20 1  0
20.6167 5898509 362.404 8 0 0 1 5765584 5765585 13 0 1 20 1  0
24.009 5871800 360.763 1 0 0 1 5765132 5765134 13 0 1 20 1  0
23.3074 5945567 365.296 1 0 0 1 5765584 5765586 13 0 1 20 1  0
20.9684 6017555 369.719 1 0 0 1 5765619 5765620 13 0 1 20 1  0
16.1058 5880922 361.324 2 0 0 1 5765584 5765587 13 0 1 20 1  0
12.3103 5950753 365.614 3 0 0 2 5811101 5811105 13 0 1 20 1  0
11.8765 5815321 357.293 4 7 0.13822 26 5815319 5815323 13 0 1 20 1  0
13.4437 5779284 355.079 9 13 0.256698 76 5779185 5779537 13 0 1 20 1  0
10.4162 5821464 357.671 1 1 0.0197462 1 5821464 5821465 13 0 1 20 1  0
10.9828 5988883 367.957 1 1 0.0197462 1 5943611 5943612 13 0 1 20 1  0
10.5786 5779270 355.078 2 1 0.0197462 1 5779270 5779271 13 0 1 20 1  0
11.4919 6014649 369.54 2 1 0.0197462 1 5791160 5791161 13 0 1 20 1  0
10.565 5935972 364.706 2 2 0.0394922 1 5935972 5935973 13 0 1 20 1  0
10.0372 5817929 357.454 3 2 0.0394922 1 5817929 5817930 13 0 1 20 1  0
10.666 5816287 357.353 5 9 0.177712 8 5815308 5815310 13 0 1 20 1  0
12.0207 5806078 356.725 12 1082 37.0057 1 5805250 5813370 13 0 1 20 1  0
10.8173 5796368 356.129 12 1948 175.467 1 5795506 5797986 13 0 1 20 1  0
13.065 6027478 370.328 8 0 0 2026 6027478 6027479 13 0 1 20 1  0
20.7111 6135277 376.951 8 0 0 1 6027511 6027512 13 0 1 20 1  0
23.4632 6226148 382.535 1 0 0 2 6027478 6027480 13 0 1 20 1  0
10.5952 6027479 370.328 2 0 0 1 6027479 6027480 13 0 1 20 1  0
16.6438 6232875 382.948 3 0 0 309 6230594 6230608 13 0 1 20 1  0
10.5254 6118521 375.922 1 1 0.0197462 1 6118521 6118522 13 0 1 20 1  0
10.9457 6139186 377.192 2 2 0.0394922 2 6139186 6139187 13 0 1 20 1  0
10.4292 6038393 370.999 2 1 0.0197462 1 6038393 6038394 13 0 1 20 1  0
11.9598 6055984 372.08 2 1 0.0197462 2 6042635 6042636 13 0 1 20 1  0
10.0671 6230601 382.808 5 2 0.0394922 1 6230601 6230602 13 0 1 20 1  0
10.1434 6175884 379.446 12 2504 470.717 1 6175878 6175906 13 0 1 20 1  0
17.3488 6289464 386.425 8 0 0 789 6289464 6289465 13 0 1 20 1  0
19.6506 6472911 397.696 8 0 0 1 6289494 6289495 13 0 1 20 1  0
19.7253 6520938 400.646 8 0 0 1 6289938 6289939 13 0 1 20 1  0
26.5907 6361145 390.829 3 0 0 389 6361141 6361180 13 0 1 20 1  0
20.7462 6548293 402.327 1 0 0 1 6289495 6289496 13 0 1 20 1  0
0 6289408 386.421 1 0 0 987 6289973 6289975 13 0 1 20 1  0
10.3239 6291744 386.565 1 1 0.0197462 1 6291744 6291745 13 0 1 20 1  0
10.9305 6404867 393.515 1 1 0.0197462 1 6356203 6356204 13 0 1 20 1  0
10.1983 6301506 387.165 2 1 0.0197462 1 6301506 6301507 13 0 1 20 1  0
19.4112 6555777 402.787 8 0 0 2310 6551734 6551735 13 0 1 20 1  0
19.4099 6787089 416.999 8 0 0 1 6552198 6552199 13 0 1 20 1  0
20.5767 6662722 409.358 1 0 0 1 6551700 6551702 13 0 1 20 1  0
20.4611 6786109 416.939 1 0 0 1 6551735 6551736 13 0 1 20 1  0
10.4742 6551702 402.537 2 0 0 1 6551702 6551703 13 0 1 20 1  0
24.2569 6614136 406.372 2 0 0 21 6552198 6552200 13 0 1 20 1  0
13.5059 6615158 406.435 4 1 0.0197462 3 6615147 6615162 13 0 1 20 1  0
12.7112 6615460 406.454 3 6 0.118475 29 6614130 6614132 13 0 1 20 1  0
19.4987 6730110 413.498 9 286 5.88266 2615 6729832 6730333 13 0 1 20 1  0
10.8101 6594529 405.168 1 1 0.0197462 2 6594529 6594530 13 0 1 20 1  0
10.7312 6653446 408.788 1 1 0.0197462 1 6598427 6598428 13 0 1 20 1  0
10.7878 6555317 402.759 2 1 0.0197462 1 6555317 6555318 13 0 1 20 1  0
10.0087 6602333 405.647 3 4 0.0789836 1 6602333 6602334 13 0 1 20 1  0
19.4711 6613978 406.363 12 213 4.30073 186 6611924 6615528 13 0 1 20 1  0
10.0281 6606652 405.913 12 1459 73.3802 1 6606588 6606666 13 0 1 20 1  0
117.771 6642384 408.108 10 2722 692.916 1006 6641465 6643264 13 0 1 20 1  0
0 6551552 402.527 10 2627 585.473 610 6655512 6655682 13 0 1 20 1  0
10.5652 6643021 408.147 3 2715 684.367 1 6642514 6642519 13 0 1 20 1  0
12.9503 6643310 408.165 3 2718 688.018 2 6641986 6642117 13 0 1 20 1  0
12.0279 6642688 408.127 2 2722 692.916 1 6641930 6642109 13 0 1 20 1  0
10.3603 6640629 408 2 2736 710.336 2 6640629 6640630 13 0 1 20 1  0
10.0017 6640508 407.993 2 2738 712.86 1 6640508 6640509 13 0 1 20 1  0
13.087 6640887 408.016 3 2738 712.86 1 6640296 6640411 13 0 1 20 1  0
11.8799 6640231 407.976 3 2739 714.125 1 6640226 6640254 13 0 1 20 1  0
15.9716 6640570 407.997 4 2739 714.125 1 6640113 6641726 13 0 1 20 1  0
10.1751 6640055 407.965 3 2740 715.393 2 6640055 6640056 13 0 1 20 1  0
10.1979 6639941 407.958 3 2741 716.663 1 6639941 6639942 13 0 1 20 1  0
10.2631 6638675 407.88 5 2748 725.615 1 6638675 6638676 13 0 1 20 1  0
19.8024 6813781 418.639 8 0 0 841 6813781 6813782 13 0 1 20 1  0
20.0316 6944824 426.69 8 0 0 1 6813813 6813814 13 0 1 20 1  0
19.7839 7035476 432.26 8 0 0 1 6814276 6814278 13 0 1 20 1  0
22.7396 6839827 420.239 1 0 0 2 6813781 6813783 13 0 1 20 1  0
21.4087 7002289 430.221 1 0 0 1 6813814 6813815 13 0 1 20 1  0
0 6813696 418.633 1 0 0 1359 6814276 6814278 13 0 1 20 1  0
10.158 6909821 424.539 3 0 0 1 6909821 6909822 13 0 1 20 1  0
10.2514 6998710 430.001 3 0 0 1 6960974 6960975 13 0 1 20 1  0
10.8495 6863308 421.682 1 1 0.0197462 1 6863308 6863309 13 0 1 20 1  0
10.8439 6866198 421.859 1 1 0.0197462 1 6866198 6866199 13 0 1 20 1  0
10.5433 6823070 419.209 2 1 0.0197462 1 6823070 6823071 13 0 1 20 1  0
12.2959 6956539 427.41 2 1 0.0197462 1 6853013 6853014 13 0 1 20 1  0
10.7011 6944827 426.69 3 1 0.0197462 6 6944827 6944828 13 0 1 20 1  0
10.3565 6893061 423.51 2 2 0.0394922 1 6893061 6893062 13 0 1 20 1  0
10.89 7054051 433.401 2 2 0.0394922 2 6941891 6941892 13 0 1 20 1  0
10.0344 6951656 427.11 2 3 0.059238 1 6951656 6951657 13 0 1 20 1  0
10.7012 6894627 423.606 4 7 0.13822 6 6894626 6894629 13 0 1 20 1  0
11.8906 6858390 421.379 11 3063 1268.57 5 6856497 6860015 13 0 1 20 1  0
11.2701 6844110 420.502 12 3155 1493.37 1 6841934 6845046 13 0 1 20 1  0
20.3479 7097345 436.061 8 0 0 1 7076034 7076036 13 0 1 20 1  0
20.3096 7281264 447.361 8 0 0 1 7076354 7076355 13 0 1 20 1  0
0 7075840 434.74 8 0 0 783 7076678 7076679 13 0 1 20 1  0
21.0516 7094412 435.881 1 0 0 1 7076035 7076037 13 0 1 20 1  0
20.0335 7297224 448.341 1 0 0 1 7076354 7076356 13 0 1 20 1  0
0 7075840 434.74 1 0 0 1079 7076678 7076680 13 0 1 20 1  0
15.3911 7091340 435.692 2 0 0 1 7076034 7076037 13 0 1 20 1  0
11.3597 7081563 435.091 3 6 0.118475 15 7081562 7081565 13 0 1 20 1  0
10.1588 7076035 434.752 1 1 0.0197462 1 7076035 7076036 13 0 1 20 1  0
10.9424 7330089 450.361 1 1 0.0197462 1 7078964 7078965 13 0 1 20 1  0
12.2602 7320165 449.751 2 1 0.0197462 1 7076035 7076037 13 0 1 20 1  0
10.3244 7077981 434.871 2 2 0.0394922 1 7077981 7077982 13 0 1 20 1  0
10.602 7332535 450.511 2 2 0.0394922 1 7086454 7086455 13 0 1 20 1  0
13.1262 7197986 442.244 6 32 0.63206 137 7197968 7197999 13 0 1 20 1  0
12.9615 7323456 449.953 12 2067 216.765 7 7321154 7325596 13 0 1 20 1  0
20.3789 7338392 450.871 8 0 0 781 7338392 7338393 13 0 1 20 1  0
20.443 7359873 452.191 8 0 0 1 7338422 7338423 13 0 1 20 1  0
20.277 7591640 466.43 8 0 0 1 7338875 7338876 13 0 1 20 1  0
21.1169 7374853 453.111 1 0 0 1 7338392 7338394 13 0 1 20 1  0
21.7364 7521656 462.131 1 0 0 1 7338422 7338424 13 0 1 20 1  0
0 7337984 450.846 1 0 0 1064 7339369 7339371 13 0 1 20 1  0
14.2723 7377785 453.291 2 0 0 1 7338392 7338395 13 0 1 20 1  0
10.4357 7348809 451.511 1 1 0.0197462 1 7348809 7348810 13 0 1 20 1  0
10.9014 7439342 457.073 1 1 0.0197462 1 7391472 7391473 13 0 1 20 1  0
10.2253 7339370 450.931 2 1 0.0197462 1 7339370 7339371 13 0 1 20 1  0
12.705 7403830 454.891 2 1 0.0197462 1 7345061 7345062 13 0 1 20 1  0
10.1798 7518765 461.953 3 1 0.0197462 1 7518765 7518766 13 0 1 20 1  0
10.1926 7353849 451.82 2 2 0.0394922 1 7353849 7353850 13 0 1 20 1  0
10.7619 7590671 466.371 2 2 0.0394922 1 7379428 7379429 13 0 1 20 1  0
10.1896 7428887 456.431 2 3 0.059238 1 7428887 7428888 13 0 1 20 1  0
10.3468 7490409 460.211 2 5 0.0987291 1 7490409 7490410 13 0 1 20 1  0
13.4398 7600263 466.96 8 0 0 839 7600263 7600264 13 0 1 20 1  0
20.0507 7615573 467.901 8 0 0 1 7600298 7600299 13 0 1 20 1  0
20.0616 7827300 480.909 8 0 0 1 7600762 7600763 13 0 1 20 1  0
11.0052 7600263 466.96 1 0 0 1 7600263 7600264 13 0 1 20 1  0
21.2952 7675148 471.561 1 0 0 1 7600299 7600300 13 0 1 20 1  0
23.3307 7827301 480.909 1 0 0 1 7600762 7600764 13 0 1 20 1  0
0 7600128 466.952 1 0 0 1196 7601242 7601243 13 0 1 20 1  0
19.7864 7662680 470.795 2 0 0 1 7611350 7611352 13 0 1 20 1  0
13.7405 7663329 470.835 3 0 0 13 7662677 7662683 13 0 1 20 1  0
10.2256 7620296 468.191 1 1 0.0197462 1 7620296 7620297 13 0 1 20 1  0
10.9674 7787918 478.49 1 1 0.0197462 1 7624682 7624683 13 0 1 20 1  0
10.546 7623217 468.37 2 1 0.0197462 1 7623217 7623218 13 0 1 20 1  0
12.0777 7644379 469.671 2 1 0.0197462 4 7626797 7626798 13 0 1 20 1  0
10.0581 7618509 468.081 2 2 0.0394922 1 7618509 7618510 13 0 1 20 1  0
11.1271 7651563 470.112 2 2 0.0394922 1 7625834 7625835 13 0 1 20 1  0
10.4741 7650904 470.072 2 3 0.059238 1 7650903 7650905 13 0 1 20 1  0
10.1347 7659044 470.572 3 5 0.0987291 1 7659044 7659045 13 0 1 20 1  0
11.7029 7600142 466.953 12 2582 540.561 1 7600128 7601622 13 0 1 20 1  0
15.3117 7862294 483.059 8 0 0 829 7862294 7862295 13 0 1 20 1  0
20.1925 7979776 490.277 8 0 0 1 7862619 7862620 13 0 1 20 1  0
20.238 8043866 494.215 8 0 0 1 7862944 7862945 13 0 1 20 1  0
13.0764 7862295 483.059 1 0 0 1 7862295 7862296 13 0 1 20 1  0
21.561 7979777 490.277 1 0 0 1 7862619 7862621 13 0 1 20 1  0
22.8254 8071370 495.905 1 0 0 1 7863274 7863276 13 0 1 20 1  0
0 7862272 483.058 1 0 0 1129 7863921 7863923 13 0 1 20 1  0
16.6126 8053796 494.825 2 0 0 1 7862619 7862622 13 0 1 20 1  0
10.0552 7892712 484.928 1 1 0.0197462 1 7892712 7892713 13 0 1 20 1  0
11.0691 8123758 499.124 1 1 0.0197462 1 8005978 8005979 13 0 1 20 1  0
10.1854 7864248 483.179 2 2 0.0394922 2 7864248 7864249 13 0 1 20 1  0
11.6526 8046795 494.395 2 1 0.0197462 1 7865879 7865880 13 0 1 20 1  0
10.8116 7923680 486.831 3 3 0.059238 7 7923680 7923681 13 0 1 20 1  0
10.8564 7895645 485.108 2 2 0.0394922 2 7879201 7879202 13 0 1 20 1  0
10.3674 8028282 493.258 12 1412 67.4428 1 8027572 8028458 13 0 1 20 1  0
12.5891 8124732 499.184 8 0 0 871 8124732 8124733 13 0 1 20 1  0
20.5681 8267245 507.94 8 0 0 1 8125247 8125248 13 0 1 20 1  0
20.5012 8288247 509.23 8 0 0 1 8125708 8125710 13 0 1 20 1  0
22.7987 8311172 510.638 1 0 0 2 8124732 8124734 13 0 1 20 1  0
0 8124416 499.164 1 0 0 1372 8125214 8125215 13 0 1 20 1  0
16.2033 8245121 506.58 2 0 0 1 8124732 8124734 13 0 1 20 1  0
11.1772 8134173 499.764 1 1 0.0197462 1 8134173 8134174 13 0 1 20 1  0
11.1765 8271637 508.209 1 1 0.0197462 1 8144909 8144910 13 0 1 20 1  0
10.5635 8131241 499.583 2 1 0.0197462 1 8131241 8131242 13 0 1 20 1  0
13.2033 8306296 510.339 2 1 0.0197462 1 8139054 8139055 13 0 1 20 1  0
10.2404 8162152 501.483 2 2 0.0394922 1 8162152 8162153 13 0 1 20 1  0
10.8459 8283843 508.959 2 2 0.0394922 1 8225107 8225108 13 0 1 20 1  0
10.1146 8161177 501.423 3 3 0.059238 1 8161177 8161178 13 0 1 20 1  0
10.6621 8319363 511.142 4 7 0.13822 7 8319361 8319365 13 0 1 20 1  0
10.132 8301412 510.039 2 5 0.0987291 1 8301412 8301413 13 0 1 20 1  0
10.148 8309248 510.52 6 11 0.217204 1 8309248 8309253 13 0 1 20 1  0
10.7808 8162086 501.479 7 215 4.343 18 8162062 8162106 13 0 1 20 1  0
19.8912 8479572 520.985 8 0 0 1 8386688 8386690 13 0 1 20 1  0
19.7371 8611523 529.092 8 0 0 1 8387018 8387020 13 0 1 20 1  0
0 8386560 515.27 8 0 0 793 8387341 8387343 13 0 1 20 1  0
20.064 8449957 519.165 1 0 0 1 8386689 8386691 13 0 1 20 1  0
22.6524 8631694 530.331 1 0 0 2 8387018 8387020 13 0 1 20 1  0
0 8386560 515.27 1 0 0 1127 8387342 8387343 13 0 1 20 1  0
10.4325 8390263 515.498 1 1 0.0197462 1 8390263 8390264 13 0 1 20 1  0
11.1495 8406678 516.506 1 1 0.0197462 1 8393539 8393540 13 0 1 20 1  0
10.97 8390587 515.518 2 1 0.0197462 1 8390587 8390588 13 0 1 20 1  0
11.4056 8593451 527.982 2 1 0.0197462 1 8393540 8393541 13 0 1 20 1  0
10.0043 8393195 515.678 2 2 0.0394922 1 8393195 8393196 13 0 1 20 1  0
10.6582 8396455 515.878 2 2 0.0394922 1 8393840 8393841 13 0 1 20 1  0
12.2157 8649096 531.4 8 0 0 7699 8649096 8649097 13 0 1 20 1  0
21.4975 8802695 540.838 8 0 0 1 8649592 8649594 13 0 1 20 1  0
21.5374 8811650 541.388 8 0 0 1 8649625 8649626 13 0 1 20 1  0
11.3586 8649130 531.403 1 0 0 1 8649130 8649131 13 0 1 20 1  0
33.8841 8869306 544.93 4 0 0 3361 8775163 8775166 13 0 1 20 1  0
10.0504 8776789 539.246 3 0 0 1 8776789 8776790 13 0 1 20 1  0
10.3422 8651550 531.551 1 1 0.0197462 1 8651550 8651551 13 0 1 20 1  0
11.1776 8816041 541.658 1 1 0.0197462 1 8686061 8686062 13 0 1 20 1  0
10.7597 8650570 531.491 2 2 0.0394922 2 8650570 8650571 13 0 1 20 1  0
10.4123 8704920 534.83 3 1 0.0197462 1 8704920 8704921 13 0 1 20 1  0
10.1196 8694526 534.192 3 2 0.0394922 1 8694526 8694527 13 0 1 20 1  0
10.1429 8669140 532.632 2 3 0.059238 1 8669140 8669141 13 0 1 20 1  0
12.7407 8902817 546.989 2 3 0.059238 2 8797330 8797331 13 0 1 20 1  0
22.5135 8904417 547.087 4 10 0.197458 113 8851681 8851696 13 0 1 20 1  0
20.7126 8777934 539.316 12 255 5.20048 1109 8729330 8732512 13 0 1 20 1  0
10.0992 8705397 534.86 2 4 0.0789836 1 8705397 8705398 13 0 1 20 1  0
10.2933 8847125 543.567 3 5 0.0987291 1 8847125 8847126 13 0 1 20 1  0
10.1672 8851687 543.848 2 8 0.157966 3 8851687 8851688 13 0 1 20 1  0
10.949 8859838 544.348 2 12 0.236951 5 8859838 8859839 13 0 1 20 1  0
10.1246 8778399 539.345 5 12 0.236951 1 8778399 8778400 13 0 1 20 1  0
10.0472 8732095 536.5 9 18 0.355443 2 8732095 8732096 13 0 1 20 1  0
10.5174 8852634 543.906 3 30 0.592527 5 8852634 8852635 13 0 1 20 1  0
14.5642 8904598 547.099 9 39 0.770481 5 8776243 8779435 13 0 1 20 1  0
12.2283 8904033 547.064 8 512 11.5305 40 8775692 8775716 13 0 1 20 1  0
12.1128 8729176 536.321 12 665 16.3514 4 8728472 8729806 13 0 1 20 1  0
20.2665 8992081 552.473 8 0 0 1 8911712 8911714 13 0 1 20 1  0
29.4872 9008227 553.465 6 12 0.236951 472 8965574 8965608 13 0 1 20 1  0
20.0473 9119643 560.311 8 0 0 1 8912204 8912205 13 0 1 20 1  0
0 8910848 547.482 8 0 0 13236 8912238 8912239 13 0 1 20 1  0
10.5385 8911234 547.506 1 0 0 1 8911234 8911235 13 0 1 20 1  0
26.6398 9001077 553.026 1 0 0 1 8911713 8911715 13 0 1 20 1  0
21.5542 9162245 562.928 1 0 0 1 8911748 8911750 13 0 1 20 1  0
36.2897 8968864 551.047 3 0 0 39 8965235 8965309 13 0 1 20 1  0
39.8511 8965274 550.826 6 0 0 4123 8965221 8965324 13 0 1 20 1  0
18.0177 8987391 552.185 4 20 0.394946 27 8965234 8965286 13 0 1 20 1  0
11.014 8924576 548.326 2 1 0.0197462 2 8924576 8924577 13 0 1 20 1  0
12.1278 8969174 551.066 2 4 0.0789836 2 8965266 8965280 13 0 1 20 1  0
11.2235 8970132 551.125 2 8 0.157966 2 8965263 8965273 13 0 1 20 1  0
21.0006 9012445 553.725 4 9 0.177712 2 8965242 8965298 13 0 1 20 1  0
14.8583 8997785 552.824 3 20 0.394946 8 8965236 8965283 13 0 1 20 1  0
10.4905 9149220 562.128 12 75 1.48449 1 9148548 9149604 13 0 1 20 1  0
11.8801 9008084 553.457 3 240 4.87612 6 8964954 8964973 13 0 1 20 1  0
10.7239 8965286 550.827 12 1278 52.9618 1 8965048 8965680 13 0 1 20 1  0
20.3583 9412277 578.29 8 0 0 1 9173473 9173475 13 0 1 20 1  0
0 9172992 563.589 8 0 0 20731 9173953 9173954 13 0 1 20 1  0
22.2542 9246689 568.117 1 0 0 1 9173473 9173475 13 0 1 20 1  0
25.1051 9412278 578.29 1 0 0 10 9173953 9173955 13 0 1 20 1  0
37.239 9428674 579.298 12 207 4.17424 6462 9178938 9180300 13 0 1 20 1  0
33.9181 9433744 579.609 6 7 0.13822 413 9364195 9364209 13 0 1 20 1  0
10.2083 9182106 564.149 1 1 0.0197462 1 9182106 9182107 13 0 1 20 1  0
11.0757 9175941 563.77 2 2 0.0394922 2 9175941 9175942 13 0 1 20 1  0
11.2997 9188172 564.521 3 2 0.0394922 2 9188172 9188173 13 0 1 20 1  0
16.4837 9369069 575.636 6 2 0.0394922 21 9364199 9364216 13 0 1 20 1  0
12.7695 9393731 577.151 2 3 0.059238 2 9275647 9275649 13 0 1 20 1  0
10.4892 9271777 569.658 3 5 0.0987291 5 9271777 9271778 13 0 1 20 1  0
10.009 9338155 573.736 7 5 0.0987291 1 9338155 9338156 13 0 1 20 1  0
10.6454 9275646 569.896 2 7 0.13822 2 9275646 9275647 13 0 1 20 1  0
10.002 9271521 569.642 9 10 0.197458 1 9271521 9271522 13 0 1 20 1  0
10.0187 9364195 575.336 6 12 0.236951 1 9364195 9364196 13 0 1 20 1  0
10.3492 9397589 577.388 3 32 0.63206 1 9397589 9397590 13 0 1 20 1  0
10.0286 9433023 579.565 2 89 1.76354 1 9433023 9433024 13 0 1 20 1  0
10.0721 9383564 576.526 4 92 1.82347 1 9383564 9383565 13 0 1 20 1  0
10.0354 9393312 577.125 8 262 5.35308 3 9393312 9393313 13 0 1 20 1  0
10.0024 9362848 575.253 12 271 5.5505 1 9362848 9362850 13 0 1 20 1  0
10.7042 9429937 579.375 3 295 6.08393 2 9428955 9428993 13 0 1 20 1  0
12.5881 9266458 569.331 12 1247 50.0659 38 9264854 9267752 13 0 1 20 1  0
10.0794 9383399 576.516 4 422 9.11327 16 9383399 9383400 13 0 1 20 1  0
10.0363 9368431 575.596 7 446 9.73273 3 9368431 9368432 13 0 1 20 1  0
11.3072 9429538 579.351 3 457 10.0225 1 9428214 9428229 13 0 1 20 1  0
11.1172 9429474 579.347 3 490 10.915 1 9428159 9428164 13 0 1 20 1  0
10.2267 9429734 579.363 3 525 11.9024 1 9429733 9429735 13 0 1 20 1  0
13.288 9362128 575.209 12 568 13.1788 2 9268388 9270056 13 0 1 20 1  0
10.7483 9406929 577.962 7 647 15.729 13 9406897 9406957 13 0 1 20 1  0
10.7726 9423059 578.953 7 759 19.8874 3 9423039 9423084 13 0 1 20 1  0
11.5173 9322836 572.795 12 1806 136.318 4 9321488 9324688 13 0 1 20 1  0
10.8875 9425096 579.078 8 1809 137.048 1 9424912 9425454 13 0 1 20 1  0
0 9172992 563.589 8 1809 137.048 1 9429220 9429342 13 0 1 20 1  0
10.7632 9434167 579.635 8 2125 240.276 1 9434073 9434193 13 0 1 20 1  0
10.5644 9414890 578.451 10 2407 396.308 1 9414831 9415115 13 0 1 20 1  0
13.6424 9435156 579.696 8 0 0 23034 9435156 9435157 13 0 1 20 1  0
17.9328 9495008 583.373 8 0 0 1 9435808 9435809 13 0 1 20 1  0
17.8194 9629662 591.646 8 0 0 1 9436148 9436149 13 0 1 20 1  0
28.8304 9524477 585.184 5 0 0 4400 9437960 9438007 13 0 1 20 1  0
19.5434 9608540 590.349 1 0 0 1 9436149 9436150 13 0 1 20 1  0
10.5635 9437663 579.85 3 1 0.0197462 5 9437663 9437664 13 0 1 20 1  0
27.0466 9568802 587.907 4 0 0 126 9437966 9438005 13 0 1 20 1  0
10.4486 9436506 579.779 1 1 0.0197462 1 9436506 9436507 13 0 1 20 1  0
11.0791 9520887 584.963 2 4 0.0789836 3 9442837 9442846 13 0 1 20 1  0
24.0325 9545969 586.504 3 1 0.0197462 18 9437968 9438007 13 0 1 20 1  0
19.6786 9442837 580.168 4 6 0.118475 49 9437984 9438003 13 0 1 20 1  0
11.9227 9544648 586.423 2 3 0.059238 1 9438962 9438964 13 0 1 20 1  0
10.716 9438960 579.93 2 4 0.0789836 1 9438960 9438961 13 0 1 20 1  0
10.5559 9438651 579.911 2 6 0.118475 2 9438651 9438652 13 0 1 20 1  0
10.196 9437997 579.871 3 9 0.177712 6 9437997 9437998 13 0 1 20 1  0
18.6762 9543052 586.325 5 13 0.256698 441 9437970 9437991 13 0 1 20 1  0
10.143 9438316 579.89 3 11 0.217204 4 9438316 9438317 13 0 1 20 1  0
10.1794 9438629 579.909 2 15 0.296194 1 9438629 9438630 13 0 1 20 1  0
13.1614 9523150 585.102 3 16 0.315943 2 9438300 9438311 13 0 1 20 1  0
10.1522 9573816 588.215 6 26 0.513479 1 9438269 9438306 13 0 1 20 1  0
12.475 9525157 585.226 3 54 1.06748 1 9438577 9438584 13 0 1 20 1  0
10.2438 9438553 579.905 3 70 1.38505 7 9438553 9438554 13 0 1 20 1  0
10.0248 9467466 581.681 2 90 1.78351 1 9467466 9467467 13 0 1 20 1  0
10.3284 9450113 580.615 4 150 2.99385 8 9450113 9450114 13 0 1 20 1  0
10.0278 9477821 582.317 4 105 2.08375 1 9477821 9477822 13 0 1 20 1  0
10.0869 9458273 581.116 4 119 2.36524 3 9458273 9458274 13 0 1 20 1  0
10.3288 9523320 585.113 3 129 2.56717 5 9523320 9523321 13 0 1 20 1  0
10.0128 9523403 585.118 4 132 2.6279 1 9523403 9523404 13 0 1 20 1  0
10.3375 9523276 585.11 2 162 3.23946 4 9523276 9523277 13 0 1 20 1  0
10.1011 9455192 580.927 5 173 3.46586 2 9455192 9455193 13 0 1 20 1  0
10.4294 9442429 580.143 3 216 4.36416 16 9442429 9442430 13 0 1 20 1  0
10.0555 9438448 579.898 4 273 5.59455 2 9438448 9438449 13 0 1 20 1  0
10.0582 9438086 579.876 5 279 5.72715 1 9438086 9438087 13 0 1 20 1  0
10.2048 9442163 580.126 4 491 10.9426 9 9442163 9442164 13 0 1 20 1  0
10.4937 9454884 580.908 3 469 10.3429 16 9454884 9454885 13 0 1 20 1  0
10.2545 9437924 579.866 3 503 11.2766 8 9437924 9437925 13 0 1 20 1  0
10.0125 9520557 584.943 3 492 10.9702 1 9520557 9520558 13 0 1 20 1  0
10.1213 9437581 579.845 5 509 11.4456 2 9437581 9437582 13 0 1 20 1  0
0 9435136 579.695 7 1009 32.3015 1 9522984 9523124 13 0 1 20 1  0
10.7757 9519130 584.855 11 1503 79.4 1 9516589 9519616 13 0 1 20 1  0
10.8126 9446191 580.374 8 1836 143.79 2 9446093 9446220 13 0 1 20 1  0
0 9435136 579.695 8 1836 143.79 1 9446994 9447026 13 0 1 20 1  0
10.1102 9490442 583.093 10 2310 333.653 1 9490429 9490569 13 0 1 20 1  0
10.7639 9486159 582.83 11 2632 590.688 1 9485493 9487044 13 0 1 20 1  0
17.9637 9697310 595.803 8 0 0 2882 9697310 9697311 13 0 1 20 1  0
20.535 9831471 604.046 8 0 0 1 9697343 9697344 13 0 1 20 1  0
21.0233 9957619 611.796 8 0 0 1 9697809 9697811 13 0 1 20 1  0
23.4026 9859585 605.773 1 0 0 1 9697310 9697312 13 0 1 20 1  0
19.9769 9708666 596.5 2 0 0 3 9697310 9697312 13 0 1 20 1  0
15.6987 9805124 602.427 4 0 0 3 9701444 9701460 13 0 1 20 1  0
15.3903 9733753 598.042 3 3 0.059238 36 9706066 9706069 13 0 1 20 1  0
10.9427 9867230 606.243 1 1 0.0197462 1 9777499 9777500 13 0 1 20 1  0
11.1844 9697810 595.833 2 1 0.0197462 2 9697810 9697811 13 0 1 20 1  0
11.1429 9701454 596.057 4 9 0.177712 8 9701452 9701456 13 0 1 20 1  0
10.6303 9706066 596.341 3 4 0.0789836 1 9706066 9706067 13 0 1 20 1  0
11.6708 9697614 595.821 12 938 28.2469 7 9697280 9698238 13 0 1 20 1  0
20.1861 9960703 611.986 8 0 0 2181 9959735 9959736 13 0 1 20 1  0
19.894 10149626 623.593 8 0 0 1 9960052 9960053 13 0 1 20 1  0
21.1063 9972591 612.716 1 0 0 1 9959736 9959737 13 0 1 20 1  0
22.3679 10209800 627.29 1 0 0 1 9960053 9960054 13 0 1 20 1  0
15.1717 10185949 625.825 2 0 0 1 9961215 9961218 13 0 1 20 1  0
24.2478 10209696 627.284 4 1 0.0197462 1470 10127413 10127414 13 0 1 20 1  0
11.3148 9970011 612.557 3 16 0.315943 11 9970010 9970013 13 0 1 20 1  0
10.7561 10155809 623.973 1 1 0.0197462 1 9995016 9995017 13 0 1 20 1  0
10.5784 9967397 612.397 2 1 0.0197462 1 9967397 9967398 13 0 1 20 1  0
10.2523 10126435 622.168 5 4 0.0789836 6 10126435 10126436 13 0 1 20 1  0
10.284 10197316 626.523 5 1 0.0197462 3 10197316 10197317 13 0 1 20 1  0
11.074 10040891 616.912 7 19 0.375194 5 10040880 10040904 13 0 1 20 1  0
10.5027 10039433 616.823 11 599 14.146 2 10039082 10039537 13 0 1 20 1  0
10.0278 10075798 619.057 11 856 24.1181 1 10075793 10075799 13 0 1 20 1  0
11.575 10074566 618.981 12 1315 56.6286 9 10073016 10075058 13 0 1 20 1  0
19.6031 10225405 628.249 8 0 0 11361 10222155 10222156 13 0 1 20 1  0
12.6979 10221833 628.029 1 0 0 1 10221833 10221834 13 0 1 20 1  0
21.488 10270931 631.046 1 0 0 1 10222155 10222156 13 0 1 20 1  0
25.2737 10367125 636.956 1 0 0 15 10222193 10222194 13 0 1 20 1  0
10.1314 10222156 628.049 2 0 0 1 10222156 10222157 13 0 1 20 1  0
30.5298 10368771 637.057 2 0 0 5 10222192 10222195 13 0 1 20 1  0
33.6861 10372028 637.257 3 0 0 5680 10313719 10313729 13 0 1 20 1  0
10.056 10223296 628.119 1 1 0.0197462 1 10223296 10223297 13 0 1 20 1  0
10.7485 10251602 629.858 1 1 0.0197462 1 10251602 10251603 13 0 1 20 1  0
12.7487 10241339 629.228 2 1 0.0197462 1 10241339 10241340 13 0 1 20 1  0
10.4073 10257130 630.198 2 2 0.0394922 1 10257130 10257131 13 0 1 20 1  0
17.0612 10338556 635.201 9 38 0.750701 63 10338493 10338921 13 0 1 20 1  0
10.0395 10313720 633.675 4 4 0.0789836 1 10313720 10313721 13 0 1 20 1  0
14.5671 10368442 637.037 3 8 0.157966 5 10338444 10338454 13 0 1 20 1  0
10.5618 10387601 638.214 2 10 0.197458 1 10367115 10367118 13 0 1 20 1  0
15.9786 10387582 638.213 6 15 0.296194 1 10338740 10338818 13 0 1 20 1  0
18.3482 10341712 635.395 7 25 0.493721 104 10338700 10338823 13 0 1 20 1  0
10.8517 10367018 636.95 4 82 1.6239 7 10361110 10361115 13 0 1 20 1  0
11.7288 10360799 636.567 5 86 1.70367 4 10341584 10341629 13 0 1 20 1  0
12.7366 10375067 637.444 6 99 1.96349 3 10341551 10341607 13 0 1 20 1  0
10.0004 10358490 636.426 5 109 2.16404 1 10358490 10358491 13 0 1 20 1  0
12.5302 10366852 636.939 5 140 2.7902 10 10338526 10338529 13 0 1 20 1  0
10.0008 10368665 637.051 5 185 3.71433 1 10368665 10368666 13 0 1 20 1  0
10.333 10368236 637.024 6 379 8.04386 23 10368236 10368237 13 0 1 20 1  0
10.0739 10358060 636.399 7 438 9.52435 2 10358060 10358061 13 0 1 20 1  0
10.0261 10337873 635.159 7 439 9.55029 1 10337873 10337874 13 0 1 20 1  0
10.0124 10352499 636.057 8 1584 91.7754 2 10352499 10352500 13 0 1 20 1  0
10.6417 10325915 634.424 10 2501 468.219 6 10325827 10326383 13 0 1 20 1  0
0 10221568 628.013 11 2436 417.229 1 10344306 10344625 13 0 1 20 1  0
13.7077 10483818 644.126 8 0 0 802 10483818 10483819 13 0 1 20 1  0
18.8095 10587575 650.501 8 0 0 1 10484170 10484172 13 0 1 20 1  0
20.9216 10601228 651.339 1 0 0 1 10483818 10483820 13 0 1 20 1  0
21.7555 10741234 659.941 1 0 0 1 10484171 10484172 13 0 1 20 1  0
18.9342 10745625 660.211 1 0 0 1 10484477 10484479 13 0 1 20 1  0
0 10483712 644.119 1 0 0 1395 10484788 10484790 13 0 1 20 1  0
15.7153 10724661 658.923 2 0 0 1 10484171 10484173 13 0 1 20 1  0
10.0475 10722926 658.817 3 0 0 1 10722926 10722927 13 0 1 20 1  0
13.0985 10727160 659.077 3 0 0 4 10723249 10723260 13 0 1 20 1  0
10.3497 10533722 647.192 1 1 0.0197462 1 10533722 10533723 13 0 1 20 1  0
10.5876 10593757 650.88 1 1 0.0197462 1 10534732 10534733 13 0 1 20 1  0
10.0941 10490654 644.546 2 1 0.0197462 1 10490654 10490655 13 0 1 20 1  0
12.1582 10724341 658.904 2 1 0.0197462 1 10517310 10517311 13 0 1 20 1  0
10.9776 10723252 658.837 3 1 0.0197462 1 10723252 10723253 13 0 1 20 1  0
11.3185 10727809 659.117 3 1 0.0197462 2 10726825 10726830 13 0 1 20 1  0
10.1711 10625955 652.859 2 2 0.0394922 1 10625955 10625956 13 0 1 20 1  0
10.7152 10706783 657.825 2 2 0.0394922 1 10631480 10631481 13 0 1 20 1  0
10.3011 10693109 656.985 2 3 0.059238 1 10693109 10693110 13 0 1 20 1  0
10.0432 10696364 657.185 2 4 0.0789836 1 10696364 10696365 13 0 1 20 1  0
15.1403 10728966 659.188 12 40 0.790264 12 10699328 10699370 13 0 1 20 1  0
0 10483712 644.119 12 40 0.790264 1 10726970 10730746 13 0 1 20 1  0
11.3131 10485654 644.239 12 2252 301.023 2 10484082 10486668 13 0 1 20 1  0
10.5814 10652640 654.498 12 2360 364.604 3 10652130 10653730 13 0 1 20 1  0
10.3801 10718468 658.543 12 3220 1675.82 1 10717798 10718902 13 0 1 20 1  0
15.7191 10746110 660.241 8 0 0 853 10746110 10746111 13 0 1 20 1  0
19.1264 10866466 667.636 8 0 0 1 10746143 10746145 13 0 1 20 1  0
19.1076 10992982 675.409 8 0 0 1 10746458 10746459 13 0 1 20 1  0
21.4916 10872328 667.996 1 0 0 2 10746110 10746112 13 0 1 20 1  0
0 10745856 660.225 1 0 0 1495 10746144 10746145 13 0 1 20 1  0
10.4134 10749043 660.421 1 1 0.0197462 1 10749043 10749044 13 0 1 20 1  0
10.4745 10858493 667.146 1 1 0.0197462 1 10760758 10760759 13 0 1 20 1  0
10.3457 10748738 660.402 2 1 0.0197462 1 10748738 10748739 13 0 1 20 1  0
12.5741 10881434 668.555 2 1 0.0197462 1 10749043 10749044 13 0 1 20 1  0
10.3638 10781428 662.411 2 2 0.0394922 1 10781428 10781429 13 0 1 20 1  0
11.8904 11003390 676.048 2 2 0.0394922 1 10856541 10856542 13 0 1 20 1  0
14.2338 10926994 671.354 12 81 1.60397 2 10923676 10930912 13 0 1 20 1  0
11.6655 11007144 676.279 12 430 9.31787 1 11005630 11008002 13 0 1 20 1  0
16.2781 11008263 676.348 8 0 0 795 11008263 11008264 13 0 1 20 1  0
18.6149 11017364 676.907 8 0 0 1 11008593 11008595 13 0 1 20 1  0
21.9385 11046940 678.724 1 0 0 1 11008263 11008265 13 0 1 20 1  0
20.3754 11249547 691.172 1 0 0 1 11008593 11008595 13 0 1 20 1  0
0 11008000 676.331 1 0 0 1381 11008910 11008912 13 0 1 20 1  0
15.1777 11018018 676.947 2 0 0 1 11008264 11008266 13 0 1 20 1  0
10.3525 11008911 676.387 1 1 0.0197462 1 11008911 11008912 13 0 1 20 1  0
10.4997 11032981 677.866 1 1 0.0197462 1 11020623 11020624 13 0 1 20 1  0
10.8581 11010872 676.508 2 1 0.0197462 1 11010872 11010873 13 0 1 20 1  0
12.2271 11139128 684.388 2 1 0.0197462 1 11017051 11017053 13 0 1 20 1  0
10.2056 11008594 676.368 2 2 0.0394922 1 11008594 11008595 13 0 1 20 1  0
10.8069 11104354 682.251 2 2 0.0394922 1 11010871 11010872 13 0 1 20 1  0
10.0332 11192153 687.646 2 3 0.059238 1 11192153 11192154 13 0 1 20 1  0
10.3457 11242395 690.733 2 3 0.059238 1 11242395 11242396 13 0 1 20 1  0
10.39 11095887 681.731 2 4 0.0789836 1 11095887 11095888 13 0 1 20 1  0
60.6938 11257816 691.68 12 2500 467.389 6338 11247730 11262384 13 0 1 20 1  0
0 11008000 676.331 6 1777 129.462 3551 11270094 11270134 13 0 1 20 1  0
10.0741 11262178 691.948 6 2419 404.835 1 11262178 11262179 13 0 1 20 1  0
11.2081 11239490 690.554 12 3112 1383.73 2 11238856 11241380 13 0 1 20 1  0
10.3424 11344627 697.014 5 0 0 1 11340899 11340902 13 0 1 20 1  0
0 11270144 692.438 5 0 0 13 11344625 11344666 13 0 1 20 1  0
10.2303 11396693 700.213 7 15 0.296194 1 11396690 11396696 13 0 1 20 1  0
10.5732 11334481 696.391 8 2382 379.115 4 11334414 11334612 13 0 1 20 1  0
0 11270144 692.438 5 2382 379.115 2 11334485 11334591 13 0 1 20 1  0
11.7234 11270504 692.46 10 3065 1273.08 13 11270144 11271161 13 0 1 20 1  0
10.8393 12057271 740.799 6 2666 627.404 5 12056979 12057003 13 0 1 20 1  0
11.8292 12471582 766.254 12 122 2.42574 7 12471182 12471880 13 0 1 20 1  0
0 12318720 756.862 12 118 2.34509 20 12514978 12515074 13 0 1 20 1  0
13.8382 12515280 768.939 12 338 7.06775 63 12470690 12471536 13 0 1 20 1  0
10.0655 12357880 759.268 11 985 30.8769 1 12357838 12357921 13 0 1 20 1  0
17.5563 12843008 789.074 11 2004 193.821 1591 12843008 12845716 13 0 1 20 1  0
10.0021 13169405 809.128 8 0 0 1 13169405 13169406 13 0 1 20 1  0
10.1685 13338219 819.5 8 0 0 1 13170364 13170365 13 0 1 20 1  0
0 13105152 805.18 8 0 0 327 13174440 13174441 13 0 1 20 1  0
11.2688 13343971 819.854 2 0 0 2 13106618 13106620 13 0 1 20 1  0
11.0235 13348850 820.153 3 0 0 1 13108132 13108140 13 0 1 20 1  0
11.9028 13326117 818.757 6 1 0.0197462 13 13326103 13326135 13 0 1 20 1  0
12.7294 13277265 815.755 7 0 0 1 13135996 13136045 13 0 1 20 1  0
10.0425 13136003 807.076 7 3 0.059238 1 13136002 13136004 13 0 1 20 1  0
10.8218 13349823 820.213 6 4 0.0789836 1 13326111 13326124 13 0 1 20 1  0
11.1705 13335768 819.35 12 2872 904.089 2 13334142 13337516 13 0 1 20 1  0
13.0019 13629737 837.411 8 0 0 2634 13629737 13629738 13 0 1 20 1  0
14.1114 13699283 841.684 8 0 0 2 13632014 13632015 13 0 1 20 1  0
11.3954 13638203 837.931 1 0 0 1 13638203 13638204 13 0 1 20 1  0
17.6812 13692774 841.284 2 0 0 11 13645973 13645993 13 0 1 20 1  0
15.2886 13762431 845.564 1 0 0 1 13645973 13645993 13 0 1 20 1  0
16.8854 13672959 840.067 5 1 0.0197462 170 13671019 13671027 13 0 1 20 1  0
14.9549 13851841 851.057 9 168 3.36279 236 13782054 13785364 13 0 1 20 1  0
15.7673 13688545 841.024 3 1 0.0197462 1 13645974 13645992 13 0 1 20 1  0
10.3999 13645987 838.409 3 3 0.059238 1 13645987 13645988 13 0 1 20 1  0
10.8307 13689522 841.084 4 7 0.13822 1 13671012 13671021 13 0 1 20 1  0
12.8877 13833047 849.902 7 12 0.236951 24 13816793 13817123 13 0 1 20 1  0
11.8048 13686302 840.886 7 29 0.572762 15 13672944 13672979 13 0 1 20 1  0
21.5681 13783864 846.881 12 184 3.69356 610 13782938 13786660 13 0 1 20 1  0
15.016 13860520 851.59 8 101 2.00355 99 13672848 13672966 13 0 1 20 1  0
11.9354 13861879 851.674 7 433 9.39508 41 13848883 13848908 13 0 1 20 1  0
11.2099 13830699 849.758 6 438 9.52435 4 13825805 13825821 13 0 1 20 1  0
11.1533 13833613 849.937 7 438 9.52435 4 13830035 13830732 13 0 1 20 1  0
11.4473 13851540 851.039 7 686 17.0986 7 13825505 13825597 13 0 1 20 1  0
0 13629440 837.393 7 685 17.0625 11 13851512 13851578 13 0 1 20 1  0
10.8654 13825550 849.442 6 686 17.0986 3 13825520 13825564 13 0 1 20 1  0
10.2051 13832061 849.842 7 689 17.2073 1 13832055 13832078 13 0 1 20 1  0
17.7196 13839804 850.318 12 1557 87.4529 830 13773666 13779874 13 0 1 20 1  0
0 13629440 837.393 6 1402 66.2414 6465 13841957 13841958 13 0 1 20 1  0
10.0078 13777525 846.491 6 1439 70.7938 1 13777525 13777526 13 0 1 20 1  0
10.0414 13864824 851.855 6 1445 71.5602 1 13864818 13864826 13 0 1 20 1  0
21.7696 13773919 846.27 10 1657 104.546 860 13804715 13805534 13 0 1 20 1  0
10.024 13776920 846.454 6 1484 76.7434 1 13776920 13776921 13 0 1 20 1  0
10.251 13844047 850.578 4 1537 84.3809 1 13839993 13840027 13 0 1 20 1  0
10.0987 13842977 850.512 4 1571 89.6685 1 13842977 13842978 13 0 1 20 1  0
13.93 13842843 850.504 5 1583 91.6116 2 13772809 13772827 13 0 1 20 1  0
10.3218 13837835 850.197 4 1588 92.4334 1 13837835 13837836 13 0 1 20 1  0
13.3524 13877244 852.618 12 1738 120.779 200 13875806 13879606 13 0 1 20 1  0
10.0594 13772176 846.162 5 1616 97.1717 1 13772176 13772177 13 0 1 20 1  0
10.0993 13771421 846.116 5 1664 105.859 5 13771421 13771422 13 0 1 20 1  0
10.0279 13771579 846.126 4 1668 106.616 1 13771579 13771580 13 0 1 20 1  0
10.1493 13770930 846.086 5 1671 107.188 2 13770930 13770931 13 0 1 20 1  0
10.0479 13875942 852.538 5 1751 123.607 1 13875942 13875943 13 0 1 20 1  0
10.0078 13876081 852.546 5 1758 125.157 1 13876081 13876082 13 0 1 20 1  0
10.0569 13875533 852.513 5 1799 134.631 1 13875533 13875534 13 0 1 20 1  0
11.2086 13777368 846.481 12 1962 179.886 3 13773724 13781240 13 0 1 20 1  0
0 13629440 837.393 12 1962 179.886 1 13890812 13891586 13 0 1 20 1  0
10.7739 13861908 851.676 12 2196 272.547 5 13860776 13863424 13 0 1 20 1  0
10.7004 13863036 851.745 6 2170 260.255 2 13861190 13861192 13 0 1 20 1  0
0 13629440 837.393 6 2170 260.255 3 13862138 13862142 13 0 1 20 1  0
11.9427 6641626 408.061 2 2732 705.314 1 6641227 6641813 13 0 1 20 1 1
