23.7991 647365 39.7741 8 0 0 1 522519 522522 13 0 1 20 1  0
23.8091 648989 39.8739 8 0 0 1 522529 522534 13 0 1 20 1  0
23.7368 767979 47.1846 8 0 0 1 522537 522539 13 0 1 20 1  0
18.0838 522574 32.1069 2 1 0.0197462 3327 522525 522531 13 0 1 20 1  0
30.9964 643448 39.5334 1 0 0 1 522520 522523 13 0 1 20 1  0
29.0524 721686 44.3404 1 0 0 1 522529 522541 13 0 1 20 1  0
27.7798 675396 41.4963 3 0 0 156 522518 522542 13 0 1 20 1  0
11.978 780031 47.9251 1 1 0.0197462 1 522573 522576 13 0 1 20 1  0
25.1709 677027 41.5965 4 3 0.059238 14 522515 522531 13 0 1 20 1  0
11.9262 659748 40.5349 2 4 0.0789836 1 522517 522527 13 0 1 20 1  0
12.3295 524439 32.2215 5 7 0.13822 4 524434 524448 13 0 1 20 1  0
14.5221 781186 47.9961 12 444 9.68046 91 779970 784386 13 0 1 20 1  0
10.0699 524621 32.2327 4 91 1.80349 1 524621 524622 13 0 1 20 1  0
11.5184 776409 47.7026 8 1434 70.1613 31 776253 776968 13 0 1 20 1  0
14.9988 773134 47.5014 12 1771 128.087 33 769168 776112 13 0 1 20 1  0
10.9931 736864 45.2729 12 2123 239.424 1 648366 650882 13 0 1 20 1  0
0 522240 32.0864 12 2123 239.424 2 735726 738774 13 0 1 20 1  0
12.2227 648460 39.8414 12 2129 241.988 1 647020 651630 13 0 1 20 1  0
10.2256 784384 48.1926 12 2267 309.143 1 784326 784386 13 0 1 20 1  0
10.4693 522244 32.0867 12 3250 1767.39 1 522240 522564 13 0 1 20 1  0
22.4557 784604 48.2061 8 0 0 868 784604 784605 13 0 1 20 1  0
22.0847 1040842 63.9493 8 0 0 1 785263 785265 13 0 1 20 1  0
10.7432 784563 48.2035 1 0 0 1 784563 784564 13 0 1 20 1  0
27.3726 808732 49.6885 1 0 0 2 784604 784606 13 0 1 20 1  0
24.9609 1010522 62.0865 1 0 0 1 785264 785265 13 0 1 20 1  0
0 784384 48.1926 1 0 0 1154 785858 785859 13 0 1 20 1  0
12.9403 843608 51.8313 3 0 0 3 785904 785908 13 0 1 20 1  0
11.5667 785907 48.2861 1 1 0.0197462 6 785907 785908 13 0 1 20 1  0
11.4253 791775 48.6467 1 1 0.0197462 1 791775 791776 13 0 1 20 1  0
11.8321 837095 51.4311 2 1 0.0197462 1 791776 791777 13 0 1 20 1  0
12.6599 840677 51.6512 2 2 0.0394922 1 785905 785907 13 0 1 20 1  0
10.4231 784601 48.2059 2 3 0.059238 2 784601 784602 13 0 1 20 1  0
12.5096 792755 48.7069 2 3 0.059238 3 785904 785906 13 0 1 20 1  0
11.8064 802531 49.3075 3 3 0.059238 1 792757 792758 13 0 1 20 1  0
12.7547 851435 52.3122 3 4 0.0789836 4 785903 785906 13 0 1 20 1  0
15.2799 784552 48.2029 12 19 0.375194 21 784384 788288 13 0 1 20 1  0
14.0227 1046740 64.3117 8 0 0 30994 1046740 1046741 13 0 1 20 1  0
23.4978 1055841 64.8709 8 0 0 1 1047007 1047009 13 0 1 20 1  0
23.0488 1232231 75.7083 8 0 0 5 1047332 1047334 13 0 1 20 1  0
22.8093 1306897 80.2957 8 0 0 1 1047367 1047368 13 0 1 20 1  0
11.9565 1046679 64.308 1 0 0 1 1046679 1046680 13 0 1 20 1  0
29.9902 1232232 75.7083 1 0 0 3 1046740 1046742 13 0 1 20 1  0
10.7864 1047334 64.3482 2 0 0 1 1047334 1047335 13 0 1 20 1  0
34.0373 1269766 78.0144 3 0 0 5 1065619 1065627 13 0 1 20 1  0
28.781 1248875 76.7309 5 2 0.0394922 101 1080933 1080958 13 0 1 20 1  0
70.9935 1252733 76.9679 10 487 10.8323 21720 1245183 1247419 13 0 1 20 1  0
11.3522 1071816 65.8524 1 1 0.0197462 1 1071816 1071817 13 0 1 20 1  0
15.3376 1238092 76.0684 3 7 0.13822 23 1080930 1080943 13 0 1 20 1  0
10.5 1049323 64.4704 2 1 0.0197462 1 1049323 1049324 13 0 1 20 1  0
19.2144 1246626 76.5927 2 1 0.0197462 1 1080942 1080957 13 0 1 20 1  0
10.1439 1065620 65.4717 3 3 0.059238 2 1065620 1065621 13 0 1 20 1  0
21.5033 1248046 76.6799 6 97 1.92346 212 1232027 1232058 13 0 1 20 1  0
22.0707 1080943 66.4131 4 4 0.0789836 12 1080933 1080950 13 0 1 20 1  0
10.5072 1061706 65.2312 2 4 0.0789836 1 1061706 1061707 13 0 1 20 1  0
13.1943 1246239 76.5689 3 10 0.197458 4 1080924 1080938 13 0 1 20 1  0
15.6047 1246537 76.5872 4 11 0.217204 24 1080922 1080935 13 0 1 20 1  0
12.3482 1239386 76.1479 4 15 0.296194 1 1080915 1080927 13 0 1 20 1  0
10.152 1246360 76.5764 3 94 1.86345 3 1246360 1246361 13 0 1 20 1  0
10.4849 1253476 77.0136 2 85 1.68372 1 1246724 1246740 13 0 1 20 1  0
10.2798 1246692 76.5968 2 101 2.00355 2 1246692 1246693 13 0 1 20 1  0
10.2113 1248431 76.7036 2 223 4.51263 5 1248431 1248432 13 0 1 20 1  0
10.478 1248356 76.699 2 235 4.76877 17 1248356 1248357 13 0 1 20 1  0
10.319 1247290 76.6335 3 376 7.97107 6 1247290 1247291 13 0 1 20 1  0
10.2407 1247166 76.6259 4 430 9.31787 4 1247166 1247167 13 0 1 20 1  0
10.1202 1247093 76.6214 3 463 10.1821 3 1247093 1247094 13 0 1 20 1  0
10.4526 1247000 76.6157 3 479 10.6135 6 1247000 1247001 13 0 1 20 1  0
10.0764 1246949 76.6125 3 503 11.2766 1 1246949 1246950 13 0 1 20 1  0
10.1279 1246909 76.6101 3 528 11.9892 1 1246909 1246910 13 0 1 20 1  0
12.2621 1248553 76.7111 2 1210 46.8068 11 1248379 1248385 13 0 1 20 1  0
12.3582 1248578 76.7126 2 1202 46.1291 4 1248444 1248447 13 0 1 20 1  0
12.0276 1248435 76.7038 2 1231 48.6309 3 1248101 1248105 13 0 1 20 1  0
10.4467 1248389 76.701 2 1195 45.5438 2 1248389 1248390 13 0 1 20 1  0
10.5125 1248367 76.6997 2 1201 46.0451 5 1248367 1248368 13 0 1 20 1  0
10.0063 1248228 76.6911 3 1202 46.1291 1 1248228 1248229 13 0 1 20 1  0
10.3686 1248282 76.6944 2 1222 47.8411 6 1248282 1248283 13 0 1 20 1  0
10.1631 1248136 76.6855 3 1214 47.1492 2 1248136 1248137 13 0 1 20 1  0
10.0831 1248305 76.6959 2 1212 46.9777 1 1248305 1248306 13 0 1 20 1  0
10.0919 1248078 76.6819 3 1212 46.9777 1 1248078 1248079 13 0 1 20 1  0
10.0119 1242406 76.3334 6 1235 48.986 1 1242406 1242407 13 0 1 20 1  0
10.1948 1246818 76.6045 2 1352 60.5392 1 1246818 1246819 13 0 1 20 1  0
11.9001 1246912 76.6103 2 1365 61.9742 1 1246744 1246745 13 0 1 20 1  0
10.0896 1246341 76.5752 3 1371 62.6476 1 1246341 1246342 13 0 1 20 1  0
10.649 1245837 76.5442 2 1427 69.2849 1 1245837 1245838 13 0 1 20 1  0
10.1278 1240203 76.1981 6 1438 70.6669 1 1240203 1240204 13 0 1 20 1  0
10.0402 1239718 76.1683 5 1475 75.5156 3 1239718 1239719 13 0 1 20 1  0
10.4192 1242802 76.3577 3 1603 94.9427 2 1242802 1242803 13 0 1 20 1  0
10.4511 1241271 76.2637 3 1691 111.078 1 1241271 1241273 13 0 1 20 1  0
0 1046528 64.2987 12 1761 125.827 3 1255498 1256104 13 0 1 20 1  0
10.0296 1237270 76.0179 4 1830 142.264 1 1237270 1237271 13 0 1 20 1  0
10.0965 1224858 75.2553 6 2127 241.13 1 1224858 1224859 13 0 1 20 1  0
10.1935 1226336 75.3461 4 2137 245.449 1 1226336 1226338 13 0 1 20 1  0
11.3597 1194431 73.3858 10 2566 525.436 11 1189696 1190324 13 0 1 20 1  0
10.9002 1161625 71.3702 11 2776 762.557 4 1160647 1161973 13 0 1 20 1  0
22.673 1308849 80.4157 8 0 0 3615 1308849 1308850 13 0 1 20 1  0
22.8596 1484948 91.2352 8 0 0 1 1309320 1309321 13 0 1 20 1  0
26.1966 1357439 83.401 1 0 0 1 1308849 1308851 13 0 1 20 1  0
27.8229 1484949 91.2353 1 0 0 1 1308999 1309000 13 0 1 20 1  0
32.1258 1570644 96.5004 2 0 0 1 1308848 1308850 13 0 1 20 1  0
27.3621 1546315 95.0056 3 0 0 176 1319613 1319618 13 0 1 20 1  0
21.7897 1569275 96.4163 10 4 0.0789836 261 1546631 1546673 13 0 1 20 1  0
11.7462 1319616 81.0772 2 1 0.0197462 4 1319616 1319617 13 0 1 20 1  0
11.4736 1499630 92.1373 1 1 0.0197462 1 1332982 1332983 13 0 1 20 1  0
18.4291 1542237 94.755 2 1 0.0197462 6 1348960 1348961 13 0 1 20 1  0
14.0842 1318636 81.017 2 2 0.0394922 3 1318636 1318637 13 0 1 20 1  0
10.9272 1316025 80.8566 2 3 0.059238 1 1316025 1316026 13 0 1 20 1  0
12.8962 1367549 84.0222 2 3 0.059238 1 1317655 1317656 13 0 1 20 1  0
11.7569 1437658 88.3297 2 4 0.0789836 1 1319611 1319612 13 0 1 20 1  0
16.0403 1564107 96.0987 3 4 0.0789836 4 1319612 1319614 13 0 1 20 1  0
11.4402 1461464 89.7923 2 5 0.0987291 2 1324180 1324181 13 0 1 20 1  0
10.284 1338848 82.2588 3 5 0.0987291 1 1338848 1338849 13 0 1 20 1  0
10.0747 1353196 83.1404 2 6 0.118475 1 1353196 1353197 13 0 1 20 1  0
14.9288 1566073 96.2195 3 6 0.118475 1 1461462 1461465 13 0 1 20 1  0
10.4441 1563768 96.0779 3 14 0.276446 1 1546281 1546293 13 0 1 20 1  0
27.7332 1570802 96.5101 12 2548 508.925 2109 1531140 1538350 13 0 1 20 1  0
0 1308672 80.4048 12 1328 57.974 1 1570632 1570818 13 0 1 20 1  0
0 1308672 80.4048 8 1646 102.515 741 1564531 1564705 13 0 1 20 1  0
10.0963 1508106 92.658 12 2751 729.486 1 1507986 1508182 13 0 1 20 1  0
20.5613 1697290 104.281 8 0 0 1 1571257 1571269 13 0 1 20 1  0
20.4204 1783061 109.551 8 0 0 1 1571405 1571406 13 0 1 20 1  0
34.3851 1576790 96.878 11 15 0.296194 20113 1570816 1598700 13 0 1 20 1  0
25.5711 1598540 98.2143 1 0 0 8 1571258 1571270 13 0 1 20 1  0
25.9872 1793182 110.173 1 0 0 1 1571406 1571436 13 0 1 20 1  0
34.5168 1580040 97.0777 3 0 0 2 1571256 1571271 13 0 1 20 1  0
31.3023 1598397 98.2055 2 0 0 4 1571404 1571436 13 0 1 20 1  0
10.8744 1697290 104.281 1 1 0.0197462 1 1571256 1571259 13 0 1 20 1  0
12.0127 1731201 106.365 2 3 0.059238 1 1571253 1571257 13 0 1 20 1  0
10.7189 1740339 106.926 2 4 0.0789836 1 1571251 1571255 13 0 1 20 1  0
18.7703 1596074 98.0628 4 5 0.0987291 6 1571247 1571254 13 0 1 20 1  0
12.5291 1598348 98.2025 3 7 0.13822 2 1571244 1571250 13 0 1 20 1  0
12.1393 1598151 98.1904 3 8 0.157966 1 1571242 1571249 13 0 1 20 1  0
12.1299 1598017 98.1822 4 11 0.217204 1 1571238 1571244 13 0 1 20 1  0
10.3391 1597689 98.162 4 13 0.256698 1 1588558 1588560 13 0 1 20 1  0
25.9788 1592483 97.8422 9 35 0.691372 146 1573705 1580157 13 0 1 20 1  0
13.8315 1588380 97.5901 5 192 3.86003 88 1582830 1583031 13 0 1 20 1  0
10.9749 1596554 98.0923 6 465 10.2356 2 1576466 1576584 13 0 1 20 1  0
10.6314 1596858 98.111 6 471 10.3967 2 1575379 1575385 13 0 1 20 1  0
10.0189 1574696 96.7493 6 478 10.5863 1 1574696 1574697 13 0 1 20 1  0
16.958 1587461 97.5336 9 1558 87.6094 1245 1570816 1572268 13 0 1 20 1  0
15.9708 1588223 97.5804 9 1509 80.2575 64 1587585 1589026 13 0 1 20 1  0
10.1074 1570915 96.517 9 2076 220.257 1 1570890 1570921 13 0 1 20 1  0
19.5073 1833292 112.637 8 0 0 931 1833292 1833293 13 0 1 20 1  0
19.5255 2008107 123.378 8 0 0 1 1833590 1833591 13 0 1 20 1  0
10.2864 1833105 112.626 1 0 0 1 1833105 1833106 13 0 1 20 1  0
24.2789 1961151 120.493 1 0 0 1 1833292 1833294 13 0 1 20 1  0
24.9755 2040075 125.342 1 0 0 1 1833591 1833592 13 0 1 20 1  0
17.1902 2088484 128.316 1 0 0 1 1833620 1833623 13 0 1 20 1  0
0 1832960 112.617 1 0 0 1232 1834078 1834079 13 0 1 20 1  0
20.0848 1923634 118.188 2 0 0 14 1833291 1833294 13 0 1 20 1  0
10.4118 1860043 114.281 1 1 0.0197462 1 1860043 1860044 13 0 1 20 1  0
10.5221 2021482 124.2 1 1 0.0197462 1 1873408 1873409 13 0 1 20 1  0
11.4361 1833289 112.637 2 3 0.059238 3 1833289 1833290 13 0 1 20 1  0
11.6372 1982664 121.815 2 3 0.059238 1 1840467 1840468 13 0 1 20 1  0
10.781 2049529 125.923 2 4 0.0789836 1 1844708 1844709 13 0 1 20 1  0
10.0247 1906022 117.106 3 4 0.0789836 1 1906022 1906023 13 0 1 20 1  0
10.2159 2029958 124.721 2 5 0.0987291 1 1923629 1923632 13 0 1 20 1  0
10.22 1997193 122.708 3 10 0.197458 1 1997193 1997194 13 0 1 20 1  0
10.8647 2095171 128.727 8 0 0 763 2095171 2095172 13 0 1 20 1  0
19.5187 2198238 135.06 8 0 0 1 2095489 2095490 13 0 1 20 1  0
19.4463 2352113 144.514 8 0 0 1 2095530 2095531 13 0 1 20 1  0
21.7773 2127151 130.692 1 0 0 1 2095489 2095491 13 0 1 20 1  0
20.8023 2332914 143.334 1 0 0 1 2095530 2095531 13 0 1 20 1  0
0 2095104 128.723 1 0 0 793 2095846 2095847 13 0 1 20 1  0
17.5119 2192049 134.679 2 0 0 2 2096822 2096824 13 0 1 20 1  0
10.3743 2096822 128.829 1 1 0.0197462 1 2096822 2096823 13 0 1 20 1  0
11.3056 2235414 137.344 2 2 0.0394922 2 2101652 2101653 13 0 1 20 1  0
11.4514 2101386 129.109 2 1 0.0197462 2 2101386 2101387 13 0 1 20 1  0
10.5524 2101650 129.125 2 3 0.059238 2 2101650 2101651 13 0 1 20 1  0
10.9277 2237042 137.444 2 3 0.059238 3 2143125 2143126 13 0 1 20 1  0
10.2144 2133514 131.083 12 1608 95.794 1 2133326 2133836 13 0 1 20 1  0
12.4683 2357496 144.845 8 0 0 741 2357496 2357497 13 0 1 20 1  0
20.3393 2391276 146.92 8 0 0 1 2357541 2357542 13 0 1 20 1  0
20.2285 2560157 157.296 8 0 0 1 2357977 2357978 13 0 1 20 1  0
12.8074 2357497 144.845 1 0 0 1 2357497 2357498 13 0 1 20 1  0
24.7245 2550704 156.715 1 0 0 6 2357541 2357542 13 0 1 20 1  0
18.3169 2610040 160.361 1 0 0 1 2357978 2357979 13 0 1 20 1  0
0 2357248 144.829 1 0 0 755 2358633 2358634 13 0 1 20 1  0
19.001 2516462 154.611 2 0 0 1 2363229 2363232 13 0 1 20 1  0
12.5943 2531137 155.513 3 0 0 1 2516460 2516466 13 0 1 20 1  0
10.3025 2382142 146.359 1 1 0.0197462 1 2382142 2382143 13 0 1 20 1  0
10.594 2508319 154.111 1 1 0.0197462 1 2417349 2417350 13 0 1 20 1  0
10.1155 2558521 157.196 2 1 0.0197462 1 2558521 2558522 13 0 1 20 1  0
10.7168 2474413 152.028 2 2 0.0394922 4 2474413 2474414 13 0 1 20 1  0
10.2979 2379200 146.178 2 3 0.059238 1 2379200 2379201 13 0 1 20 1  0
10.3433 2417345 148.522 2 5 0.0987291 2 2417345 2417346 13 0 1 20 1  0
13.1871 2554330 156.938 12 1917 166.062 6 2551850 2557548 13 0 1 20 1  0
10.6102 2547510 156.519 12 2375 374.436 1 2547304 2549260 13 0 1 20 1  0
10.1914 2407662 147.927 12 2590 548.286 1 2407646 2408862 13 0 1 20 1  0
12.6697 2619637 160.95 8 0 0 764 2619637 2619638 13 0 1 20 1  0
19.7965 2723180 167.312 8 0 0 1 2620111 2620112 13 0 1 20 1  0
19.8062 2828822 173.803 8 0 0 1 2620150 2620151 13 0 1 20 1  0
24.6109 2685362 164.989 1 0 0 2 2619637 2619639 13 0 1 20 1  0
24.8871 2835348 174.204 1 0 0 1 2619671 2619672 13 0 1 20 1  0
0 2619392 160.935 1 0 0 765 2620150 2620151 13 0 1 20 1  0
19.3705 2701983 166.01 2 0 0 3 2621454 2621456 13 0 1 20 1  0
10.3952 2824586 173.543 1 1 0.0197462 1 2731004 2731005 13 0 1 20 1  0
10.8682 2717958 166.991 2 2 0.0394922 3 2717958 2717959 13 0 1 20 1  0
10.1476 2863713 175.947 2 1 0.0197462 1 2759703 2759704 13 0 1 20 1  0
10.8369 2731003 167.793 2 2 0.0394922 1 2731003 2731004 13 0 1 20 1  0
10.6442 2656984 163.245 2 3 0.059238 1 2656984 2656985 13 0 1 20 1  0
11.8281 2787738 171.279 2 3 0.059238 1 2684052 2684053 13 0 1 20 1  0
10.4998 2709489 166.471 2 4 0.0789836 1 2709489 2709490 13 0 1 20 1  0
10.5298 2881969 177.068 8 0 0 813 2881969 2881970 13 0 1 20 1  0
19.5611 3052807 187.564 8 0 0 1 2882109 2882111 13 0 1 20 1  0
19.5903 3140514 192.953 8 0 0 1 2882153 2882154 13 0 1 20 1  0
11.5962 2881970 177.068 1 0 0 1 2881970 2881971 13 0 1 20 1  0
24.1101 3140515 192.953 1 0 0 3 2882110 2882111 13 0 1 20 1  0
0 2881536 177.042 1 0 0 778 2882154 2882155 13 0 1 20 1  0
10.0449 2882110 177.077 2 0 0 1 2882110 2882111 13 0 1 20 1  0
12.5715 2966410 182.256 2 1 0.0197462 2 2966409 2966411 13 0 1 20 1  0
10.3648 2896638 177.969 1 1 0.0197462 1 2896638 2896639 13 0 1 20 1  0
10.4819 3096822 190.269 1 1 0.0197462 1 2917186 2917187 13 0 1 20 1  0
11.1477 3031721 186.269 7 2 0.0394922 2 3020294 3020315 13 0 1 20 1  0
11.4641 2910338 178.811 2 2 0.0394922 2 2910338 2910339 13 0 1 20 1  0
12.4996 2979086 183.035 3 5 0.0987291 7 2979085 2979088 13 0 1 20 1  0
10.8548 2925985 179.773 3 2 0.0394922 2 2925985 2925986 13 0 1 20 1  0
10.0248 2889461 177.528 2 3 0.059238 1 2889461 2889462 13 0 1 20 1  0
11.2131 3118342 191.591 2 3 0.059238 3 2895665 2895666 13 0 1 20 1  0
10.0041 3122243 191.831 2 5 0.0987291 1 3122243 3122244 13 0 1 20 1  0
10.1497 2930215 180.032 3 6 0.118475 1 2930215 2930216 13 0 1 20 1  0
10.5263 2912667 178.954 11 1573 89.9895 2 2912487 2913002 13 0 1 20 1  0
10.5078 2908490 178.698 12 1807 136.561 1 2907626 2908766 13 0 1 20 1  0
13.2616 2883995 177.193 11 2373 373.11 12 2881536 2885961 13 0 1 20 1  0
15.8928 3143747 193.152 8 0 0 888 3143747 3143748 13 0 1 20 1  0
20.0407 3217792 197.701 8 0 0 1 3143775 3143776 13 0 1 20 1  0
21.2738 3241268 199.143 1 0 0 1 3143747 3143749 13 0 1 20 1  0
23.7523 3382129 207.798 1 0 0 1 3143775 3143777 13 0 1 20 1  0
0 3143680 193.148 1 0 0 792 3144069 3144070 13 0 1 20 1  0
10.0551 3143776 193.154 2 0 0 1 3143776 3143777 13 0 1 20 1  0
17.5133 3373649 207.277 2 0 0 2 3144105 3144108 13 0 1 20 1  0
10.0473 3200838 196.659 3 0 0 1 3200838 3200839 13 0 1 20 1  0
10.2553 3216813 197.641 1 1 0.0197462 1 3216813 3216814 13 0 1 20 1  0
10.538 3221377 197.921 1 1 0.0197462 1 3221377 3221378 13 0 1 20 1  0
10.1236 3330616 204.633 2 1 0.0197462 1 3330616 3330617 13 0 1 20 1  0
10.116 3228871 198.382 2 2 0.0394922 1 3228871 3228872 13 0 1 20 1  0
11.1753 3338433 205.113 2 2 0.0394922 1 3338433 3338434 13 0 1 20 1  0
10.0924 3194631 196.278 2 3 0.059238 1 3194631 3194632 13 0 1 20 1  0
11.2521 3250721 199.724 2 3 0.059238 2 3250721 3250722 13 0 1 20 1  0
10.4647 3199199 196.559 2 4 0.0789836 2 3199199 3199200 13 0 1 20 1  0
11.3257 3405481 209.233 11 3144 1464.52 1 3404773 3405713 13 0 1 20 1  0
10.6537 3144792 193.216 12 3178 1555.54 1 3144060 3145076 13 0 1 20 1  0
13.6579 3406223 209.278 8 0 0 953 3406223 3406224 13 0 1 20 1  0
19.9929 3548747 218.035 8 0 0 1 3406745 3406746 13 0 1 20 1  0
19.9988 3666152 225.248 8 0 0 1 3407046 3407047 13 0 1 20 1  0
24.4639 3531147 216.954 1 0 0 2 3406223 3406225 13 0 1 20 1  0
24.6366 3658007 224.748 1 0 0 5 3407046 3407048 13 0 1 20 1  0
0 3405824 209.254 1 0 0 999 3407088 3407089 13 0 1 20 1  0
17.8293 3568651 219.258 2 0 0 2 3413103 3413106 13 0 1 20 1  0
12.6855 3526250 216.653 3 0 0 4 3434949 3434952 13 0 1 20 1  0
10.5051 3557561 218.577 1 1 0.0197462 1 3531146 3531147 13 0 1 20 1  0
12.3778 3596093 220.944 3 5 0.0987291 8 3596092 3596096 13 0 1 20 1  0
10.2613 3486467 214.209 2 2 0.0394922 1 3486467 3486468 13 0 1 20 1  0
10.0326 3517121 216.092 2 3 0.059238 1 3517121 3517122 13 0 1 20 1  0
10.7118 3663550 225.089 2 4 0.0789836 2 3531142 3531144 13 0 1 20 1  0
20.7728 3669092 225.429 8 0 0 888 3668444 3668445 13 0 1 20 1  0
20.8605 3834466 235.59 8 0 0 1 3668723 3668724 13 0 1 20 1  0
26.727 3737916 229.658 1 0 0 3 3668444 3668446 13 0 1 20 1  0
24.4426 3787166 232.683 1 0 0 3 3668723 3668724 13 0 1 20 1  0
0 3667968 225.36 1 0 0 1000 3669091 3669094 13 0 1 20 1  0
10.3738 3703668 227.553 1 1 0.0197462 1 3703668 3703669 13 0 1 20 1  0
10.1898 3729109 229.116 2 1 0.0197462 1 3729109 3729110 13 0 1 20 1  0
10.6522 3774446 231.902 2 1 0.0197462 1 3774446 3774447 13 0 1 20 1  0
10.7109 3721274 228.635 2 2 0.0394922 1 3721274 3721275 13 0 1 20 1  0
11.0784 3748998 230.338 2 2 0.0394922 1 3729107 3729108 13 0 1 20 1  0
10.6055 3698454 227.233 2 4 0.0789836 2 3698453 3698455 13 0 1 20 1  0
11.3435 3734322 229.437 2 3 0.059238 3 3722908 3722909 13 0 1 20 1  0
12.8973 3930333 241.48 8 0 0 835 3930333 3930334 13 0 1 20 1  0
20.878 4046515 248.618 8 0 0 1 3930364 3930365 13 0 1 20 1  0
20.8586 4138843 254.291 8 0 0 1 3930859 3930860 13 0 1 20 1  0
11.6029 3930333 241.48 1 0 0 1 3930333 3930334 13 0 1 20 1  0
23.845 4046515 248.618 1 0 0 2 3930364 3930366 13 0 1 20 1  0
24.2963 4114047 252.767 1 0 0 9 3930859 3930860 13 0 1 20 1  0
0 3930112 241.466 1 0 0 854 3931161 3931163 13 0 1 20 1  0
10.1581 4036075 247.976 2 5 0.0987291 2 4036075 4036076 13 0 1 20 1  0
10.4493 4191270 257.512 12 1613 96.6528 1 4190710 4191550 13 0 1 20 1  0
10.3862 3973712 244.145 12 1705 113.884 1 3973012 3974340 13 0 1 20 1  0
11.5839 4192287 257.574 8 0 0 959 4192287 4192288 13 0 1 20 1  0
23.1165 4244557 260.786 8 0 0 1 4192499 4192501 13 0 1 20 1  0
22.8439 4423035 271.751 8 0 0 1 4192814 4192816 13 0 1 20 1  0
14.4621 4192500 257.587 1 0 0 1 4192500 4192501 13 0 1 20 1  0
28.2422 4252389 261.267 1 0 0 9 4192814 4192816 13 0 1 20 1  0
0 4192256 257.572 1 0 0 1080 4193471 4193473 13 0 1 20 1  0
10.5787 4203769 258.28 1 1 0.0197462 1 4203769 4203770 13 0 1 20 1  0
10.8323 4273915 262.589 1 1 0.0197462 1 4250099 4250100 13 0 1 20 1  0
12.347 4417487 271.41 2 2 0.0394922 3 4417487 4417488 13 0 1 20 1  0
11.6369 4244554 260.785 2 3 0.059238 1 4244554 4244555 13 0 1 20 1  0
10.8457 4250095 261.126 2 4 0.0789836 1 4250095 4250096 13 0 1 20 1  0
11.3397 4192302 257.575 12 1483 76.606 20 4192256 4194284 13 0 1 20 1  0
12.9687 4454648 273.694 8 0 0 800 4454648 4454649 13 0 1 20 1  0
20.1543 4482747 275.42 8 0 0 1 4455144 4455145 13 0 1 20 1  0
19.1899 4686851 287.96 8 0 0 1 4455182 4455183 13 0 1 20 1  0
11.0014 4454649 273.694 1 0 0 1 4454649 4454650 13 0 1 20 1  0
19.2632 4618958 283.789 1 0 0 1 4455144 4455146 13 0 1 20 1  0
18.6852 4686852 287.96 1 0 0 1 4455182 4455184 13 0 1 20 1  0
0 4454400 273.678 1 0 0 693 4455621 4455622 13 0 1 20 1  0
17.748 4467736 274.498 2 0 0 4 4466243 4466246 13 0 1 20 1  0
10.1029 4489921 275.861 2 3 0.059238 1 4489921 4489922 13 0 1 20 1  0
10.3505 4621632 283.953 12 162 3.23946 1 4621554 4623576 13 0 1 20 1  0
13.7523 4716667 289.792 8 0 0 823 4716667 4716668 13 0 1 20 1  0
19.4174 4769379 293.031 8 0 0 1 4717000 4717002 13 0 1 20 1  0
19.5278 4933183 303.095 8 0 0 1 4717035 4717036 13 0 1 20 1  0
11.0415 4716668 289.792 1 0 0 1 4716668 4716669 13 0 1 20 1  0
19.184 4769380 293.031 1 0 0 2 4717001 4717002 13 0 1 20 1  0
16.2271 4959809 304.731 1 0 0 1 4717035 4717037 13 0 1 20 1  0
0 4716544 289.784 1 0 0 665 4717654 4717655 13 0 1 20 1  0
10.3212 4967108 305.179 12 2462 436.923 1 4965770 4967212 13 0 1 20 1  0
15.3494 4978693 305.891 8 0 0 840 4978693 4978694 13 0 1 20 1  0
20.0325 5022797 308.601 8 0 0 1 4978731 4978732 13 0 1 20 1  0
18.4114 5184141 318.514 8 0 0 1 4979194 4979195 13 0 1 20 1  0
14.2049 4978694 305.891 1 0 0 776 4978694 4978695 13 0 1 20 1  0
23.4557 5022797 308.601 1 0 0 2 4978731 4978733 13 0 1 20 1  0
18.0878 5211757 320.21 1 0 0 1 4979194 4979196 13 0 1 20 1  0
10.3422 4987680 306.443 2 0 0 1 4987680 4987681 13 0 1 20 1  0
10.5982 5014645 308.1 11 12 0.236951 3 5014465 5014832 13 0 1 20 1  0
12.4851 4979212 305.923 12 2265 308.048 1 4978688 4982104 13 0 1 20 1  0
14.5239 5241088 322.012 8 0 0 862 5241088 5241089 13 0 1 20 1  0
20.082 5271615 323.888 8 0 0 1 5241750 5241751 13 0 1 20 1  0
20.6395 5434126 333.873 8 0 0 1 5242073 5242074 13 0 1 20 1  0
12.8874 5241089 322.012 1 0 0 1 5241089 5241090 13 0 1 20 1  0
19.6436 5271616 323.888 1 0 0 1 5241751 5241752 13 0 1 20 1  0
20.9822 5434127 333.873 1 0 0 1 5242073 5242075 13 0 1 20 1  0
0 5240832 321.997 1 0 0 924 5242112 5242113 13 0 1 20 1  0
10.5878 5246366 322.337 2 0 0 1 5246366 5246367 13 0 1 20 1  0
13.477 5428580 333.532 2 0 0 1 5250271 5250272 13 0 1 20 1  0
13.5339 5503132 338.112 8 0 0 890 5503132 5503133 13 0 1 20 1  0
19.8746 5718166 351.324 8 0 0 1 5503167 5503168 13 0 1 20 1  0
19.0688 5604440 344.337 1 0 0 1 5503132 5503134 13 0 1 20 1  0
18.3937 5684373 349.248 1 0 0 1 5503167 5503168 13 0 1 20 1  0
0 5502976 338.103 1 0 0 901 5503475 5503476 13 0 1 20 1  0
12.4787 5672306 348.506 2 0 0 1 5504809 5504811 13 0 1 20 1  0
10.6842 5548188 340.881 2 1 0.0197462 1 5548188 5548190 13 0 1 20 1  0
10.665 5663425 347.961 7 4 0.0789836 3 5663416 5663475 13 0 1 20 1  0
11.1669 5588166 343.337 12 1495 78.2706 6 5587672 5589410 13 0 1 20 1  0
12.2776 5765120 354.209 12 2747 724.33 5 5763576 5765122 13 0 1 20 1  0
15.9144 5765149 354.211 8 0 0 1806 5765149 5765150 13 0 1 20 1  0
20.104 5969401 366.76 8 0 0 1 5765452 5765453 13 0 1 20 1  0
18.4858 5877863 361.136 1 0 0 1 5765452 5765453 13 0 1 20 1  0
18.5335 5963856 366.419 1 0 0 1 5765504 5765505 13 0 1 20 1  0
10.1026 5770712 354.553 2 0 0 1 5770712 5770713 13 0 1 20 1  0
18.5691 5844949 359.114 2 0 0 121 5779657 5779659 13 0 1 20 1  0
18.8796 5844290 359.073 3 0 0 1 5841342 5841350 13 0 1 20 1  0
10.0416 5947546 365.417 1 1 0.0197462 1 5947546 5947547 13 0 1 20 1  0
10.1701 5841344 358.892 3 1 0.0197462 1 5841344 5841345 13 0 1 20 1  0
11.1269 6005940 369.005 2 2 0.0394922 2 5844947 5844949 13 0 1 20 1  0
10.2903 5842741 358.978 4 2 0.0394922 1 5842741 5842742 13 0 1 20 1  0
10.7808 6009206 369.206 2 3 0.059238 1 6009206 6009207 13 0 1 20 1  0
13.699 5798426 356.255 12 2471 443.954 5 5795704 5800854 13 0 1 20 1  0
15.7218 6027440 370.326 8 0 0 969 6027440 6027441 13 0 1 20 1  0
20.3717 6097306 374.618 8 0 0 1 6027470 6027471 13 0 1 20 1  0
20.4469 6260473 384.643 8 0 0 1 6027797 6027798 13 0 1 20 1  0
21.2929 6047377 371.551 1 0 0 1 6027440 6027442 13 0 1 20 1  0
22.2652 6239583 383.36 1 0 0 2 6027471 6027472 13 0 1 20 1  0
0 6027264 370.315 1 0 0 970 6028090 6028091 13 0 1 20 1  0
11.0607 6029250 370.437 2 0 0 1 6029250 6029251 13 0 1 20 1  0
17.9164 6286426 386.238 3 0 0 10 6254434 6254443 13 0 1 20 1  0
10.2541 6088821 374.097 1 1 0.0197462 1 6088821 6088822 13 0 1 20 1  0
14.7745 6254438 384.273 3 2 0.0394922 13 6254435 6254442 13 0 1 20 1  0
10.2075 6084577 373.836 2 3 0.059238 1 6084577 6084578 13 0 1 20 1  0
10.3454 6097303 374.618 2 3 0.059238 1 6097303 6097304 13 0 1 20 1  0
10.1181 6220782 382.205 12 2147 249.845 1 6220664 6220842 13 0 1 20 1  0
15.9323 6289471 386.425 8 0 0 3529 6289471 6289472 13 0 1 20 1  0
21.0439 6325411 388.633 8 0 0 1 6289504 6289505 13 0 1 20 1  0
20.8223 6453349 396.494 8 0 0 43 6289973 6289974 13 0 1 20 1  0
30.4464 6508705 399.895 2 0 0 100 6291280 6291283 13 0 1 20 1  0
23.4158 6332585 389.074 1 0 0 2 6289471 6289473 13 0 1 20 1  0
30.8428 6458139 396.788 3 0 0 17 6336828 6336832 13 0 1 20 1  0
24.8414 6529298 401.16 3 0 0 1 6368309 6368323 13 0 1 20 1  0
10.09 6331283 388.994 1 1 0.0197462 1 6331283 6331284 13 0 1 20 1  0
11.6825 6336829 389.335 2 2 0.0394922 2 6336829 6336830 13 0 1 20 1  0
10.4792 6293423 386.668 2 3 0.059238 1 6293423 6293424 13 0 1 20 1  0
16.7597 6458466 396.808 3 3 0.059238 2 6428370 6428376 13 0 1 20 1  0
11.2169 6479359 398.092 2 4 0.0789836 1 6336826 6336828 13 0 1 20 1  0
10.0797 6428369 394.959 3 6 0.118475 1 6428369 6428370 13 0 1 20 1  0
10.0771 6447068 396.108 3 7 0.13822 2 6447068 6447069 13 0 1 20 1  0
10.9488 6370048 391.376 12 98 1.94347 2 6369670 6370174 13 0 1 20 1  0
21.2979 6573802 403.894 8 0 0 1 6551753 6551755 13 0 1 20 1  0
21.2742 6718095 412.76 8 0 0 1 6551791 6551793 13 0 1 20 1  0
0 6551552 402.527 8 0 0 1007 6552231 6552232 13 0 1 20 1  0
15.7389 6551754 402.54 1 0 0 1 6551754 6551755 13 0 1 20 1  0
22.6579 6580994 404.336 1 0 0 7 6551791 6551794 13 0 1 20 1  0
25.7836 6791885 417.293 1 0 0 1 6552231 6552233 13 0 1 20 1  0
0 6551552 402.527 1 0 0 1219 6552261 6552266 13 0 1 20 1  0
18.3593 6708459 412.168 3 0 0 18 6551794 6551796 13 0 1 20 1  0
10.6351 6728545 413.402 1 1 0.0197462 1 6728545 6728546 13 0 1 20 1  0
10.2349 6554072 402.682 2 1 0.0197462 1 6554072 6554073 13 0 1 20 1  0
12.4989 6794768 417.471 2 2 0.0394922 3 6708458 6708461 13 0 1 20 1  0
11.7636 6583929 404.517 2 3 0.059238 2 6583929 6583930 13 0 1 20 1  0
10.0661 6813908 418.646 8 0 0 937 6813908 6813909 13 0 1 20 1  0
18.9757 6914637 424.835 8 0 0 1 6814380 6814381 13 0 1 20 1  0
19.012 7055970 433.519 8 0 0 1 6815063 6815064 13 0 1 20 1  0
11.188 6813908 418.646 1 0 0 1 6813908 6813909 13 0 1 20 1  0
23.3477 6913988 424.795 1 0 0 3 6814381 6814382 13 0 1 20 1  0
0 6813696 418.633 1 0 0 916 6815063 6815064 13 0 1 20 1  0
19.8168 6904516 424.213 2 0 0 2 6816691 6816694 13 0 1 20 1  0
11.2102 6858811 421.405 2 1 0.0197462 1 6858811 6858812 13 0 1 20 1  0
11.1396 6926066 425.537 2 1 0.0197462 1 6892440 6892441 13 0 1 20 1  0
11.3553 6822563 419.178 2 2 0.0394922 2 6822563 6822564 13 0 1 20 1  0
10.182 6849009 420.803 2 4 0.0789836 1 6849009 6849010 13 0 1 20 1  0
10.2017 6872202 422.228 2 4 0.0789836 1 6872202 6872203 13 0 1 20 1  0
10.2639 6881048 422.772 11 652 15.9003 1 6880860 6881156 13 0 1 20 1  0
11.0636 6879987 422.706 11 958 29.341 3 6879527 6880300 13 0 1 20 1  0
15.584 7076177 434.76 8 0 0 1120 7076177 7076178 13 0 1 20 1  0
20.2165 7175117 440.839 8 0 0 1 7076240 7076242 13 0 1 20 1  0
20.1222 7210698 443.025 8 0 0 1 7076513 7076514 13 0 1 20 1  0
20.0298 7328522 450.264 8 0 0 1 7076840 7076842 13 0 1 20 1  0
14.5233 7076178 434.76 1 0 0 1 7076178 7076179 13 0 1 20 1  0
23.5119 7299799 448.5 1 0 0 1 7076240 7076242 13 0 1 20 1  0
19.6687 7328523 450.264 1 0 0 1 7076514 7076515 13 0 1 20 1  0
0 7075840 434.74 1 0 0 1199 7076841 7076842 13 0 1 20 1  0
23.5376 7222331 443.74 2 0 0 13 7076239 7076244 13 0 1 20 1  0
10.5742 7124203 437.711 1 1 0.0197462 1 7124203 7124204 13 0 1 20 1  0
15.0278 7329498 450.324 2 1 0.0197462 11 7087518 7087520 13 0 1 20 1  0
14.0275 7087515 435.457 3 3 0.059238 8 7087513 7087518 13 0 1 20 1  0
10.8443 7273464 446.882 12 2813 814.273 1 7273106 7274416 13 0 1 20 1  0
21.1853 7535459 462.979 8 0 0 1 7338157 7338159 13 0 1 20 1  0
0 7337984 450.846 8 0 0 1173 7338475 7338477 13 0 1 20 1  0
22.7179 7382049 453.553 1 0 0 4 7338157 7338159 13 0 1 20 1  0
24.5377 7506080 461.174 1 0 0 4 7338476 7338477 13 0 1 20 1  0
0 7337984 450.846 1 0 0 1513 7338641 7338642 13 0 1 20 1  0
21.76 7407055 455.089 2 0 0 12 7338157 7338159 13 0 1 20 1  0
10.1837 7343371 451.177 3 0 0 1 7343371 7343372 13 0 1 20 1  0
12.0172 7409321 455.229 5 0 0 4 7409316 7409330 13 0 1 20 1  0
10.4636 7489429 460.151 1 1 0.0197462 1 7489429 7489430 13 0 1 20 1  0
10.3895 7362466 452.35 2 1 0.0197462 1 7362466 7362467 13 0 1 20 1  0
10.2445 7406718 455.069 4 1 0.0197462 1 7406718 7406719 13 0 1 20 1  0
10.422 7361159 452.27 2 3 0.059238 1 7361159 7361160 13 0 1 20 1  0
10.1465 7546219 463.64 3 7 0.13822 1 7546219 7546220 13 0 1 20 1  0
17.2521 7337992 450.846 12 2325 342.652 28 7337984 7341292 13 0 1 20 1  0
16.5328 7600226 466.958 8 0 0 3872 7600226 7600227 13 0 1 20 1  0
20.1511 7670266 471.261 8 0 0 1 7600704 7600705 13 0 1 20 1  0
20.1799 7725617 474.662 8 0 0 26 7600730 7600731 13 0 1 20 1  0
28.3709 7716469 474.1 5 0 0 264 7713827 7713846 13 0 1 20 1  0
24.9789 7784711 478.293 3 0 0 2 7714143 7714165 13 0 1 20 1  0
23.3906 7828134 480.961 1 0 0 2 7601194 7601195 13 0 1 20 1  0
10.1333 7605990 467.312 2 0 0 1 7605990 7605991 13 0 1 20 1  0
17.59 7858770 482.843 2 0 0 1 7618365 7618367 13 0 1 20 1  0
13.0006 7782794 478.175 7 0 0 1 7715423 7715539 13 0 1 20 1  0
10.3751 7628474 468.693 1 1 0.0197462 1 7628474 7628475 13 0 1 20 1  0
10.179 7635006 469.095 2 1 0.0197462 2 7635006 7635007 13 0 1 20 1  0
16.7633 7725616 474.662 3 3 0.059238 9 7713841 7713846 13 0 1 20 1  0
17.0282 7827815 480.941 5 1 0.0197462 1 7714143 7714163 13 0 1 20 1  0
10.8542 7649039 469.957 2 3 0.059238 1 7649039 7649040 13 0 1 20 1  0
10.018 7716223 474.085 2 4 0.0789836 1 7716223 7716224 13 0 1 20 1  0
10.3101 7714487 473.978 3 6 0.118475 1 7714487 7714488 13 0 1 20 1  0
10.0301 7715476 474.039 4 12 0.236951 1 7715476 7715477 13 0 1 20 1  0
10.1245 7715283 474.027 5 101 2.00355 1 7715282 7715287 13 0 1 20 1  0
10.3324 7716753 474.117 6 458 10.049 5 7716751 7716757 13 0 1 20 1  0
16.295 7862513 483.073 8 0 0 20516 7862513 7862514 13 0 1 20 1  0
21.6191 7936518 487.62 8 0 0 1 7862528 7862529 13 0 1 20 1  0
21.7883 7948708 488.369 8 0 0 1 7862542 7862543 13 0 1 20 1  0
21.564 8083072 496.624 8 0 0 4 7862867 7862868 13 0 1 20 1  0
31.1897 8108851 498.208 7 2 0.0394922 4138 8072894 8084437 13 0 1 20 1  0
24.3436 7935547 487.56 1 0 0 1 7862513 7862515 13 0 1 20 1  0
22.7916 7936518 487.62 1 0 0 1 7862528 7862530 13 0 1 20 1  0
28.4874 8116359 498.669 2 0 0 5 7863991 7863992 13 0 1 20 1  0
10.0285 7863184 483.114 2 0 0 1 7863184 7863185 13 0 1 20 1  0
29.1318 8061200 495.28 3 0 0 7 7869861 7869873 13 0 1 20 1  0
29.504 8111793 498.389 3 0 0 1 7869918 7869932 13 0 1 20 1  0
29.7735 8075895 496.183 4 0 0 1 7869862 7869932 13 0 1 20 1  0
29.8387 8084381 496.704 4 0 0 1 7874517 7874530 13 0 1 20 1  0
32.3925 8096455 497.446 5 0 0 1 7874489 7874523 13 0 1 20 1  0
30.8722 8096128 497.426 6 0 0 13 7874492 7874516 13 0 1 20 1  0
10.335 7876246 483.917 1 1 0.0197462 1 7876246 7876247 13 0 1 20 1  0
10.7057 7970582 489.713 1 1 0.0197462 1 7900614 7900615 13 0 1 20 1  0
17.8507 8078506 496.343 2 1 0.0197462 2 7869866 7869870 13 0 1 20 1  0
27.794 8095155 497.366 5 1 0.0197462 5 7899950 7899967 13 0 1 20 1  0
22.9514 8110163 498.288 3 1 0.0197462 1 7869923 7869929 13 0 1 20 1  0
26.6406 8080462 496.464 4 1 0.0197462 1 7869862 7869870 13 0 1 20 1  0
21.459 8053699 494.819 5 1 0.0197462 2 7874511 7874520 13 0 1 20 1  0
10.9555 7869925 483.528 2 2 0.0394922 1 7869925 7869926 13 0 1 20 1  0
13.8262 8115719 498.63 2 2 0.0394922 3 7876245 7876246 13 0 1 20 1  0
19.1151 8077523 496.283 3 2 0.0394922 2 7869865 7869868 13 0 1 20 1  0
22.885 8077195 496.263 4 2 0.0394922 1 7869863 7869868 13 0 1 20 1  0
11.2474 7900611 485.414 2 3 0.059238 2 7900611 7900612 13 0 1 20 1  0
16.9225 8068064 495.702 3 3 0.059238 3 7874523 7874525 13 0 1 20 1  0
17.0739 8088943 496.985 3 3 0.059238 2 7899956 7899960 13 0 1 20 1  0
17.2075 8115378 498.609 3 3 0.059238 1 7900608 7900626 13 0 1 20 1  0
10.4034 7899957 485.373 4 3 0.059238 3 7899957 7899958 13 0 1 20 1  0
20.0653 8066750 495.621 4 3 0.059238 1 7900611 7900628 13 0 1 20 1  0
20.3915 8097754 497.526 4 3 0.059238 3 7901589 7901596 13 0 1 20 1  0
21.2861 8065118 495.521 5 3 0.059238 2 7900607 7900626 13 0 1 20 1  0
10.4174 7902883 485.553 2 4 0.0789836 2 7902883 7902884 13 0 1 20 1  0
10.9387 8085690 496.785 2 4 0.0789836 1 7938476 7938477 13 0 1 20 1  0
15.0795 8081115 496.504 3 4 0.0789836 1 7900607 7900622 13 0 1 20 1  0
18.5759 8067725 495.681 4 4 0.0789836 1 7900610 7900627 13 0 1 20 1  0
10.4902 8077853 496.303 2 5 0.0987291 1 7935870 7935871 13 0 1 20 1  0
12.9917 8075235 496.142 3 5 0.0987291 1 7902558 7902560 13 0 1 20 1  0
17.7175 8069363 495.782 4 5 0.0987291 1 7900609 7900625 13 0 1 20 1  0
16.8624 8067392 495.661 6 5 0.0987291 1 8052047 8052085 13 0 1 20 1  0
17.9711 8079482 496.403 5 6 0.118475 2 7900610 7900619 13 0 1 20 1  0
16.4106 8087966 496.925 5 7 0.13822 2 7939123 7939133 13 0 1 20 1  0
15.6711 8114073 498.529 5 8 0.157966 1 7939125 7939128 13 0 1 20 1  0
10.1798 7944347 488.101 3 9 0.177712 2 7944347 7944348 13 0 1 20 1  0
10.0709 7942386 487.98 4 9 0.177712 1 7942386 7942387 13 0 1 20 1  0
12.2846 8109508 498.248 4 9 0.177712 1 7944676 7944678 13 0 1 20 1  0
12.4023 8083396 496.644 4 10 0.197458 1 7942385 7942389 13 0 1 20 1  0
10.1041 8053025 494.778 4 12 0.236951 1 8053025 8053026 13 0 1 20 1  0
10.9469 8086001 496.804 4 12 0.236951 1 8053683 8053688 13 0 1 20 1  0
10.617 8072944 496.002 4 13 0.256698 1 8058906 8058912 13 0 1 20 1  0
10.0343 8065436 495.54 5 14 0.276446 1 8065436 8065437 13 0 1 20 1  0
10.0074 8111695 498.383 3 83 1.64383 1 8111695 8111696 13 0 1 20 1  0
11.3286 8115605 498.623 4 85 1.68372 2 8094390 8094398 13 0 1 20 1  0
13.1034 8094847 497.347 5 441 9.60226 49 8094181 8094186 13 0 1 20 1  0
10.203 8094381 497.319 3 94 1.86345 2 8094381 8094382 13 0 1 20 1  0
10.7034 8113639 498.502 4 215 4.343 5 8113632 8113645 13 0 1 20 1  0
10.115 8094168 497.306 5 450 9.83766 2 8094168 8094169 13 0 1 20 1  0
10.0318 8087853 496.918 5 517 11.6728 1 8087853 8087854 13 0 1 20 1  0
10.2314 8105797 498.02 5 520 11.7587 6 8105797 8105798 13 0 1 20 1  0
10.2031 8106345 498.054 5 936 28.1394 5 8106345 8106347 13 0 1 20 1  0
10.7919 8108729 498.2 8 1440 70.921 11 8108610 8108775 13 0 1 20 1  0
10.2228 8104590 497.946 8 1670 106.997 1 8104588 8104600 13 0 1 20 1  0
10.2281 8094531 497.328 8 2045 208.461 1 8094523 8094550 13 0 1 20 1  0
11.8178 8067808 495.686 12 2229 288.985 2 8054676 8068556 13 0 1 20 1  0
0 7862272 483.058 12 2229 288.985 1 8087536 8088008 13 0 1 20 1  0
12.9735 8124410 499.164 12 2545 506.225 32 8122998 8124418 13 0 1 20 1  0
14.0056 8030360 493.385 12 2763 745.177 11 8025146 8034014 13 0 1 20 1  0
23.3926 8133325 499.711 8 0 0 1 8124456 8124458 13 0 1 20 1  0
43.0051 8175439 502.299 7 1 0.0197462 10062 8133280 8133373 13 0 1 20 1  0
33.29 8204823 504.104 2 0 0 24 8124646 8124648 13 0 1 20 1  0
22.2118 8227987 505.527 8 0 0 1 8124959 8124960 13 0 1 20 1  0
23.2778 8321774 511.29 8 0 0 1 8125110 8125111 13 0 1 20 1  0
16.0015 8124457 499.167 1 0 0 23872 8124457 8124458 13 0 1 20 1  0
28.4282 8172488 502.118 1 0 0 4 8124646 8124648 13 0 1 20 1  0
27.6961 8227988 505.528 1 0 0 1 8124959 8124960 13 0 1 20 1  0
34.5047 8195351 503.522 3 0 0 360 8130393 8130407 13 0 1 20 1  0
10.5404 8129210 499.459 1 1 0.0197462 1 8129210 8129211 13 0 1 20 1  0
11.3494 8133325 499.711 1 1 0.0197462 4 8130507 8130508 13 0 1 20 1  0
20.7691 8176081 502.338 3 2 0.0394922 1 8133323 8133342 13 0 1 20 1  0
10.4609 8130177 499.518 2 3 0.059238 1 8130177 8130178 13 0 1 20 1  0
11.9181 8219889 505.03 2 4 0.0789836 5 8133330 8133332 13 0 1 20 1  0
16.4171 8190761 503.24 3 4 0.0789836 1 8133323 8133339 13 0 1 20 1  0
15.8511 8174784 502.259 4 7 0.13822 1 8133322 8133335 13 0 1 20 1  0
13.3633 8195672 503.542 3 8 0.157966 2 8133320 8133333 13 0 1 20 1  0
10.0364 8198936 503.743 2 10 0.197458 1 8198936 8198937 13 0 1 20 1  0
12.2299 8219833 505.027 7 11 0.217204 1 8174385 8176466 13 0 1 20 1  0
10.4395 8177241 502.41 3 103 2.04364 2 8177240 8177242 13 0 1 20 1  0
10.0476 8177500 502.426 3 145 2.89191 1 8177500 8177501 13 0 1 20 1  0
10.0667 8181306 502.659 4 176 3.52783 1 8181306 8181307 13 0 1 20 1  0
10.1821 8177278 502.412 3 215 4.343 1 8177278 8177279 13 0 1 20 1  0
11.0713 8181179 502.652 3 227 4.59778 1 8174967 8174971 13 0 1 20 1  0
10.3344 8174643 502.25 3 239 4.85462 2 8174643 8174644 13 0 1 20 1  0
10.986 8204362 504.076 8 275 5.63868 5 8174244 8175525 13 0 1 20 1  0
12.0097 8188392 503.095 5 348 7.3022 39 8174325 8174341 13 0 1 20 1  0
12.0044 8176838 502.385 4 398 8.51027 13 8174259 8174267 13 0 1 20 1  0
14.2097 8177286 502.412 5 495 11.0534 30 8172002 8172007 13 0 1 20 1  0
13.0469 8190348 503.215 5 490 10.915 7 8172008 8172021 13 0 1 20 1  0
12.1173 8177594 502.431 4 479 10.6135 6 8174320 8174370 13 0 1 20 1  0
10.8961 8177798 502.444 4 560 12.9357 2 8172270 8172277 13 0 1 20 1  0
11.1573 8194470 503.468 6 569 13.2093 1 8174208 8174254 13 0 1 20 1  0
10.0942 8173878 502.203 4 578 13.4863 1 8173878 8173879 13 0 1 20 1  0
10.1366 8172943 502.146 5 663 16.2814 1 8172943 8172944 13 0 1 20 1  0
11.6945 8177187 502.406 5 775 20.5415 13 8174459 8174519 13 0 1 20 1  0
10.9215 8176871 502.387 5 832 23.0099 5 8174201 8174203 13 0 1 20 1  0
10.6328 8195114 503.508 7 1109 38.8984 6 8195070 8195131 13 0 1 20 1  0
10.9756 8174469 502.239 6 1670 106.997 3 8174459 8174483 13 0 1 20 1  0
17.614 8141626 500.221 12 2559 518.952 156 8138936 8144748 13 0 1 20 1  0
20.8186 8124818 499.189 10 2316 337.224 514 8124416 8129018 13 0 1 20 1  0
19.6167 8386717 515.28 8 0 0 1293 8386717 8386718 13 0 1 20 1  0
24.3911 8442196 518.688 8 0 0 1 8386861 8386862 13 0 1 20 1  0
24.5573 8642619 531.003 8 0 0 1 8387038 8387039 13 0 1 20 1  0
23.0876 8477781 520.875 1 0 0 1 8386717 8386719 13 0 1 20 1  0
24.1024 8484962 521.316 1 0 0 1 8386862 8386863 13 0 1 20 1  0
24.8653 8610305 529.017 1 0 0 4 8387193 8387195 13 0 1 20 1  0
0 8386560 515.27 1 0 0 1558 8387374 8387376 13 0 1 20 1  0
15.3725 8406625 516.503 2 0 0 2 8386717 8386719 13 0 1 20 1  0
10.8759 8387374 515.32 1 1 0.0197462 1 8387374 8387375 13 0 1 20 1  0
11.4139 8577012 526.972 1 1 0.0197462 1 8442531 8442532 13 0 1 20 1  0
10.0781 8442530 518.709 2 2 0.0394922 1 8442530 8442531 13 0 1 20 1  0
12.5791 8624005 529.859 2 2 0.0394922 6 8446762 8446763 13 0 1 20 1  0
11.9822 8412169 516.844 2 3 0.059238 1 8412169 8412170 13 0 1 20 1  0
10.0397 8629230 530.18 2 4 0.0789836 1 8629230 8629231 13 0 1 20 1  0
15.1596 8648821 531.384 8 0 0 2791 8648821 8648822 13 0 1 20 1  0
25.5904 8674936 532.988 8 0 0 1 8649281 8649282 13 0 1 20 1  0
25.4538 8759481 538.182 8 0 0 1 8649330 8649331 13 0 1 20 1  0
24.6973 8906058 547.188 8 0 0 1 8649464 8649466 13 0 1 20 1  0
12.2518 8648821 531.384 1 0 0 1 8648821 8648822 13 0 1 20 1  0
28.3772 8777101 539.265 1 0 0 4 8649282 8649283 13 0 1 20 1  0
10.5042 8664488 532.346 3 0 0 1 8664488 8664489 13 0 1 20 1  0
17.3952 8784185 539.7 3 0 0 47 8668284 8668285 13 0 1 20 1  0
11.7109 8650768 531.503 1 1 0.0197462 3 8650768 8650769 13 0 1 20 1  0
11.7665 8682108 533.429 1 1 0.0197462 2 8664484 8664485 13 0 1 20 1  0
10.166 8734004 536.617 3 1 0.0197462 2 8734004 8734005 13 0 1 20 1  0
10.4618 8781900 539.56 3 3 0.059238 1 8781900 8781901 13 0 1 20 1  0
10.0019 8687052 533.732 12 686 17.0986 1 8687052 8687054 13 0 1 20 1  0
10.1817 8829604 542.491 12 1693 111.475 1 8829446 8830498 13 0 1 20 1  0
24.4854 9006943 553.387 8 0 0 1 8910939 8910941 13 0 1 20 1  0
24.3629 9077137 557.699 8 0 0 1 8910964 8910966 13 0 1 20 1  0
24.2773 9159536 562.762 8 0 0 1 8910972 8910973 13 0 1 20 1  0
0 8910848 547.482 8 0 0 1171 8911266 8911267 13 0 1 20 1  0
24.6395 9125776 560.688 1 0 0 1 8910939 8910941 13 0 1 20 1  0
0 8910848 547.482 1 0 0 1503 8910965 8910973 13 0 1 20 1  0
22.2205 9170659 563.445 3 0 0 25 8935662 8935664 13 0 1 20 1  0
10.6303 9037627 555.272 1 1 0.0197462 1 9037627 9037628 13 0 1 20 1  0
11.3772 9150250 562.191 1 1 0.0197462 1 9048731 9048732 13 0 1 20 1  0
10.0528 9081580 557.972 2 1 0.0197462 1 9081580 9081581 13 0 1 20 1  0
10.0485 9074082 557.512 3 1 0.0197462 1 9074082 9074083 13 0 1 20 1  0
10.7474 9015103 553.888 2 2 0.0394922 1 9015103 9015104 13 0 1 20 1  0
10.382 8911935 547.549 2 4 0.0789836 2 8911935 8911936 13 0 1 20 1  0
11.9506 9173072 563.594 8 0 0 2749 9173072 9173073 13 0 1 20 1  0
24.4732 9228581 567.004 8 0 0 1 9173417 9173418 13 0 1 20 1  0
24.5202 9378053 576.188 8 0 0 1 9173724 9173725 13 0 1 20 1  0
24.5436 9411017 578.213 8 0 0 1 9174540 9174541 13 0 1 20 1  0
11.4448 9173418 563.615 1 0 0 1 9173418 9173419 13 0 1 20 1  0
22.3302 9273457 569.761 1 0 0 1 9173760 9173761 13 0 1 20 1  0
26.5866 9411018 578.213 1 0 0 1 9174540 9174542 13 0 1 20 1  0
23.1288 9319841 572.611 2 0 0 8 9175059 9175062 13 0 1 20 1  0
18.4823 9378053 576.188 2 0 0 1 9175228 9175231 13 0 1 20 1  0
10.1823 9297443 571.235 3 0 0 1 9297443 9297444 13 0 1 20 1  0
13.6294 9369463 575.66 4 0 0 7 9319838 9319848 13 0 1 20 1  0
10.0674 9175059 563.716 1 1 0.0197462 1 9175059 9175060 13 0 1 20 1  0
11.117 9310175 572.017 1 1 0.0197462 2 9223694 9223695 13 0 1 20 1  0
10.3026 9367504 575.539 5 1 0.0197462 1 9367504 9367505 13 0 1 20 1  0
12.2357 9427649 579.235 2 3 0.059238 1 9319840 9319841 13 0 1 20 1  0
13.1282 9435158 579.696 8 0 0 1108 9435158 9435159 13 0 1 20 1  0
22.984 9588186 589.098 8 0 0 1 9435309 9435310 13 0 1 20 1  0
22.0301 9685889 595.101 8 0 0 1 9435638 9435639 13 0 1 20 1  0
13.3666 9435158 579.696 1 0 0 1355 9435158 9435159 13 0 1 20 1  0
26.89 9627026 591.484 1 0 0 2 9435309 9435311 13 0 1 20 1  0
24.8581 9652135 593.027 1 0 0 4 9435358 9435359 13 0 1 20 1  0
10.7519 9588184 589.098 3 0 0 1 9449519 9449521 13 0 1 20 1  0
14.4681 9696989 595.783 7 2 0.0394922 19 9696938 9697037 13 0 1 20 1  0
11.7691 9446905 580.418 1 1 0.0197462 3 9446905 9446906 13 0 1 20 1  0
11.7328 9499446 583.646 1 1 0.0197462 1 9458988 9458989 13 0 1 20 1  0
11.4417 9456037 580.979 2 1 0.0197462 1 9446905 9446907 13 0 1 20 1  0
10.3334 9668123 594.009 2 4 0.0789836 1 9668123 9668124 13 0 1 20 1  0
10.1798 9613288 590.64 12 108 2.14396 1 9613262 9613306 13 0 1 20 1  0
13.0225 9697956 595.842 8 0 0 2584 9697956 9697957 13 0 1 20 1  0
23.3722 9733704 598.039 8 0 0 1 9698609 9698610 13 0 1 20 1  0
23.3742 9867473 606.258 8 0 0 1 9698939 9698941 13 0 1 20 1  0
23.0481 9958172 611.83 8 0 0 1 9698972 9698973 13 0 1 20 1  0
12.2902 9697956 595.842 1 0 0 1 9697956 9697957 13 0 1 20 1  0
25.1968 9751640 599.141 1 0 0 2 9698610 9698611 13 0 1 20 1  0
21.0412 9907937 608.744 1 0 0 1 9698940 9698941 13 0 1 20 1  0
10.4392 9698941 595.903 2 0 0 1 9698941 9698942 13 0 1 20 1  0
22.2966 9734348 598.078 2 0 0 1 9700098 9700100 13 0 1 20 1  0
15.0445 9720544 597.23 4 0 0 14 9714923 9714939 13 0 1 20 1  0
17.3058 9714922 596.885 7 2 0.0394922 77 9714845 9714980 13 0 1 20 1  0
10.182 9708257 596.475 1 1 0.0197462 1 9708257 9708258 13 0 1 20 1  0
11.6857 9865184 606.117 1 1 0.0197462 1 9716410 9716411 13 0 1 20 1  0
10.6537 9714930 596.885 2 1 0.0197462 1 9714930 9714931 13 0 1 20 1  0
10.1118 9733370 598.018 2 2 0.0394922 1 9733370 9733371 13 0 1 20 1  0
11.8855 9781335 600.965 2 2 0.0394922 1 9737296 9737297 13 0 1 20 1  0
10.9703 9860290 605.816 2 3 0.059238 1 9733701 9733703 13 0 1 20 1  0
10.4675 9765660 600.002 2 5 0.0987291 2 9765660 9765661 13 0 1 20 1  0
10.9001 9789160 601.446 2 4 0.0789836 1 9782309 9782310 13 0 1 20 1  0
13.4112 9879806 607.015 12 1827 141.507 10 9810486 9815020 13 0 1 20 1  0
13.4049 9813582 602.946 12 1848 146.892 4 9809536 9815254 13 0 1 20 1  0
0 9697280 595.801 12 1769 127.632 11 9880006 9881742 13 0 1 20 1  0
12.6185 9959777 611.929 8 0 0 1241 9959777 9959778 13 0 1 20 1  0
25.2241 10025054 615.939 8 0 0 1 9959964 9959965 13 0 1 20 1  0
23.9086 10135329 622.715 8 0 0 21 9960124 9960125 13 0 1 20 1  0
23.9892 10204839 626.985 8 0 0 1 9960265 9960267 13 0 1 20 1  0
10.6836 9959777 611.929 1 0 0 1 9959777 9959778 13 0 1 20 1  0
24.9153 9965830 612.301 1 0 0 3 9960124 9960126 13 0 1 20 1  0
21.5242 10135329 622.715 1 0 0 1 9960266 9960267 13 0 1 20 1  0
21.9985 10204840 626.985 1 0 0 1 9960313 9960315 13 0 1 20 1  0
0 9959424 611.907 1 0 0 1515 9960594 9960597 13 0 1 20 1  0
18.53 10070080 618.706 2 0 0 1 9960594 9960597 13 0 1 20 1  0
10.7702 9979372 613.133 1 1 0.0197462 1 9979372 9979373 13 0 1 20 1  0
11.2671 10193084 626.263 1 1 0.0197462 1 10015917 10015918 13 0 1 20 1  0
11.9199 9983293 613.373 2 1 0.0197462 1 9983293 9983294 13 0 1 20 1  0
11.2244 10025053 615.939 2 2 0.0394922 1 10025053 10025054 13 0 1 20 1  0
11.8513 10144459 623.276 2 3 0.059238 4 10025051 10025052 13 0 1 20 1  0
10.6685 9976427 612.952 2 3 0.059238 1 9976427 9976428 13 0 1 20 1  0
10.1458 10076599 619.106 2 4 0.0789836 1 10076599 10076600 13 0 1 20 1  0
11.1602 10211672 627.405 2 5 0.0987291 1 10211672 10211673 13 0 1 20 1  0
25.1856 10257031 630.192 8 0 0 1 10221635 10221637 13 0 1 20 1  0
25.3519 10376123 637.509 8 0 0 1 10221960 10221962 13 0 1 20 1  0
25.0778 10429948 640.816 8 0 0 1 10222121 10222122 13 0 1 20 1  0
0 10221568 628.013 8 0 0 4227 10222290 10222292 13 0 1 20 1  0
14.0346 10221636 628.017 1 0 0 1 10221636 10221637 13 0 1 20 1  0
24.9459 10270748 631.035 1 0 0 2 10221960 10221962 13 0 1 20 1  0
23.5716 10314127 633.7 1 0 0 1 10222121 10222123 13 0 1 20 1  0
31.0836 10422115 640.335 1 0 0 2 10222291 10222293 13 0 1 20 1  0
22.6897 10456057 642.42 1 0 0 1 10222614 10222616 13 0 1 20 1  0
17.9189 10404707 639.265 3 0 0 8 10227027 10227034 13 0 1 20 1  0
13.5311 10227023 628.348 2 3 0.059238 10 10227022 10227024 13 0 1 20 1  0
20.1138 10414823 639.887 6 1 0.0197462 1066 10402084 10402178 13 0 1 20 1  0
12.2717 10401754 639.084 3 8 0.157966 7 10227014 10227019 13 0 1 20 1  0
11.8097 10233876 628.769 1 1 0.0197462 1 10233876 10233877 13 0 1 20 1  0
11.9212 10391121 638.43 1 1 0.0197462 1 10245626 10245627 13 0 1 20 1  0
18.3035 10403411 639.186 3 1 0.0197462 6 10250837 10250838 13 0 1 20 1  0
16.2892 10407658 639.446 3 4 0.0789836 4 10227021 10227025 13 0 1 20 1  0
15.8579 10406342 639.366 4 4 0.0789836 12 10402081 10402086 13 0 1 20 1  0
12.6191 10406933 639.402 6 183 3.6728 172 10406909 10406960 13 0 1 20 1  0
10.3748 10401925 639.094 7 563 13.0266 3 10401911 10401929 13 0 1 20 1  0
10.3134 10414456 639.864 8 929 27.7662 1 10414434 10414468 13 0 1 20 1  0
14.6423 10221568 628.013 12 1948 175.467 113 10221568 10223322 13 0 1 20 1  0
11.0833 10369838 637.123 12 2248 298.894 1 10369104 10372098 13 0 1 20 1  0
10.1039 10401868 639.091 12 2447 425.45 2 10401752 10401952 13 0 1 20 1  0
23.212 10485745 644.244 8 0 0 3230 10483790 10483791 13 0 1 20 1  0
23.0988 10701981 657.53 8 0 0 1 10484251 10484252 13 0 1 20 1  0
22.5444 10567936 649.294 1 0 0 3 10483790 10483792 13 0 1 20 1  0
23.5053 10588487 650.557 1 0 0 1 10484111 10484112 13 0 1 20 1  0
17.4971 10613601 652.1 2 0 0 1 10484580 10484582 13 0 1 20 1  0
10.1002 10540726 647.622 3 0 0 1 10540726 10540727 13 0 1 20 1  0
16.6545 10583861 650.272 3 0 0 87 10541376 10541377 13 0 1 20 1  0
17.2952 10580871 650.089 7 7 0.13822 257 10541627 10541758 13 0 1 20 1  0
10.3797 10485089 644.204 1 1 0.0197462 1 10485089 10485090 13 0 1 20 1  0
11.3572 10743401 660.075 1 1 0.0197462 1 10499768 10499769 13 0 1 20 1  0
10.1579 10541573 647.674 2 8 0.157966 4 10541573 10541574 13 0 1 20 1  0
14.5895 10542399 647.725 4 1 0.0197462 3 10541372 10541376 13 0 1 20 1  0
15.5241 10574987 649.727 3 1 0.0197462 1 10541371 10541373 13 0 1 20 1  0
15.5523 10541675 647.68 8 4 0.0789836 168 10541575 10542509 13 0 1 20 1  0
11.1572 10517374 646.187 2 2 0.0394922 1 10517374 10517375 13 0 1 20 1  0
10.4145 10541838 647.69 2 3 0.059238 1 10541838 10541839 13 0 1 20 1  0
11.4876 10675893 655.927 2 3 0.059238 1 10558374 10558375 13 0 1 20 1  0
15.221 10573206 649.618 3 3 0.059238 2 10541575 10541579 13 0 1 20 1  0
14.0109 10573100 649.611 9 7 0.13822 10 10541465 10541937 13 0 1 20 1  0
14.9964 10746020 660.235 8 0 0 1251 10746020 10746021 13 0 1 20 1  0
24.8583 10869927 667.848 8 0 0 1 10746647 10746648 13 0 1 20 1  0
24.3078 10986645 675.019 8 0 0 1 10746983 10746987 13 0 1 20 1  0
12.9797 10746021 660.236 1 0 0 1 10746021 10746022 13 0 1 20 1  0
31.7078 10911061 670.376 2 0 0 181 10746983 10746988 13 0 1 20 1  0
0 10745856 660.225 1 0 0 1713 10746984 10746987 13 0 1 20 1  0
10.8746 10746985 660.295 1 1 0.0197462 2 10746985 10746986 13 0 1 20 1  0
11.4428 10787103 662.76 1 1 0.0197462 1 10759383 10759384 13 0 1 20 1  0
11.1459 10815148 664.483 2 1 0.0197462 1 10815148 10815149 13 0 1 20 1  0
10.4834 10770803 661.758 3 1 0.0197462 1 10770803 10770804 13 0 1 20 1  0
10.0819 10761991 661.217 2 3 0.059238 1 10761991 10761992 13 0 1 20 1  0
10.3513 10803083 663.741 2 4 0.0789836 1 10803083 10803084 13 0 1 20 1  0
10.2223 10790890 662.992 12 2662 622.968 1 10790812 10791238 13 0 1 20 1  0
14.356 11008312 676.351 8 0 0 2671 11008312 11008313 13 0 1 20 1  0
22.9475 11051192 678.985 8 0 0 1 11008342 11008343 13 0 1 20 1  0
22.5552 11269276 692.384 8 0 0 1 11008793 11008794 13 0 1 20 1  0
22.5389 11086730 681.169 1 0 0 1 11008312 11008314 13 0 1 20 1  0
23.9055 11180952 686.958 1 0 0 1 11008343 11008344 13 0 1 20 1  0
22.3039 11269276 692.384 1 0 0 2 11008793 11008795 13 0 1 20 1  0
21.1285 11060482 679.556 7 1 0.0197462 3064 11060408 11060816 13 0 1 20 1  0
11.4599 11009143 676.402 1 1 0.0197462 1 11009143 11009144 13 0 1 20 1  0
11.6191 11051192 678.985 1 1 0.0197462 1 11009472 11009473 13 0 1 20 1  0
10.0487 11035562 678.025 2 1 0.0197462 1 11035562 11035563 13 0 1 20 1  0
11.1985 11011419 676.542 2 2 0.0394922 2 11011419 11011420 13 0 1 20 1  0
11.4294 11054124 679.165 2 3 0.059238 2 11020556 11020557 13 0 1 20 1  0
10.1934 11181589 686.997 2 4 0.0789836 1 11150949 11150950 13 0 1 20 1  0
15.2585 11270231 692.443 8 0 0 2633 11270231 11270232 13 0 1 20 1  0
22.7314 11435182 702.578 8 0 0 1 11270560 11270562 13 0 1 20 1  0
22.7391 11528059 708.284 8 0 0 1 11270594 11270596 13 0 1 20 1  0
13.1902 11270232 692.443 1 0 0 1 11270232 11270233 13 0 1 20 1  0
20.8444 11288840 693.586 1 0 0 3 11270254 11270255 13 0 1 20 1  0
23.1673 11395087 700.114 1 0 0 2 11270560 11270562 13 0 1 20 1  0
21.0274 11484716 705.621 1 0 0 1 11270594 11270596 13 0 1 20 1  0
10.1874 11329126 696.061 3 1 0.0197462 2 11329126 11329127 13 0 1 20 1  0
14.3988 11329504 696.085 7 3 0.059238 24 11329138 11329525 13 0 1 20 1  0
10.3033 11281663 693.145 1 1 0.0197462 1 11281663 11281664 13 0 1 20 1  0
11.4833 11474620 705.001 1 1 0.0197462 1 11288839 11288840 13 0 1 20 1  0
10.235 11434200 702.517 2 1 0.0197462 1 11434200 11434201 13 0 1 20 1  0
10.1244 11489601 705.921 2 1 0.0197462 1 11489601 11489602 13 0 1 20 1  0
10.7469 11394761 700.094 2 2 0.0394922 1 11394761 11394762 13 0 1 20 1  0
10.9543 11435179 702.577 2 3 0.059238 2 11394445 11394446 13 0 1 20 1  0
0 11270144 692.438 9 2687 651.212 554 11335223 11335387 13 0 1 20 1  0
12.4837 11332141 696.247 2 2753 732.078 1 11331375 11331939 13 0 1 20 1  0
12.6955 11330519 696.147 2 2764 746.5 1 11330484 11331215 13 0 1 20 1  0
10.0611 11330017 696.116 2 2767 750.482 1 11330017 11330018 13 0 1 20 1  0
10.5735 11330059 696.119 2 2768 751.814 1 11329863 11329865 13 0 1 20 1  0
12.8754 11330324 696.135 3 2770 754.486 1 11329541 11329787 13 0 1 20 1  0
12.3843 11329788 696.102 4 2776 762.557 1 11328690 11328706 13 0 1 20 1  0
11.0622 11329930 696.111 4 2779 766.625 1 11329929 11329933 13 0 1 20 1  0
10.1277 11326676 695.911 5 2788 778.959 1 11326676 11326677 13 0 1 20 1  0
15.8563 11532303 708.545 8 0 0 1174 11532303 11532304 13 0 1 20 1  0
21.6923 11538819 708.945 8 0 0 1 11532769 11532770 13 0 1 20 1  0
21.6325 11749041 721.861 8 0 0 1 11532821 11532822 13 0 1 20 1  0
21.5625 11787171 724.204 8 0 0 1 11533099 11533100 13 0 1 20 1  0
18.7396 11570110 710.868 1 0 0 1 11532303 11532305 13 0 1 20 1  0
21.2562 11689388 718.196 1 0 0 2 11532770 11532771 13 0 1 20 1  0
0 11532288 708.544 1 0 0 1006 11533100 11533101 13 0 1 20 1  0
15.8766 11705367 719.178 2 0 0 1 11538818 11538821 13 0 1 20 1  0
10.8742 11536528 708.804 1 1 0.0197462 1 11536528 11536529 13 0 1 20 1  0
11.221 11542077 709.145 1 1 0.0197462 1 11538489 11538490 13 0 1 20 1  0
10.2762 11748059 721.801 2 2 0.0394922 1 11748059 11748060 13 0 1 20 1  0
10.3188 11543049 709.205 2 3 0.059238 1 11543049 11543050 13 0 1 20 1  0
11.0455 11792320 724.52 12 28 0.553 1 11787772 11794112 13 0 1 20 1  0
13.1468 11794639 724.663 8 0 0 1201 11794639 11794640 13 0 1 20 1  0
21.6689 11891145 730.592 8 0 0 1 11794667 11794668 13 0 1 20 1  0
21.818 11986294 736.438 8 0 0 1 11794671 11794672 13 0 1 20 1  0
21.6282 12051149 740.423 8 0 0 1 11795292 11795293 13 0 1 20 1  0
13.0817 11794639 724.663 1 0 0 1 11794639 11794640 13 0 1 20 1  0
26.0911 11891145 730.592 1 0 0 1 11794667 11794673 13 0 1 20 1  0
21.5863 11983363 736.258 1 0 0 3 11795292 11795293 13 0 1 20 1  0
20.3456 12027846 738.991 1 0 0 1 11795319 11795320 13 0 1 20 1  0
0 11794432 724.65 1 0 0 1240 11795338 11795339 13 0 1 20 1  0
17.9397 11984677 736.339 2 0 0 4 11797948 11797950 13 0 1 20 1  0
10.5368 11809335 725.565 1 1 0.0197462 1 11809335 11809336 13 0 1 20 1  0
11.3699 12054737 740.643 1 1 0.0197462 1 11815860 11815861 13 0 1 20 1  0
10.0506 11817804 726.086 2 1 0.0197462 1 11817804 11817805 13 0 1 20 1  0
10.3136 11988254 736.558 2 2 0.0394922 1 11988254 11988255 13 0 1 20 1  0
10.2958 11844855 727.748 2 3 0.059238 1 11844855 11844856 13 0 1 20 1  0
10.4858 11868979 729.23 2 4 0.0789836 1 11868979 11868980 13 0 1 20 1  0
10.6279 11876466 729.69 2 4 0.0789836 1 11876466 11876467 13 0 1 20 1  0
12.5942 12056996 740.782 8 0 0 1247 12056996 12056997 13 0 1 20 1  0
24.0368 12152515 746.651 8 0 0 1 12057020 12057021 13 0 1 20 1  0
24.0606 12227474 751.256 8 0 0 1 12057036 12057038 13 0 1 20 1  0
23.9893 12278960 754.419 8 0 0 1 12057487 12057488 13 0 1 20 1  0
12.0288 12056996 740.782 1 0 0 1 12056996 12056997 13 0 1 20 1  0
25.0165 12131331 745.349 1 0 0 2 12057020 12057021 13 0 1 20 1  0
25.3765 12183475 748.553 1 0 0 2 12057037 12057039 13 0 1 20 1  0
20.7447 12270486 753.899 1 0 0 1 12057488 12057489 13 0 1 20 1  0
0 12056576 740.756 1 0 0 1366 12058001 12058002 13 0 1 20 1  0
20.0017 12241155 752.097 2 0 0 2 12057036 12057039 13 0 1 20 1  0
10.738 12203361 749.774 3 0 0 1 12191626 12191629 13 0 1 20 1  0
10.7173 12064185 741.224 1 1 0.0197462 1 12064185 12064186 13 0 1 20 1  0
11.449 12161635 747.211 1 1 0.0197462 1 12084399 12084400 13 0 1 20 1  0
10.2634 12106776 743.84 2 1 0.0197462 1 12106776 12106777 13 0 1 20 1  0
10.2358 12081132 742.265 2 2 0.0394922 1 12081132 12081133 13 0 1 20 1  0
10.7917 12148268 746.39 2 2 0.0394922 1 12131329 12131330 13 0 1 20 1  0
11.1301 12152512 746.65 2 3 0.059238 2 12152512 12152513 13 0 1 20 1  0
11.1569 12191625 749.053 2 3 0.059238 1 12191625 12191626 13 0 1 20 1  0
11.7637 12269818 753.858 12 1886 157.16 7 12268772 12272854 13 0 1 20 1  0
10.418 12254196 752.898 12 2221 284.911 1 12254116 12255386 13 0 1 20 1  0
12.0462 12318725 756.862 8 0 0 1067 12318725 12318726 13 0 1 20 1  0
22.8865 12409649 762.449 8 0 0 1 12319021 12319022 13 0 1 20 1  0
21.9657 12451677 765.031 8 0 0 1 12319053 12319054 13 0 1 20 1  0
15.2353 12579886 772.908 8 0 0 1 12319513 12319515 13 0 1 20 1  0
11.0396 12319022 756.881 1 0 0 1 12319022 12319023 13 0 1 20 1  0
25.0578 12343175 758.365 1 0 0 3 12319053 12319054 13 0 1 20 1  0
24.4982 12486217 767.153 1 0 0 1 12319514 12319515 13 0 1 20 1  0
0 12318720 756.862 1 0 0 1167 12319696 12319697 13 0 1 20 1  0
18.2256 12540896 770.513 3 0 0 8 12343175 12343179 13 0 1 20 1  0
10.0312 12321327 757.022 1 1 0.0197462 1 12321327 12321328 13 0 1 20 1  0
11.6143 12378361 760.526 1 1 0.0197462 1 12340229 12340230 13 0 1 20 1  0
11.1716 12326861 757.362 2 3 0.059238 2 12326861 12326862 13 0 1 20 1  0
11.3361 12382922 760.807 2 2 0.0394922 1 12362063 12362064 13 0 1 20 1  0
11.5133 12411918 762.588 2 3 0.059238 1 12362062 12362063 13 0 1 20 1  0
10.1388 12362061 759.525 2 4 0.0789836 1 12362061 12362062 13 0 1 20 1  0
10.9727 12454278 765.191 2 4 0.0789836 1 12451673 12451674 13 0 1 20 1  0
10.6935 12387268 761.074 12 171 3.4246 1 12387182 12387408 13 0 1 20 1  0
14.1404 12387112 761.064 12 478 10.5863 1 12378280 12388926 13 0 1 20 1  0
11.8379 12384822 760.923 12 1344 59.6722 6 12383326 12386150 13 0 1 20 1  0
10.2452 12529144 769.791 10 1645 102.332 2 12529103 12529323 13 0 1 20 1  0
16.3637 12581347 772.998 8 0 0 1056 12581347 12581348 13 0 1 20 1  0
21.2869 12656321 777.604 8 0 0 1 12581382 12581383 13 0 1 20 1  0
21.5862 12803602 786.653 8 0 0 1 12581836 12581838 13 0 1 20 1  0
15.2959 12581348 772.998 1 0 0 1 12581348 12581349 13 0 1 20 1  0
18.2288 12587053 773.349 1 0 0 1 12581382 12581384 13 0 1 20 1  0
20.7268 12803603 786.653 1 0 0 1 12581837 12581838 13 0 1 20 1  0
0 12580864 772.968 1 0 0 992 12582324 12582326 13 0 1 20 1  0
16.9854 12824450 787.934 2 0 0 1 12583791 12583793 13 0 1 20 1  0
11.1571 12679786 779.046 1 1 0.0197462 1 12679786 12679787 13 0 1 20 1  0
11.1081 12718548 781.428 1 1 0.0197462 1 12718548 12718549 13 0 1 20 1  0
10.1433 12815324 787.373 2 2 0.0394922 1 12815324 12815325 13 0 1 20 1  0
10.25 12809132 786.993 2 3 0.059238 1 12809132 12809133 13 0 1 20 1  0
10.4356 12704532 780.566 2 4 0.0789836 1 12704532 12704533 13 0 1 20 1  0
10.777 12811760 787.154 12 2745 721.765 5 12811534 12812346 13 0 1 20 1  0
12.201 12843022 789.075 8 0 0 2855 12843022 12843023 13 0 1 20 1  0
22.3077 12901997 792.699 8 0 0 1 12843326 12843328 13 0 1 20 1  0
22.4595 12981499 797.583 8 0 0 1 12843343 12843344 13 0 1 20 1  0
22.3822 13090965 804.309 8 0 0 1 12843358 12843359 13 0 1 20 1  0
27.0383 13035136 800.879 2 0 0 9 12847891 12847893 13 0 1 20 1  0
17.8268 13097807 804.729 2 0 0 2 12847939 12847941 13 0 1 20 1  0
21.463 13036115 800.939 4 0 0 30 12888191 12888200 13 0 1 20 1  0
19.3122 12924715 794.094 7 5 0.0987291 295 12922733 12924772 13 0 1 20 1  0
11.3102 12853123 789.696 1 1 0.0197462 1 12853123 12853124 13 0 1 20 1  0
10.1822 12873657 790.957 2 1 0.0197462 1 12873657 12873658 13 0 1 20 1  0
10.3045 12918174 793.693 5 1 0.0197462 2 12918174 12918175 13 0 1 20 1  0
10.1076 12920790 793.853 3 2 0.0394922 1 12920790 12920791 13 0 1 20 1  0
15.5486 12923114 793.996 3 2 0.0394922 2 12922792 12922801 13 0 1 20 1  0
10.2166 12924709 794.094 2 3 0.059238 1 12924709 12924710 13 0 1 20 1  0
10.3172 12922792 793.976 3 6 0.118475 1 12922792 12922793 13 0 1 20 1  0
12.553 13036448 800.959 12 206 4.15321 5 12922336 12925016 13 0 1 20 1  0
0 12843008 789.074 11 503 11.2766 1 13035866 13035990 13 0 1 20 1  0
10.4488 12923584 794.025 6 510 11.4739 5 12923571 12923589 13 0 1 20 1  0
10.1949 12922581 793.963 6 538 12.2807 2 12922580 12922586 13 0 1 20 1  0
11.226 13105774 805.219 8 0 0 1163 13105774 13105775 13 0 1 20 1  0
21.3388 13160697 808.593 8 0 0 1 13105813 13105814 13 0 1 20 1  0
21.1876 13352947 820.405 8 0 0 1 13106260 13106261 13 0 1 20 1  0
10.1951 13105262 805.187 1 0 0 1 13105262 13105263 13 0 1 20 1  0
23.562 13160698 808.593 1 0 0 1 13105814 13105815 13 0 1 20 1  0
22.2559 13330461 819.023 1 0 0 2 13106261 13106262 13 0 1 20 1  0
0 13105152 805.18 1 0 0 1021 13106297 13106298 13 0 1 20 1  0
10.0956 13114941 805.782 2 0 0 1 13114941 13114942 13 0 1 20 1  0
12.6401 13321191 818.454 2 1 0.0197462 7 13121602 13121603 13 0 1 20 1  0
10.6987 13108235 805.37 1 1 0.0197462 1 13108235 13108236 13 0 1 20 1  0
11.0834 13174050 809.414 1 1 0.0197462 1 13135599 13135600 13 0 1 20 1  0
10.4882 13115342 805.807 2 1 0.0197462 1 13115342 13115343 13 0 1 20 1  0
10.842 13140492 807.352 2 2 0.0394922 1 13140492 13140493 13 0 1 20 1  0
10.1394 13135597 807.051 2 3 0.059238 1 13135597 13135598 13 0 1 20 1  0
10.475 13367590 821.305 8 0 0 3034 13367590 13367591 13 0 1 20 1  0
21.304 13473856 827.834 8 0 0 1 13367623 13367624 13 0 1 20 1  0
21.2533 13566081 833.5 8 0 0 1 13367920 13367921 13 0 1 20 1  0
21.3134 13611384 836.283 8 0 0 1 13367931 13367932 13 0 1 20 1  0
21.7852 13508382 829.955 1 0 0 1 13367590 13367592 13 0 1 20 1  0
20.1391 13598570 835.496 1 0 0 21 13367623 13367624 13 0 1 20 1  0
10.2676 13372831 821.627 2 0 0 1 13372831 13372832 13 0 1 20 1  0
19.5304 13440493 825.784 2 0 0 5 13373629 13373632 13 0 1 20 1  0
18.5384 13441143 825.824 4 0 0 10 13401040 13401055 13 0 1 20 1  0
20.1164 13599902 835.578 12 118 2.34509 489 13591080 13602534 13 0 1 20 1  0
10.8785 13398572 823.208 1 1 0.0197462 1 13398572 13398573 13 0 1 20 1  0
11.0179 13496333 829.215 1 1 0.0197462 1 13401047 13401048 13 0 1 20 1  0
11.3462 13384028 822.315 2 1 0.0197462 1 13384028 13384029 13 0 1 20 1  0
15.149 13401046 823.36 2 1 0.0197462 3 13401045 13401049 13 0 1 20 1  0
12.4893 13485448 828.546 2 2 0.0394922 1 13440491 13440492 13 0 1 20 1  0
13.3744 13601204 835.658 3 2 0.0394922 2 13401044 13401047 13 0 1 20 1  0
10.1743 13600166 835.594 2 4 0.0789836 1 13600166 13600167 13 0 1 20 1  0
13.1262 13596928 835.395 4 6 0.118475 1 13440486 13440494 13 0 1 20 1  0
10.0272 13599226 835.536 5 162 3.23946 1 13599226 13599227 13 0 1 20 1  0
10.5913 13596176 835.349 7 486 10.8049 6 13596161 13596194 13 0 1 20 1  0
0 13367296 821.287 7 486 10.8049 13 13600731 13600765 13 0 1 20 1  0
10.9428 13511006 830.116 12 1287 53.8321 6 13510318 13512212 13 0 1 20 1  0
10.569 13509316 830.012 12 1531 83.4801 2 13508050 13510504 13 0 1 20 1  0
10.5321 13596500 835.369 12 2079 221.433 2 13596040 13597680 13 0 1 20 1  0
11.7134 13582782 834.526 12 3052 1244.06 1 13578090 13584558 13 0 1 20 1  0
12.7003 13465922 827.346 12 3083 1314.37 1 13460182 13467300 13 0 1 20 1  0
0 13367296 821.287 12 3083 1314.37 1 13579112 13581966 13 0 1 20 1  0
16.4882 13629446 837.393 8 0 0 1192 13629446 13629447 13 0 1 20 1  0
22.8216 13720891 843.012 8 0 0 1 13629627 13629628 13 0 1 20 1  0
22.7701 13774010 846.275 8 0 0 1 13629784 13629785 13 0 1 20 1  0
11.2135 13629447 837.393 1 0 0 1057 13629447 13629448 13 0 1 20 1  0
19.9256 13658647 839.187 1 0 0 1 13629627 13629628 13 0 1 20 1  0
34.5926 13833204 849.912 6 0 0 2778 13833155 13833266 13 0 1 20 1  0
10.1173 13632703 837.593 2 0 0 1 13632703 13632704 13 0 1 20 1  0
10.5156 13633209 837.624 1 1 0.0197462 1 13633209 13633210 13 0 1 20 1  0
10.909 13858761 851.482 1 1 0.0197462 1 13636807 13636808 13 0 1 20 1  0
10.0696 13647019 838.473 2 1 0.0197462 1 13647019 13647020 13 0 1 20 1  0
10.1884 13755296 845.125 3 1 0.0197462 1 13755296 13755297 13 0 1 20 1  0
10.1381 13766515 845.815 2 3 0.059238 1 13766515 13766516 13 0 1 20 1  0
14.4949 13829086 849.659 12 1882 156.046 28 13825460 13832044 13 0 1 20 1  0
0 13629440 837.393 9 1880 155.492 1 13831173 13831202 13 0 1 20 1  0
20.8622 13952320 857.231 8 0 0 1 13891985 13891987 13 0 1 20 1  0
20.6684 14146588 869.166 8 0 0 1 13892018 13892019 13 0 1 20 1  0
0 13891584 853.499 8 0 0 2210 13892330 13892331 13 0 1 20 1  0
14.0211 13891986 853.524 1 0 0 1 13891986 13891987 13 0 1 20 1  0
18.9002 13930018 855.86 1 0 0 1 13892638 13892640 13 0 1 20 1  0
24.2462 14146589 869.166 1 0 0 1 13892680 13892682 13 0 1 20 1  0
19.6323 13932961 856.041 2 0 0 23 13893127 13893129 13 0 1 20 1  0
15.2775 13933946 856.102 5 0 0 25 13932949 13932976 13 0 1 20 1  0
10.8143 14064117 864.099 1 1 0.0197462 1 14064117 14064118 13 0 1 20 1  0
10.8677 14127019 867.964 1 1 0.0197462 1 14127019 14127020 13 0 1 20 1  0
10.6624 13933611 856.081 2 2 0.0394922 1 13933611 13933612 13 0 1 20 1  0
10.0475 13909740 854.614 11 2106 232.307 1 13909732 13909756 13 0 1 20 1  0
10.2157 14153714 869.604 12 2225 286.941 1 14153536 14153730 13 0 1 20 1  0
17.5488 14153886 869.615 8 0 0 999 14153886 14153887 13 0 1 20 1  0
21.1767 14227427 874.133 8 0 0 315 14153918 14153919 13 0 1 20 1  0
21.4119 14373154 883.087 8 0 0 1 14154375 14154376 13 0 1 20 1  0
15.7062 14153887 869.615 1 0 0 1 14153887 14153888 13 0 1 20 1  0
18.8861 14167253 870.436 1 0 0 1 14153918 14153920 13 0 1 20 1  0
23.516 14361082 882.345 1 0 0 1 14154376 14154377 13 0 1 20 1  0
0 14153728 869.605 1 0 0 1017 14154403 14154411 13 0 1 20 1  0
15.923 14344137 881.304 2 0 0 1 14156496 14156498 13 0 1 20 1  0
11.8049 14165813 870.348 2 1 0.0197462 2 14165813 14165814 13 0 1 20 1  0
10.0468 14199714 872.43 1 1 0.0197462 1 14199714 14199715 13 0 1 20 1  0
10.6581 14366292 882.665 12 171 3.4246 1 14366054 14367814 13 0 1 20 1  0
10.585 14364718 882.568 12 1509 80.2575 3 14363722 14365128 13 0 1 20 1  0
10.5193 14343294 881.252 12 1453 72.5947 1 14342446 14343900 13 0 1 20 1  0
0 14153728 869.605 12 1453 72.5947 1 14364464 14365336 13 0 1 20 1  0
12.2814 14301764 878.7 12 2501 468.219 5 14298160 14305046 13 0 1 20 1  0
127.622 11330948 696.173 9 2763 745.177 925 11330408 11331474 13 0 1 20 1 1
