11.7595 3393 0.208466 6 54 1.06748 94 3375 3417 13 0 1 20 1  0
0 2048 0.125829 6 41 0.810049 165 70484 70491 13 0 1 20 1  0
10.1902 70479 4.33023 6 56 1.10713 1 3390 3398 13 0 1 20 1  0
10.0418 249705 15.3419 4 257 5.244 1 249704 249706 13 0 1 20 1  0
10.1566 125059 7.68362 3 403 8.63459 1 125058 125060 13 0 1 20 1  0
0 2048 0.125829 3 403 8.63459 1 125084 125088 13 0 1 20 1  0
10.2666 798249 49.0444 8 375 7.94685 1 798249 798250 13 0 1 20 1  0
10.1674 798275 49.046 2 381 8.09252 1 798246 798248 13 0 1 20 1  0
0 784384 48.1926 2 381 8.09252 1 798274 798276 13 0 1 20 1  0
11.2664 1285131 78.9584 8 0 0 1 1285129 1285134 13 0 1 20 1  0
0 1046528 64.2987 8 0 0 54747 1285461 1285462 13 0 1 20 1  0
10.8746 1285132 78.9585 1 0 0 3 1285130 1285134 13 0 1 20 1  0
10.5438 1294862 79.5563 4 0 0 1 1294861 1294865 13 0 1 20 1  0
21.198 1214794 74.6369 8 260 5.3094 1230 1057406 1057632 13 0 1 20 1  0
20.025 1125117 69.1272 7 134 2.66842 367 1057657 1057713 13 0 1 20 1  0
19.6624 1304657 80.1581 8 265 5.41873 42 1057472 1057605 13 0 1 20 1  0
18.0918 1192481 73.266 5 150 2.99385 78 1057705 1057729 13 0 1 20 1  0
19.0943 1080156 66.3648 7 163 3.25999 10 1057639 1057700 13 0 1 20 1  0
21.4413 1067869 65.6099 7 318 6.60542 1169 1057256 1057642 13 0 1 20 1  0
13.631 1259865 77.4061 5 154 3.07556 5 1080064 1080221 13 0 1 20 1  0
18.6326 1170044 71.8875 6 108 2.14396 78 1057714 1057737 13 0 1 20 1  0
17.1378 1147578 70.5072 5 118 2.34509 43 1057731 1057733 13 0 1 20 1  0
17.1818 1102591 67.7432 7 194 3.90176 6 1057652 1057672 13 0 1 20 1  0
10.0156 1237408 76.0263 8 142 2.83086 1 1237408 1237409 13 0 1 20 1  0
10.0358 1057664 64.9829 5 260 5.3094 6 1057664 1057665 13 0 1 20 1  0
10.7353 1237405 76.0262 2 150 2.99385 5 1125153 1125155 13 0 1 20 1  0
10.1566 1102642 67.7463 2 150 2.99385 3 1102642 1102643 13 0 1 20 1  0
21.0215 1158034 71.1496 7 325 6.76626 27 1057252 1057637 13 0 1 20 1  0
16.0582 1247890 76.6704 5 321 6.67423 40 1079694 1080158 13 0 1 20 1  0
12.8334 1158036 71.1497 4 242 4.91916 43 1067831 1067976 13 0 1 20 1  0
14.4952 1237340 76.0222 4 258 5.26578 1 1067724 1068056 13 0 1 20 1  0
10.3127 1135231 69.7486 2 378 8.01957 1 1067851 1067852 13 0 1 20 1  0
10.4287 1102375 67.7299 2 404 8.65954 1 1067777 1067779 13 0 1 20 1  0
11.1132 1169674 71.8648 2 440 9.57626 26 1067759 1067762 13 0 1 20 1  0
10.0277 1067603 65.5935 3 419 9.03701 2 1067603 1067604 13 0 1 20 1  0
10.0879 1079833 66.3449 8 432 9.36931 1 1079833 1079834 13 0 1 20 1  0
10.2277 1135141 69.7431 8 433 9.39508 1 1135141 1135142 13 0 1 20 1  0
11.0883 1102263 67.723 3 467 10.2892 4 1067647 1067652 13 0 1 20 1  0
10.1166 1102268 67.7233 8 459 10.0756 2 1102268 1102269 13 0 1 20 1  0
10.9765 1259556 77.3871 3 440 9.57626 1 1067698 1067714 13 0 1 20 1  0
10.1141 1079813 66.3437 2 473 10.4507 2 1079813 1079814 13 0 1 20 1  0
10.1532 1439011 88.4128 5 4 0.0789836 1 1439011 1439013 13 0 1 20 1  0
14.9327 1461376 89.7869 5 115 2.28468 68 1327167 1327292 13 0 1 20 1  0
0 1308672 80.4048 6 12 0.236951 4377 1394414 1394415 13 0 1 20 1  0
18.1479 1327269 81.5474 6 93 1.84346 406 1315315 1315428 13 0 1 20 1  0
13.7246 1495364 91.8752 6 111 2.20423 2 1327164 1327300 13 0 1 20 1  0
14.9684 1416883 87.0533 6 32 0.63206 4 1315427 1315439 13 0 1 20 1  0
10.0022 1315336 80.8142 5 155 3.09602 2 1315336 1315337 13 0 1 20 1  0
10.0291 1314827 80.783 3 572 13.3013 1 1314827 1314828 13 0 1 20 1  0
10.277 1438397 88.3751 3 572 13.3013 2 1393798 1393803 13 0 1 20 1  0
0 1308672 80.4048 3 572 13.3013 4 1416301 1416305 13 0 1 20 1  0
10.0277 1326725 81.514 3 574 13.3628 1 1326725 1326726 13 0 1 20 1  0
10.3363 1416365 87.0215 8 582 13.6105 2 1314842 1314899 13 0 1 20 1  0
0 1308672 80.4048 8 582 13.6105 4 1393804 1393927 13 0 1 20 1  0
10.6034 1708524 104.972 5 63 1.246 9 1663544 1663561 13 0 1 20 1  0
0 1570816 96.5109 5 63 1.246 1 1708514 1708535 13 0 1 20 1  0
10.189 1785469 109.699 8 2956 1049.32 1 1785469 1785470 13 0 1 20 1  0
10.204 1830842 112.487 12 3298 1924.42 1 1830530 1831122 13 0 1 20 1  0
10.3111 2044800 125.633 6 13 0.256698 2 1968507 1968510 13 0 1 20 1  0
0 1832960 112.617 6 13 0.256698 6 2044798 2044805 13 0 1 20 1  0
10.9819 2067223 127.01 6 29 0.572762 12 1910343 1910353 13 0 1 20 1  0
10.071 2607457 160.202 6 215 4.343 1 2607456 2607461 13 0 1 20 1  0
12.1717 2876908 176.757 8 259 5.28758 22 2629741 2629886 13 0 1 20 1  0
0 2619392 160.935 6 26 0.513479 9322 2809731 2809742 13 0 1 20 1  0
13.22 2854634 175.389 6 65 1.28571 111 2629996 2630039 13 0 1 20 1  0
13.9671 2787172 171.244 5 240 4.87612 281 2621939 2621966 13 0 1 20 1  0
14.6489 2824870 173.56 7 110 2.18413 469 2622070 2622095 13 0 1 20 1  0
10.0222 2742379 168.492 5 56 1.10713 1 2742379 2742380 13 0 1 20 1  0
12.4418 2780006 170.804 7 70 1.38505 7 2629982 2630027 13 0 1 20 1  0
14.1107 2809578 172.62 7 274 5.61661 200 2621887 2622021 13 0 1 20 1  0
10.12 2629993 161.587 3 134 2.66842 11 2629993 2629994 13 0 1 20 1  0
13.496 2734558 168.011 7 268 5.48454 11 2621879 2622030 13 0 1 20 1  0
10.0409 2712176 166.636 4 284 5.83814 4 2712176 2712177 13 0 1 20 1  0
11.6099 2652330 162.959 8 227 4.59778 3 2629773 2629911 13 0 1 20 1  0
10.0157 2667195 163.872 4 295 6.08393 2 2667195 2667196 13 0 1 20 1  0
10.0072 2719755 167.102 5 315 6.5368 1 2719755 2719756 13 0 1 20 1  0
10.1473 2749314 168.918 2 1789 132.257 1 2749313 2749316 13 0 1 20 1  0
0 2619392 160.935 2 1789 132.257 1 2749668 2749669 13 0 1 20 1  0
10.2989 3037256 186.609 1 0 0 1 3037256 3037257 13 0 1 20 1  0
10.2989 3058375 187.907 1 0 0 1 3058375 3058376 13 0 1 20 1  0
0 2881536 177.042 1 0 0 26091 3059842 3059843 13 0 1 20 1  0
10.0179 3037151 186.603 3 0 0 1 3037151 3037153 13 0 1 20 1  0
10.0067 3015278 185.259 4 0 0 1 3015278 3015279 13 0 1 20 1  0
13.3791 3057214 187.835 10 71 1.40493 71 3034508 3037231 13 0 1 20 1  0
17.8758 3034191 186.421 8 187 3.7559 3362 2899237 2899585 13 0 1 20 1  0
15.2205 2899853 178.167 10 125 2.48631 168 3011736 3014694 13 0 1 20 1  0
13.876 3012246 185.072 10 100 1.98352 110 3011838 3014754 13 0 1 20 1  0
13.6006 3101576 190.561 8 222 4.49138 124 2921799 2921972 13 0 1 20 1  0
11.8276 3123793 191.926 7 446 9.73273 4 2921473 2921890 13 0 1 20 1  0
15.1252 2966859 182.284 8 116 2.30481 1 2899373 2899647 13 0 1 20 1  0
11.9878 3079173 189.184 5 268 5.48454 3 2899221 2899488 13 0 1 20 1  0
10.2979 3011507 185.027 3 475 10.5048 4 3011506 3011510 13 0 1 20 1  0
10.0946 3056386 187.784 1 516 11.6443 1 3056386 3056387 13 0 1 20 1  0
11.9586 3011303 185.014 6 623 14.924 55 2898845 2899260 13 0 1 20 1  0
10.5178 3078683 189.154 8 615 14.6617 2 3033660 3033661 13 0 1 20 1  0
10.6892 3033351 186.369 3 1006 32.1203 3 2898472 2898474 13 0 1 20 1  0
10.3722 3033049 186.351 2 1006 32.1203 1 2898655 2898657 13 0 1 20 1  0
10.33 3014178 185.191 6 2755 734.68 3 3014169 3014192 13 0 1 20 1  0
0 2881536 177.042 8 2755 734.68 2 3014159 3014199 13 0 1 20 1  0
18.6097 3146496 193.321 8 182 3.65206 37208 3146306 3146697 13 0 1 20 1  0
10.1687 3147634 193.391 5 2 0.0394922 1 3147631 3147639 13 0 1 20 1  0
11.478 3403565 209.115 7 17 0.335692 1 3146695 3146735 13 0 1 20 1  0
10.0846 3213808 197.456 7 21 0.414699 1 3213805 3213814 13 0 1 20 1  0
12.8536 3191280 196.072 7 28 0.553 1 3146642 3146725 13 0 1 20 1  0
14.52 3280647 201.563 7 187 3.7559 44 3168513 3168740 13 0 1 20 1  0
18.1111 3358327 206.336 8 255 5.20048 474 3146184 3146633 13 0 1 20 1  0
15.9319 3201480 196.699 8 229 4.64044 134 3146264 3146609 13 0 1 20 1  0
12.0788 3380700 207.71 9 273 5.59455 3 3168397 3168648 13 0 1 20 1  0
14.5532 3403125 209.088 8 430 9.31787 251 3145933 3146500 13 0 1 20 1  0
14.8919 3335817 204.953 7 314 6.51397 427 3146119 3146559 13 0 1 20 1  0
10.2428 3313380 203.574 3 264 5.39683 2 3201399 3201401 13 0 1 20 1  0
12.3714 3223839 198.073 6 287 5.90495 6 3146269 3146563 13 0 1 20 1  0
11.5723 3213423 197.433 9 315 6.5368 2 3146228 3146437 13 0 1 20 1  0
12.1286 3268426 200.812 5 345 7.23163 3 3146178 3146539 13 0 1 20 1  0
12.1055 3313265 203.567 5 498 11.1368 9 3146017 3146451 13 0 1 20 1  0
10.0025 3380637 207.706 3 538 12.2807 1 3380637 3380638 13 0 1 20 1  0
13.3535 3415506 209.849 6 127 2.52672 102 3415464 3415538 13 0 1 20 1  0
21.0068 3425673 210.473 8 305 6.30938 2337 3415003 3415518 13 0 1 20 1  0
0 3405824 209.254 8 0 0 50303 3416524 3416525 13 0 1 20 1  0
20.8981 3470696 213.24 8 183 3.6728 455 3415240 3415582 13 0 1 20 1  0
14.3222 3553275 218.313 1 0 0 2 3506279 3507460 13 0 1 20 1  0
17.0855 3517627 216.123 3 0 0 45 3538609 3540370 13 0 1 20 1  0
16.5007 3553648 218.336 3 0 0 1 3605996 3608095 13 0 1 20 1  0
14.8769 3553260 218.312 8 1 0.0197462 14 3606057 3608024 13 0 1 20 1  0
14.6002 3530163 216.893 8 1 0.0197462 3 3538659 3540322 13 0 1 20 1  0
13.583 3583119 220.147 5 420 9.0624 5 3425242 3425787 13 0 1 20 1  0
12.1019 3462707 212.749 11 4 0.0789836 3 3516491 3517281 13 0 1 20 1  0
19.9178 3448213 211.858 8 223 4.51263 1099 3415163 3415548 13 0 1 20 1  0
13.3297 3460450 212.61 6 35 0.691372 7 3415543 3415588 13 0 1 20 1  0
10.5138 3617983 222.289 6 60 1.18646 2 3425893 3425950 13 0 1 20 1  0
11.7459 3662301 225.012 9 251 5.11363 3 3425485 3425979 13 0 1 20 1  0
10.6261 3437952 211.228 5 107 2.12388 2 3415510 3415532 13 0 1 20 1  0
15.1018 3628228 222.918 8 229 4.64044 7 3425524 3425928 13 0 1 20 1  0
15.3949 3605815 221.541 8 138 2.74957 4 3425678 3426002 13 0 1 20 1  0
11.3152 3573068 219.529 6 141 2.81052 1 3425725 3425910 13 0 1 20 1  0
10.5933 3640348 223.663 7 186 3.73511 2 3425649 3425884 13 0 1 20 1  0
15.8188 3538413 217.4 8 171 3.4246 1 3425625 3425965 13 0 1 20 1  0
15.2932 3560912 218.782 8 200 4.02726 14 3425584 3425931 13 0 1 20 1  0
12.5091 3650665 224.297 9 236 4.79021 1 3425507 3425998 13 0 1 20 1  0
10.3202 3605728 221.536 10 351 7.37298 1 3425286 3426042 13 0 1 20 1  0
10.061 3415022 209.819 4 406 8.70951 7 3415022 3415023 13 0 1 20 1  0
10.0079 3650515 224.288 7 453 9.91668 1 3425421 3425711 13 0 1 20 1  0
10.7959 3662132 225.001 5 547 12.5463 2 3414896 3415327 13 0 1 20 1  0
10.0067 3414742 209.802 5 548 12.5761 1 3414742 3414743 13 0 1 20 1  0
20.2203 3673486 225.699 10 54 1.06748 18871 3740231 3743756 13 0 1 20 1  0
21.3274 3695906 227.076 5 0 0 155 3730033 3733483 13 0 1 20 1  0
28.5447 3845008 236.237 5 0 0 51 3875204 3879276 13 0 1 20 1  0
15.3495 3697809 227.193 1 0 0 1 3740445 3744157 13 0 1 20 1  0
15.0271 3798491 233.379 1 0 0 1 3808060 3811882 13 0 1 20 1  0
17.9055 3845002 236.237 1 0 0 1 3865217 3868246 13 0 1 20 1  0
17.1511 3686117 226.475 2 0 0 1 3730045 3733484 13 0 1 20 1  0
17.9905 3755682 230.749 2 0 0 1 3774967 3778397 13 0 1 20 1  0
21.1489 3809459 234.053 3 0 0 3 3830274 3834659 13 0 1 20 1  0
19.5043 3695914 227.077 3 0 0 1 3730028 3733484 13 0 1 20 1  0
22.1374 3755358 230.729 4 0 0 2 3774961 3778397 13 0 1 20 1  0
22.5314 3810758 234.133 4 0 0 1 3830275 3834661 13 0 1 20 1  0
22.5815 3753449 230.612 5 0 0 72 3774963 3778397 13 0 1 20 1  0
22.9627 3821796 234.811 5 0 0 17 3830275 3834665 13 0 1 20 1  0
22.2992 3833451 235.527 10 2 0.0394922 34 3875204 3879560 13 0 1 20 1  0
17.5098 3730786 229.219 9 0 0 8 3730148 3733443 13 0 1 20 1  0
20.8496 3763310 231.218 10 54 1.06748 296 3807662 3811589 13 0 1 20 1  0
20.2756 3807875 233.956 8 33 0.651829 23 3830138 3834495 13 0 1 20 1  0
16.8118 3686181 226.479 8 1 0.0197462 3 3730109 3733441 13 0 1 20 1  0
20.3874 3718012 228.435 6 2 0.0394922 26 3730030 3733472 13 0 1 20 1  0
20.7072 3776572 232.033 10 2 0.0394922 3 3785328 3789160 13 0 1 20 1  0
21.8806 3852848 236.719 8 33 0.651829 379 3875064 3879108 13 0 1 20 1  0
19.0171 3919921 240.84 8 176 3.52783 37 3672732 3673088 13 0 1 20 1  0
19.2447 3897626 239.47 9 121 2.40557 137 3864511 3867770 13 0 1 20 1  0
16.0625 3876153 238.151 11 36 0.711146 9 3875348 3879141 13 0 1 20 1  0
14.245 3740560 229.82 9 60 1.18646 2 3740333 3743794 13 0 1 20 1  0
11.8819 3685045 226.409 6 132 2.6279 18 3672962 3673022 13 0 1 20 1  0
10.0666 3887215 238.83 5 56 1.10713 1 3685089 3685093 13 0 1 20 1  0
11.6289 3909653 240.209 6 91 1.80349 10 3672997 3673038 13 0 1 20 1  0
10.8612 3797329 233.308 6 92 1.82347 1 3673016 3673032 13 0 1 20 1  0
10.8343 3819788 234.688 6 125 2.48631 1 3672986 3673019 13 0 1 20 1  0
10.5554 4149337 254.935 8 0 0 1 4125693 4125695 13 0 1 20 1  0
0 3930112 241.466 8 0 0 11166 4148360 4148361 13 0 1 20 1  0
11.2937 4125689 253.482 4 0 0 5 4122117 4122133 13 0 1 20 1  0
15.7403 4031775 247.712 7 264 5.39683 528 3931407 3931701 13 0 1 20 1  0
16.1636 3964567 243.583 8 157 3.13695 245 3931577 3931767 13 0 1 20 1  0
10.0257 3941931 242.192 4 246 5.00544 4 3941931 3941932 13 0 1 20 1  0
12.1134 3987139 244.97 6 32 0.63206 6 3931798 3931816 13 0 1 20 1  0
10.7012 3931776 241.568 5 90 1.78351 20 3931765 3931786 13 0 1 20 1  0
14.8116 4166771 256.006 7 98 1.94347 102 3931696 3931802 13 0 1 20 1  0
11.1676 4189045 257.375 4 213 4.30073 5 3941942 3941980 13 0 1 20 1  0
14.1136 4136136 254.124 7 83 1.64383 80 3931718 3931800 13 0 1 20 1  0
11.7358 4181328 256.901 6 139 2.76988 11 3931721 3931762 13 0 1 20 1  0
14.2144 4121837 253.246 7 128 2.54694 8 3931668 3931774 13 0 1 20 1  0
11.0853 4158525 255.5 7 165 3.30108 1 3931699 3931715 13 0 1 20 1  0
14.0208 3986919 244.956 8 266 5.44065 7 3931455 3931636 13 0 1 20 1  0
13.97 4256092 261.494 6 365 7.70605 1264 4203549 4203693 13 0 1 20 1  0
0 4192256 257.572 6 44 0.869417 3142 4436079 4436083 13 0 1 20 1  0
10.0628 4211393 258.748 3 516 11.6443 16 4211393 4211394 13 0 1 20 1  0
10.1579 4413527 271.167 6 128 2.54694 1 4256310 4256328 13 0 1 20 1  0
10.517 4391049 269.786 6 159 3.17792 4 4256184 4256326 13 0 1 20 1  0
10.005 4203779 258.28 6 159 3.17792 1 4203779 4203780 13 0 1 20 1  0
13.9756 4233914 260.132 5 427 9.24093 65 4203640 4203660 13 0 1 20 1  0
10.9516 4435733 272.531 7 419 9.03701 3 4233802 4233987 13 0 1 20 1  0
10.2393 4458225 273.913 4 317 6.58253 1 4458222 4458228 13 0 1 20 1  0
10.2152 5044392 309.927 8 0 0 1 5044392 5044393 13 0 1 20 1  0
11.2801 5177011 318.076 7 25 0.493721 15 4997321 4997330 13 0 1 20 1  0
10.648 4978930 305.905 9 0 0 3237 4978688 4979670 13 0 1 20 1  0
10.9785 5110238 313.973 5 2 0.0394922 3 5110216 5110253 13 0 1 20 1  0
14.0129 5221847 320.83 7 61 1.2063 562 4997208 4997297 13 0 1 20 1  0
10.0184 4997250 307.031 6 65 1.28571 2 4997250 4997251 13 0 1 20 1  0
10.0284 5042167 309.791 5 66 1.30557 2 5042167 5042168 13 0 1 20 1  0
12.5518 5019344 308.388 7 438 9.52435 9 4996796 4997070 13 0 1 20 1  0
10.0042 5041904 309.775 4 304 6.28675 1 5041904 5041905 13 0 1 20 1  0
10.002 4996997 307.015 5 339 7.09109 1 4996997 4996998 13 0 1 20 1  0
11.627 5176595 318.05 7 428 9.26654 40 4996843 4997012 13 0 1 20 1  0
10.1362 5131667 315.29 4 405 8.68451 1 5131666 5131669 13 0 1 20 1  0
10.9714 5109128 313.905 5 536 12.2221 5 4996816 4996912 13 0 1 20 1  0
10.1433 5360200 329.331 8 0 0 1 5360200 5360201 13 0 1 20 1  0
11.4785 5403796 332.009 5 2 0.0394922 8 5290768 5290778 13 0 1 20 1  0
10.0418 5403802 332.01 1 0 0 1 5403802 5403803 13 0 1 20 1  0
10.0105 5359295 329.275 3 0 0 1 5359295 5359296 13 0 1 20 1  0
0 5240832 321.997 3 0 0 6501 5473279 5473284 13 0 1 20 1  0
10.0052 5267678 323.646 7 2 0.0394922 1 5267678 5267679 13 0 1 20 1  0
13.5004 5423716 333.233 7 355 7.46767 121 5243816 5244187 13 0 1 20 1  0
15.0498 5435977 333.986 7 148 2.95305 284 5244087 5244303 13 0 1 20 1  0
14.1031 5413375 332.598 8 254 5.17874 384 5243927 5244246 13 0 1 20 1  0
13.095 5458544 335.373 6 62 1.22615 86 5244276 5244335 13 0 1 20 1  0
16.1506 5244167 322.202 8 182 3.65206 409 5244012 5244329 13 0 1 20 1  0
10.0212 5391067 331.227 4 169 3.38338 1 5391067 5391068 13 0 1 20 1  0
10.4777 5491556 337.401 8 228 4.6191 1 5266549 5266681 13 0 1 20 1  0
10.7079 5435661 333.967 3 407 8.73453 1 5243947 5243982 13 0 1 20 1  0
12.9886 5626330 345.682 8 181 3.63133 248 5514010 5514130 13 0 1 20 1  0
0 5502976 338.103 6 42 0.829836 3854 5648961 5648963 13 0 1 20 1  0
13.791 5603757 344.295 7 344 7.20815 738 5513909 5514014 13 0 1 20 1  0
10.01 5514196 338.792 6 113 2.24444 1 5514196 5514197 13 0 1 20 1  0
10.829 5581466 342.925 7 172 3.44522 19 5581346 5581496 13 0 1 20 1  0
11.1463 5693785 349.826 8 129 2.56717 6 5581416 5581483 13 0 1 20 1  0
10.0171 5536378 340.155 5 314 6.51397 1 5536378 5536379 13 0 1 20 1  0
10.0042 5558830 341.535 6 323 6.7202 1 5558830 5558831 13 0 1 20 1  0
11.3257 5650058 347.14 12 419 9.03701 6 5537362 5538176 13 0 1 20 1  0
12.6724 5582498 342.989 12 501 11.2206 7 5514928 5515372 13 0 1 20 1  0
10.9027 5694892 349.894 12 484 10.75 1 5537402 5537764 13 0 1 20 1  0
15.8559 5765400 354.226 8 0 0 5903 5765120 5766378 13 0 1 20 1  0
15.1056 5807479 356.811 8 0 0 88 5784092 5784093 13 0 1 20 1  0
13.5379 5898938 362.431 8 0 0 1 5784136 5784148 13 0 1 20 1  0
14.3722 5967350 366.634 8 0 0 1 5921084 5921100 13 0 1 20 1  0
12.6497 6010254 369.27 8 0 0 1 5921104 5921113 13 0 1 20 1  0
13.2418 6022330 370.012 8 0 0 1 5921117 5921126 13 0 1 20 1  0
11.9676 5807480 356.812 1 0 0 1 5765167 5765169 13 0 1 20 1  0
13.2915 5828635 358.111 6 43 0.849625 5 5783722 5783759 13 0 1 20 1  0
12.3173 5940791 365.002 8 174 3.4865 81 5783532 5783639 13 0 1 20 1  0
12.0747 5918272 363.619 8 255 5.20048 72 5783423 5783590 13 0 1 20 1  0
13.6757 5798961 356.288 7 68 1.3453 146 5783680 5783758 13 0 1 20 1  0
10.0126 5783703 355.351 6 119 2.36524 4 5783703 5783704 13 0 1 20 1  0
13.1027 5895849 362.241 8 219 4.42771 24 5783442 5783629 13 0 1 20 1  0
11.6517 5887730 361.742 6 249 5.07031 13 5783426 5783646 13 0 1 20 1  0
10.0071 5821028 357.644 6 167 3.34221 1 5821028 5821029 13 0 1 20 1  0
10.8133 5976933 367.223 4 256 5.22223 7 5805877 5805914 13 0 1 20 1  0
10.1283 6268965 385.165 1 0 0 1 6268965 6268966 13 0 1 20 1  0
0 6027264 370.315 8 4 0.0789836 1441 6031659 6032205 13 0 1 20 1  0
13.3898 6110071 375.403 8 152 3.03469 33 6030573 6030726 13 0 1 20 1  0
10.2573 6180063 379.703 9 5 0.0987291 1 6031852 6032011 13 0 1 20 1  0
12.0405 6210533 381.575 6 7 0.13822 1 6030837 6030848 13 0 1 20 1  0
15.3314 6255551 384.341 8 16 0.315943 15 6210517 6213851 13 0 1 20 1  0
13.2771 6122763 376.183 8 9 0.177712 2 6120724 6125333 13 0 1 20 1  0
13.222 6246796 383.803 9 9 0.177712 86 6210653 6213787 13 0 1 20 1  0
13.6074 6031880 370.599 9 19 0.375194 6 6132908 6135921 13 0 1 20 1  0
13.5553 6120762 376.06 8 16 0.315943 4 6132779 6136056 13 0 1 20 1  0
13.8019 6188275 380.208 9 19 0.375194 10 6210583 6213731 13 0 1 20 1  0
13.2703 6267425 385.071 6 42 0.829836 73 6030767 6030797 13 0 1 20 1  0
14.608 6278064 385.724 9 44 0.869417 20 6210469 6213676 13 0 1 20 1  0
10.154 6381422 392.075 8 0 0 1 6381422 6381423 13 0 1 20 1  0
18.9256 6536786 401.62 8 204 4.11117 409 6289589 6289880 13 0 1 20 1  0
11.6936 6289793 386.445 7 212 4.27962 30546 6289711 6289832 13 0 1 20 1  0
10.1004 6291066 386.523 1 0 0 1 6291066 6291067 13 0 1 20 1  0
12.544 6381423 392.075 1 0 0 1 6292697 6292698 13 0 1 20 1  0
13.534 6516965 400.402 1 0 0 1 6292738 6292739 13 0 1 20 1  0
14.3065 6493290 398.948 2 0 0 1 6424738 6428187 13 0 1 20 1  0
10.0137 6291137 386.527 3 0 0 1 6291137 6291138 13 0 1 20 1  0
13.5917 6427959 394.934 3 0 0 3 6435370 6436343 13 0 1 20 1  0
14.6035 6491938 398.865 7 192 3.86003 496 6289659 6289857 13 0 1 20 1  0
12.4473 6471877 397.632 5 1 0.0197462 4 6470001 6471304 13 0 1 20 1  0
13.2302 6515710 400.325 8 12 0.236951 10 6457649 6458328 13 0 1 20 1  0
17.3306 6424802 394.74 8 35 0.691372 368 6447100 6450469 13 0 1 20 1  0
15.4456 6379864 391.979 8 35 0.691372 8 6379732 6383076 13 0 1 20 1  0
10.816 6525021 400.897 7 13 0.256698 1 6379838 6379840 13 0 1 20 1  0
11.234 6357188 390.586 7 164 3.28053 11 6289793 6289837 13 0 1 20 1  0
10.0163 6334749 389.207 5 186 3.73511 3 6334749 6334750 13 0 1 20 1  0
16.5022 6434825 395.356 7 317 6.58253 420 6289439 6289796 13 0 1 20 1  0
15.8888 6469406 397.48 8 205 4.13218 454 6289611 6289860 13 0 1 20 1  0
14.6318 6412524 393.985 8 181 3.63133 268 6289675 6289843 13 0 1 20 1  0
14.9688 6345099 389.843 8 180 3.6106 12 6289654 6289872 13 0 1 20 1  0
10.0164 6402104 393.345 5 208 4.19529 3 6402104 6402105 13 0 1 20 1  0
10.0746 6379655 391.966 4 256 5.22223 2 6379655 6379656 13 0 1 20 1  0
12.4633 6379469 391.955 9 243 4.94071 2 6289564 6289801 13 0 1 20 1  0
13.7872 6389964 392.599 8 249 5.07031 1 6289564 6289804 13 0 1 20 1  0
10.086 6300002 387.072 4 363 7.65818 3 6300002 6300003 13 0 1 20 1  0
10.0042 6311996 387.809 5 392 8.36197 1 6311996 6311997 13 0 1 20 1  0
10.9327 6536393 401.596 3 572 13.3013 1 6379193 6379197 13 0 1 20 1  0
10.1548 6536362 401.594 2 623 14.924 1 6536362 6536364 13 0 1 20 1  0
13.2927 6583772 404.507 8 0 0 1 6559879 6559881 13 0 1 20 1  0
13.3399 6650172 408.587 12 267 5.46259 5 6559580 6560984 13 0 1 20 1  0
13.8309 6694968 411.339 8 0 0 12 6560203 6560205 13 0 1 20 1  0
18.1908 6717587 412.729 11 66 1.30557 476 6694231 6697204 13 0 1 20 1  0
12.3806 6807975 418.282 8 0 0 1 6560254 6560256 13 0 1 20 1  0
0 6551552 402.527 8 0 0 23098 6560279 6560281 13 0 1 20 1  0
15.9734 6696110 411.409 1 0 0 1 6694441 6697726 13 0 1 20 1  0
16.8306 6784615 416.847 1 0 0 3 6716711 6716712 13 0 1 20 1  0
16.4082 6764781 415.628 5 1 0.0197462 54 6694411 6697714 13 0 1 20 1  0
13.9758 6559409 403.01 7 69 1.36517 12 6559368 6559475 13 0 1 20 1  0
16.9202 6785322 416.89 12 84 1.66377 1553 6559950 6561614 13 0 1 20 1  0
14.8695 6629829 407.337 7 3 0.059238 3 6649362 6652758 13 0 1 20 1  0
11.9556 6739353 414.066 10 145 2.89191 6 6559595 6559746 13 0 1 20 1  0
17.3084 6731967 413.612 7 68 1.3453 117 6559367 6559478 13 0 1 20 1  0
16.5941 6754423 414.992 7 58 1.14679 1 6559379 6559488 13 0 1 20 1  0
13.6662 6807806 418.272 12 73 1.4447 1 6582086 6584712 13 0 1 20 1  0
17.078 6776477 416.347 7 143 2.8512 667 6559240 6559431 13 0 1 20 1  0
12.5225 6581783 404.385 7 180 3.6106 10 6559244 6559389 13 0 1 20 1  0
10.0254 6694137 411.288 4 211 4.25852 4 6694137 6694138 13 0 1 20 1  0
11.1432 6672247 409.943 11 240 4.87612 1 6559876 6560081 13 0 1 20 1  0
12.3766 6738999 414.044 5 313 6.49115 6 6559041 6559344 13 0 1 20 1  0
10.0477 6693810 411.268 4 430 9.31787 1 6693810 6693811 13 0 1 20 1  0
10.0003 6558847 402.976 5 442 9.6283 1 6558847 6558848 13 0 1 20 1  0
10.0122 6671328 409.886 4 445 9.70658 1 6671328 6671329 13 0 1 20 1  0
10.1651 6672092 409.933 12 477 10.5591 1 6671916 6672362 13 0 1 20 1  0
10.0006 6693782 411.266 9 491 10.9426 1 6693782 6693783 13 0 1 20 1  0
10.018 6828942 419.57 5 79 1.56412 3 6828942 6828943 13 0 1 20 1  0
11.1025 6888829 423.25 6 96 1.90345 37 6828919 6828941 13 0 1 20 1  0
0 6813696 418.633 6 92 1.82347 21 6888816 6888842 13 0 1 20 1  0
10.0264 6828536 419.545 4 479 10.6135 1 6828534 6828537 13 0 1 20 1  0
10.0881 8052015 494.716 6 33 0.651829 1 8052012 8052017 13 0 1 20 1  0
10.2486 8007738 491.995 6 35 0.691372 1 7963460 7963470 13 0 1 20 1  0
0 7862272 483.058 6 35 0.691372 26 8007733 8007747 13 0 1 20 1  0
10.6273 8065988 495.574 7 73 1.4447 4 7977427 7977451 13 0 1 20 1  0
10.9464 7999570 491.494 7 75 1.48449 3 7955297 7955314 13 0 1 20 1  0
11.0899 7977434 490.134 7 76 1.50439 5 7955292 7955319 13 0 1 20 1  0
10.1677 8427929 517.812 3 479 10.6135 1 8427929 8427932 13 0 1 20 1  0
0 8386560 515.27 3 479 10.6135 5 8427961 8427962 13 0 1 20 1  0
10.0855 9895689 607.991 1 0 0 1 9895689 9895690 13 0 1 20 1  0
11.4164 9900091 608.262 1 0 0 1 9896008 9896009 13 0 1 20 1  0
0 9697280 595.801 1 0 0 46962 9896661 9896662 13 0 1 20 1  0
27.6377 9932352 610.244 2 8 0.157966 1358 9708719 9708724 13 0 1 20 1  0
21.0745 9730887 597.866 1 1 0.0197462 1 9730887 9730889 13 0 1 20 1  0
10.1932 9899802 608.244 4 1 0.0197462 1 9899800 9899804 13 0 1 20 1  0
13.931 9708724 596.504 1 2 0.0394922 2 9708724 9708725 13 0 1 20 1  0
29.1417 9910188 608.882 3 37 0.730923 348 9708646 9708712 13 0 1 20 1  0
26.1571 9841551 604.665 3 8 0.157966 12 9708717 9708725 13 0 1 20 1  0
19.0341 9708595 596.496 8 148 2.95305 235 9708493 9708494 13 0 1 20 1  0
10.0296 9708707 596.503 1 10 0.197458 1 9708707 9708708 13 0 1 20 1  0
24.7424 9819451 603.307 3 18 0.355443 19 9708700 9708720 13 0 1 20 1  0
19.7899 9885821 607.385 8 19 0.375194 6 9708701 9708705 13 0 1 20 1  0
21.1174 9885822 607.385 1 18 0.355443 7 9708702 9708705 13 0 1 20 1  0
19.9134 9819442 603.307 8 38 0.750701 12 9708646 9708654 13 0 1 20 1  0
11.0211 9708671 596.501 2 27 0.533239 4 9708671 9708672 13 0 1 20 1  0
19.7433 9841542 604.664 8 27 0.533239 2 9708670 9708672 13 0 1 20 1  0
19.1898 9951813 611.439 4 53 1.04766 1 9730787 9730865 13 0 1 20 1  0
16.079 9708598 596.496 1 143 2.8512 22 9708537 9708540 13 0 1 20 1  0
19.7051 9951795 611.438 8 62 1.22615 17 9708601 9708610 13 0 1 20 1  0
20.8875 9932321 610.242 1 74 1.46459 3 9708589 9708665 13 0 1 20 1  0
22.9712 9708638 596.499 2 69 1.36517 1 9708596 9708698 13 0 1 20 1  0
19.3739 9730745 597.857 8 159 3.17792 53 9708467 9708470 13 0 1 20 1  0
10.3185 9752881 599.217 8 120 2.3854 1 9752881 9752882 13 0 1 20 1  0
13.2092 9774962 600.574 8 290 5.97193 5 9708195 9708196 13 0 1 20 1  0
13.0086 9885697 607.377 1 138 2.74957 6 9708562 9708564 13 0 1 20 1  0
10.6115 9708509 596.491 1 173 3.46586 14 9708509 9708510 13 0 1 20 1  0
10.7878 9708449 596.487 1 168 3.36279 35 9708449 9708450 13 0 1 20 1  0
11.2543 9708229 596.474 1 246 5.00544 25 9708229 9708230 13 0 1 20 1  0
10.2622 9708346 596.481 1 278 5.70501 3 9708346 9708347 13 0 1 20 1  0
10.7311 9708223 596.473 1 236 4.79021 1 9708223 9708224 13 0 1 20 1  0
10.5646 9708154 596.469 1 332 6.92815 2 9708154 9708155 13 0 1 20 1  0
13.345 9951696 611.432 1 285 5.86039 1 9708189 9708203 13 0 1 20 1  0
10.0592 9774957 600.573 1 303 6.26413 1 9774957 9774958 13 0 1 20 1  0
10.5631 9951538 611.422 1 314 6.51397 4 9932162 9932163 13 0 1 20 1  0
10.8145 9931973 610.22 1 332 6.92815 3 9931972 9931975 13 0 1 20 1  0
12.2617 10068313 618.597 8 100 1.98352 3 10022054 10022056 13 0 1 20 1  0
10.6261 10111735 621.265 8 2 0.0394922 1 10111735 10111736 13 0 1 20 1  0
0 9959424 611.907 8 2 0.0394922 5701 10201242 10201243 13 0 1 20 1  0
12.495 9977110 612.994 8 124 2.46611 96 9977110 9977111 13 0 1 20 1  0
15.3041 10022085 615.757 8 93 1.84346 421 9977150 9977151 13 0 1 20 1  0
10.2101 9977273 613.004 1 4 0.0789836 5 9977273 9977274 13 0 1 20 1  0
11.2456 10022191 615.763 1 3 0.059238 7 10022191 10022192 13 0 1 20 1  0
15.8642 10201118 626.757 1 120 2.3854 337 9977111 9977125 13 0 1 20 1  0
14.3964 10201240 626.764 1 6 0.118475 27 9977271 9977274 13 0 1 20 1  0
10.1528 10068425 618.604 2 10 0.197458 1 10068425 10068426 13 0 1 20 1  0
10.252 10156233 623.999 1 64 1.26585 1 10022103 10022105 13 0 1 20 1  0
10.1116 10156229 623.999 8 72 1.42481 1 10022124 10022125 13 0 1 20 1  0
11.171 9977157 612.997 1 101 2.00355 50 9977157 9977158 13 0 1 20 1  0
10.088 10068316 618.597 1 95 1.88345 1 10068316 10068317 13 0 1 20 1  0
10.4643 9977066 612.991 1 176 3.52783 3 9977066 9977067 13 0 1 20 1  0
10.039 10021940 615.748 1 178 3.56919 1 10021940 10021941 13 0 1 20 1  0
10.4636 9977085 612.992 2 239 4.85462 9 9977085 9977086 13 0 1 20 1  0
10.0128 10246021 629.516 3 177 3.5485 1 10246021 10246022 13 0 1 20 1  0
10.0831 10290238 632.232 1 574 13.3628 1 10290238 10290239 13 0 1 20 1  0
10.1688 10693612 657.016 4 206 4.15321 4 10604084 10604087 13 0 1 20 1  0
10.053 10492133 644.637 6 130 2.5874 1 10492132 10492135 13 0 1 20 1  0
0 10483712 644.119 6 130 2.5874 8 10693651 10693653 13 0 1 20 1  0
10.1351 10604070 651.514 4 256 5.22223 1 10604067 10604072 13 0 1 20 1  0
10.7645 10637724 653.582 4 285 5.86039 25 10538295 10538307 13 0 1 20 1  0
10.0249 10538286 647.472 4 307 6.3547 1 10538286 10538287 13 0 1 20 1  0
10.1867 10593293 650.852 3 505 11.3328 1 10593292 10593295 13 0 1 20 1  0
11.1047 10873378 668.06 8 103 2.04364 7 10873378 10873379 13 0 1 20 1  0
12.1352 10917985 670.801 8 94 1.86345 133 10783504 10783505 13 0 1 20 1  0
10.7313 10828441 665.299 8 169 3.38338 11 10828441 10828444 13 0 1 20 1  0
14.5502 10782959 662.505 9 679 16.847 333 10769499 10770491 13 0 1 20 1  0
10.7073 10748269 660.374 8 627 15.0562 41723 10748269 10748270 13 0 1 20 1  0
10.6466 10783497 662.538 8 94 1.86345 15 10783497 10783498 13 0 1 20 1  0
0 10745856 660.225 8 94 1.86345 48 10783513 10783515 13 0 1 20 1  0
11.2055 10917984 670.801 1 99 1.96349 17 10783512 10783514 13 0 1 20 1  0
11.3854 10873380 668.06 1 100 1.98352 11 10828471 10828472 13 0 1 20 1  0
10.9243 10828447 665.3 2 159 3.17792 13 10783487 10783489 13 0 1 20 1  0
10.6607 10837165 665.835 8 156 3.11648 1 10783487 10783490 13 0 1 20 1  0
10.6254 10837165 665.835 1 158 3.15743 4 10783506 10783507 13 0 1 20 1  0
19.8395 10770236 661.723 7 667 16.4216 3049 10747872 10748359 13 0 1 20 1  0
13.6473 10792506 663.092 8 675 16.7043 22 10748236 10748241 13 0 1 20 1  0
11.0965 10814687 664.454 8 427 9.24093 8 10770416 10770418 13 0 1 20 1  0
12.0077 10873044 668.04 8 525 11.9024 30 10770363 10770364 13 0 1 20 1  0
11.0772 10814691 664.455 2 421 9.08782 10 10770418 10770423 13 0 1 20 1  0
11.2169 10873139 668.046 1 446 9.73273 1 10770406 10770410 13 0 1 20 1  0
11.0048 10828113 665.279 8 561 12.966 13 10748307 10748309 13 0 1 20 1  0
10.855 10828173 665.283 1 460 10.1021 3 10770399 10770403 13 0 1 20 1  0
10.4086 10873124 668.045 1 472 10.4237 1 10770395 10770397 13 0 1 20 1  0
11.3586 10873064 668.041 2 492 10.9702 10 10770287 10770289 13 0 1 20 1  0
10.7679 10828155 665.282 1 491 10.9426 1 10770385 10770388 13 0 1 20 1  0
10.2428 10782882 662.5 1 502 11.2486 2 10782882 10782883 13 0 1 20 1  0
10.5745 10748308 660.376 1 561 12.966 27 10748308 10748309 13 0 1 20 1  0
10.0874 10748312 660.376 2 554 12.7552 3 10748312 10748313 13 0 1 20 1  0
11.858 10782780 662.494 1 555 12.7852 1 10770352 10770355 13 0 1 20 1  0
11.1748 10881116 668.536 3 572 13.3013 1 10770175 10770181 13 0 1 20 1  0
10.3151 10748017 660.358 2 657 16.0728 20 10748017 10748018 13 0 1 20 1  0
10.0554 10770211 661.722 1 636 15.3566 2 10770211 10770212 13 0 1 20 1  0
12.5105 10858905 667.171 4 656 16.0382 3 10748083 10748307 13 0 1 20 1  0
10.3306 10747991 660.357 1 696 17.4627 5 10747991 10747992 13 0 1 20 1  0
10.0901 10748174 660.368 1 681 16.9186 8 10748174 10748175 13 0 1 20 1  0
13.3267 10814455 664.44 8 739 19.0923 50 10769411 10770434 13 0 1 20 1  0
13.5034 10792499 663.091 1 687 17.1348 5 10748229 10748234 13 0 1 20 1  0
12.2643 11006422 676.235 8 702 17.6838 2 10769401 10770487 13 0 1 20 1  0
10.549 11006761 676.255 3 709 17.9442 1 10769956 10769960 13 0 1 20 1  0
12.3399 10903004 669.881 7 746 19.3678 2 10769371 10770443 13 0 1 20 1  0
11.2146 10880966 668.527 7 717 18.2453 1 10769653 10770445 13 0 1 20 1  0
10.1751 10769707 661.691 1 726 18.5883 1 10769707 10769708 13 0 1 20 1  0
10.8632 10792399 663.085 1 743 19.2493 1 10770138 10770141 13 0 1 20 1  0
10.2406 10770064 661.713 1 747 19.4074 3 10770064 10770065 13 0 1 20 1  0
11.0999 10925208 671.245 7 760 19.9278 2 10769357 10770430 13 0 1 20 1  0
11.7447 10782738 662.491 1 779 20.7076 3 10769755 10769757 13 0 1 20 1  0
10.243 10769828 661.698 1 793 21.2972 1 10769828 10769829 13 0 1 20 1  0
10.0106 10769634 661.686 1 990 31.169 1 10769634 10769635 13 0 1 20 1  0
24.4599 11290222 693.671 1 307 6.3547 1103 11277673 11277675 13 0 1 20 1  0
14.0473 11290436 693.684 1 6 0.118475 35 11290435 11290439 13 0 1 20 1  0
10.7332 11290365 693.68 1 77 1.5243 6 11290365 11290374 13 0 1 20 1  0
0 11270144 692.438 8 73 1.4447 12063 11290372 11290373 13 0 1 20 1  0
10.1407 11290335 693.678 1 77 1.5243 2 11290335 11290336 13 0 1 20 1  0
10.2367 11290075 693.662 1 249 5.07031 3 11290075 11290076 13 0 1 20 1  0
11.9061 11277671 692.9 8 311 6.44559 46 11277671 11277672 13 0 1 20 1  0
11.1257 11278022 692.922 1 280 5.74931 21 11278022 11278023 13 0 1 20 1  0
10.2221 11290038 693.66 2 268 5.48454 3 11290038 11290039 13 0 1 20 1  0
12.6401 11277817 692.909 1 319 6.62833 25 11277817 11277818 13 0 1 20 1  0
10.0929 11289870 693.65 2 292 6.01667 2 11289870 11289871 13 0 1 20 1  0
10.501 11278202 692.933 1 336 7.02113 17 11278202 11278203 13 0 1 20 1  0
13.954 11411044 701.095 8 300 6.19641 1 11277917 11277918 13 0 1 20 1  0
14.0087 11411042 701.094 1 306 6.33203 2 11277837 11277838 13 0 1 20 1  0
12.7639 11477449 705.174 1 305 6.30938 1 11277838 11277839 13 0 1 20 1  0
10.7326 11277674 692.9 1 306 6.33203 3 11277674 11277675 13 0 1 20 1  0
14.2772 11477448 705.174 8 307 6.3547 1 11277822 11277824 13 0 1 20 1  0
16.5508 11300067 694.276 1 307 6.3547 1 11277792 11277794 13 0 1 20 1  0
14.1961 11300322 694.292 2 307 6.3547 1 11277929 11277976 13 0 1 20 1  0
10.6965 11278123 692.928 1 317 6.58253 4 11278123 11278124 13 0 1 20 1  0
13.1787 11433146 702.452 8 314 6.51397 1 11277931 11277935 13 0 1 20 1  0
13.1611 11433145 702.452 2 319 6.62833 1 11277929 11277933 13 0 1 20 1  0
10.411 11289944 693.654 2 325 6.76626 6 11289944 11289945 13 0 1 20 1  0
10.1691 11289814 693.646 1 349 7.32577 3 11289814 11289815 13 0 1 20 1  0
10.4103 11289987 693.657 1 531 12.0762 1 11289969 11289971 13 0 1 20 1  0
0 11270144 692.438 8 552 12.6953 1 11289978 11289979 13 0 1 20 1  0
10.4134 11289820 693.647 1 609 14.467 4 11289819 11289821 13 0 1 20 1  0
10.3856 11289950 693.654 1 598 14.1141 1 11289827 11289829 13 0 1 20 1  0
10.0345 11289421 693.622 3 672 16.5979 2 11289421 11289422 13 0 1 20 1  0
10.0673 11289066 693.6 3 832 23.0099 1 11289066 11289067 13 0 1 20 1  0
11.1642 11277686 692.901 3 867 24.6405 1 11277394 11277399 13 0 1 20 1  0
13.4867 13010042 799.337 7 120 2.3854 69 12866327 12866380 13 0 1 20 1  0
0 12843008 789.074 7 11 0.217204 358 12988038 12988051 13 0 1 20 1  0
11.8854 13076586 803.425 7 19 0.375194 4 12988013 12988044 13 0 1 20 1  0
10.725 12998579 798.633 7 33 0.651829 4 12988000 12988013 13 0 1 20 1  0
10.6247 12988454 798.011 10 33 0.651829 2 12988383 12991060 13 0 1 20 1  0
10.4494 13087070 804.07 6 73 1.4447 2 12998522 12998534 13 0 1 20 1  0
12.0903 13064784 802.7 8 169 3.38338 15 12976174 12976305 13 0 1 20 1  0
10.2371 12976315 797.265 7 116 2.30481 1 12976290 12976325 13 0 1 20 1  0
56.8522 13065250 802.729 12 640 15.4913 721 12952508 13105154 13 0 1 20 1  0
0 12843008 789.074 12 238 4.83313 4107 13065928 13067080 13 0 1 20 1  0
53.8455 12976062 797.249 12 826 22.7395 312 12953580 13105154 13 0 1 20 1  0
28.3105 13032580 800.722 12 528 11.9892 6 12963570 13099812 13 0 1 20 1  0
10.7113 13064327 802.672 6 843 23.5126 3 12974967 12975005 13 0 1 20 1  0
10.9113 12997569 798.571 5 684 17.0264 1 12965026 12965341 13 0 1 20 1  0
10.5345 12965023 796.571 7 706 17.8323 10 12964967 12965292 13 0 1 20 1  0
10.0005 12866586 790.523 12 732 18.8197 1 12866586 12866588 13 0 1 20 1  0
10.0942 12964931 796.565 1 822 22.5606 3 12964931 12964932 13 0 1 20 1  0
10.0786 12975442 797.211 1 819 22.4272 1 12975442 12975443 13 0 1 20 1  0
10.8408 12965033 796.572 1 840 23.3746 2 12964913 12964919 13 0 1 20 1  0
10.0539 12964905 796.564 1 851 23.8837 3 12964905 12964906 13 0 1 20 1  0
10.1059 12965108 796.576 1 862 24.4019 1 12965108 12965109 13 0 1 20 1  0
33.9513 13019222 799.901 12 996 31.5228 34 12962084 13105154 13 0 1 20 1  0
10.3884 13009228 799.287 4 924 27.5022 1 12987081 12987091 13 0 1 20 1  0
33.2737 13085744 803.988 12 991 31.2278 19 12962136 13105154 13 0 1 20 1  0
15.3331 12890308 791.98 12 2822 827.374 11 12887096 12893138 13 0 1 20 1  0
0 12843008 789.074 12 2822 827.374 1 12944786 12945690 13 0 1 20 1  0
10.3327 14392432 884.271 8 304 6.28675 2 14215847 14215848 13 0 1 20 1  0
10.8125 14193712 872.062 8 185 3.71433 18 14193711 14193713 13 0 1 20 1  0
10.9342 14193709 872.061 1 192 3.86003 32 14193709 14193711 13 0 1 20 1  0
10.4713 14215856 873.422 8 285 5.86039 8 14215856 14215857 13 0 1 20 1  0
10.9434 14326186 880.201 8 334 6.97459 4 14193641 14193642 13 0 1 20 1  0
0 14153728 869.605 8 304 6.28675 7 14348666 14348667 13 0 1 20 1  0
10.0011 14348660 881.582 8 317 6.58253 1 14348660 14348661 13 0 1 20 1  0
10.0929 14326187 880.201 1 333 6.95136 2 14326187 14326188 13 0 1 20 1  0
10.2611 14171571 870.701 8 334 6.97459 1 14171571 14171572 13 0 1 20 1  0
10.3516 14237803 874.771 8 337 7.04443 1 14237803 14237804 13 0 1 20 1  0
10.0143 14392415 884.27 2 338 7.06775 1 14392415 14392416 13 0 1 20 1  0
14.9845 14681198 902.013 8 502 11.2486 1479 14680787 14680789 13 0 1 20 1  0
11.7968 14926051 917.057 8 1 0.0197462 6 14704040 14704041 13 0 1 20 1  0
0 14678016 901.817 8 1 0.0197462 49436 14725892 14725893 13 0 1 20 1  0
13.0759 14747623 906.094 8 327 6.81241 105 14681279 14681280 13 0 1 20 1  0
11.1797 14814710 910.216 3 94 1.86345 50 14681524 14681533 13 0 1 20 1  0
10.0663 14681613 902.038 2 64 1.26585 1 14681613 14681614 13 0 1 20 1  0
12.7308 14814439 910.199 8 439 9.55029 40 14680935 14680938 13 0 1 20 1  0
12.5468 14858751 912.922 8 356 7.4914 8 14681183 14681184 13 0 1 20 1  0
14.3385 14725578 904.74 8 500 11.1927 566 14680819 14680827 13 0 1 20 1  0
13.7341 14770288 907.486 6 181 3.63133 391 14681356 14681522 13 0 1 20 1  0
14.5582 14903373 915.663 8 317 6.58253 15 14681232 14681233 13 0 1 20 1  0
11.049 14881351 914.31 2 91 1.80349 5 14681531 14681535 13 0 1 20 1  0
11.8534 14725781 904.752 1 92 1.82347 4 14681523 14681525 13 0 1 20 1  0
13.2738 14703842 903.404 8 257 5.244 18 14681289 14681291 13 0 1 20 1  0
11.3216 14881342 914.31 8 93 1.84346 2 14725770 14725771 13 0 1 20 1  0
14.1177 14792372 908.843 1 313 6.49115 89 14681264 14681266 13 0 1 20 1  0
11.5012 14903483 915.67 1 99 1.96349 2 14681520 14681522 13 0 1 20 1  0
10.7193 14881324 914.309 1 113 2.24444 2 14725762 14725763 13 0 1 20 1  0
11.5803 14703905 903.408 1 144 2.87155 4 14681501 14681504 13 0 1 20 1  0
13.3548 14814490 910.202 3 220 4.44892 118 14681309 14681335 13 0 1 20 1  0
14.146 14903374 915.663 1 317 6.58253 15 14681202 14681204 13 0 1 20 1  0
13.9389 14747627 906.094 2 321 6.67423 68 14681199 14681202 13 0 1 20 1  0
10.7354 14858752 912.922 1 356 7.4914 2 14681366 14681367 13 0 1 20 1  0
12.4509 14703725 903.397 3 498 11.1368 15 14680821 14680827 13 0 1 20 1  0
10.199 14703781 903.4 2 389 8.28817 2 14703781 14703782 13 0 1 20 1  0
13.3905 14770017 907.47 2 488 10.8599 59 14680829 14680833 13 0 1 20 1  0
10.675 14680918 901.996 1 399 8.53508 7 14680918 14680919 13 0 1 20 1  0
15.1758 14925612 917.03 8 505 11.3328 42 14680787 14680788 13 0 1 20 1  0
12.6041 14925789 917.04 1 405 8.68451 4 14681249 14681254 13 0 1 20 1  0
11.1232 14770060 907.472 2 409 8.78467 3 14681247 14681253 13 0 1 20 1  0
10.662 14703653 903.392 3 409 8.78467 2 14681248 14681252 13 0 1 20 1  0
11.7819 14903211 915.653 1 413 8.88527 2 14681214 14681218 13 0 1 20 1  0
10.3773 14925778 917.04 1 425 9.18978 1 14681291 14681292 13 0 1 20 1  0
10.8986 14725465 904.733 1 429 9.29219 1 14681238 14681240 13 0 1 20 1  0
10.737 14680776 901.987 1 575 13.3936 35 14680776 14680778 13 0 1 20 1  0
10.2356 14681026 902.002 2 432 9.36931 1 14681026 14681027 13 0 1 20 1  0
13.1013 14747529 906.088 3 518 11.7014 38 14680808 14680817 13 0 1 20 1  0
10.2164 14681064 902.005 1 444 9.68046 1 14681064 14681065 13 0 1 20 1  0
10.1257 14725536 904.737 1 448 9.78513 1 14725536 14725537 13 0 1 20 1  0
11.4949 14925689 917.034 4 518 11.7014 3 14681125 14681326 13 0 1 20 1  0
12.2414 14925762 917.039 1 457 10.0225 1 14681155 14681157 13 0 1 20 1  0
10.2119 14681155 902.01 1 458 10.049 1 14681155 14681156 13 0 1 20 1  0
10.3713 14681148 902.01 1 471 10.3967 3 14681148 14681149 13 0 1 20 1  0
13.8609 14925611 917.029 1 507 11.3891 23 14680856 14680860 13 0 1 20 1  0
11.7836 14792219 908.834 1 480 10.6407 1 14680886 14680887 13 0 1 20 1  0
12.2254 14770012 907.469 2 496 11.0812 3 14680823 14680825 13 0 1 20 1  0
13.4302 14703599 903.389 1 507 11.3891 6 14680815 14680822 13 0 1 20 1  0
13.0737 14792153 908.83 3 509 11.4456 5 14680853 14680902 13 0 1 20 1  0
11.2605 14792126 908.828 8 554 12.7552 3 14680788 14680791 13 0 1 20 1  0
11.1322 14725045 904.707 2 556 12.8152 4 14680787 14680790 13 0 1 20 1  0
11.9166 14769597 907.444 1 556 12.8152 3 14680787 14680790 13 0 1 20 1  0
10.274 14769585 907.443 1 576 13.4244 1 14769585 14769586 13 0 1 20 1  0
10.0544 14769576 907.443 1 590 13.8609 1 14769576 14769577 13 0 1 20 1  0
11.5988 3014164 185.19 1 2755 734.68 1 3014147 3014211 13 0 1 20 1 1
