0 120978 133.318
1 120974 132.309
2 120973 131.851
3 120973 131.695
4 120971 131.811
5 120970 131.934
6 120968 131.382
7 120968 132.235
8 120969 134.188
9 120967 133.591
10 120967 133.173
11 120965 132.605
12 120963 132.057
13 120962 131.588
14 120962 131.391
15 120960 130.934
16 120960 130.691
17 120960 130.825
18 120955 129.549
19 120955 128.832
20 120950 127.395
21 120950 127.403
22 120948 127.122
23 120947 126.692
24 120944 126.15
25 120941 125.53
26 120941 125.592
27 120942 125.599
28 120942 125.51
29 120939 125.294
30 120938 125.346
31 120938 125.429
32 120939 125.502
33 120938 126.808
34 120946 130.879
35 120957 134.285
36 120970 137.474
37 120982 140.347
38 120993 143.763
39 120999 146.82
40 120997 145.028
41 120996 144.887
42 120995 144.805
43 120995 144.78
44 120995 144.872
45 120995 144.954
46 120994 145.053
47 120999 146.518
48 120998 146.977
49 120999 147.291
50 120998 147.224
51 120994 146.585
52 120995 146.305
53 120994 146.218
54 120993 146.393
55 120992 146.185
56 120991 146.512
57 120991 146.649
58 120991 146.471
59 120990 146.914
60 120990 147.037
61 120987 146.775
62 120987 146.863
63 120985 146.588
64 120984 146.373
65 120984 145.333
66 120974 140.979
67 120962 137.538
68 120947 133.908
69 120934 130.444
70 120922 126.829
71 120913 122.664
72 120911 122.463
73 120912 122.56
74 120912 122.553
75 120915 126.665
76 120921 132.685
77 120923 133.393
78 120923 133.596
79 120916 132.074
80 120916 131.398
81 120914 131.001
82 120915 131.494
83 120915 131.768
84 120913 131.65
85 120913 131.679
86 120918 131.954
87 120918 132.075
88 120917 131.636
89 120916 131.539
90 120917 131.853
91 120915 131.246
92 120913 130.69
93 120914 132.029
94 120915 131.914
95 120915 131.912
96 120916 132.054
97 120915 131.694
98 120916 132.028
99 120915 132.51
100 120915 132.264
101 120915 132.745
102 120916 133.294
103 120916 133.452
104 120917 133.726
105 120917 133.726
106 120917 133.918
107 120913 129.758
108 120906 123.867
109 120903 123.002
110 120904 124.495
111 120904 125.422
112 120903 125.391
113 120904 125.87
114 120907 126.444
115 120909 127.157
116 120912 127.814
117 120914 129.146
118 120908 128.617
119 120908 128.787
120 120907 128.59
121 120908 128.652
122 120907 128.486
123 120907 128.493
124 120908 129.983
125 120907 128.586
126 120905 128.298
127 120904 128.258
128 120903 128.21
129 120903 128.64
130 120903 129.404
131 120907 129.415
132 120908 129.732
133 120908 129.322
134 120906 128.961
135 120906 128.723
136 120905 128.689
137 120904 128.579
138 120902 128.672
139 120903 129.537
140 120902 129.152
141 120903 129.175
142 120903 128.041
143 120904 127.383
144 120906 127.709
145 120906 127.313
146 120900 126.051
147 120898 125.048
148 120896 124.61
149 120894 123.689
150 120895 123.83
151 120900 124.517
152 120902 125.421
153 120903 126.316
154 120902 126.186
155 120905 126.401
156 120905 125.637
157 120904 125.692
158 120905 125.756
159 120909 127.356
160 120910 128.215
161 120909 127.995
162 120908 126.88
163 120903 125.929
164 120901 125.637
165 120901 125.55
166 120899 125.35
167 120899 125.456
168 120900 125.643
169 120902 125.775
170 120901 125.407
171 120899 124.583
172 120899 124.585
173 120899 124.583
174 120895 123.535
175 120894 124.115
176 120894 124.125
177 120893 123.921
178 120894 124.268
179 120896 125.269
180 120896 125.18
181 120901 131.614
182 120905 136.131
183 120901 136.036
184 120900 135.689
185 120900 135.738
186 120899 135.58
187 120899 135.811
188 120897 135.47
189 120897 135.571
190 120897 135.547
191 120894 134.389
192 120893 133.716
193 120895 134.176
194 120897 135.01
195 120897 135.136
196 120900 137.266
197 120901 137.317
198 120902 137.334
199 120902 137.97
200 120904 139.371
201 120903 139.975
202 120904 140.027
203 120904 139.978
204 120904 139.965
205 120904 140.017
206 120907 141.022
207 120906 140.222
208 120905 139.945
209 120909 140.739
210 120908 140.86
211 120907 140.219
212 120907 140.269
213 120902 133.457
214 120897 128.673
215 120895 127.767
216 120896 128.299
217 120896 127.59
218 120897 127.768
219 120896 127.689
220 120896 127.483
221 120897 127.411
222 120898 127.424
223 120897 126.918
224 120900 127.05
225 120899 127.071
226 120897 126.348
227 120897 126.703
228 120896 125.584
229 120895 125.497
230 120898 126.148
231 120897 125.552
232 120897 124.104
233 120897 123.721
234 120899 124.182
235 120900 124.22
236 120901 124.411
237 120902 124.478
238 120903 124.148
239 120902 124.351
240 120903 124.379
241 120899 123.626
242 120901 123.761
243 120902 123.99
244 120902 124.082
245 120901 123.974
246 120901 124.013
247 120901 124.105
248 120901 123.379
249 120901 123.436
250 120902 123.675
251 120901 123.333
252 120902 123.249
253 120901 123.198
254 120900 123.303
255 120900 123.26
256 120899 123.249
257 120898 122.585
258 120900 122.827
259 120899 122.545
260 120899 121.733
261 120899 121.884
262 120897 121.222
263 120896 121.179
264 120893 120.847
265 120892 120.668
266 120894 122.229
267 120895 122.408
268 120895 122.315
269 120896 122.24
270 120893 121.897
271 120894 122.102
272 120894 122.009
273 120895 122.069
274 120895 121.944
275 120894 121.523
276 120896 121.865
277 120897 121.909
278 120898 121.912
279 120899 122.009
280 120903 124.411
281 120903 124.727
282 120904 124.647
283 120905 124.953
284 120904 124.874
285 120904 124.74
286 120903 124.482
287 120905 125.391
288 120906 125.377
289 120910 126.443
290 120911 126.837
291 120912 127.586
292 120911 127.449
293 120912 127.407
294 120913 127.607
295 120914 128.174
296 120916 128.453
297 120916 128.277
298 120913 126.106
299 120912 126.121
300 120911 126.155
301 120912 126.866
302 120911 126.774
303 120911 126.474
304 120911 126.463
305 120910 126.481
306 120908 125.956
307 120908 126.159
308 120907 125.748
309 120907 125.811
310 120908 126.148
311 120909 126.644
312 120907 124.522
313 120905 124.041
314 120905 123.864
315 120904 123.592
316 120905 123.639
317 120907 124.088
318 120908 124.925
319 120907 124.224
320 120911 126.713
321 120910 127.43
322 120910 127.317
323 120914 127.437
324 120915 128.061
325 120918 128.325
326 120919 129.163
327 120918 128.564
328 120917 128.299
329 120917 128.244
330 120926 136.207
331 120927 138.644
332 120928 138.633
333 120928 138.028
334 120929 138.013
335 120929 137.912
336 120929 137.931
337 120929 137.798
338 120933 138.912
339 120933 139.074
340 120934 139.196
341 120933 139.357
342 120933 139.424
343 120932 139.152
344 120929 138.727
345 120929 138.509
346 120928 138.513
347 120928 138.608
348 120930 139.097
349 120929 139.237
350 120928 138.371
351 120928 138.389
352 120922 135.666
353 120920 133.973
354 120921 134.457
355 120916 133.601
356 120914 133.075
357 120912 132.693
358 120911 131.946
359 120911 131.879
360 120910 131.694
361 120910 131.751
362 120901 123.758
363 120902 121.913
364 120905 123.133
365 120908 124.158
366 120914 125.441
367 120917 125.721
368 120919 125.86
369 120921 126.154
370 120919 125.232
371 120920 124.933
372 120920 124.832
373 120921 124.633
374 120921 124.408
375 120920 124.018
376 120922 123.966
377 120924 124.484
378 120926 124.942
379 120927 125.279
380 120926 124.804
381 120926 124.49
382 120930 125.272
383 120932 127.124
384 120932 127.081
385 120933 127.06
386 120931 126.04
387 120934 127.11
388 120935 127.207
389 120938 127.59
390 120938 128.194
391 120939 128.334
392 120942 128.98
393 120941 129
394 120940 128.987
395 120940 130.18
396 120937 128.93
397 120932 127.711
398 120929 128.225
399 120927 128.13
400 120926 128.996
401 120927 129.001
402 120927 129.405
403 120926 129.839
404 120924 129.605
405 120924 130.171
406 120925 130.667
407 120924 130.617
408 120922 130.341
409 120922 132.442
410 120918 132.628
411 120919 133.068
412 120919 133.806
413 120920 135.255
414 120917 134.607
415 120916 133.907
416 120916 133.877
417 120915 133.824
418 120915 133.933
419 120912 132.87
420 120910 132.554
421 120908 132.382
422 120907 131.618
423 120908 132.048
424 120907 132.146
425 120908 132.165
426 120909 132.206
427 120907 130.219
428 120909 131.419
429 120909 131.333
430 120904 129.642
431 120904 129.364
432 120902 128.444
433 120901 128.31
434 120901 128.487
435 120902 128.153
436 120904 128.846
437 120903 128.347
438 120902 128.239
439 120903 128.995
440 120908 131.287
441 120910 131.053
442 120910 130.229
443 120915 132.443
444 120915 132.439
445 120913 130.874
446 120912 130.714
447 120910 129.354
448 120910 129.322
449 120911 129.379
450 120910 129.156
451 120909 129.089
452 120909 129.138
453 120908 129.013
454 120910 129.698
455 120908 129.332
456 120909 129.627
457 120910 130.538
458 120912 131.335
459 120911 131.33
460 120910 130.441
461 120911 130.474
462 120911 130.088
463 120910 130.023
464 120910 130.022
465 120909 129.713
466 120909 129.874
467 120909 131.051
468 120910 131.003
469 120913 131.261
470 120915 131.132
471 120914 130.72
472 120912 128.887
473 120908 126.621
474 120910 126.681
475 120903 123.535
476 120904 123.177
477 120904 123.007
478 120905 123.102
479 120906 123.135
480 120907 123.323
481 120906 123.436
482 120906 123.502
483 120906 123.43
484 120910 123.835
485 120911 123.929
486 120911 124.208
487 120913 124.422
488 120913 123.923
489 120914 123.423
490 120913 122.766
491 120915 122.973
492 120914 122.869
493 120916 123.002
494 120916 123.274
495 120916 123.293
496 120918 123.553
497 120920 123.953
498 120919 123.345
499 120919 121.997
500 120918 121.691
501 120916 121.498
502 120914 121.208
503 120914 121.024
504 120913 120.863
505 120914 120.956
506 120915 121.278
507 120916 121.628
508 120916 121.419
509 120917 121.905
510 120918 122.363
511 120920 122.849
