0 120974 113.597
1 120974 113.679
2 120975 113.766
3 120974 113.763
4 120975 113.76
5 120974 113.713
6 120974 113.606
7 120974 113.617
8 120974 113.567
9 120974 113.608
10 120974 113.643
11 120974 113.685
12 120975 114.576
13 120974 114.53
14 120974 114.523
15 120974 114.486
16 120974 114.474
17 120973 114.377
18 120973 114.279
19 120974 114.444
20 120974 114.74
21 120975 115.766
22 120975 115.719
23 120975 115.737
24 120975 115.79
25 120974 115.816
26 120974 115.846
27 120974 115.836
28 120973 115.884
29 120974 115.998
30 120974 116.021
31 120973 116.114
32 120971 116.182
33 120969 116.087
34 120968 116.25
35 120966 116.206
36 120964 116.137
37 120962 116.091
38 120962 116.437
39 120961 116.438
40 120959 116.396
41 120957 116.337
42 120955 116.252
43 120953 116.14
44 120951 115.288
45 120950 115.224
46 120948 115.136
47 120946 115.021
48 120945 114.962
49 120943 114.945
50 120942 114.904
51 120940 114.696
52 120937 114.399
53 120934 113.27
54 120932 113.304
55 120930 113.262
56 120928 113.2
57 120927 113.075
58 120926 112.966
59 120924 112.9
60 120922 112.749
61 120920 112.577
62 120918 112.488
63 120917 112.276
64 120917 112.178
65 120917 112.186
66 120917 111.903
67 120917 111.902
68 120917 111.893
69 120917 111.955
70 120915 111.589
71 120915 111.523
72 120915 111.54
73 120915 111.498
74 120915 111.52
75 120915 111.553
76 120915 111.55
77 120915 111.54
78 120915 111.515
79 120915 111.566
80 120915 111.556
81 120915 111.645
82 120915 111.621
83 120915 111.61
84 120915 111.693
85 120916 111.766
86 120916 111.742
87 120917 111.767
88 120917 111.739
89 120917 111.732
90 120917 111.756
91 120917 111.738
92 120917 111.746
93 120917 111.787
94 120917 111.811
95 120917 111.811
96 120918 111.81
97 120918 111.798
98 120918 111.817
99 120918 111.79
100 120918 111.806
101 120917 111.773
102 120917 111.812
103 120917 111.795
104 120917 111.822
105 120917 111.904
106 120916 111.934
107 120917 111.92
108 120916 111.892
109 120917 111.874
110 120916 112.02
111 120915 112.046
112 120915 112.014
113 120914 112.064
114 120914 112.336
115 120914 112.32
116 120915 112.163
117 120915 112.135
118 120915 112.271
119 120915 112.259
120 120915 112.289
121 120915 112.356
122 120915 112.308
123 120915 112.306
124 120915 112.346
125 120915 112.394
126 120915 112.393
127 120915 112.476
128 120915 112.483
129 120916 112.539
130 120916 112.59
131 120916 112.607
132 120915 112.905
133 120915 112.865
134 120914 113.102
135 120914 113.163
136 120914 113.227
137 120915 113.177
138 120915 113.103
139 120916 113.258
140 120915 113.379
141 120915 113.571
142 120916 113.522
143 120917 113.493
144 120917 113.562
145 120918 113.519
146 120918 113.367
147 120918 113.429
148 120917 113.47
149 120917 113.415
150 120917 113.215
151 120917 113.173
152 120916 113.174
153 120917 113.206
154 120917 113.203
155 120916 113.196
156 120917 113.251
157 120916 113.15
158 120916 113.095
159 120916 113.018
160 120915 112.976
161 120915 112.903
162 120915 112.801
163 120914 112.755
164 120916 112.389
165 120915 112.374
166 120917 112.33
167 120917 112.276
168 120917 112.142
169 120916 112.086
170 120916 112.046
171 120915 111.878
172 120916 111.725
173 120916 111.517
174 120916 111.456
175 120916 111.424
176 120916 111.367
177 120915 111.241
178 120915 111.116
179 120914 111.036
180 120915 111.002
181 120915 110.947
182 120914 110.946
183 120913 110.973
184 120915 111.463
185 120914 111.478
186 120914 111.516
187 120914 111.53
188 120914 111.394
189 120913 111.426
190 120913 111.429
191 120913 111.464
192 120913 111.485
193 120913 111.461
194 120913 111.457
195 120913 111.46
196 120914 111.528
197 120914 111.533
198 120913 111.292
199 120913 111.305
200 120913 111.363
201 120913 111.404
202 120914 111.435
203 120914 111.411
204 120914 111.623
205 120914 111.645
206 120914 111.566
207 120914 111.59
208 120914 111.572
209 120914 111.568
210 120914 111.557
211 120914 111.583
212 120914 111.646
213 120914 111.657
214 120915 111.652
215 120915 111.624
216 120914 111.124
217 120914 111.001
218 120914 110.938
219 120913 110.872
220 120913 110.909
221 120913 110.861
222 120914 110.89
223 120914 110.876
224 120914 110.867
225 120914 110.852
226 120914 110.886
227 120914 110.916
228 120914 110.968
229 120914 110.966
230 120914 110.978
231 120914 110.96
232 120914 110.904
233 120913 110.868
234 120913 110.839
235 120913 110.796
236 120913 110.698
237 120912 110.715
238 120913 110.726
239 120912 110.689
240 120913 110.985
241 120913 110.984
242 120913 110.99
243 120913 111.037
244 120913 110.997
245 120913 111.076
246 120913 111.069
247 120913 111.081
248 120913 111.105
249 120914 111.16
250 120914 111.204
251 120914 111.222
252 120914 111.189
253 120915 111.328
254 120915 111.381
255 120915 111.367
256 120915 111.383
257 120915 111.432
258 120916 111.547
259 120917 111.627
260 120917 111.894
261 120918 112.81
262 120919 113.154
263 120920 113.628
264 120922 114.123
265 120922 114.094
266 120922 114.156
267 120922 114.189
268 120922 114.089
269 120922 114.039
270 120922 114.029
271 120922 114.015
272 120922 113.755
273 120922 113.782
274 120922 113.789
275 120922 113.715
276 120922 113.72
277 120923 114.731
278 120923 114.731
279 120923 114.701
280 120923 114.615
281 120923 114.598
282 120923 114.563
283 120922 114.562
284 120922 114.547
285 120922 114.412
286 120921 114.295
287 120921 114.285
288 120921 114.285
289 120922 114.371
290 120921 114.348
291 120922 114.389
292 120921 114.191
293 120920 113.274
294 120920 113.072
295 120919 112.702
296 120918 112.397
297 120919 112.614
298 120919 112.607
299 120919 112.621
300 120919 112.691
301 120919 112.745
302 120919 112.789
303 120920 112.951
304 120919 112.923
305 120920 112.927
306 120920 112.973
307 120920 113.11
308 120920 113.348
309 120919 112.382
310 120919 112.52
311 120919 112.582
312 120919 112.608
313 120919 112.642
314 120919 112.639
315 120919 112.624
316 120919 112.634
317 120919 112.664
318 120920 112.896
319 120920 112.903
320 120920 112.933
321 120919 112.814
322 120919 112.709
323 120918 112.629
324 120917 112.512
325 120917 112.686
326 120917 112.728
327 120917 112.617
328 120917 112.429
329 120916 112.898
330 120915 113.111
331 120915 113.089
332 120915 113.086
333 120915 113.084
334 120916 113.162
335 120915 113.005
336 120915 112.996
337 120916 112.984
338 120916 112.906
339 120916 112.928
340 120916 112.66
341 120916 112.611
342 120915 112.475
343 120916 112.473
344 120916 112.479
345 120916 112.422
346 120916 112.457
347 120916 112.542
348 120917 113.007
349 120918 113.146
350 120917 112.987
351 120917 112.98
352 120918 113.135
353 120918 113.313
354 120918 113.271
355 120918 113.188
356 120918 113.294
357 120918 113.111
358 120917 112.94
359 120917 112.925
360 120917 112.914
361 120916 112.216
362 120917 111.996
363 120917 112.079
364 120917 112.017
365 120917 111.961
366 120917 111.848
367 120917 111.867
368 120916 111.856
369 120918 112.753
370 120918 112.884
371 120918 112.723
372 120918 112.725
373 120918 112.67
374 120921 113.768
375 120920 113.818
376 120921 114.04
377 120921 114.183
378 120922 114.197
379 120921 114.133
380 120920 113.705
381 120920 113.599
382 120920 113.552
383 120920 113.584
384 120919 113.401
385 120920 113.19
386 120920 113.239
387 120921 113.729
388 120921 114.003
389 120921 114.006
390 120921 117.019
391 120921 117.016
392 120921 117.13
393 120922 117.255
394 120922 117.228
395 120922 117.148
396 120922 117.171
397 120922 117.229
398 120923 117.307
399 120923 122.938
400 120923 122.964
401 120922 122.111
402 120922 121.934
403 120921 121.973
404 120921 121.971
405 120921 121.955
406 120919 120.958
407 120919 120.899
408 120919 120.615
409 120918 120.545
410 120918 120.719
411 120919 121.516
412 120919 121.54
413 120920 121.553
414 120920 121.625
415 120921 121.661
416 120921 121.724
417 120923 121.86
418 120923 121.951
419 120923 121.58
420 120924 121.385
421 120924 121.44
422 120924 118.475
423 120925 118.576
424 120926 118.552
425 120926 118.539
426 120926 118.611
427 120926 118.713
428 120927 118.768
429 120927 118.889
430 120928 119.074
431 120929 113.712
432 120930 113.869
433 120931 114.078
434 120933 114.545
435 120934 114.813
436 120936 115.175
437 120937 115.595
438 120938 115.748
439 120940 116.101
440 120941 116.345
441 120941 116.424
442 120942 116.453
443 120943 115.901
444 120944 116.313
445 120946 116.86
446 120948 117.491
447 120950 118.194
448 120950 118.522
449 120950 118.701
450 120950 118.936
451 120950 118.987
452 120949 119.049
453 120950 119.328
454 120950 119.325
455 120949 119.392
456 120949 119.423
457 120949 119.362
458 120948 119.312
459 120948 119.21
460 120947 119.179
461 120947 119.079
462 120946 118.828
463 120944 118.631
464 120944 118.485
465 120943 118.254
466 120941 117.881
467 120942 117.752
468 120940 117.558
469 120939 117.207
470 120938 116.972
471 120936 116.564
472 120936 116.404
473 120935 116.356
474 120934 116.146
475 120933 115.975
476 120932 115.685
477 120930 115.178
478 120928 114.529
479 120926 113.758
480 120925 113.426
481 120925 113.2
482 120925 112.875
483 120925 112.839
484 120925 112.682
485 120926 113.138
486 120927 113.383
487 120927 113.229
488 120927 113.144
489 120927 113.144
490 120927 113.116
491 120927 113.344
492 120927 113.346
493 120927 113.326
494 120927 113.363
495 120927 113.303
496 120927 113.275
497 120927 113.341
498 120927 113.399
499 120926 113.318
500 120926 113.248
501 120926 113.292
502 120927 113.401
503 120927 113.54
504 120928 113.636
505 120927 113.608
506 120928 113.729
507 120928 113.773
508 120928 113.688
509 120928 113.716
510 120928 113.822
511 120928 114.013
