10.9733 5190 0.318874 8 0 0 1 5190 5191 13 0 1 20 1  0
11.5311 207106 12.7246 8 0 0 1 7145 7147 13 0 1 20 1  0
0 2048 0.125829 8 0 0 32 7471 7473 13 0 1 20 1  0
11.4243 7146 0.43905 1 0 0 1 7146 7147 13 0 1 20 1  0
11.9363 206126 12.6644 1 0 0 1 7471 7473 13 0 1 20 1  0
0 2048 0.125829 1 0 0 20 9429 9430 13 0 1 20 1  0
12.1617 48644 2.98869 5 0 0 12 48635 48661 13 0 1 20 1  0
13.0414 266156 16.3526 8 0 0 1 266156 266157 13 0 1 20 1  0
13.5588 336949 20.7021 8 0 0 1 266804 266805 13 0 1 20 1  0
0 260096 15.9803 8 0 0 9 273323 273324 13 0 1 20 1  0
10.4246 266157 16.3527 1 0 0 1 266157 266158 13 0 1 20 1  0
12.7485 448197 27.5372 1 0 0 1 266804 266805 13 0 1 20 1  0
0 260096 15.9803 1 0 0 6 273323 273324 13 0 1 20 1  0
12.6381 434057 26.6685 11 71 1.40493 22 433651 435102 13 0 1 20 1  0
10.0767 432324 26.562 2 1424 68.9126 1 432324 432325 13 0 1 20 1  0
10.115 432434 26.5687 2 1424 68.9126 1 432434 432435 13 0 1 20 1  0
0 260096 15.9803 2 1424 68.9126 1 432553 432554 13 0 1 20 1  0
12.3313 431594 26.5171 12 1729 118.858 74 430118 433276 13 0 1 20 1  0
11.5128 431580 26.5163 3 1754 124.269 22 430872 430875 13 0 1 20 1  0
11.1377 431839 26.5322 4 1686 110.093 14 431481 431515 13 0 1 20 1  0
0 260096 15.9803 2 1681 109.116 220 431930 431933 13 0 1 20 1  0
11.4918 432267 26.5585 2 1713 115.519 3 431037 431039 13 0 1 20 1  0
10.3689 431439 26.5076 2 1686 110.093 6 431439 431440 13 0 1 20 1  0
11.3381 431489 26.5107 2 1686 110.093 2 431486 431493 13 0 1 20 1  0
12.4809 432078 26.5469 3 1686 110.093 2 431436 431730 13 0 1 20 1  0
10.4196 432424 26.5681 3 1687 110.289 1 431831 431834 13 0 1 20 1  0
10.9658 432134 26.5503 2 1688 110.486 1 431501 431502 13 0 1 20 1  0
10.2669 432021 26.5434 2 1712 115.313 3 432021 432022 13 0 1 20 1  0
11.5984 431270 26.4972 3 1727 118.436 9 430596 430600 13 0 1 20 1  0
10.088 430651 26.4592 4 1727 118.436 1 430651 430652 13 0 1 20 1  0
10.17 430736 26.4644 2 1738 120.779 1 430736 430737 13 0 1 20 1  0
10.1556 430945 26.4773 2 1758 125.157 1 430945 430946 13 0 1 20 1  0
14.0156 428495 26.3267 5 2386 381.815 410 426406 429908 13 0 1 20 1  0
10.5874 428556 26.3305 3 2386 381.815 5 427455 427460 13 0 1 20 1  0
0 260096 15.9803 3 2383 379.788 1552 428458 428461 13 0 1 20 1  0
10.3348 427686 26.277 2 2413 400.548 1 427686 427687 13 0 1 20 1  0
10.3654 424633 26.0895 3 2554 514.37 10 424633 424634 13 0 1 20 1  0
10.1374 424860 26.1034 3 2457 433.065 1 424860 424861 13 0 1 20 1  0
10.3923 424410 26.0758 3 2471 443.954 4 424410 424411 13 0 1 20 1  0
10.1323 424282 26.0679 3 2484 454.31 2 424282 424283 13 0 1 20 1  0
10.046 424809 26.1003 4 2548 508.925 1 424809 424810 13 0 1 20 1  0
10.0307 424530 26.0831 5 2555 515.284 1 424530 424531 13 0 1 20 1  0
10.2144 424037 26.0528 5 2689 653.526 2 424033 424040 13 0 1 20 1  0
10.943 423827 26.0399 6 2667 628.517 3 423392 423415 13 0 1 20 1  0
10.2083 423433 26.0157 5 2713 681.943 3 423432 423434 13 0 1 20 1  0
10.2643 423559 26.0235 5 2676 638.63 1 423558 423563 13 0 1 20 1  0
14.4103 522212 32.0847 9 2856 878.797 98 520028 522241 13 0 1 20 1  0
10.0689 528451 32.468 8 0 0 1 528451 528452 13 0 1 20 1  0
11.5891 540186 33.189 8 0 0 1 540186 540187 13 0 1 20 1  0
0 522240 32.0864 8 0 0 11 602186 602187 13 0 1 20 1  0
10.5558 670706 41.2082 1 0 0 1 670706 670707 13 0 1 20 1  0
10.0261 760854 46.7469 3 626 15.0231 1 760854 760855 13 0 1 20 1  0
10.2903 761167 46.7661 3 626 15.0231 1 761157 761169 13 0 1 20 1  0
10.0953 760736 46.7396 1 723 18.4735 1 760736 760737 13 0 1 20 1  0
10.0967 760760 46.7411 1 723 18.4735 1 760760 760761 13 0 1 20 1  0
0 522240 32.0864 1 723 18.4735 5 760796 760801 13 0 1 20 1  0
10.6694 760811 46.7442 2 730 18.7423 3 760768 760770 13 0 1 20 1  0
10.0184 760727 46.7391 3 986 30.9352 1 760727 760728 13 0 1 20 1  0
10.0813 760291 46.7123 1 1026 33.3459 1 760291 760292 13 0 1 20 1  0
10.2151 760368 46.717 1 1030 33.596 1 760364 760369 13 0 1 20 1  0
10.1694 760323 46.7142 1 1043 34.4205 1 760323 760324 13 0 1 20 1  0
10.0234 760461 46.7227 1 1043 34.4205 1 760461 760462 13 0 1 20 1  0
13.5451 784384 48.1926 12 2687 651.212 41 782916 784386 13 0 1 20 1  0
0 522240 32.0864 6 2796 790.09 2 783883 784224 13 0 1 20 1  0
10.7333 799582 49.1263 8 0 0 1 799582 799583 13 0 1 20 1  0
11.5535 833515 51.2112 8 0 0 1 833515 833516 13 0 1 20 1  0
0 784384 48.1926 8 0 0 42 834156 834157 13 0 1 20 1  0
10.4254 1042669 64.0616 1 0 0 1 1042669 1042670 13 0 1 20 1  0
10.3823 1044952 64.2019 1 0 0 1 1044952 1044953 13 0 1 20 1  0
10.05 916615 56.3168 2 0 0 1 916615 916616 13 0 1 20 1  0
10.7968 849050 52.1656 4 2102 230.663 2 848935 848938 13 0 1 20 1  0
0 784384 48.1926 4 2102 230.663 253 849039 849053 13 0 1 20 1  0
10.2239 848928 52.1581 4 2135 244.579 2 848928 848929 13 0 1 20 1  0
10.5123 849442 52.1897 4 2106 232.307 1 849438 849444 13 0 1 20 1  0
10.9361 850840 52.2756 4 2131 242.849 6 849249 849255 13 0 1 20 1  0
10.0683 849328 52.1827 4 2128 241.559 1 849328 849329 13 0 1 20 1  0
12.2066 849895 52.2175 5 2141 247.198 32 794764 794767 13 0 1 20 1  0
12.9647 877603 53.9199 5 2138 245.885 36 793888 793911 13 0 1 20 1  0
10.0795 877777 53.9306 3 2140 246.76 1 877777 877778 13 0 1 20 1  0
10.4264 851455 52.3134 4 2210 279.403 1 850446 850447 13 0 1 20 1  0
11.7441 1046346 64.2875 4 2277 314.678 50 1045964 1045968 13 0 1 20 1  0
10.0864 1045589 64.241 4 2286 319.743 1 1045589 1045590 13 0 1 20 1  0
10.42 1045891 64.2595 4 2329 345.092 1 1045850 1045895 13 0 1 20 1  0
10.1091 1045961 64.2638 4 2376 375.101 1 1045961 1045962 13 0 1 20 1  0
11.0568 865172 53.1562 8 2796 790.09 7 864265 866691 13 0 1 20 1  0
0 784384 48.1926 5 2793 785.897 4 865004 865087 13 0 1 20 1  0
10.2639 866414 53.2325 5 2799 794.305 1 865667 865671 13 0 1 20 1  0
10.6075 1035787 63.6388 11 3224 1687.75 1 1031475 1036428 13 0 1 20 1  0
10.3475 1061200 65.2001 8 0 0 1 1061200 1061201 13 0 1 20 1  0
16.75 1234271 75.8336 8 0 0 1 1061524 1061528 13 0 1 20 1  0
0 1046528 64.2987 8 0 0 44 1061584 1061585 13 0 1 20 1  0
10.6271 1061200 65.2001 1 0 0 1 1061200 1061201 13 0 1 20 1  0
17.4453 1085425 66.6885 1 0 0 1 1061524 1061529 13 0 1 20 1  0
10.3874 1061526 65.2202 2 0 0 2 1061526 1061527 13 0 1 20 1  0
10.9087 1073576 65.9605 2 0 0 2 1073575 1073577 13 0 1 20 1  0
11.4477 1276780 78.4454 11 58 1.14679 8 1276595 1276935 13 0 1 20 1  0
10.8214 1277569 78.4938 2 1 0.0197462 2 1277569 1277571 13 0 1 20 1  0
10.2972 1135991 69.7953 2 2 0.0394922 1 1135991 1135992 13 0 1 20 1  0
10.8665 1295897 79.6199 2 2 0.0394922 1 1137620 1137621 13 0 1 20 1  0
10.033 1276912 78.4535 3 2 0.0394922 1 1276912 1276913 13 0 1 20 1  0
10.0317 1160140 71.279 4 2 0.0394922 1 1160140 1160141 13 0 1 20 1  0
12.5347 1055956 64.8779 12 207 4.17424 6 1054498 1057952 13 0 1 20 1  0
11.2725 1055337 64.8399 2 1017 32.7893 66 1055217 1055222 13 0 1 20 1  0
10.1965 1055681 64.861 1 940 28.3547 1 1055681 1055682 13 0 1 20 1  0
10.0065 1055598 64.8559 1 942 28.4628 1 1055598 1055599 13 0 1 20 1  0
10.5524 1055661 64.8598 2 957 29.2854 5 1055397 1055406 13 0 1 20 1  0
0 1046528 64.2987 2 957 29.2854 67 1055653 1055663 13 0 1 20 1  0
10.7745 1055731 64.8641 2 962 29.5642 1 1055392 1055403 13 0 1 20 1  0
10.8839 1055709 64.8628 1 973 30.1858 1 1055632 1055633 13 0 1 20 1  0
10.4459 1054716 64.8018 2 1017 32.7893 3 1054716 1054717 13 0 1 20 1  0
10.5509 1055212 64.8322 4 1070 36.192 3 1055200 1055261 13 0 1 20 1  0
10.2161 1055156 64.8288 2 1083 37.0742 1 1055156 1055157 13 0 1 20 1  0
10.0284 1053661 64.7369 2 1462 73.7761 1 1053661 1053662 13 0 1 20 1  0
10.251 1053815 64.7464 3 1474 75.3804 1 1053815 1053816 13 0 1 20 1  0
10.4908 1053715 64.7402 4 1474 75.3804 2 1053711 1053721 13 0 1 20 1  0
10.2372 1054208 64.7705 2 1501 79.1161 1 1054208 1054209 13 0 1 20 1  0
10.0047 1052943 64.6928 3 1835 143.535 1 1052943 1052944 13 0 1 20 1  0
10.0485 1052772 64.6823 2 1872 153.296 1 1052772 1052773 13 0 1 20 1  0
10.6708 1053314 64.7156 2 1879 155.216 1 1053314 1053315 13 0 1 20 1  0
10.0501 1047148 64.3368 5 2388 383.172 1 1047148 1047149 13 0 1 20 1  0
10.1259 1046840 64.3178 3 2394 387.273 1 1046840 1046841 13 0 1 20 1  0
10.0468 1047593 64.3641 4 2435 416.49 1 1047593 1047594 13 0 1 20 1  0
12.9821 1046551 64.3001 7 2695 660.517 298 1046528 1048015 13 0 1 20 1  0
10.2342 1697435 104.29 8 0 0 1 1697435 1697436 13 0 1 20 1  0
12.2078 1761483 108.226 8 0 0 1 1704532 1704534 13 0 1 20 1  0
0 1570816 96.5109 8 0 0 24 1721282 1721283 13 0 1 20 1  0
11.8148 1759845 108.125 1 0 0 1 1704532 1704534 13 0 1 20 1  0
0 1570816 96.5109 1 0 0 17 1722813 1722814 13 0 1 20 1  0
10.0387 1704533 104.727 2 0 0 1 1704533 1704534 13 0 1 20 1  0
11.2093 1722828 105.851 2 0 0 5 1722813 1722831 13 0 1 20 1  0
10.6665 1726102 106.052 2 1 0.0197462 1 1704977 1704979 13 0 1 20 1  0
10.5839 1771249 108.826 7 11 0.217204 1 1771242 1771257 13 0 1 20 1  0
10.0824 1796048 110.349 1 654 15.9691 1 1796048 1796049 13 0 1 20 1  0
10.5254 1617712 99.3922 12 2709 677.123 3 1616052 1619218 13 0 1 20 1  0
11.929 1848070 113.545 8 0 0 1 1848070 1848071 13 0 1 20 1  0
13.3437 1957535 120.271 8 0 0 1 1851010 1851011 13 0 1 20 1  0
0 1832960 112.617 8 0 0 38 1852318 1852319 13 0 1 20 1  0
11.0187 1957535 120.271 1 0 0 1 1957535 1957536 13 0 1 20 1  0
12.2514 2018649 124.026 1 0 0 1 2010804 2010805 13 0 1 20 1  0
0 1832960 112.617 1 0 0 10 2013745 2013746 13 0 1 20 1  0
10.4537 1923173 118.16 3 0 0 1 1923171 1923176 13 0 1 20 1  0
10.9635 2058817 126.494 7 4 0.0789836 6 2058810 2058839 13 0 1 20 1  0
10.0459 1935626 118.925 2 1 0.0197462 1 1935626 1935627 13 0 1 20 1  0
10.1172 2062150 126.698 2 1 0.0197462 1 2062150 2062151 13 0 1 20 1  0
10.1122 2095102 128.723 12 2588 546.344 2 2094996 2095106 13 0 1 20 1  0
11.7706 2506255 153.984 4 2124 239.85 5 2504541 2504546 13 0 1 20 1  0
10.8001 2589999 159.13 2 2121 238.576 1 2506308 2506310 13 0 1 20 1  0
0 2357248 144.829 2 2121 238.576 2261 2589999 2590001 13 0 1 20 1  0
12.7427 2592051 159.256 3 2123 239.424 2 2503510 2503515 13 0 1 20 1  0
13.5543 2587918 159.002 12 2522 485.988 477 2501648 2504838 13 0 1 20 1  0
11.1448 2506346 153.99 2 2124 239.85 2 2506346 2506347 13 0 1 20 1  0
10.0404 2506405 153.994 1 2124 239.85 1 2506405 2506406 13 0 1 20 1  0
10.4252 2589903 159.124 3 2124 239.85 1 2506139 2506142 13 0 1 20 1  0
10.1486 2506767 154.016 2 2127 241.13 1 2506767 2506768 13 0 1 20 1  0
10.878 2589806 159.118 3 2128 241.559 2 2506090 2506095 13 0 1 20 1  0
10.5849 2591668 159.232 2 2146 249.402 10 2589733 2589734 13 0 1 20 1  0
11.399 2506008 153.969 4 2219 283.901 16 2504882 2504885 13 0 1 20 1  0
10.0427 2504078 153.851 4 2129 241.988 2 2504078 2504079 13 0 1 20 1  0
11.6183 2590754 159.176 2 2131 242.849 1 2506033 2506036 13 0 1 20 1  0
11.6059 2590804 159.179 3 2133 243.712 3 2505777 2505778 13 0 1 20 1  0
10.0007 2505642 153.947 3 2133 243.712 1 2505642 2505643 13 0 1 20 1  0
11.0533 2590248 159.145 3 2137 245.449 3 2589811 2589812 13 0 1 20 1  0
10.0237 2590165 159.14 1 2136 245.014 1 2590165 2590166 13 0 1 20 1  0
10.1968 2505562 153.942 2 2137 245.449 3 2505562 2505563 13 0 1 20 1  0
10.0054 2590059 159.133 3 2142 247.637 1 2590059 2590060 13 0 1 20 1  0
10.5583 2592239 159.267 3 2142 247.637 1 2590329 2590338 13 0 1 20 1  0
10.0017 2506932 154.026 2 2145 248.959 1 2506932 2506933 13 0 1 20 1  0
10.0336 2589654 159.108 2 2146 249.402 1 2589654 2589655 13 0 1 20 1  0
10.4139 2590913 159.186 3 2214 281.394 5 2506459 2506461 13 0 1 20 1  0
10.7218 2506193 153.98 2 2215 281.893 2 2506158 2506159 13 0 1 20 1  0
10.2548 2505710 153.951 2 2218 283.398 2 2505710 2505711 13 0 1 20 1  0
10.0082 2505829 153.958 2 2225 286.941 1 2505829 2505830 13 0 1 20 1  0
10.2365 2505861 153.96 2 2226 287.45 1 2505861 2505862 13 0 1 20 1  0
10.2741 2591124 159.199 2 2234 291.56 1 2591124 2591125 13 0 1 20 1  0
10.6201 2591259 159.207 2 2234 291.56 1 2591259 2591260 13 0 1 20 1  0
10.1145 2591141 159.2 2 2262 306.413 1 2591141 2591142 13 0 1 20 1  0
11.0224 2505772 153.955 3 2297 326.045 4 2505771 2505777 13 0 1 20 1  0
10.3079 2506420 153.994 2 2280 316.357 1 2506420 2506421 13 0 1 20 1  0
10.0652 2591007 159.191 2 2284 318.611 1 2591007 2591009 13 0 1 20 1  0
10.1312 2591096 159.197 2 2345 355.029 2 2591096 2591098 13 0 1 20 1  0
10.7171 2505605 153.944 3 2308 332.471 1 2505602 2505608 13 0 1 20 1  0
12.2744 2505521 153.939 3 2309 333.062 4 2504473 2504480 13 0 1 20 1  0
10.4936 2504776 153.893 2 2342 353.144 2 2504775 2504777 13 0 1 20 1  0
10.0696 2505201 153.92 2 2336 349.405 1 2505201 2505202 13 0 1 20 1  0
10.6116 2503997 153.846 2 2337 350.025 1 2503997 2503998 13 0 1 20 1  0
10.1249 2504979 153.906 3 2337 350.025 1 2504979 2504982 13 0 1 20 1  0
10.3344 2504529 153.878 2 2342 353.144 3 2504529 2504530 13 0 1 20 1  0
10.0687 2505045 153.91 3 2339 351.27 1 2505045 2505047 13 0 1 20 1  0
10.0834 2505357 153.929 2 2341 352.518 1 2505357 2505358 13 0 1 20 1  0
10.0054 2504850 153.898 3 2343 353.771 1 2504850 2504851 13 0 1 20 1  0
10.124 2504212 153.859 3 2392 385.901 1 2504212 2504213 13 0 1 20 1  0
10.0411 2502353 153.745 4 2395 387.96 1 2502353 2502354 13 0 1 20 1  0
10.2633 2503519 153.816 3 2488 457.545 3 2503519 2503520 13 0 1 20 1  0
10.2035 2505151 153.916 3 2408 397.011 2 2505151 2505152 13 0 1 20 1  0
10.0195 2503899 153.84 4 2425 409.166 1 2503899 2503900 13 0 1 20 1  0
10.3173 2503793 153.833 3 2473 445.532 1 2503793 2503794 13 0 1 20 1  0
0 2357248 144.829 12 2508 474.068 7 2585938 2590392 13 0 1 20 1  0
10.1471 2502773 153.77 4 2529 492.06 1 2502773 2502774 13 0 1 20 1  0
10.0026 2587314 158.965 3 2549 509.829 1 2587314 2587315 13 0 1 20 1  0
10.0638 3677759 225.962 5 0 0 1 3677743 3677760 13 0 1 20 1  0
15.0815 3808248 233.979 12 847 23.6975 25 3793628 3809506 13 0 1 20 1  0
0 3667968 225.36 12 815 22.2503 16 3834468 3835630 13 0 1 20 1  0
12.0619 3835076 235.627 12 849 23.7905 5 3807634 3808728 13 0 1 20 1  0
10.0889 3807505 233.933 4 884 25.4663 1 3807505 3807510 13 0 1 20 1  0
10.2188 3831242 235.391 12 2224 286.432 1 3830302 3831960 13 0 1 20 1  0
10.0809 3830385 235.339 3 2254 302.094 1 3830385 3830386 13 0 1 20 1  0
13.819 3930112 241.466 12 2909 965.402 17 3928112 3930114 13 0 1 20 1  0
11.0862 3929966 241.457 5 2915 975.729 7 3929954 3930113 13 0 1 20 1  0
10.0352 3929561 241.432 4 2913 972.274 1 3929561 3929562 13 0 1 20 1  0
15.9179 4106838 252.324 12 545 12.487 334 4104700 4107992 13 0 1 20 1  0
10.0089 3930112 241.466 12 330 6.88179 2 3930112 3930114 13 0 1 20 1  0
10.4783 4099457 251.871 4 2801 797.127 1 4099456 4099458 13 0 1 20 1  0
11.2371 4093935 251.531 6 2984 1102.74 4 4093928 4093952 13 0 1 20 1  0
0 3930112 241.466 6 2984 1102.74 3 4094417 4094427 13 0 1 20 1  0
11.1783 4093880 251.528 12 2986 1106.65 1 4092222 4095698 13 0 1 20 1  0
10.3258 4093570 251.509 3 2991 1116.51 1 4093570 4093571 13 0 1 20 1  0
10.64 4218456 259.182 11 1216 47.3213 2 4218100 4218800 13 0 1 20 1  0
11.2126 4192261 257.573 11 3316 1986.84 9 4192256 4192906 13 0 1 20 1  0
10.5486 4593621 282.232 8 112 2.22433 6 4593600 4593643 13 0 1 20 1  0
12.9241 4609323 283.197 3 1508 80.1139 1035 4608279 4608290 13 0 1 20 1  0
0 4454400 273.678 2 836 23.1917 2706 4612345 4612346 13 0 1 20 1  0
10.6831 4611574 283.335 2 1075 36.529 13 4611572 4611576 13 0 1 20 1  0
10.2886 4611808 283.349 2 994 31.4045 3 4611808 4611809 13 0 1 20 1  0
10.2788 4610939 283.296 2 1045 34.549 1 4610939 4610940 13 0 1 20 1  0
10.0944 4611741 283.345 2 1047 34.6779 1 4611741 4611742 13 0 1 20 1  0
11.1322 4611220 283.313 3 1165 43.1135 3 4610136 4610145 13 0 1 20 1  0
10.1749 4610968 283.298 2 1078 36.7326 1 4610968 4610969 13 0 1 20 1  0
10.0854 4611251 283.315 2 1084 37.1429 1 4611251 4611252 13 0 1 20 1  0
10.1025 4610915 283.295 2 1111 39.0421 1 4610915 4610916 13 0 1 20 1  0
10.0578 4611118 283.307 2 1127 40.2094 1 4611118 4611119 13 0 1 20 1  0
10.7847 4611195 283.312 3 1167 43.2716 1 4610142 4610212 13 0 1 20 1  0
10.1118 4610376 283.262 2 1188 44.9654 1 4610376 4610377 13 0 1 20 1  0
10.2427 4610865 283.292 3 1203 46.2133 2 4610203 4610209 13 0 1 20 1  0
10.3515 4610415 283.264 3 1208 46.6365 2 4610210 4610226 13 0 1 20 1  0
10.1858 4608696 283.158 2 1452 72.4646 9 4608696 4608697 13 0 1 20 1  0
10.1012 4608790 283.164 2 1447 71.8175 1 4608790 4608791 13 0 1 20 1  0
10.2402 4608651 283.156 2 1524 82.4412 5 4608651 4608652 13 0 1 20 1  0
10.1827 4608422 283.141 2 1496 78.4109 1 4608422 4608423 13 0 1 20 1  0
10.3723 4608535 283.148 3 1592 93.0961 2 4608534 4608537 13 0 1 20 1  0
10.1797 4608360 283.138 3 1503 79.4 1 4608360 4608361 13 0 1 20 1  0
10.3394 4608287 283.133 2 1508 80.1139 1 4608287 4608288 13 0 1 20 1  0
10.2513 4608772 283.163 1 1511 80.5453 1 4608772 4608773 13 0 1 20 1  0
10.1015 4608510 283.147 3 1520 81.8532 1 4608510 4608511 13 0 1 20 1  0
10.2042 4608208 283.128 2 1607 95.6231 1 4608208 4608209 13 0 1 20 1  0
18.797 4583681 281.621 7 2847 864.882 1704 4579242 4588769 13 0 1 20 1  0
10.9222 4584220 281.654 3 2448 426.206 5 4584200 4584222 13 0 1 20 1  0
0 4454400 273.678 3 2437 417.97 12694 4584859 4584862 13 0 1 20 1  0
10.228 4583986 281.64 2 2464 438.476 5 4583986 4583987 13 0 1 20 1  0
10.0811 4583846 281.632 4 2467 440.815 4 4583846 4583847 13 0 1 20 1  0
10.4117 4583776 281.627 2 2451 428.48 1 4583776 4583777 13 0 1 20 1  0
10.3151 4583532 281.612 3 2464 438.476 7 4583532 4583533 13 0 1 20 1  0
10.2354 4583646 281.619 3 2458 433.834 2 4583646 4583647 13 0 1 20 1  0
10.014 4582955 281.577 3 2461 436.148 1 4582955 4582956 13 0 1 20 1  0
10.1655 4582605 281.555 3 2584 542.482 1 4582605 4582606 13 0 1 20 1  0
11.0711 4581935 281.514 2 2830 839.196 8 4581855 4581856 13 0 1 20 1  0
10.0689 4581700 281.5 3 2592 550.234 1 4581700 4581701 13 0 1 20 1  0
10.3256 4582568 281.553 3 2594 552.189 1 4582568 4582569 13 0 1 20 1  0
10.2837 4580564 281.43 3 2830 839.196 13 4580564 4580565 13 0 1 20 1  0
10.437 4580752 281.441 3 2726 697.849 6 4580752 4580753 13 0 1 20 1  0
12.5942 4587190 281.837 5 2744 720.486 4 4581701 4581786 13 0 1 20 1  0
13.0353 4587011 281.826 3 2833 843.673 3 4581567 4581568 13 0 1 20 1  0
11.151 4587380 281.849 4 2765 747.825 1 4581802 4581837 13 0 1 20 1  0
10.0236 4578843 281.324 5 2767 750.482 1 4578843 4578844 13 0 1 20 1  0
10.171 4580000 281.395 5 2834 845.17 3 4580000 4580001 13 0 1 20 1  0
10.0795 4579797 281.383 5 2835 846.67 2 4579797 4579798 13 0 1 20 1  0
10.0342 4579310 281.353 4 2838 851.187 1 4579310 4579311 13 0 1 20 1  0
0 4454400 273.678 8 3125 1416 66 4579106 4579124 13 0 1 20 1  0
21.8726 4569961 280.778 10 3264 1811.82 199 4563007 4577195 13 0 1 20 1  0
17.7911 4894456 300.715 12 109 2.16404 1317 4836748 4839792 13 0 1 20 1  0
33.1092 4832348 296.899 12 1927 169.04 4427 4828402 4837276 13 0 1 20 1  0
0 4716544 289.784 7 30 0.592527 11852 4891873 4891893 13 0 1 20 1  0
10.1205 4895242 300.764 1 523 11.8448 1 4895242 4895243 13 0 1 20 1  0
10.1814 4901439 301.144 1 523 11.8448 1 4895268 4895269 13 0 1 20 1  0
10.0587 4895012 300.75 1 610 14.4993 1 4895012 4895013 13 0 1 20 1  0
10.0807 4895169 300.759 1 610 14.4993 1 4895169 4895176 13 0 1 20 1  0
10.3232 4838868 297.3 1 850 23.8371 6 4838868 4838869 13 0 1 20 1  0
10.1228 4838812 297.297 2 833 23.0553 1 4838812 4838813 13 0 1 20 1  0
10.3179 4838572 297.282 2 875 25.0263 15 4838572 4838573 13 0 1 20 1  0
10.3837 4838549 297.28 1 864 24.4971 6 4838549 4838550 13 0 1 20 1  0
10.234 4837029 297.187 2 847 23.6975 1 4837029 4837030 13 0 1 20 1  0
10.1558 4836702 297.167 1 849 23.7905 1 4836702 4836703 13 0 1 20 1  0
10.1397 4839792 297.357 1 893 25.9129 1 4838573 4838574 13 0 1 20 1  0
10.2939 4838478 297.276 1 1032 33.7216 3 4836551 4836558 13 0 1 20 1  0
10.5959 4838450 297.274 1 1113 39.1862 2 4836010 4836016 13 0 1 20 1  0
11.1813 4838172 297.257 2 1102 38.3993 8 4836699 4836725 13 0 1 20 1  0
10.5442 4838362 297.269 1 1029 33.5333 1 4836356 4836358 13 0 1 20 1  0
10.7731 4838387 297.27 1 1033 33.7846 2 4836402 4836404 13 0 1 20 1  0
10 4838370 297.269 1 1045 34.549 1 4838370 4838371 13 0 1 20 1  0
10.3454 4837938 297.243 1 1047 34.6779 1 4836443 4836446 13 0 1 20 1  0
10.8628 4837509 297.217 1 1050 34.872 1 4836295 4836296 13 0 1 20 1  0
10.5284 4837810 297.235 1 1053 35.0672 1 4836292 4836293 13 0 1 20 1  0
11.2896 4838135 297.255 1 1061 35.5925 1 4836226 4836234 13 0 1 20 1  0
10.2677 4838125 297.254 1 1069 36.1249 1 4836253 4836254 13 0 1 20 1  0
10.0645 4837198 297.197 1 1117 39.4761 1 4836106 4836108 13 0 1 20 1  0
10.6957 4837157 297.195 1 1120 39.6948 1 4835887 4835888 13 0 1 20 1  0
10.951 4893469 300.655 1 1155 42.3308 3 4835757 4835758 13 0 1 20 1  0
10.6926 4893405 300.651 1 1129 40.3576 1 4835883 4835884 13 0 1 20 1  0
10.4206 4894396 300.712 1 1135 40.8052 1 4835857 4835858 13 0 1 20 1  0
11.4034 4893445 300.653 1 1137 40.9554 1 4835787 4835788 13 0 1 20 1  0
10.4778 4893339 300.647 1 1143 41.4092 1 4835758 4835759 13 0 1 20 1  0
10.4908 4893457 300.654 1 1152 42.0986 1 4835746 4835753 13 0 1 20 1  0
10.7194 4837430 297.212 1 1155 42.3308 1 4835743 4835746 13 0 1 20 1  0
10.2305 4837061 297.189 1 1163 42.9558 1 4835722 4835729 13 0 1 20 1  0
10.687 4836921 297.18 2 1174 43.8294 2 4835729 4835731 13 0 1 20 1  0
10.0424 4837556 297.219 1 1174 43.8294 2 4835748 4835749 13 0 1 20 1  0
10.1759 4838090 297.252 1 1170 43.5098 1 4835812 4835813 13 0 1 20 1  0
10.0708 4837536 297.218 1 1183 44.5566 1 4835714 4835715 13 0 1 20 1  0
10.3388 4834969 297.06 1 1300 55.1136 2 4834969 4834970 13 0 1 20 1  0
10.2666 4837412 297.211 2 1244 49.7938 1 4835324 4835395 13 0 1 20 1  0
10.5556 4836998 297.185 1 1277 52.8659 1 4835116 4835120 13 0 1 20 1  0
10.5299 4834471 297.03 2 1290 54.1253 6 4834471 4834472 13 0 1 20 1  0
10.438 4892961 300.624 1 1372 62.7605 3 4892961 4892962 13 0 1 20 1  0
10.1328 4893221 300.639 1 1365 61.9742 1 4834549 4834550 13 0 1 20 1  0
10.4823 4893305 300.645 2 1385 64.2465 2 4834628 4834629 13 0 1 20 1  0
10.875 4892939 300.622 1 1375 63.1005 3 4834368 4834369 13 0 1 20 1  0
10.3102 4834145 297.01 1 1375 63.1005 1 4834145 4834146 13 0 1 20 1  0
10.1987 4893022 300.627 1 1377 63.3281 2 4893022 4893023 13 0 1 20 1  0
10.0951 4834169 297.011 2 1377 63.3281 1 4834169 4834170 13 0 1 20 1  0
10.1382 4892824 300.615 1 1378 63.4422 1 4892824 4892825 13 0 1 20 1  0
10.1142 4892984 300.625 1 1380 63.671 1 4892984 4892985 13 0 1 20 1  0
11.4788 4892920 300.621 2 1387 64.4781 1 4834269 4834274 13 0 1 20 1  0
11.2538 4892635 300.603 2 1399 65.885 3 4834374 4834379 13 0 1 20 1  0
10.0595 4834221 297.015 2 1397 65.6485 1 4834221 4834222 13 0 1 20 1  0
11.0009 4892639 300.604 2 1397 65.6485 1 4834298 4834299 13 0 1 20 1  0
10.0328 4834327 297.021 2 1399 65.885 1 4834327 4834328 13 0 1 20 1  0
10.9948 4892579 300.6 2 1412 67.4428 2 4892579 4892582 13 0 1 20 1  0
10.2726 4892669 300.606 1 1400 66.0036 2 4892642 4892643 13 0 1 20 1  0
10.1019 4893247 300.641 1 1401 66.1224 1 4893247 4893248 13 0 1 20 1  0
10.9288 4892612 300.602 2 1403 66.3606 1 4834336 4834338 13 0 1 20 1  0
10.3839 4893267 300.642 1 1413 67.5642 1 4893215 4893216 13 0 1 20 1  0
10.1297 4892738 300.61 1 1415 67.8074 1 4892738 4892739 13 0 1 20 1  0
10.5586 4893238 300.641 1 1415 67.8074 1 4892948 4892949 13 0 1 20 1  0
0 4716544 289.784 12 1446 71.6888 135 4926936 4927454 13 0 1 20 1  0
10.4551 4925076 302.597 12 1927 169.04 1 4882016 4886040 13 0 1 20 1  0
10.1691 4828724 296.677 3 2283 318.046 4 4828724 4828725 13 0 1 20 1  0
10.1677 4829096 296.7 1 2187 268.228 1 4828812 4828813 13 0 1 20 1  0
0 4716544 289.784 1 2187 268.228 33976 4828906 4828907 13 0 1 20 1  0
10.0539 4828672 296.674 1 2279 315.796 1 4828672 4828673 13 0 1 20 1  0
10.0504 4828873 296.686 1 2279 315.796 1 4828873 4828874 13 0 1 20 1  0
10.1976 4829019 296.695 2 2279 315.796 2 4829019 4829020 13 0 1 20 1  0
10.1682 4828167 296.643 1 2280 316.357 1 4828167 4828168 13 0 1 20 1  0
10.4518 4828836 296.684 1 2280 316.357 1 4828537 4828543 13 0 1 20 1  0
10.0744 4828449 296.66 3 2354 360.743 4 4828449 4828450 13 0 1 20 1  0
11.9305 4829186 296.705 2 2285 319.176 2 4828111 4828114 13 0 1 20 1  0
10.0617 4828528 296.665 3 2426 409.893 3 4828528 4828529 13 0 1 20 1  0
12.5167 4830620 296.793 1 2363 366.549 5 4827534 4827535 13 0 1 20 1  0
10.1047 4830648 296.795 2 2283 318.046 1 4829344 4829347 13 0 1 20 1  0
10.2908 4831662 296.857 1 2284 318.611 1 4828677 4828678 13 0 1 20 1  0
10.0584 4828943 296.69 2 2284 318.611 2 4828943 4828944 13 0 1 20 1  0
12.7188 4830367 296.778 1 2398 390.03 3 4826915 4826917 13 0 1 20 1  0
10.094 4831486 296.846 1 2286 319.743 1 4828735 4828736 13 0 1 20 1  0
10.008 4828983 296.693 2 2349 357.557 1 4828983 4828984 13 0 1 20 1  0
10.0464 4828812 296.682 2 2351 358.828 1 4828812 4828813 13 0 1 20 1  0
10.171 4828607 296.67 3 2353 360.104 1 4828607 4828608 13 0 1 20 1  0
10.2206 4828023 296.634 1 2354 360.743 1 4828023 4828024 13 0 1 20 1  0
10.3935 4827643 296.61 2 2354 360.743 1 4827643 4827644 13 0 1 20 1  0
10.1321 4828260 296.648 1 2355 361.384 1 4828260 4828261 13 0 1 20 1  0
10.6065 4830796 296.804 1 2355 361.384 1 4828427 4828428 13 0 1 20 1  0
10.0152 4827873 296.625 3 2355 361.384 1 4827873 4827874 13 0 1 20 1  0
10.184 4828106 296.639 1 2356 362.025 4 4828106 4828107 13 0 1 20 1  0
10.0985 4880940 299.885 1 2356 362.025 1 4828166 4828167 13 0 1 20 1  0
10.0063 4828051 296.635 2 2356 362.025 1 4828051 4828052 13 0 1 20 1  0
10.1067 4827902 296.626 3 2356 362.025 1 4827902 4827903 13 0 1 20 1  0
10.3556 4827847 296.623 1 2357 362.668 1 4827847 4827848 13 0 1 20 1  0
11.7047 4899920 301.051 2 2357 362.668 1 4827195 4827197 13 0 1 20 1  0
10.4607 4827343 296.592 2 2365 367.852 7 4827343 4827344 13 0 1 20 1  0
12.4649 4879335 299.786 3 2576 534.839 41 4825581 4825583 13 0 1 20 1  0
10.0302 4827955 296.63 1 2358 363.312 1 4827955 4827956 13 0 1 20 1  0
10.9569 4830929 296.812 1 2358 363.312 1 4827969 4827970 13 0 1 20 1  0
10.2824 4827556 296.605 1 2360 364.604 3 4827556 4827557 13 0 1 20 1  0
10.4573 4827174 296.582 1 2414 401.26 3 4827174 4827175 13 0 1 20 1  0
10.3052 4827702 296.614 1 2361 365.251 1 4827702 4827703 13 0 1 20 1  0
10.5224 4827225 296.585 1 2408 397.011 5 4827225 4827226 13 0 1 20 1  0
12.4505 4880055 299.831 3 2361 365.251 2 4827150 4827165 13 0 1 20 1  0
10.4043 4827681 296.613 1 2422 406.995 2 4827681 4827682 13 0 1 20 1  0
13.5034 4830891 296.81 3 2362 365.9 1 4827445 4827451 13 0 1 20 1  0
10.6932 4827449 296.598 1 2363 366.549 4 4827449 4827450 13 0 1 20 1  0
12.0772 4880275 299.844 2 2387 382.493 2 4826981 4826982 13 0 1 20 1  0
10.119 4827134 296.579 2 2363 366.549 1 4827134 4827135 13 0 1 20 1  0
11.3382 4900294 301.074 2 2363 366.549 1 4827276 4827277 13 0 1 20 1  0
10.4891 4827088 296.576 1 2370 371.13 5 4827088 4827089 13 0 1 20 1  0
12.6904 4830816 296.805 1 2364 367.2 1 4827262 4827263 13 0 1 20 1  0
10.7813 4826438 296.536 2 2368 369.815 13 4826438 4826439 13 0 1 20 1  0
12.7979 4899709 301.038 2 2364 367.2 7 4826809 4826811 13 0 1 20 1  0
10.8246 4826708 296.553 2 2417 403.401 22 4826708 4826709 13 0 1 20 1  0
10.7077 4827004 296.571 1 2392 385.901 5 4827004 4827005 13 0 1 20 1  0
12.6819 4830843 296.807 1 2366 368.505 1 4827376 4827378 13 0 1 20 1  0
10.4723 4826196 296.521 1 2399 390.723 7 4826196 4826197 13 0 1 20 1  0
13.0491 4897854 300.924 2 2366 368.505 1 4826344 4826346 13 0 1 20 1  0
12.5568 4898269 300.95 2 2367 369.16 1 4827080 4827081 13 0 1 20 1  0
12.7344 4830694 296.798 1 2368 369.815 1 4826707 4826709 13 0 1 20 1  0
13.1249 4898825 300.984 2 2368 369.815 1 4826706 4826710 13 0 1 20 1  0
10.5963 4826566 296.544 1 2386 381.815 7 4826566 4826567 13 0 1 20 1  0
10.024 4827045 296.574 1 2369 370.472 1 4827045 4827046 13 0 1 20 1  0
12.9645 4830331 296.776 1 2395 387.96 2 4826840 4826841 13 0 1 20 1  0
14.1878 4880436 299.854 4 2371 371.789 3 4832927 4832931 13 0 1 20 1  0
10.553 4826697 296.552 1 2395 387.96 3 4826697 4826698 13 0 1 20 1  0
13.8491 4831137 296.825 1 2372 372.449 1 4826992 4826993 13 0 1 20 1  0
12.5502 4899429 301.021 1 2372 372.449 1 4827137 4827138 13 0 1 20 1  0
11.7671 4901165 301.128 3 2372 372.449 1 4826387 4826396 13 0 1 20 1  0
10.5071 4827025 296.572 2 2373 373.11 4 4827025 4827026 13 0 1 20 1  0
12.968 4879733 299.811 1 2373 373.11 1 4827300 4827301 13 0 1 20 1  0
12.8054 4899818 301.045 2 2373 373.11 1 4827235 4827236 13 0 1 20 1  0
10.2339 4826660 296.55 2 2388 383.172 3 4826660 4826661 13 0 1 20 1  0
10.4552 4827510 296.602 1 2374 373.773 3 4827510 4827511 13 0 1 20 1  0
13.306 4830430 296.782 1 2385 381.138 3 4826880 4826881 13 0 1 20 1  0
13.4439 4900138 301.064 2 2375 374.436 1 4826343 4826344 13 0 1 20 1  0
13.1166 4830511 296.787 1 2376 375.101 1 4826779 4826781 13 0 1 20 1  0
12.552 4880581 299.863 1 2376 375.101 1 4826973 4826974 13 0 1 20 1  0
13.9166 4899996 301.056 2 2376 375.101 1 4826114 4826115 13 0 1 20 1  0
10.2071 4826022 296.511 3 2376 375.101 4 4826022 4826023 13 0 1 20 1  0
11.8229 4899809 301.044 7 2376 375.101 1 4878916 4882079 13 0 1 20 1  0
11.7973 4830485 296.785 1 2377 375.767 1 4827436 4827438 13 0 1 20 1  0
12.0417 4900602 301.093 2 2377 375.767 1 4826552 4826553 13 0 1 20 1  0
10.4361 4826358 296.531 1 2390 384.534 5 4826358 4826359 13 0 1 20 1  0
13.9575 4899739 301.04 2 2378 376.435 1 4826596 4826597 13 0 1 20 1  0
13.7265 4830447 296.783 1 2379 377.103 1 4826935 4826936 13 0 1 20 1  0
12.4103 4899954 301.053 1 2379 377.103 1 4827096 4827097 13 0 1 20 1  0
10.012 4826717 296.553 1 2380 377.773 1 4826717 4826718 13 0 1 20 1  0
11.219 4901094 301.123 2 2380 377.773 1 4826716 4826719 13 0 1 20 1  0
10.6757 4826526 296.542 1 2381 378.443 1 4826526 4826527 13 0 1 20 1  0
13.5825 4830667 296.796 1 2381 378.443 1 4826797 4826798 13 0 1 20 1  0
11.2883 4900545 301.089 1 2381 378.443 1 4826821 4826822 13 0 1 20 1  0
14.3493 4880632 299.866 2 2381 378.443 1 4826222 4826223 13 0 1 20 1  0
10.0543 4826991 296.57 1 2382 379.115 1 4826991 4826992 13 0 1 20 1  0
10.0918 4826508 296.541 2 2382 379.115 1 4826508 4826509 13 0 1 20 1  0
10.1036 4826758 296.556 1 2383 379.788 1 4826758 4826759 13 0 1 20 1  0
11.1511 4900354 301.078 2 2383 379.788 1 4826539 4826543 13 0 1 20 1  0
10.2225 4826979 296.57 1 2384 380.463 1 4826979 4826980 13 0 1 20 1  0
12.0476 4899849 301.047 1 2385 381.138 1 4826954 4826955 13 0 1 20 1  0
14.6201 4881375 299.912 2 2385 381.138 1 4826251 4826252 13 0 1 20 1  0
13.4612 4831171 296.827 1 2386 381.815 1 4826922 4826923 13 0 1 20 1  0
13.9313 4898471 300.962 2 2386 381.815 1 4826466 4826468 13 0 1 20 1  0
11.9512 4900925 301.113 2 2386 381.815 1 4826494 4826498 13 0 1 20 1  0
13.0649 4899868 301.048 2 2388 383.172 1 4826762 4826766 13 0 1 20 1  0
14.3704 4880216 299.84 3 2388 383.172 4 4826571 4826574 13 0 1 20 1  0
13.3267 4830127 296.763 1 2391 385.217 1 4826860 4826862 13 0 1 20 1  0
10.1918 4826253 296.525 2 2404 394.204 5 4826253 4826254 13 0 1 20 1  0
10.2211 4825981 296.508 2 2393 386.586 1 4825981 4825982 13 0 1 20 1  0
10.3332 4900185 301.067 1 2395 387.96 1 4827107 4827108 13 0 1 20 1  0
12.6961 4898582 300.969 2 2395 387.96 1 4826655 4826656 13 0 1 20 1  0
13.5315 4899617 301.032 2 2396 388.649 1 4826531 4826532 13 0 1 20 1  0
13.2179 4830315 296.775 1 2397 389.339 1 4826897 4826898 13 0 1 20 1  0
11.0192 4899232 301.009 1 2400 391.417 1 4826979 4826980 13 0 1 20 1  0
12.6391 4830107 296.762 1 2401 392.112 1 4826902 4826903 13 0 1 20 1  0
12.4146 4880186 299.839 1 2401 392.112 2 4827015 4827016 13 0 1 20 1  0
12.583 4830095 296.761 1 2402 392.808 1 4826864 4826865 13 0 1 20 1  0
11.7076 4831295 296.835 1 2402 392.808 1 4826929 4826930 13 0 1 20 1  0
11.785 4880835 299.878 3 2405 394.904 1 4826848 4826854 13 0 1 20 1  0
10.296 4827115 296.578 1 2407 396.308 1 4827115 4827116 13 0 1 20 1  0
11.262 4880748 299.873 1 2408 397.011 1 4827466 4827472 13 0 1 20 1  0
12.876 4897643 300.911 2 2408 397.011 1 4826484 4826488 13 0 1 20 1  0
12.6423 4879634 299.805 1 2411 399.13 1 4826973 4826974 13 0 1 20 1  0
11.7169 4830115 296.762 1 2414 401.26 1 4827227 4827228 13 0 1 20 1  0
10.6353 4830771 296.803 3 2414 401.26 1 4827475 4827478 13 0 1 20 1  0
10.1253 4827733 296.616 2 2416 402.686 1 4827733 4827734 13 0 1 20 1  0
10.0238 4828147 296.641 2 2421 406.273 1 4828147 4828148 13 0 1 20 1  0
10.0613 4827627 296.609 2 2422 406.995 1 4827627 4827628 13 0 1 20 1  0
10.0493 4827152 296.58 1 2424 408.441 1 4827152 4827153 13 0 1 20 1  0
10.0143 4828276 296.649 2 2426 409.893 1 4828276 4828277 13 0 1 20 1  0
15.8705 4878708 299.748 12 2567 526.369 20 4824176 4830448 13 0 1 20 1  0
11.386 4879144 299.775 2 2576 534.839 4 4826450 4826454 13 0 1 20 1  0
10.0493 4825144 296.457 3 2576 534.839 1 4825144 4825145 13 0 1 20 1  0
10.6185 4877959 299.702 6 2696 661.69 4 4877879 4877976 13 0 1 20 1  0
10.1685 4878304 299.723 2 2685 648.906 1 4878271 4878272 13 0 1 20 1  0
10.0101 4878559 299.739 3 2686 650.058 1 4878559 4878560 13 0 1 20 1  0
11.7941 4877437 299.67 4 2691 655.848 3 4876517 4876525 13 0 1 20 1  0
12.0892 4878010 299.705 4 2694 659.347 4 4876928 4876934 13 0 1 20 1  0
11.3987 4877616 299.681 3 2697 662.864 3 4877612 4877618 13 0 1 20 1  0
11.0791 4878060 299.708 3 2695 660.517 2 4877655 4877659 13 0 1 20 1  0
10.0929 4877536 299.676 3 2695 660.517 1 4877536 4877537 13 0 1 20 1  0
10.0464 4878586 299.74 2 2696 661.69 1 4878586 4878587 13 0 1 20 1  0
12.6788 4878424 299.73 3 2696 661.69 3 4877196 4877204 13 0 1 20 1  0
10.0685 4876714 299.625 4 2696 661.69 1 4876714 4876715 13 0 1 20 1  0
12.0348 4870050 299.216 12 3042 1222.2 4 4867180 4872936 13 0 1 20 1  0
10.1992 5113106 314.149 8 0 0 1 5113106 5113107 13 0 1 20 1  0
11.3957 5202836 319.662 8 0 0 1 5114413 5114414 13 0 1 20 1  0
0 4978688 305.891 8 0 0 64 5116303 5116304 13 0 1 20 1  0
10.4218 5114413 314.23 1 0 0 1 5114413 5114414 13 0 1 20 1  0
11.4844 5196616 319.28 1 0 0 1 5116303 5116304 13 0 1 20 1  0
0 4978688 305.891 1 0 0 19 5124895 5124896 13 0 1 20 1  0
10.4982 5159595 317.005 3 2 0.0394922 1 5159594 5159596 13 0 1 20 1  0
11.562 5231427 321.419 8 44 0.869417 29 5216033 5216044 13 0 1 20 1  0
10.0468 5159569 317.004 7 45 0.889211 1 5159566 5159573 13 0 1 20 1  0
10.805 5161408 317.117 12 136 2.70898 3 5160722 5161494 13 0 1 20 1  0
10.2713 5016173 308.194 6 343 7.18469 1 5016164 5016193 13 0 1 20 1  0
0 4978688 305.891 6 343 7.18469 5 5154701 5154714 13 0 1 20 1  0
10.1354 5154698 316.705 3 374 7.92266 1 5016824 5016828 13 0 1 20 1  0
10.021 5017509 308.276 1 388 8.26363 1 5017483 5017488 13 0 1 20 1  0
10.2244 5017483 308.274 2 390 8.31275 1 5017478 5017496 13 0 1 20 1  0
10.1425 5014301 308.079 5 2179 264.446 1 5014301 5014305 13 0 1 20 1  0
10.0973 5014166 308.07 4 2182 265.858 1 5014166 5014167 13 0 1 20 1  0
10.3554 5013006 307.999 3 2471 443.954 1 5013005 5013010 13 0 1 20 1  0
10.0102 5012298 307.956 3 2489 458.358 1 5012298 5012299 13 0 1 20 1  0
20.8066 5009938 307.811 12 2661 621.865 239 5005102 5014002 13 0 1 20 1  0
0 4978688 305.891 4 2616 574.162 367 5011175 5011176 13 0 1 20 1  0
10.1575 5007927 307.687 4 2642 601.258 1 5007927 5007928 13 0 1 20 1  0
0 4978688 305.891 12 2655 615.282 13 5145486 5150844 13 0 1 20 1  0
10.0433 5007578 307.666 5 2673 635.241 1 5007578 5007579 13 0 1 20 1  0
13.9492 5142480 315.954 12 3093 1337.89 75 5134466 5144612 13 0 1 20 1  0
10.6211 5245412 322.278 8 0 0 412 5245412 5245413 13 0 1 20 1  0
13.3498 5423920 333.246 8 0 0 1 5247709 5247710 13 0 1 20 1  0
12.2158 5248688 322.479 1 0 0 1 5248688 5248689 13 0 1 20 1  0
12.7246 5397095 331.598 1 0 0 3 5249013 5249014 13 0 1 20 1  0
10.2288 5272441 323.939 3 0 0 1 5272440 5272443 13 0 1 20 1  0
11.1169 5441411 334.32 5 2 0.0394922 7 5272435 5272438 13 0 1 20 1  0
13.312 5442371 334.379 7 5 0.0987291 105 5271506 5272419 13 0 1 20 1  0
14.8609 5271822 323.901 12 569 13.2093 1825 5268996 5272440 13 0 1 20 1  0
10.0332 5281107 324.471 1 1 0.0197462 1 5281107 5281108 13 0 1 20 1  0
10.4686 5312549 326.403 1 1 0.0197462 1 5281550 5281551 13 0 1 20 1  0
10.0699 5372946 330.114 2 1 0.0197462 1 5372946 5372947 13 0 1 20 1  0
10.1134 5441048 334.298 3 2 0.0394922 1 5441048 5441049 13 0 1 20 1  0
10.9044 5462664 335.626 3 2 0.0394922 2 5444121 5444123 13 0 1 20 1  0
0 5240832 321.997 2 444 9.68046 6210 5270753 5270760 13 0 1 20 1  0
14.1733 5493250 337.505 12 928 27.7132 564 5268488 5270560 13 0 1 20 1  0
10.1033 5246965 322.374 2 833 23.0553 1 5246965 5246966 13 0 1 20 1  0
10.6854 5268894 323.721 1 1168 43.3509 5 5268134 5268136 13 0 1 20 1  0
10.2688 5268945 323.724 1 979 30.5296 1 5268945 5268946 13 0 1 20 1  0
10.0785 5268727 323.711 2 992 31.2866 1 5268727 5268728 13 0 1 20 1  0
10.0486 5268707 323.709 2 997 31.5821 1 5268707 5268708 13 0 1 20 1  0
10.071 5268863 323.719 2 1031 33.6587 1 5268863 5268864 13 0 1 20 1  0
11.3647 5268785 323.714 2 1042 34.3564 1 5268765 5268786 13 0 1 20 1  0
10.1192 5268594 323.702 1 1067 35.9911 1 5268594 5268595 13 0 1 20 1  0
10.0006 5268937 323.723 1 1068 36.058 1 5268937 5268938 13 0 1 20 1  0
10.0811 5268340 323.687 2 1083 37.0742 2 5268340 5268341 13 0 1 20 1  0
10.8958 5268190 323.678 4 1165 43.1135 24 5268157 5268196 13 0 1 20 1  0
10.1543 5268311 323.685 3 1132 40.5808 3 5268311 5268312 13 0 1 20 1  0
10.2048 5493806 337.539 1 1106 38.6837 1 5493806 5493807 13 0 1 20 1  0
10.1954 5268454 323.694 2 1107 38.7552 2 5268454 5268455 13 0 1 20 1  0
10.4251 5268008 323.666 1 1164 43.0346 5 5268008 5268009 13 0 1 20 1  0
11.6869 5493380 337.513 2 1158 42.5642 1 5268028 5268029 13 0 1 20 1  0
10.1682 5268378 323.689 1 1162 42.8772 2 5268378 5268379 13 0 1 20 1  0
10.3332 5493045 337.493 1 1163 42.9558 1 5492905 5492908 13 0 1 20 1  0
10.7935 5268426 323.692 1 1164 43.0346 1 5268195 5268196 13 0 1 20 1  0
10.243 5268052 323.669 2 1172 43.6694 2 5268052 5268053 13 0 1 20 1  0
10.6378 5492457 337.457 1 1177 44.0706 2 5492457 5492458 13 0 1 20 1  0
10.2357 5492392 337.453 1 1187 44.8834 1 5492392 5492393 13 0 1 20 1  0
10.0907 5267818 323.655 2 1187 44.8834 2 5267818 5267819 13 0 1 20 1  0
10.9574 5492375 337.452 2 1189 45.0476 2 5492374 5492377 13 0 1 20 1  0
10.0732 5267953 323.663 3 1191 45.2124 3 5267953 5267954 13 0 1 20 1  0
10.1237 5491555 337.401 1 1200 45.9612 1 5491555 5491556 13 0 1 20 1  0
10.1644 5267694 323.647 2 1201 46.0451 1 5267694 5267695 13 0 1 20 1  0
10.191 5491464 337.396 2 1203 46.2133 1 5491464 5491465 13 0 1 20 1  0
10.1158 5492421 337.454 1 1213 47.0634 2 5492421 5492422 13 0 1 20 1  0
10.0003 5491159 337.377 2 1219 47.5805 1 5491159 5491160 13 0 1 20 1  0
10.175 5267721 323.649 2 1225 48.103 1 5267721 5267722 13 0 1 20 1  0
11.5344 5267648 323.644 2 1242 49.6132 2 5267398 5267399 13 0 1 20 1  0
10.1929 5492434 337.455 2 1228 48.3663 1 5492434 5492435 13 0 1 20 1  0
10.0477 5267322 323.624 2 1242 49.6132 1 5267322 5267323 13 0 1 20 1  0
10.1143 5491258 337.383 3 1343 59.5647 1 5491258 5491259 13 0 1 20 1  0
10.0156 5435685 333.968 3 1397 65.6485 1 5435685 5435686 13 0 1 20 1  0
10.3711 5436758 334.034 3 1397 65.6485 1 5436758 5436759 13 0 1 20 1  0
10.1827 5436392 334.012 1 1403 66.3606 1 5436392 5436393 13 0 1 20 1  0
10.4917 5434688 333.907 1 1502 79.2579 1 5434688 5434689 13 0 1 20 1  0
10.1939 5434582 333.901 2 1506 79.8276 1 5434582 5434583 13 0 1 20 1  0
12.0306 5434139 333.873 3 1534 83.9293 36 5433528 5433553 13 0 1 20 1  0
0 5240832 321.997 2 1524 82.4412 72 5434332 5434334 13 0 1 20 1  0
10.002 5434425 333.891 2 1525 82.5888 1 5434425 5434426 13 0 1 20 1  0
10.0469 5434779 333.913 2 1525 82.5888 1 5434779 5434780 13 0 1 20 1  0
10.0712 5434359 333.887 3 1533 83.7793 1 5434359 5434360 13 0 1 20 1  0
11.2049 5433653 333.844 3 1537 84.3809 2 5433649 5433680 13 0 1 20 1  0
10.9744 5433621 333.842 2 1541 84.9866 2 5433620 5433624 13 0 1 20 1  0
10.0223 5433728 333.848 2 1544 85.4438 1 5433728 5433729 13 0 1 20 1  0
10.0894 5433437 333.83 3 1544 85.4438 1 5433437 5433438 13 0 1 20 1  0
10.1676 5433346 333.825 2 1547 85.9034 1 5433346 5433347 13 0 1 20 1  0
10.2305 5433711 333.847 2 1550 86.3654 1 5433711 5433712 13 0 1 20 1  0
10.1052 5433767 333.851 2 1551 86.5199 1 5433767 5433770 13 0 1 20 1  0
10.0542 5433069 333.808 3 1597 93.931 1 5433069 5433071 13 0 1 20 1  0
10.3718 5433192 333.815 3 1601 94.6043 2 5433120 5433122 13 0 1 20 1  0
10.1125 5432719 333.786 3 1602 94.7733 1 5432719 5432720 13 0 1 20 1  0
10.1685 5432766 333.789 3 1602 94.7733 1 5432766 5432767 13 0 1 20 1  0
10.0241 5432966 333.801 2 1604 95.1124 1 5432966 5432967 13 0 1 20 1  0
10.2964 5431530 333.713 2 1667 106.426 1 5431530 5431531 13 0 1 20 1  0
10.7996 5431822 333.731 3 1676 108.148 1 5431820 5431823 13 0 1 20 1  0
10.1991 5474284 336.34 11 3201 1620.3 1 5474010 5474471 13 0 1 20 1  0
11.7168 5736435 352.447 8 2979 1093 6 5734948 5737471 13 0 1 20 1  0
10.1 5502979 338.103 8 3114 1388.65 1 5502976 5503317 13 0 1 20 1  0
13.8023 5827787 358.059 4 2163 257.042 547 5825372 5825428 13 0 1 20 1  0
10.3675 5828951 358.131 3 1979 185.402 2 5828951 5828953 13 0 1 20 1  0
0 5765120 354.209 3 1979 185.402 1938 5829002 5829006 13 0 1 20 1  0
11.0133 5828323 358.092 3 1985 187.389 1 5828320 5828325 13 0 1 20 1  0
10.0364 5829171 358.144 2 2075 219.866 1 5829171 5829172 13 0 1 20 1  0
10.4859 5829395 358.158 4 2075 219.866 1 5828675 5828682 13 0 1 20 1  0
10.2369 5825619 357.926 3 2177 263.509 12 5825619 5825620 13 0 1 20 1  0
10.7791 5829098 358.14 2 2155 253.418 1 5827458 5827459 13 0 1 20 1  0
10.1102 5825342 357.909 3 2164 257.499 1 5825342 5825343 13 0 1 20 1  0
10.0068 5825266 357.904 4 2168 259.333 1 5825266 5825267 13 0 1 20 1  0
10.4434 5825168 357.898 3 2169 259.794 1 5825168 5825169 13 0 1 20 1  0
10.2491 5825555 357.922 4 2182 265.858 3 5825555 5825556 13 0 1 20 1  0
10.0892 5824941 357.884 4 2178 263.977 1 5824941 5824942 13 0 1 20 1  0
10.6468 5825476 357.917 4 2192 270.619 1 5825472 5825480 13 0 1 20 1  0
10.1335 5824804 357.876 4 2313 335.434 1 5824804 5824805 13 0 1 20 1  0
11.6407 5813414 357.176 8 3081 1309.72 4 5810954 5811807 13 0 1 20 1  0
0 5765120 354.209 8 3081 1309.72 1 5812891 5816233 13 0 1 20 1  0
11.1226 6554119 402.685 8 0 0 1 6554119 6554120 13 0 1 20 1  0
11.9671 6561304 403.126 8 0 0 1 6561303 6561319 13 0 1 20 1  0
0 6551552 402.527 8 0 0 66 6562616 6562623 13 0 1 20 1  0
10.9075 6563603 403.268 1 0 0 2 6561304 6561318 13 0 1 20 1  0
0 6551552 402.527 1 0 0 11 6563271 6563277 13 0 1 20 1  0
10.1298 6561310 403.127 2 0 0 1 6561310 6561311 13 0 1 20 1  0
10.206 6638684 407.881 6 9 0.177712 1 6638681 6638688 13 0 1 20 1  0
11.3132 6649535 408.547 7 2754 733.378 11 6648981 6649575 13 0 1 20 1  0
13.623 6803032 417.978 12 2914 974 61 6800442 6804812 13 0 1 20 1  0
0 6551552 402.527 8 2911 968.832 17 6802947 6804228 13 0 1 20 1  0
10.5423 7089404 435.573 10 2866 894.52 5 7088721 7090066 13 0 1 20 1  0
0 7075840 434.74 7 2877 912.142 1 7088914 7088954 13 0 1 20 1  0
10.2203 7521768 462.137 5 1448 71.9465 2 7521767 7521780 13 0 1 20 1  0
10.0616 7521063 462.094 11 1447 71.8175 1 7520838 7521220 13 0 1 20 1  0
10.0064 7520308 462.048 12 1695 111.873 1 7520278 7520350 13 0 1 20 1  0
10.788 7520502 462.06 5 1696 112.072 1 7519621 7519629 13 0 1 20 1  0
0 7337984 450.846 5 1696 112.072 3 7520384 7520513 13 0 1 20 1  0
10.6859 7666298 471.017 11 118 2.34509 2 7665966 7666362 13 0 1 20 1  0
10.434 7811704 479.951 8 0 0 1 7666077 7666078 13 0 1 20 1  0
0 7600128 466.952 8 0 0 2 7751251 7751252 13 0 1 20 1  0
10.4107 7751251 476.237 1 0 0 1 7665746 7665752 13 0 1 20 1  0
0 7600128 466.952 1 0 0 2 7751250 7751252 13 0 1 20 1  0
10.1052 7667055 471.064 2 1 0.0197462 1 7667055 7667056 13 0 1 20 1  0
10.1729 7754754 476.452 12 149 2.97344 1 7753778 7755120 13 0 1 20 1  0
10.033 7666205 471.012 11 340 7.11446 1 7666201 7666229 13 0 1 20 1  0
11.7442 7800934 479.289 10 583 13.6416 2 7800694 7801217 13 0 1 20 1  0
11.8014 7746611 475.952 8 2381 378.443 25 7745880 7748905 13 0 1 20 1  0
0 7600128 466.952 7 2381 378.443 9 7747083 7747149 13 0 1 20 1  0
13.536 7646608 469.808 12 3053 1246.27 4 7643514 7650228 13 0 1 20 1  0
11.8755 7900804 485.425 8 0 0 1 7900803 7900809 13 0 1 20 1  0
0 7862272 483.058 8 0 0 5 7904054 7904055 13 0 1 20 1  0
12.4536 7900805 485.425 2 0 0 3 7900804 7900809 13 0 1 20 1  0
0 7862272 483.058 1 0 0 4 8032587 8032589 13 0 1 20 1  0
10.6251 8096185 497.43 2 1 0.0197462 1 7900805 7900808 13 0 1 20 1  0
10.3126 7981475 490.382 5 6 0.118475 1 7981474 7981478 13 0 1 20 1  0
10.2689 7982498 490.445 12 120 2.3854 1 7982156 7985196 13 0 1 20 1  0
10.5237 7919679 486.585 6 1586 92.1038 5 7919337 7919353 13 0 1 20 1  0
10.1173 7919370 486.566 3 1586 92.1038 1 7919370 7919371 13 0 1 20 1  0
0 7862272 483.058 6 1586 92.1038 2 7919547 7919738 13 0 1 20 1  0
10.0102 7919314 486.563 4 1597 93.931 1 7919314 7919315 13 0 1 20 1  0
11.1991 7878660 484.065 12 3064 1270.82 5 7877270 7880584 13 0 1 20 1  0
14.2908 8311012 510.629 12 444 9.68046 15 8309256 8312088 13 0 1 20 1  0
10.5641 8309278 510.522 3 1282 53.3469 1 8309278 8309280 13 0 1 20 1  0
11.7116 8307324 510.402 12 1681 109.116 13 8306494 8308276 13 0 1 20 1  0
11.0733 8306500 510.351 6 1741 121.425 2 8305637 8305649 13 0 1 20 1  0
0 8124416 499.164 6 1741 121.425 3 8305886 8306524 13 0 1 20 1  0
10.286 8306112 510.328 5 1770 127.859 1 8306107 8306113 13 0 1 20 1  0
12.9663 8302843 510.127 9 2455 431.531 209 8301570 8303818 13 0 1 20 1  0
0 8124416 499.164 6 2243 296.254 30 8304924 8305117 13 0 1 20 1  0
10.2284 8386560 515.27 12 3004 1142.55 1 8386444 8386562 13 0 1 20 1  0
19.3335 8828932 542.45 12 154 3.07556 3951 8827112 8831242 13 0 1 20 1  0
0 8648704 531.376 7 0 0 3997 8830060 8830422 13 0 1 20 1  0
10.0507 8828471 542.421 4 412 8.86008 1 8828470 8828473 13 0 1 20 1  0
10.0221 8826855 542.322 2 428 9.26654 1 8826855 8826856 13 0 1 20 1  0
10.1353 8828397 542.417 3 432 9.36931 1 8827878 8827883 13 0 1 20 1  0
10.3829 8828078 542.397 3 595 14.0188 3 8826385 8826456 13 0 1 20 1  0
10.1045 8827698 542.374 2 640 15.4913 1 8826237 8826240 13 0 1 20 1  0
10.0529 8825083 542.213 3 1072 36.3264 1 8825083 8825085 13 0 1 20 1  0
11.2171 8824832 542.198 3 1099 38.1872 2 8824826 8824834 13 0 1 20 1  0
10.1733 8825111 542.215 3 1103 38.4702 1 8825111 8825112 13 0 1 20 1  0
10.3335 8825029 542.21 3 1150 41.9445 2 8824569 8824574 13 0 1 20 1  0
12.1789 8824766 542.194 3 1156 42.4085 4 8824247 8824379 13 0 1 20 1  0
10.4319 8824918 542.203 2 1168 43.3509 1 8824468 8824470 13 0 1 20 1  0
10.2201 8824727 542.191 2 1186 44.8015 1 8824727 8824728 13 0 1 20 1  0
10.079 8824740 542.192 2 1192 45.2951 1 8824740 8824741 13 0 1 20 1  0
10.0652 8825180 542.219 2 1296 54.7162 1 8825180 8825181 13 0 1 20 1  0
10.0377 8819891 541.894 3 1586 92.1038 1 8819891 8819892 13 0 1 20 1  0
14.2716 9001396 553.046 11 575 13.3936 933 9000512 9001924 13 0 1 20 1  0
0 8910848 547.482 6 622 14.891 149 9001008 9001105 13 0 1 20 1  0
10.0475 9001100 553.028 3 630 15.1559 1 9000597 9000600 13 0 1 20 1  0
10.2657 8999846 552.951 3 849 23.7905 1 8999792 8999797 13 0 1 20 1  0
10.0162 8997950 552.834 4 1143 41.4092 2 8997950 8997951 13 0 1 20 1  0
10.3716 8998214 552.85 3 1156 42.4085 1 8998163 8998217 13 0 1 20 1  0
10.0014 8998271 552.854 3 1160 42.7205 1 8998271 8998272 13 0 1 20 1  0
10.3227 8998079 552.842 3 1165 43.1135 3 8998027 8998035 13 0 1 20 1  0
10.3458 8998124 552.845 3 1166 43.1925 2 8998108 8998298 13 0 1 20 1  0
10.1161 8998244 552.852 3 1167 43.2716 2 8998180 8998186 13 0 1 20 1  0
10.9818 8998326 552.857 3 1168 43.3509 1 8997893 8998013 13 0 1 20 1  0
10.6033 8998176 552.848 3 1170 43.5098 2 8997951 8997974 13 0 1 20 1  0
10.3961 8995458 552.681 12 1473 75.2454 1 8995094 8995830 13 0 1 20 1  0
10.1861 9172279 563.545 5 2316 337.224 1 9172178 9172180 13 0 1 20 1  0
0 8910848 547.482 5 2316 337.224 6 9172278 9172281 13 0 1 20 1  0
10.2114 9172114 563.535 4 2330 345.705 1 9172113 9172118 13 0 1 20 1  0
10.9455 9172735 563.573 5 2337 350.025 1 9171925 9171934 13 0 1 20 1  0
10.1385 9171871 563.52 9 2348 356.923 1 9171823 9172063 13 0 1 20 1  0
10.0576 9395169 577.239 8 3 0.059238 1 9395167 9395174 13 0 1 20 1  0
10.6596 9328304 573.131 12 448 9.78513 1 9208778 9208920 13 0 1 20 1  0
0 9172992 563.589 12 448 9.78513 1 9327976 9328660 13 0 1 20 1  0
10.4326 9201424 565.335 4 1568 89.1891 2 9201333 9201345 13 0 1 20 1  0
0 9172992 563.589 4 1568 89.1891 3 9201423 9201427 13 0 1 20 1  0
19.2909 72652 4.46374 8 0 0 1 11676 11683 13 0 1 20 1  0
0 2048 0.125829 8 0 0 500 14300 14302 13 0 1 20 1  0
22.9314 126123 7.749 1 0 0 2 11676 11684 13 0 1 20 1  0
25.8569 151579 9.31301 2 0 0 3 11675 11685 13 0 1 20 1  0
27.9602 154619 9.49979 3 0 0 59 11674 11686 13 0 1 20 1  0
18.1308 226523 13.9176 7 8 0.157966 184 226142 226590 13 0 1 20 1  0
10.4926 14300 0.878592 1 1 0.0197462 1 14300 14301 13 0 1 20 1  0
10.7035 139842 8.59189 1 1 0.0197462 1 126122 126123 13 0 1 20 1  0
10.0326 11004 0.676086 2 2 0.0394922 1 11004 11005 13 0 1 20 1  0
11.2719 11653 0.71596 3 17 0.335692 10 11652 11656 13 0 1 20 1  0
12.2785 154082 9.4668 2 3 0.059238 1 14297 14298 13 0 1 20 1  0
15.4709 293853 18.0543 8 0 0 1 293853 293854 13 0 1 20 1  0
17.7412 493310 30.309 8 0 0 1 379994 379996 13 0 1 20 1  0
0 260096 15.9803 8 0 0 10 380414 380419 13 0 1 20 1  0
20.0355 493311 30.309 1 0 0 3 293853 293855 13 0 1 20 1  0
0 260096 15.9803 1 0 0 38 379994 379998 13 0 1 20 1  0
19.9352 436904 26.8434 2 0 0 5 293853 293856 13 0 1 20 1  0
11.638 379992 23.3467 2 2 0.0394922 2 379991 379993 13 0 1 20 1  0
10.3577 380415 23.3727 3 1 0.0197462 1 380415 380416 13 0 1 20 1  0
10.3187 426764 26.2204 3 2 0.0394922 3 426764 426765 13 0 1 20 1  0
11.6966 470395 28.9011 3 8 0.157966 4 457182 457186 13 0 1 20 1  0
10.8692 457187 28.0896 4 5 0.0987291 6 457185 457189 13 0 1 20 1  0
10.1153 376187 23.1129 11 2002 193.134 1 375698 376271 13 0 1 20 1  0
11.1294 540632 33.2164 8 0 0 1 540632 540633 13 0 1 20 1  0
19.2964 649190 39.8862 8 0 0 1 541474 541475 13 0 1 20 1  0
0 522240 32.0864 8 0 0 1040 541516 541524 13 0 1 20 1  0
13.2896 538818 33.105 4 4 0.0789836 9 538815 538826 13 0 1 20 1  0
28.1524 598440 36.7682 2 0 0 49 528035 528040 13 0 1 20 1  0
20.1572 541519 33.2709 3 1 0.0197462 20 538821 538826 13 0 1 20 1  0
10.7131 528038 32.4427 3 2 0.0394922 1 528038 528039 13 0 1 20 1  0
11.1025 648210 39.826 6 9 0.177712 7 648200 648217 13 0 1 20 1  0
16.4642 609513 37.4485 6 80 1.58404 1212 550950 550953 13 0 1 20 1  0
10.0973 550969 33.8515 6 68 1.3453 2 550969 550970 13 0 1 20 1  0
11.7291 813009 49.9513 8 0 0 1 813009 813010 13 0 1 20 1  0
19.501 1021183 62.7415 8 0 0 1 813015 813016 13 0 1 20 1  0
0 784384 48.1926 8 0 0 2053 814324 814325 13 0 1 20 1  0
24.6023 1021184 62.7415 1 0 0 4 813009 813017 13 0 1 20 1  0
10.3874 813010 49.9513 2 0 0 2 813010 813011 13 0 1 20 1  0
30.1033 875216 53.7733 3 0 0 17 838437 838443 13 0 1 20 1  0
24.7392 871496 53.5447 4 2 0.0394922 1057 866766 866770 13 0 1 20 1  0
11.6938 838435 51.5134 2 3 0.059238 3 838435 838436 13 0 1 20 1  0
10.646 865969 53.2051 3 5 0.0987291 2 865969 865970 13 0 1 20 1  0
26.0873 868490 53.36 3 1 0.0197462 1 838436 838441 13 0 1 20 1  0
10.32 866680 53.2488 4 5 0.0987291 1 866680 866681 13 0 1 20 1  0
10.1448 867060 53.2722 2 7 0.13822 3 867060 867061 13 0 1 20 1  0
10.1244 867492 53.2987 2 8 0.157966 1 867492 867493 13 0 1 20 1  0
10.5217 867754 53.3148 2 11 0.217204 9 867754 867755 13 0 1 20 1  0
10.235 872019 53.5768 2 15 0.296194 1 869318 869319 13 0 1 20 1  0
15.8903 1077600 66.2077 8 0 0 1 1077600 1077602 13 0 1 20 1  0
0 1046528 64.2987 8 0 0 4637 1103979 1103980 13 0 1 20 1  0
16.5575 1077601 66.2078 1 0 0 5 1077601 1077602 13 0 1 20 1  0
17.6078 1136060 69.7995 1 0 0 97 1112479 1112480 13 0 1 20 1  0
16.5158 1133984 69.672 12 254 5.17874 224 1131474 1135302 13 0 1 20 1  0
15.8259 1134431 69.6994 2 1 0.0197462 2 1134428 1134434 13 0 1 20 1  0
11.121 1121293 68.8922 2 5 0.0987291 11 1121292 1121295 13 0 1 20 1  0
10.0933 1235288 75.8961 5 7 0.13822 1 1235288 1235289 13 0 1 20 1  0
14.6786 1283840 78.8791 7 238 4.83313 1480 1180115 1180271 13 0 1 20 1  0
12.0347 1183826 72.7343 3 30 0.592527 1 1136035 1136046 13 0 1 20 1  0
14.7818 1180325 72.5192 8 101 2.00355 348 1178952 1179060 13 0 1 20 1  0
10.6118 1279094 78.5875 5 61 1.2063 2 1180335 1180346 13 0 1 20 1  0
10.9024 1244391 76.4554 4 131 2.60765 10 1180288 1180320 13 0 1 20 1  0
13.2372 1260023 77.4158 8 134 2.66842 71 1178936 1179007 13 0 1 20 1  0
10.0669 1288891 79.1895 3 74 1.46459 1 1288891 1288892 13 0 1 20 1  0
10.6725 1260067 77.4185 3 117 2.32495 6 1260061 1260072 13 0 1 20 1  0
10.1208 1178850 72.4285 5 228 4.6191 5 1178850 1178851 13 0 1 20 1  0
12.4167 1259584 77.3888 5 450 9.83766 139 1259537 1259608 13 0 1 20 1  0
12.1633 1276573 78.4326 4 431 9.34358 88 1259559 1259621 13 0 1 20 1  0
10.9612 1307054 80.3054 12 655 16.0036 2 1306096 1308184 13 0 1 20 1  0
10.4012 1307025 80.3036 5 747 19.4074 1 1307023 1307029 13 0 1 20 1  0
10.5885 1284818 78.9392 5 942 28.4628 1 1284808 1284821 13 0 1 20 1  0
13.445 1305420 80.205 12 1079 36.8007 8 1304352 1306968 13 0 1 20 1  0
10.2896 1281353 78.7263 6 1696 112.072 1 1281347 1281465 13 0 1 20 1  0
11.0385 1226296 75.3436 12 1798 134.392 4 1224604 1228118 13 0 1 20 1  0
0 1046528 64.2987 10 2719 689.239 421 1265684 1265850 13 0 1 20 1  0
10.9744 1264370 77.6829 6 2727 699.088 3 1260774 1260951 13 0 1 20 1  0
11.0388 1263215 77.6119 5 2737 711.597 1 1260518 1260724 13 0 1 20 1  0
10.2217 1262496 77.5677 3 2742 717.935 1 1262496 1262497 13 0 1 20 1  0
11.4106 1256239 77.1833 5 2782 770.715 1 1256226 1256247 13 0 1 20 1  0
16.8337 1318401 81.0026 8 0 0 1 1318401 1318402 13 0 1 20 1  0
19.0888 1467550 90.1663 8 0 0 1 1332692 1332693 13 0 1 20 1  0
11.4502 1308791 80.4121 11 145 2.89191 5561 1308672 1308923 13 0 1 20 1  0
21.587 1398852 85.9455 1 0 0 1 1318401 1318403 13 0 1 20 1  0
26.3607 1415936 86.9951 4 0 0 105 1311473 1311475 13 0 1 20 1  0
16.4735 1412205 86.7659 5 1 0.0197462 80 1384103 1384122 13 0 1 20 1  0
13.1293 1547724 95.0922 7 1 0.0197462 3 1412173 1412262 13 0 1 20 1  0
11.9686 1500385 92.1837 2 3 0.059238 2 1336795 1336798 13 0 1 20 1  0
10.7748 1311262 80.5639 2 2 0.0394922 2 1311262 1311263 13 0 1 20 1  0
14.0484 1570065 96.4648 2 2 0.0394922 1 1336797 1336800 13 0 1 20 1  0
10.219 1309309 80.4439 3 3 0.059238 1 1309309 1309310 13 0 1 20 1  0
17.0619 1493335 91.7505 4 7 0.13822 103 1336787 1336793 13 0 1 20 1  0
10.7541 1336793 82.1326 2 5 0.0987291 1 1336793 1336796 13 0 1 20 1  0
11.7783 1492841 91.7201 3 48 0.948609 9 1415896 1415901 13 0 1 20 1  0
10.9418 1492504 91.6994 2 8 0.157966 2 1415922 1415932 13 0 1 20 1  0
17.3324 1492379 91.6918 7 156 3.11648 2726 1416077 1416119 13 0 1 20 1  0
10.1095 1312221 80.6229 5 49 0.968414 6 1312221 1312222 13 0 1 20 1  0
10.6984 1502292 92.3008 2 16 0.315943 5 1415911 1415925 13 0 1 20 1  0
10.828 1492855 91.721 2 18 0.355443 1 1415906 1415924 13 0 1 20 1  0
10.1545 1384082 85.038 3 18 0.355443 1 1384082 1384083 13 0 1 20 1  0
18.927 1416653 87.0392 10 1568 89.1891 7701 1414531 1418652 13 0 1 20 1  0
11.8789 1419742 87.2289 3 71 1.40493 8 1416143 1416152 13 0 1 20 1  0
10.2221 1419091 87.1889 4 79 1.56412 4 1419091 1419092 13 0 1 20 1  0
10.8954 1402530 86.1714 11 2624 582.366 1 1401786 1403654 13 0 1 20 1  0
10.5333 1571277 96.5393 8 0 0 545 1571277 1571278 13 0 1 20 1  0
20.9897 1682255 103.358 8 0 0 1 1604798 1604799 13 0 1 20 1  0
27.6222 1682256 103.358 1 0 0 1 1604798 1604800 13 0 1 20 1  0
10.3408 1581726 97.1812 2 0 0 1 1581726 1581727 13 0 1 20 1  0
30.366 1653880 101.614 2 0 0 10 1604798 1604801 13 0 1 20 1  0
13.816 1581696 97.1794 7 2 0.0394922 21 1581651 1581739 13 0 1 20 1  0
20.0225 1808546 111.117 3 0 0 29 1581725 1581726 13 0 1 20 1  0
19.3056 1809164 111.155 3 1 0.0197462 3 1605867 1605872 13 0 1 20 1  0
13.3884 1812227 111.343 8 11 0.217204 63 1581599 1581735 13 0 1 20 1  0
11.6271 1605867 98.6645 2 2 0.0394922 1 1605867 1605868 13 0 1 20 1  0
10.7814 1630518 100.179 2 11 0.217204 16 1630518 1630520 13 0 1 20 1  0
15.532 1827505 112.282 4 4 0.0789836 12 1799410 1799413 13 0 1 20 1  0
15.2133 1811240 111.283 4 6 0.118475 50 1630523 1630527 13 0 1 20 1  0
11.5885 1822954 112.002 7 17 0.335692 17 1581647 1581673 13 0 1 20 1  0
11.6095 1736755 106.706 6 27 0.533239 23 1736742 1736771 13 0 1 20 1  0
10.0331 1799287 110.548 8 26 0.513479 1 1799287 1799288 13 0 1 20 1  0
10.5018 1736665 106.701 6 314 6.51397 5 1736656 1736675 13 0 1 20 1  0
10.0654 1823142 112.014 12 1595 93.5962 1 1822770 1823356 13 0 1 20 1  0
47.4985 2036465 125.12 8 16 0.315943 3369 1938965 1941379 13 0 1 20 1  0
0 1832960 112.617 8 0 0 35495 1841798 1841799 13 0 1 20 1  0
21.9238 2029499 124.692 1 0 0 1 1840878 1840883 13 0 1 20 1  0
26.1115 2029735 124.707 3 0 0 20 1840880 1840883 13 0 1 20 1  0
27.6695 2031453 124.812 4 0 0 17 1843665 1843676 13 0 1 20 1  0
54.5614 1940046 119.196 11 31 0.612292 10625 1938245 1941908 13 0 1 20 1  0
10.54 1842484 113.202 1 1 0.0197462 1 1842484 1842485 13 0 1 20 1  0
10.3481 1843662 113.275 2 5 0.0987291 3 1843662 1843663 13 0 1 20 1  0
10.064 2038450 125.242 2 14 0.276446 1 2029715 2029726 13 0 1 20 1  0
12.5915 1940140 119.202 3 91 1.80349 40 1938972 1939349 13 0 1 20 1  0
11.724 2030719 124.767 3 18 0.355443 4 1939044 1939322 13 0 1 20 1  0
10.0444 1837936 112.923 7 36 0.711146 1 1837936 1837937 13 0 1 20 1  0
10.0271 1939909 119.188 2 198 3.98538 1 1939015 1939029 13 0 1 20 1  0
10.1153 1939864 119.185 2 218 4.40651 2 1939008 1939012 13 0 1 20 1  0
10.6569 1940003 119.194 2 228 4.6191 1 1938869 1938870 13 0 1 20 1  0
10.9319 1939715 119.176 2 353 7.42028 11 1938757 1938767 13 0 1 20 1  0
10.2161 1939785 119.18 2 269 5.50651 1 1938949 1938952 13 0 1 20 1  0
10.2849 1939702 119.175 2 288 5.92726 1 1938837 1938839 13 0 1 20 1  0
10.5614 1939623 119.17 2 296 6.10639 4 1938856 1938857 13 0 1 20 1  0
10.6365 1939546 119.166 2 344 7.20815 1 1938788 1938790 13 0 1 20 1  0
10.9845 1939682 119.174 2 354 7.44396 1 1938754 1938819 13 0 1 20 1  0
13.2292 1939443 119.159 3 520 11.7587 1 1938500 1938616 13 0 1 20 1  0
10.7188 1938318 119.09 2 688 17.171 7 1938285 1938287 13 0 1 20 1  0
11.238 1938257 119.087 2 703 17.7208 16 1938256 1938261 13 0 1 20 1  0
10.5151 1938199 119.083 2 763 20.0494 11 1938199 1938200 13 0 1 20 1  0
10.1755 1938181 119.082 2 768 20.2534 2 1938181 1938182 13 0 1 20 1  0
12.6922 2035671 125.072 4 743 19.2493 1 1938644 1939093 13 0 1 20 1  0
13.749 2035473 125.059 5 890 25.7633 11 2034798 2034801 13 0 1 20 1  0
10.0012 1934902 118.88 6 1288 53.9297 1 1934902 1934903 13 0 1 20 1  0
10.1806 2030972 124.783 4 1295 54.6173 3 2030972 2030973 13 0 1 20 1  0
10.0284 2030828 124.774 5 1322 57.3492 2 2030828 2030829 13 0 1 20 1  0
10.0374 2032643 124.886 4 1331 58.2888 1 2032643 2032644 13 0 1 20 1  0
10.0393 1934441 118.852 6 1344 59.6722 1 1934441 1934442 13 0 1 20 1  0
10.2035 2028110 124.607 7 1513 80.8342 1 2028108 2028138 13 0 1 20 1  0
10.8644 2028436 124.627 7 1736 120.349 2 2028386 2028507 13 0 1 20 1  0
11.6076 2096919 128.835 8 0 0 2286 2096919 2096920 13 0 1 20 1  0
22.8889 2310228 141.94 8 0 0 1 2097110 2097112 13 0 1 20 1  0
31.6216 2310229 141.94 1 0 0 1 2096914 2096921 13 0 1 20 1  0
46.6419 2109941 129.635 3 0 0 362 2096911 2096921 13 0 1 20 1  0
34.0158 2175616 133.67 5 0 0 42 2097727 2097738 13 0 1 20 1  0
20.0086 2136415 131.261 8 4 0.0789836 1854 2109294 2110205 13 0 1 20 1  0
13.0029 2181188 134.012 10 26 0.513479 26 2136209 2136774 13 0 1 20 1  0
11.0428 2107864 129.507 1 1 0.0197462 2 2107864 2107865 13 0 1 20 1  0
11.5393 2249025 138.18 1 1 0.0197462 1 2108583 2108584 13 0 1 20 1  0
10.1068 2096912 128.834 4 2 0.0394922 1 2096912 2096913 13 0 1 20 1  0
10.532 2097732 128.885 3 5 0.0987291 4 2097732 2097733 13 0 1 20 1  0
11.7162 2109288 129.595 7 42 0.829836 54 2109227 2109310 13 0 1 20 1  0
10.8226 2310207 141.939 2 11 0.217204 1 2109917 2109928 13 0 1 20 1  0
12.863 2123220 130.451 8 87 1.72362 165 2109159 2109175 13 0 1 20 1  0
10.4444 2149798 132.084 5 45 0.889211 3 2109853 2109862 13 0 1 20 1  0
11.5634 2149268 132.051 7 273 5.59455 29 2108685 2108735 13 0 1 20 1  0
10.6065 2108682 129.557 6 290 5.97193 6 2108675 2108691 13 0 1 20 1  0
0 2095104 128.723 7 726 18.5883 2 2134439 2134747 13 0 1 20 1  0
10.3683 2130050 130.87 9 2465 439.254 1 2130037 2130098 13 0 1 20 1  0
21.835 2363405 145.208 8 0 0 1 2361763 2361765 13 0 1 20 1  0
0 2357248 144.829 8 0 0 608 2361777 2361778 13 0 1 20 1  0
33.339 2587639 158.985 2 0 0 40 2361763 2361778 13 0 1 20 1  0
24.0503 2518492 154.736 4 0 0 32 2361770 2361772 13 0 1 20 1  0
12.9253 2607280 160.191 6 1 0.0197462 28 2361791 2361794 13 0 1 20 1  0
10.2872 2427747 149.161 1 1 0.0197462 1 2427747 2427748 13 0 1 20 1  0
10.6684 2361761 145.107 2 1 0.0197462 6 2361761 2361762 13 0 1 20 1  0
12.8968 2381321 146.308 6 3 0.059238 22 2361786 2361790 13 0 1 20 1  0
11.7413 2462560 151.3 2 2 0.0394922 1 2462560 2462561 13 0 1 20 1  0
10.1279 2422180 148.819 3 3 0.059238 1 2422180 2422181 13 0 1 20 1  0
10.7066 2426757 149.1 3 4 0.0789836 1 2426757 2426758 13 0 1 20 1  0
10.0479 2561022 157.349 2 5 0.0987291 1 2561022 2561023 13 0 1 20 1  0
10.0549 2429685 149.28 5 8 0.157966 1 2429685 2429686 13 0 1 20 1  0
11.7947 2619374 160.934 12 3158 1501.34 2 2617378 2619394 13 0 1 20 1  0
12.7392 2627038 161.405 8 0 0 5 2627038 2627039 13 0 1 20 1  0
22.5722 2867284 176.166 8 0 0 1 2639212 2639213 13 0 1 20 1  0
0 2619392 160.935 8 0 0 1003 2639246 2639247 13 0 1 20 1  0
10.3987 2625536 161.313 3 4 0.0789836 5 2625536 2625537 13 0 1 20 1  0
35.2777 2865243 176.041 2 0 0 57 2625542 2625549 13 0 1 20 1  0
41.6547 2789488 171.386 3 0 0 107 2625543 2625550 13 0 1 20 1  0
13.2453 2651527 162.91 6 1 0.0197462 4 2626026 2626068 13 0 1 20 1  0
14.2504 2702255 166.027 8 12 0.236951 33 2626051 2626116 13 0 1 20 1  0
10.9541 2642428 162.351 2 1 0.0197462 1 2642428 2642429 13 0 1 20 1  0
13.6452 2678847 164.588 9 10 0.197458 5 2626241 2626267 13 0 1 20 1  0
11.0565 2646073 162.575 2 8 0.157966 3 2646073 2646074 13 0 1 20 1  0
10.5947 2626027 161.343 4 4 0.0789836 2 2626027 2626028 13 0 1 20 1  0
12.7017 2642380 162.348 7 10 0.197458 5 2626032 2626040 13 0 1 20 1  0
10.3002 2640148 162.211 4 17 0.335692 5 2640148 2640149 13 0 1 20 1  0
10.351 2698755 165.812 3 15 0.296194 1 2698755 2698756 13 0 1 20 1  0
10.0815 2639262 162.156 6 122 2.42574 1 2639262 2639266 13 0 1 20 1  0
14.1779 2682809 164.832 11 2758 738.599 3 2681219 2684827 13 0 1 20 1  0
14.0074 2929199 179.97 8 0 0 1 2929199 2929200 13 0 1 20 1  0
21.3127 3057852 187.874 8 0 0 1 2950641 2950642 13 0 1 20 1  0
0 2881536 177.042 8 0 0 1202 2950645 2950648 13 0 1 20 1  0
28.5818 3107820 190.944 1 0 0 1 2905187 2905196 13 0 1 20 1  0
34.6432 2970401 182.501 3 0 0 52 2896070 2896072 13 0 1 20 1  0
17.9353 2964103 182.114 5 1 0.0197462 3724 2905185 2905196 13 0 1 20 1  0
18.9191 3143445 193.133 7 4 0.0789836 39 2905469 2905813 13 0 1 20 1  0
10.3229 2968671 182.395 1 1 0.0197462 1 2968671 2968672 13 0 1 20 1  0
15.2414 2950650 181.288 3 6 0.118475 46 2913414 2913418 13 0 1 20 1  0
12.1971 2905672 178.524 9 2 0.0394922 11 2905591 2905747 13 0 1 20 1  0
14.4773 2913408 179 5 5 0.0987291 12 2905842 2905846 13 0 1 20 1  0
10.0359 2905172 178.494 4 7 0.13822 1 2905172 2905173 13 0 1 20 1  0
10.7836 2968722 182.398 2 10 0.197458 3 2968722 2968723 13 0 1 20 1  0
0 2881536 177.042 4 660 16.1769 11 2963817 2963818 13 0 1 20 1  0
45.471 3146432 193.317 3 0 0 4007 3143798 3143818 13 0 1 20 1  0
23.2992 3341953 205.33 8 0 0 2 3143812 3143814 13 0 1 20 1  0
30.346 3341954 205.33 1 0 0 2 3143782 3143784 13 0 1 20 1  0
39.2498 3172250 194.903 2 0 0 4 3143782 3143784 13 0 1 20 1  0
44.4533 3371491 207.144 11 124 2.46611 5188 3143680 3145377 13 0 1 20 1  0
11.3558 3146134 193.298 1 1 0.0197462 2 3146134 3146135 13 0 1 20 1  0
16.925 3147167 193.362 3 7 0.13822 5 3146380 3146384 13 0 1 20 1  0
10.6622 3300198 202.764 2 20 0.394946 1 3146413 3146420 13 0 1 20 1  0
16.703 3387859 208.15 9 75 1.48449 1 3370703 3373325 13 0 1 20 1  0
0 3143680 193.148 12 1163 42.9558 1 3365522 3367566 13 0 1 20 1  0
0 3143680 193.148 10 1780 130.155 3 3371356 3371372 13 0 1 20 1  0
0 3143680 193.148 10 2393 386.586 1 3367311 3367589 13 0 1 20 1  0
10.3275 3338238 205.101 12 2662 622.968 2 3338118 3338664 13 0 1 20 1  0
13.5165 3405796 209.252 12 2967 1069.99 3 3402240 3405826 13 0 1 20 1  0
12.1088 3315336 203.694 12 2952 1041.9 1 3314348 3317200 13 0 1 20 1  0
21.101 3408678 209.429 8 0 0 1 3408678 3408679 13 0 1 20 1  0
28.3913 3628680 222.946 5 1 0.0197462 37 3409837 3409862 13 0 1 20 1  0
0 3405824 209.254 8 0 0 3295 3409842 3409844 13 0 1 20 1  0
26.8565 3634581 223.309 1 0 0 2 3408678 3408680 13 0 1 20 1  0
33.0387 3628002 222.904 2 0 0 4 3408677 3408680 13 0 1 20 1  0
35.6418 3426049 210.496 3 0 0 19 3409844 3409860 13 0 1 20 1  0
35.4699 3429680 210.72 4 0 0 16 3409842 3409861 13 0 1 20 1  0
31.6551 3422358 210.27 7 0 0 4655 3422077 3425121 13 0 1 20 1  0
11.7789 3409846 209.501 2 4 0.0789836 11 3409846 3409847 13 0 1 20 1  0
19.6383 3623673 222.638 2 1 0.0197462 1 3409847 3409855 13 0 1 20 1  0
20.1487 3513845 215.891 3 3 0.059238 4 3409845 3409851 13 0 1 20 1  0
25.6229 3425069 210.436 4 4 0.0789836 11 3409838 3409847 13 0 1 20 1  0
13.1579 3427995 210.616 3 16 0.315943 2 3422327 3422344 13 0 1 20 1  0
21.0655 3426979 210.554 4 7 0.13822 96 3409834 3409839 13 0 1 20 1  0
10.0551 3579289 219.912 2 17 0.335692 1 3426038 3426043 13 0 1 20 1  0
22.9358 4031791 247.713 8 0 0 1 3939915 3939920 13 0 1 20 1  0
0 3930112 241.466 8 0 0 3494 3943558 3943559 13 0 1 20 1  0
31.2622 4030602 247.64 1 0 0 7 3939916 3939921 13 0 1 20 1  0
40.3684 4109170 252.467 3 0 0 16 3938770 3938778 13 0 1 20 1  0
33.25 3983174 244.726 4 0 0 36 3936478 3936481 13 0 1 20 1  0
27.1174 4014477 246.649 8 6 0.118475 10018 3958750 3958947 13 0 1 20 1  0
10.9943 3958714 243.223 2 3 0.059238 2 3958714 3958715 13 0 1 20 1  0
10.1748 3936476 241.857 4 1 0.0197462 1 3936476 3936477 13 0 1 20 1  0
10.0633 3938438 241.978 4 2 0.0394922 1 3938438 3938439 13 0 1 20 1  0
22.2694 4181159 256.89 4 2 0.0394922 31 3945962 3945974 13 0 1 20 1  0
15.2022 4157062 255.41 6 3 0.059238 1 3956079 3956091 13 0 1 20 1  0
10.6382 4014678 246.662 2 5 0.0987291 1 4014678 4014679 13 0 1 20 1  0
13.5028 4111227 252.594 4 9 0.177712 5 3956072 3956079 13 0 1 20 1  0
10.2234 3956074 243.061 3 9 0.177712 2 3956074 3956075 13 0 1 20 1  0
10.5095 4182999 257.003 2 10 0.197458 1 4182999 4183000 13 0 1 20 1  0
10.184 4033447 247.815 2 16 0.315943 2 4033447 4033448 13 0 1 20 1  0
13.604 3976411 244.311 5 112 2.22433 228 3976393 3976426 13 0 1 20 1  0
10.1162 3958667 243.22 3 25 0.493721 1 3958667 3958668 13 0 1 20 1  0
10.4566 3956420 243.082 12 374 7.92266 2 3956340 3957740 13 0 1 20 1  0
22.3754 4334800 266.33 8 0 0 1 4193843 4193845 13 0 1 20 1  0
0 4192256 257.572 8 0 0 5310 4193850 4193851 13 0 1 20 1  0
28.0492 4439390 272.756 1 0 0 1 4193843 4193856 13 0 1 20 1  0
34.4744 4276173 262.728 2 0 0 4 4193840 4193856 13 0 1 20 1  0
42.8291 4400495 270.366 8 1 0.0197462 1827 4212014 4212038 13 0 1 20 1  0
10.4978 4270244 262.364 1 1 0.0197462 2 4270244 4270245 13 0 1 20 1  0
10.2983 4193844 257.67 2 1 0.0197462 1 4193844 4193845 13 0 1 20 1  0
19.9703 4401651 270.437 2 1 0.0197462 9 4207901 4207902 13 0 1 20 1  0
10.3799 4197325 257.884 3 3 0.059238 1 4197325 4197326 13 0 1 20 1  0
12.2017 4401444 270.425 2 4 0.0789836 1 4276164 4276171 13 0 1 20 1  0
13.9462 4249994 261.12 6 110 2.18413 188 4249642 4249683 13 0 1 20 1  0
11.2322 4337387 266.489 2 9 0.177712 1 4276155 4276157 13 0 1 20 1  0
10.9525 4276133 262.726 2 21 0.414699 7 4276132 4276137 13 0 1 20 1  0
10.032 4193821 257.668 6 10 0.197458 1 4193821 4193822 13 0 1 20 1  0
10.0323 4211975 258.784 7 14 0.276446 1 4211975 4211976 13 0 1 20 1  0
14.498 4452035 273.533 6 130 2.5874 218 4249635 4249666 13 0 1 20 1  0
10.181 4451032 273.471 4 165 3.30108 2 4451032 4451033 13 0 1 20 1  0
11.781 4452694 273.574 12 588 13.798 4 4452358 4453356 13 0 1 20 1  0
10.5096 4450891 273.463 7 532 12.1053 1 4450869 4450901 13 0 1 20 1  0
12.2612 4451271 273.486 10 1101 38.3285 10 4450965 4451704 13 0 1 20 1  0
11.3134 4388800 269.648 12 1861 150.327 6 4387104 4389852 13 0 1 20 1  0
22.5261 4547671 279.409 8 0 0 1 4454687 4454689 13 0 1 20 1  0
10.1444 4454709 273.697 4 2 0.0394922 3843 4454709 4454710 13 0 1 20 1  0
34.3011 4547673 279.409 2 0 0 3 4454688 4454690 13 0 1 20 1  0
37.0365 4530935 278.381 3 0 0 25 4454708 4454717 13 0 1 20 1  0
38.8331 4529658 278.302 7 4 0.0789836 4229 4496056 4496091 13 0 1 20 1  0
11.9067 4477622 275.105 2 1 0.0197462 1 4477622 4477623 13 0 1 20 1  0
26.8969 4531014 278.385 3 1 0.0197462 4 4454713 4454716 13 0 1 20 1  0
10.4388 4480840 275.303 3 10 0.197458 9 4480840 4480841 13 0 1 20 1  0
15.1233 4531953 278.443 2 2 0.0394922 7 4490659 4490661 13 0 1 20 1  0
11.2913 4490638 275.905 4 36 0.711146 15 4490631 4490641 13 0 1 20 1  0
10.4156 4461211 274.097 4 3 0.059238 1 4461211 4461212 13 0 1 20 1  0
16.289 4500127 276.488 5 16 0.315943 57 4490635 4490655 13 0 1 20 1  0
10.0225 4467939 274.51 5 4 0.0789836 1 4467939 4467940 13 0 1 20 1  0
11.173 4547653 279.408 2 10 0.197458 2 4500137 4500140 13 0 1 20 1  0
11.1799 4527913 278.195 3 47 0.928807 6 4527910 4527915 13 0 1 20 1  0
10.1564 4518761 277.633 3 51 1.00803 10 4518761 4518762 13 0 1 20 1  0
10.9838 4687301 287.988 10 114 2.26455 1 4529062 4529272 13 0 1 20 1  0
12.7591 4655458 286.031 12 790 21.1698 43 4527906 4528960 13 0 1 20 1  0
11.3954 4526540 278.111 8 1135 40.8052 21 4526480 4526638 13 0 1 20 1  0
13.0576 4647866 285.565 12 1689 110.683 33 4646510 4649936 13 0 1 20 1  0
12.905 4675372 287.255 12 1647 102.698 18 4647208 4650386 13 0 1 20 1  0
0 4454400 273.678 12 1520 81.8532 12 4675736 4678524 13 0 1 20 1  0
22.897 4944915 303.816 8 0 0 1 4724007 4724009 13 0 1 20 1  0
0 4716544 289.784 8 0 0 2183 4737722 4737729 13 0 1 20 1  0
37.7002 4894359 300.709 2 0 0 3 4724006 4724010 13 0 1 20 1  0
35.9071 4737726 291.086 3 0 0 55 4724005 4724012 13 0 1 20 1  0
20.4382 4910221 301.684 5 1 0.0197462 85 4737712 4737738 13 0 1 20 1  0
13.4593 4949181 304.078 9 48 0.948609 24 4756107 4756204 13 0 1 20 1  0
12.0913 4973219 305.555 7 1 0.0197462 1 4756902 4756988 13 0 1 20 1  0
16.7131 4919302 302.242 3 3 0.059238 42 4737717 4737724 13 0 1 20 1  0
15.5326 4755966 292.207 6 3 0.059238 1107 4755940 4756010 13 0 1 20 1  0
10.0155 4754955 292.144 5 14 0.276446 1 4754955 4754956 13 0 1 20 1  0
10.135 4755441 292.174 4 16 0.315943 1 4755441 4755442 13 0 1 20 1  0
11.4326 4832679 296.92 7 19 0.375194 5 4755944 4756039 13 0 1 20 1  0
15.0404 4840237 297.384 8 218 4.40651 513 4755883 4755951 13 0 1 20 1  0
21.299 4981544 306.066 8 0 0 1 4981544 4981545 13 0 1 20 1  0
23.2275 4998590 307.113 8 0 0 1 4981622 4981623 13 0 1 20 1  0
0 4978688 305.891 8 0 0 2958 4981729 4981730 13 0 1 20 1  0
30.0397 5030164 309.053 1 0 0 1 4981544 4981546 13 0 1 20 1  0
25.451 5214550 320.382 1 0 0 1 4981622 4981624 13 0 1 20 1  0
36.2101 5175504 317.983 2 0 0 6 4981543 4981547 13 0 1 20 1  0
39.3857 5134778 315.481 3 0 0 11 4983909 4983924 13 0 1 20 1  0
36.0399 5168706 317.565 4 0 0 104 4983906 4983926 13 0 1 20 1  0
32.2572 5103716 313.572 8 0 0 2605 5006559 5006738 13 0 1 20 1  0
11.2032 4998630 307.116 1 1 0.0197462 1 4983910 4983914 13 0 1 20 1  0
29.1841 5107110 313.781 3 1 0.0197462 6 4983907 4983921 13 0 1 20 1  0
14.9299 5179308 318.217 2 2 0.0394922 1 4983907 4983913 13 0 1 20 1  0
13.392 5210233 320.117 2 3 0.059238 3 4983905 4983911 13 0 1 20 1  0
13.0058 4983877 306.209 3 19 0.375194 37 4983875 4983881 13 0 1 20 1  0
10.8971 5179295 318.216 2 10 0.197458 3 5030145 5030146 13 0 1 20 1  0
10.003 5012818 307.988 8 11 0.217204 1 5012818 5012819 13 0 1 20 1  0
12.613 5110617 313.996 3 22 0.434452 74 4983870 4983875 13 0 1 20 1  0
13.7331 5171087 317.712 3 16 0.315943 1 4983881 4983887 13 0 1 20 1  0
12.5912 5203176 319.683 4 20 0.394946 2 4983873 4983876 13 0 1 20 1  0
11.9884 5240990 322.006 8 0 0 1949 5240990 5240991 13 0 1 20 1  0
23.7954 5301660 325.734 8 0 0 1 5241312 5241313 13 0 1 20 1  0
14.0478 5240990 322.006 1 0 0 1 5240990 5240991 13 0 1 20 1  0
31.5772 5301661 325.734 1 0 0 3 5241313 5241314 13 0 1 20 1  0
44.6978 5257063 322.994 3 0 0 1702 5241961 5241975 13 0 1 20 1  0
20.8754 5258201 323.064 2 1 0.0197462 2 5252102 5252110 13 0 1 20 1  0
11.0996 5241959 322.066 3 3 0.059238 3 5241959 5241960 13 0 1 20 1  0
13.8418 5451233 334.924 3 14 0.276446 8 5252078 5252082 13 0 1 20 1  0
20.2961 5252101 322.689 3 4 0.0789836 25 5252096 5252105 13 0 1 20 1  0
11.4607 5301643 325.733 2 9 0.177712 5 5252087 5252094 13 0 1 20 1  0
10.7157 5322279 327.001 5 27 0.533239 9 5257028 5257030 13 0 1 20 1  0
0 5240832 321.997 12 70 1.38505 14 5473156 5474482 13 0 1 20 1  0
10.0629 5472117 336.207 7 436 9.47255 1 5472117 5472119 13 0 1 20 1  0
10.0659 5519284 339.105 8 0 0 1 5519284 5519285 13 0 1 20 1  0
21.7493 5664601 348.033 8 0 0 1 5521180 5521181 13 0 1 20 1  0
0 5502976 338.103 8 0 0 595 5522481 5522482 13 0 1 20 1  0
32.5204 5664600 348.033 2 0 0 57 5528228 5528246 13 0 1 20 1  0
10.2153 5522481 339.301 2 0 0 1 5522481 5522482 13 0 1 20 1  0
15.5055 5568364 342.12 9 1 0.0197462 1405 5567990 5568532 13 0 1 20 1  0
11.1464 5533925 340.004 2 1 0.0197462 2 5533925 5533926 13 0 1 20 1  0
10.5281 5562026 341.731 2 2 0.0394922 1 5562026 5562027 13 0 1 20 1  0
10.9317 5560393 341.631 3 2 0.0394922 1 5560393 5560394 13 0 1 20 1  0
10.3296 5540750 340.424 4 2 0.0394922 1 5540750 5540751 13 0 1 20 1  0
10.4905 5607767 344.541 2 6 0.118475 2 5607767 5607768 13 0 1 20 1  0
14.2463 5759772 353.88 4 3 0.059238 26 5564745 5564749 13 0 1 20 1  0
14.3297 5691657 349.695 5 3 0.059238 7 5535964 5535966 13 0 1 20 1  0
12.3249 5567819 342.087 3 8 0.157966 2 5542747 5542749 13 0 1 20 1  0
12.3508 5676289 348.751 5 5 0.0987291 2 5568472 5568499 13 0 1 20 1  0
10.8128 5569216 342.173 5 8 0.157966 3 5569215 5569220 13 0 1 20 1  0
10.1816 5634411 346.178 2 9 0.177712 1 5634411 5634412 13 0 1 20 1  0
12.1278 5582779 343.006 9 68 1.3453 1 5580158 5580219 13 0 1 20 1  0
12.19 5606976 344.493 12 303 6.26413 14 5566302 5567874 13 0 1 20 1  0
0 5502976 338.103 9 646 15.6949 54 5589420 5589536 13 0 1 20 1  0
10.3706 5779538 355.095 8 0 0 1 5779538 5779539 13 0 1 20 1  0
22.3062 5909733 363.094 8 0 0 1 5779964 5779965 13 0 1 20 1  0
0 5765120 354.209 8 0 0 1900 5783273 5783274 13 0 1 20 1  0
13.9978 5779965 355.121 1 0 0 1 5779965 5779966 13 0 1 20 1  0
29.0158 5908127 362.995 1 0 0 13 5782614 5782618 13 0 1 20 1  0
32.6946 5866316 360.426 3 0 0 64 5782614 5782618 13 0 1 20 1  0
40.3538 5868529 360.562 7 3 0.059238 1004 5838290 5838635 13 0 1 20 1  0
10.3792 5782612 355.284 3 1 0.0197462 2 5782612 5782613 13 0 1 20 1  0
10.2396 5783414 355.333 2 2 0.0394922 1 5783414 5783415 13 0 1 20 1  0
10.3068 5812277 357.106 2 3 0.059238 1 5812277 5812278 13 0 1 20 1  0
19.1902 6010336 369.275 12 152 3.03469 500 6007838 6013186 13 0 1 20 1  0
10.1039 5846202 359.191 7 13 0.256698 4 5846202 5846203 13 0 1 20 1  0
11.0282 5909715 363.093 2 10 0.197458 1 5866295 5866299 13 0 1 20 1  0
17.0685 5895273 362.206 6 35 0.691372 348 5868413 5868529 13 0 1 20 1  0
10.0882 5855129 359.739 3 14 0.276446 1 5855129 5855130 13 0 1 20 1  0
10.9906 6001655 368.742 7 1359 61.3079 9 6001623 6001729 13 0 1 20 1  0
0 5765120 354.209 7 1359 61.3079 1 6002656 6002698 13 0 1 20 1  0
22.0455 5997300 368.474 12 1769 127.632 1589 5991172 6001394 13 0 1 20 1  0
0 5765120 354.209 9 1573 89.9895 1147 6001509 6002204 13 0 1 20 1  0
0 5765120 354.209 8 2201 274.976 6 5981433 5981555 13 0 1 20 1  0
15.3659 5961282 366.261 12 2437 417.97 40 5765128 5767154 13 0 1 20 1  0
0 5765120 354.209 8 2422 406.995 2 5962024 5962196 13 0 1 20 1  0
10.7091 5765248 354.217 12 2458 433.834 11 5765120 5766080 13 0 1 20 1  0
23.0766 6279302 385.8 8 0 0 1 6031155 6031157 13 0 1 20 1  0
0 6027264 370.315 8 0 0 24417 6088678 6088679 13 0 1 20 1  0
89.2598 6242419 383.534 9 5 0.0987291 19049 6114041 6115846 13 0 1 20 1  0
49.0332 6247128 383.824 4 0 0 77 6054077 6054085 13 0 1 20 1  0
11.2938 6114128 375.652 1 1 0.0197462 1 6114128 6114129 13 0 1 20 1  0
19.4514 6243284 383.587 2 1 0.0197462 2 6090799 6090802 13 0 1 20 1  0
10.0688 6088722 374.091 7 2 0.0394922 1 6088722 6088723 13 0 1 20 1  0
11.3479 6187353 380.151 2 3 0.059238 1 6187353 6187354 13 0 1 20 1  0
17.0956 6249734 383.984 3 6 0.118475 4 6190345 6190352 13 0 1 20 1  0
10.0967 6090788 374.218 3 6 0.118475 2 6090788 6090789 13 0 1 20 1  0
10.4608 6190348 380.335 2 7 0.13822 1 6190348 6190349 13 0 1 20 1  0
16.3838 6236578 383.175 5 52 1.02784 133 6236549 6236604 13 0 1 20 1  0
12.2553 6114305 375.663 9 34 0.671599 5 6114159 6114350 13 0 1 20 1  0
10.0589 6186475 380.097 5 563 13.0266 17 6186475 6186476 13 0 1 20 1  0
10.0578 6133757 376.858 8 339 7.09109 7 6133757 6133758 13 0 1 20 1  0
10.3139 6243233 383.584 3 342 7.16126 1 6243068 6243069 13 0 1 20 1  0
10.3916 6243065 383.574 3 343 7.18469 1 6243065 6243066 13 0 1 20 1  0
11.1991 6238721 383.307 2 1096 37.9762 2 6238720 6238722 13 0 1 20 1  0
11.1997 6238734 383.308 2 1098 38.1168 1 6238733 6238735 13 0 1 20 1  0
10.0667 6237975 383.261 5 1105 38.6124 1 6237975 6237976 13 0 1 20 1  0
10.3487 6209982 381.541 12 2320 339.626 1 6209550 6210558 13 0 1 20 1  0
12.2923 6297654 386.928 8 0 0 3 6297654 6297655 13 0 1 20 1  0
21.944 6394229 392.861 8 0 0 1 6299045 6299051 13 0 1 20 1  0
0 6289408 386.421 8 0 0 319 6299147 6299149 13 0 1 20 1  0
27.5766 6529767 401.189 1 0 0 6 6297654 6297656 13 0 1 20 1  0
33.6452 6299047 387.013 2 0 0 38 6297654 6297657 13 0 1 20 1  0
10.2908 6297657 386.928 3 0 0 1 6297657 6297658 13 0 1 20 1  0
13.8752 6339328 389.488 5 0 0 36 6299035 6299052 13 0 1 20 1  0
11.1454 6327047 388.734 7 1 0.0197462 3 6324754 6325094 13 0 1 20 1  0
12.1545 6346771 389.946 3 13 0.256698 9 6299021 6299030 13 0 1 20 1  0
10.8028 6324769 388.594 7 9 0.177712 6 6324761 6325078 13 0 1 20 1  0
14.433 6304244 387.333 4 2 0.0394922 11 6299038 6299049 13 0 1 20 1  0
17.7302 6551536 402.526 11 2519 483.409 129 6547762 6551553 13 0 1 20 1  0
0 6289408 386.421 8 2510 475.753 1 6550286 6551553 13 0 1 20 1  0
10.1789 6551548 402.527 12 2988 1110.59 1 6551510 6551554 13 0 1 20 1  0
10.3989 6289860 386.449 12 3008 1150.68 1 6289408 6290346 13 0 1 20 1  0
160.891 6830326 419.655 10 10 0.197458 24611 6829358 6832648 13 0 1 20 1  0
0 6813696 418.633 8 0 0 31739 6826056 6826059 13 0 1 20 1  0
30.2366 6832438 419.785 1 0 0 1 6822119 6822126 13 0 1 20 1  0
29.6296 7054322 433.418 2 0 0 1 6824746 6824747 13 0 1 20 1  0
32.1021 6932613 425.94 6 0 0 2 6932553 6932687 13 0 1 20 1  0
11.7501 6832988 419.819 1 1 0.0197462 1 6829833 6829903 13 0 1 20 1  0
21.2973 6877823 422.573 3 3 0.059238 1 6831275 6831277 13 0 1 20 1  0
10.8336 7011174 430.767 4 11 0.217204 1 6831422 6831423 13 0 1 20 1  0
11.1714 6830937 419.693 2 17 0.335692 1 6829810 6829906 13 0 1 20 1  0
11.4182 6932543 425.935 2 30 0.592527 4 6829783 6829876 13 0 1 20 1  0
12.1821 6830302 419.654 2 282 5.79369 7 6829309 6829650 13 0 1 20 1  0
15.4016 6932411 425.927 6 93 1.84346 1 6831428 6831476 13 0 1 20 1  0
11.335 6932083 425.907 9 295 6.08393 1 6931903 6932141 13 0 1 20 1  0
10.2301 6983795 429.084 8 343 7.18469 1 6931797 6932012 13 0 1 20 1  0
10.0713 6828820 419.563 2 471 10.3967 1 6828820 6828821 13 0 1 20 1  0
12.2834 6829810 419.624 2 558 12.8754 1 6828656 6828658 13 0 1 20 1  0
12.1711 6829710 419.617 2 609 14.467 2 6828568 6828603 13 0 1 20 1  0
12.4041 6829523 419.606 2 669 16.4919 1 6828356 6828358 13 0 1 20 1  0
12.3609 6829502 419.605 2 685 17.0625 2 6828286 6828292 13 0 1 20 1  0
10.2079 6827983 419.511 3 739 19.0923 4 6827983 6827984 13 0 1 20 1  0
10.3841 6827860 419.504 2 796 21.4252 3 6827860 6827861 13 0 1 20 1  0
12.653 6827674 419.492 2 1037 34.0377 31 6826966 6826970 13 0 1 20 1  0
0 6813696 418.633 12 820 22.4716 1 6925588 6926144 13 0 1 20 1  0
12.5629 6827568 419.486 2 1035 33.9109 18 6826939 6826940 13 0 1 20 1  0
12.1721 6827445 419.478 2 1006 32.1203 13 6827326 6827328 13 0 1 20 1  0
12.4606 6827333 419.471 2 1027 33.4082 21 6827038 6827041 13 0 1 20 1  0
10.8769 6827291 419.469 3 908 26.6718 36 6827291 6827292 13 0 1 20 1  0
10.0468 6827490 419.481 2 925 27.5548 1 6827490 6827491 13 0 1 20 1  0
11.8205 6826910 419.445 2 1044 34.4847 28 6826909 6826912 13 0 1 20 1  0
10.477 6826820 419.44 2 1036 33.9743 11 6826820 6826821 13 0 1 20 1  0
10.6623 6826650 419.429 3 1050 34.872 12 6826650 6826651 13 0 1 20 1  0
12.0915 6827085 419.456 2 1051 34.937 4 6826904 6826906 13 0 1 20 1  0
10.4591 6826569 419.424 2 1112 39.1141 2 6826569 6826570 13 0 1 20 1  0
10.0991 6826476 419.419 2 1110 38.9701 3 6826476 6826477 13 0 1 20 1  0
10.1621 6826187 419.401 3 1112 39.1141 5 6826187 6826188 13 0 1 20 1  0
10.2338 6826267 419.406 3 1104 38.5413 1 6826267 6826268 13 0 1 20 1  0
20.8528 7120805 437.502 8 0 0 1 7102913 7102924 13 0 1 20 1  0
0 7075840 434.74 8 0 0 417 7116016 7116025 13 0 1 20 1  0
10.0603 7083681 435.221 1 0 0 1 7083681 7083682 13 0 1 20 1  0
26.9018 7120806 437.502 1 0 0 2 7101178 7101180 13 0 1 20 1  0
32.2392 7102918 436.403 3 0 0 144 7101179 7101183 13 0 1 20 1  0
11.8987 7280981 447.343 7 1 0.0197462 3 7244060 7244752 13 0 1 20 1  0
18.4351 7148444 439.2 2 1 0.0197462 2 7102912 7102923 13 0 1 20 1  0
12.484 7244075 445.076 7 8 0.157966 13 7102902 7102956 13 0 1 20 1  0
12.8537 7206521 442.769 2 3 0.059238 2 7102909 7102919 13 0 1 20 1  0
10.8514 7246740 445.24 2 11 0.217204 7 7102892 7102906 13 0 1 20 1  0
13.4607 7120765 437.5 3 22 0.434452 23 7102882 7102896 13 0 1 20 1  0
10.3377 7119399 437.416 3 27 0.533239 1 7119399 7119400 13 0 1 20 1  0
11.097 7337644 450.825 12 2881 918.635 1 7336262 7337986 13 0 1 20 1  0
19.1451 7524876 462.328 8 0 0 1 7356011 7356014 13 0 1 20 1  0
0 7337984 450.846 8 0 0 124 7367317 7367319 13 0 1 20 1  0
19.9559 7524877 462.328 1 0 0 3 7356012 7356014 13 0 1 20 1  0
14.1272 7587742 466.191 4 1 0.0197462 68 7518814 7518838 13 0 1 20 1  0
10.3785 7534811 462.939 6 0 0 3 7534808 7534820 13 0 1 20 1  0
11.7526 7356010 451.953 2 1 0.0197462 3 7356010 7356012 13 0 1 20 1  0
10.1819 7464881 458.642 4 1 0.0197462 2 7464881 7464882 13 0 1 20 1  0
10.0152 7534149 462.898 3 3 0.059238 1 7534149 7534150 13 0 1 20 1  0
10.0968 7523246 462.228 4 5 0.0987291 1 7523246 7523247 13 0 1 20 1  0
10.6968 7420336 455.905 12 178 3.56919 1 7420208 7420824 13 0 1 20 1  0
10.6779 7413492 455.485 12 2893 938.394 1 7412652 7414756 13 0 1 20 1  0
12.2221 7610742 467.604 8 0 0 1 7610742 7610743 13 0 1 20 1  0
22.2604 7742217 475.682 8 0 0 1 7701055 7701056 13 0 1 20 1  0
22.1347 7802033 479.357 8 0 0 1 7718401 7718402 13 0 1 20 1  0
0 7600128 466.952 8 0 0 43250 7721217 7721221 13 0 1 20 1  0
10.0391 7609094 467.503 1 0 0 1 7609094 7609095 13 0 1 20 1  0
28.4062 7721219 474.392 1 0 0 4 7609102 7609104 13 0 1 20 1  0
33.5981 7785485 478.34 2 0 0 3 7609083 7609106 13 0 1 20 1  0
36.1604 7785141 478.319 3 0 0 42 7609083 7609105 13 0 1 20 1  0
71.3196 7861468 483.009 8 15 0.296194 15125 7781013 7786176 13 0 1 20 1  0
11.3396 7802912 479.411 2 10 0.197458 2 7742198 7742201 13 0 1 20 1  0
10.5879 7610724 467.603 2 1 0.0197462 3 7610724 7610725 13 0 1 20 1  0
24.4147 7783150 478.197 6 6 0.118475 128 7609059 7609073 13 0 1 20 1  0
13.3038 7742213 475.682 2 3 0.059238 9 7742212 7742215 13 0 1 20 1  0
11.7674 7785543 478.344 2 6 0.118475 1 7742206 7742210 13 0 1 20 1  0
10.2039 7718754 474.24 4 7 0.13822 1 7718754 7718755 13 0 1 20 1  0
17.1351 7782435 478.153 7 524 11.8736 1102 7782204 7782728 13 0 1 20 1  0
11.0209 7783066 478.192 2 15 0.296194 10 7783065 7783068 13 0 1 20 1  0
15.774 7862206 483.054 4 16 0.315943 2 7783631 7783638 13 0 1 20 1  0
10.3356 7785190 478.322 2 33 0.651829 1 7785089 7785092 13 0 1 20 1  0
10.1536 7783628 478.226 2 36 0.711146 1 7783628 7783629 13 0 1 20 1  0
10.068 7608987 467.496 4 52 1.02784 2 7608987 7608988 13 0 1 20 1  0
10.5712 7782731 478.171 2 245 4.98385 32 7782731 7782732 13 0 1 20 1  0
10.144 7666552 471.033 5 347 7.27865 2 7666552 7666553 13 0 1 20 1  0
13.1901 7861768 483.027 3 350 7.34936 3 7782625 7782668 13 0 1 20 1  0
13.4951 7861697 483.023 3 379 8.04386 1 7782647 7782703 13 0 1 20 1  0
10.0462 7666069 471.003 6 496 11.0812 1 7666069 7666070 13 0 1 20 1  0
10.0065 7665684 470.98 7 603 14.2738 1 7665684 7665685 13 0 1 20 1  0
10.2167 7781696 478.107 4 670 16.5272 1 7781696 7781697 13 0 1 20 1  0
10.5364 7781581 478.1 4 695 17.426 9 7781581 7781582 13 0 1 20 1  0
10.3989 7859685 482.899 3 747 19.4074 9 7859685 7859686 13 0 1 20 1  0
10.1218 7859876 482.911 2 708 17.9068 1 7859876 7859877 13 0 1 20 1  0
10.5236 7859899 482.912 2 732 18.8197 4 7859899 7859900 13 0 1 20 1  0
10.7141 7859776 482.905 2 749 19.4868 7 7859776 7859777 13 0 1 20 1  0
10.0733 7859606 482.894 3 736 18.9751 1 7859606 7859607 13 0 1 20 1  0
10.0615 7781421 478.09 4 741 19.1707 1 7781421 7781422 13 0 1 20 1  0
11.0693 7859482 482.887 2 967 29.8454 9 7859363 7859365 13 0 1 20 1  0
10.2337 7781317 478.084 4 767 20.2125 5 7781317 7781318 13 0 1 20 1  0
12.7791 7861788 483.028 3 805 21.813 2 7859563 7859565 13 0 1 20 1  0
10.1849 7781201 478.077 4 806 21.8564 5 7781201 7781202 13 0 1 20 1  0
10.4114 7781006 478.065 4 850 23.8371 5 7781006 7781007 13 0 1 20 1  0
10.6194 7858985 482.856 2 1024 33.2214 30 7858985 7858986 13 0 1 20 1  0
10.0132 7780781 478.051 4 866 24.5926 1 7780781 7780782 13 0 1 20 1  0
10.0908 7780839 478.055 4 876 25.0749 1 7780839 7780840 13 0 1 20 1  0
10.15 7780703 478.046 4 892 25.8629 2 7780703 7780704 13 0 1 20 1  0
10.004 7780631 478.042 4 913 26.929 1 7780631 7780632 13 0 1 20 1  0
10.3018 7780570 478.038 4 933 27.9789 7 7780570 7780571 13 0 1 20 1  0
10.2386 7858513 482.827 3 949 28.8442 1 7858513 7858514 13 0 1 20 1  0
10.4574 7780364 478.026 3 1000 31.7606 2 7780364 7780365 13 0 1 20 1  0
10.2907 7780315 478.023 3 1008 32.241 1 7780315 7780316 13 0 1 20 1  0
10.3346 7858652 482.836 3 1074 36.4614 2 7858652 7858653 13 0 1 20 1  0
11.8687 7845829 482.048 8 1909 163.718 49 7845662 7847094 13 0 1 20 1  0
0 7600128 466.952 7 1941 173.298 3 7845921 7845957 13 0 1 20 1  0
11.8291 7853118 482.496 11 2145 248.959 24 7852116 7854038 13 0 1 20 1  0
23.8925 7989618 490.882 8 0 0 1 7862272 7862333 13 0 1 20 1  0
96.999 7864162 483.174 9 18 0.355443 31047 7862272 7866079 13 0 1 20 1  0
29.888 7989619 490.882 1 0 0 1 7862272 7862353 13 0 1 20 1  0
42.0589 7862848 483.093 3 0 0 13 7862272 7862430 13 0 1 20 1  0
15.4398 7865437 483.252 2 2 0.0394922 1 7862272 7862313 13 0 1 20 1  0
26.6549 7864774 483.212 3 2 0.0394922 3 7862272 7862411 13 0 1 20 1  0
14.1876 8123282 499.094 5 3 0.059238 1 7862811 7864505 13 0 1 20 1  0
12.8783 8114712 498.568 2 4 0.0789836 1 7862277 7862309 13 0 1 20 1  0
17.2606 7863293 483.121 3 7 0.13822 179 7862272 7862337 13 0 1 20 1  0
16.1114 7863409 483.128 3 11 0.217204 34 7862272 7862287 13 0 1 20 1  0
10.6861 7862803 483.091 2 30 0.592527 1 7862516 7862535 13 0 1 20 1  0
10.6641 7863057 483.106 2 219 4.42771 5 7863057 7863058 13 0 1 20 1  0
10.2392 7863097 483.109 2 235 4.76877 2 7863097 7863098 13 0 1 20 1  0
10.8379 7862909 483.097 2 274 5.61661 43 7862909 7862910 13 0 1 20 1  0
11.0634 7863004 483.103 2 258 5.26578 2 7863004 7863005 13 0 1 20 1  0
11.9872 7862887 483.096 2 532 12.1053 9 7862840 7862841 13 0 1 20 1  0
10.7407 7862768 483.088 2 395 8.436 32 7862768 7862769 13 0 1 20 1  0
11.357 7862689 483.084 2 587 13.7667 22 7862671 7862691 13 0 1 20 1  0
11.729 7862641 483.081 2 597 14.0823 14 7862630 7862656 13 0 1 20 1  0
10.2688 7862550 483.075 2 617 14.727 3 7862550 7862551 13 0 1 20 1  0
10.1768 7862839 483.093 2 534 12.1636 3 7862839 7862840 13 0 1 20 1  0
10.9241 7862280 483.058 12 2950 1038.21 1 7862272 7863038 13 0 1 20 1  0
10.1135 8176692 502.376 8 0 0 1 8176692 8176693 13 0 1 20 1  0
22.8201 8311995 510.689 8 0 0 1 8176698 8176699 13 0 1 20 1  0
0 8124416 499.164 8 0 0 1494 8176728 8176729 13 0 1 20 1  0
35.7995 8311997 510.689 2 0 0 18 8167066 8167069 13 0 1 20 1  0
10.1206 8167068 501.785 3 0 0 1 8167068 8167069 13 0 1 20 1  0
25.0876 8323327 511.385 4 3 0.059238 108 8168897 8169009 13 0 1 20 1  0
18.4058 8310902 510.622 5 1 0.0197462 97 8168895 8169012 13 0 1 20 1  0
15.0865 8352760 513.194 6 3 0.059238 99 8168903 8169013 13 0 1 20 1  0
18.5915 8168949 501.9 7 6 0.118475 536 8168904 8169028 13 0 1 20 1  0
10.6982 8180027 502.581 3 5 0.0987291 7 8180027 8180028 13 0 1 20 1  0
19.3071 8244361 506.534 2 1 0.0197462 1 8223218 8223220 13 0 1 20 1  0
10.0593 8196438 503.589 4 10 0.197458 1 8196438 8196439 13 0 1 20 1  0
13.4464 8243173 506.461 3 19 0.375194 25 8196622 8196636 13 0 1 20 1  0
13.0162 8196627 503.601 4 21 0.414699 2 8168967 8168978 13 0 1 20 1  0
10.0238 8352110 513.154 7 546 12.5167 1 8352110 8352111 13 0 1 20 1  0
51.4411 8434026 518.187 7 2 0.0394922 2434 8433921 8434417 13 0 1 20 1  0
21.9137 8616559 529.401 8 0 0 1 8393132 8393133 13 0 1 20 1  0
0 8386560 515.27 8 0 0 27396 8394423 8394430 13 0 1 20 1  0
10.1553 8392133 515.613 1 0 0 1 8392133 8392134 13 0 1 20 1  0
28.2551 8616560 529.401 1 0 0 2 8393122 8393124 13 0 1 20 1  0
11.4868 8391948 515.601 2 2 0.0394922 4 8391948 8391949 13 0 1 20 1  0
33.0274 8563515 526.142 2 0 0 1 8392132 8392141 13 0 1 20 1  0
39.9043 8562420 526.075 3 0 0 20 8392129 8392142 13 0 1 20 1  0
61.5932 8451004 519.23 7 0 0 7833 8433927 8434426 13 0 1 20 1  0
10.8353 8408187 516.599 2 9 0.177712 2 8408187 8408188 13 0 1 20 1  0
10.9519 8394429 515.754 2 1 0.0197462 6 8394429 8394430 13 0 1 20 1  0
18.0441 8492943 521.806 2 1 0.0197462 1 8395534 8395537 13 0 1 20 1  0
14.9498 8613937 529.24 2 2 0.0394922 7 8394428 8394430 13 0 1 20 1  0
10.1858 8395712 515.833 6 6 0.118475 1 8395712 8395713 13 0 1 20 1  0
10.837 8451150 519.239 2 9 0.177712 1 8433952 8433968 13 0 1 20 1  0
10.1655 8394551 515.761 4 9 0.177712 2 8394551 8394552 13 0 1 20 1  0
11.2777 8613914 529.239 2 13 0.256698 3 8433945 8433985 13 0 1 20 1  0
12.1552 8558913 525.86 9 13 0.256698 1 8450705 8451334 13 0 1 20 1  0
10.4077 8589090 527.714 2 17 0.335692 3 8433937 8433968 13 0 1 20 1  0
12.8636 8558369 525.826 9 322 6.69721 1 8449972 8450630 13 0 1 20 1  0
10.7033 8449816 519.157 2 476 10.532 1 8433024 8433026 13 0 1 20 1  0
10.2952 8449798 519.156 2 485 10.7774 2 8433031 8433040 13 0 1 20 1  0
10.8649 8449741 519.152 2 498 11.1368 4 8432994 8432996 13 0 1 20 1  0
10.7122 8432362 518.084 3 705 17.795 14 8432361 8432363 13 0 1 20 1  0
10.4177 8432264 518.078 3 624 14.957 6 8432264 8432265 13 0 1 20 1  0
12.4453 8432010 518.063 7 866 24.5926 13 8430979 8431226 13 0 1 20 1  0
10.5657 8432126 518.07 3 689 17.2073 7 8432125 8432128 13 0 1 20 1  0
10.2094 8431969 518.06 4 663 16.2814 5 8431969 8431970 13 0 1 20 1  0
13.6609 8431681 518.042 6 748 19.4471 8 8431598 8432556 13 0 1 20 1  0
11.4783 8557728 525.787 10 730 18.7423 2 8448371 8449790 13 0 1 20 1  0
10.0668 8431432 518.027 4 796 21.4252 2 8431432 8431433 13 0 1 20 1  0
12.7759 8431834 518.052 10 806 21.8564 1 8431556 8432197 13 0 1 20 1  0
10.0398 8431210 518.014 4 837 23.2373 1 8431210 8431211 13 0 1 20 1  0
10.5303 8431274 518.017 4 845 23.6049 1 8431274 8431275 13 0 1 20 1  0
10.3312 8431107 518.007 4 858 24.2124 6 8431107 8431108 13 0 1 20 1  0
10.0606 8430953 517.998 4 880 25.27 3 8430953 8430954 13 0 1 20 1  0
10.0123 8430834 517.99 5 920 27.2925 1 8430834 8430835 13 0 1 20 1  0
10.7924 8430727 517.984 5 1059 35.4605 7 8429787 8429853 13 0 1 20 1  0
14.2848 8427956 517.814 7 1259 51.1685 371 8427676 8428159 13 0 1 20 1  0
15.5584 8553054 525.5 12 1643 101.967 79 8421026 8426346 13 0 1 20 1  0
10.5477 8423280 517.526 7 1570 89.5085 3 8423272 8423336 13 0 1 20 1  0
0 8386560 515.27 12 1622 98.2178 11 8551502 8555798 13 0 1 20 1  0
35.119 8822385 542.047 2 0 0 82 8661341 8661344 13 0 1 20 1  0
0 8648704 531.376 8 0 0 7445 8755959 8755960 13 0 1 20 1  0
21.9095 8898040 546.696 7 0 0 61 8745234 8745315 13 0 1 20 1  0
12.9761 8910417 547.456 4 0 0 2 8745245 8745314 13 0 1 20 1  0
22.8637 8885695 545.937 8 2 0.0394922 183 8745230 8745352 13 0 1 20 1  0
12.4752 8730462 536.4 2 3 0.059238 7 8730461 8730463 13 0 1 20 1  0
10.1077 8678792 533.225 4 3 0.059238 1 8678792 8678793 13 0 1 20 1  0
24.6382 8772428 538.978 8 1191 45.2124 10826 8771962 8772935 13 0 1 20 1  0
10.0226 8745237 537.307 5 4 0.0789836 3 8745237 8745238 13 0 1 20 1  0
19.5595 8764500 538.491 8 12 0.236951 105 8745293 8745343 13 0 1 20 1  0
10.4739 8780100 539.449 2 7 0.13822 1 8780100 8780101 13 0 1 20 1  0
15.8434 8855262 544.067 7 28 0.553 264 8745238 8745273 13 0 1 20 1  0
10.0644 8683054 533.487 6 19 0.375194 3 8683054 8683055 13 0 1 20 1  0
11.35 8858170 544.246 5 26 0.513479 3 8773531 8773540 13 0 1 20 1  0
12.6305 8898655 546.733 7 27 0.533239 1 8764393 8764497 13 0 1 20 1  0
10.6226 8900282 546.833 7 35 0.691372 1 8772771 8773400 13 0 1 20 1  0
12.0184 8785597 539.787 3 51 1.00803 6 8772874 8772884 13 0 1 20 1  0
13.0201 8812474 541.438 5 61 1.2063 22 8772714 8772726 13 0 1 20 1  0
10.1629 8773204 539.026 2 63 1.246 1 8773204 8773205 13 0 1 20 1  0
13.1214 8852268 543.883 9 133 2.64815 5 8764245 8764425 13 0 1 20 1  0
10.0465 8811699 541.391 7 130 2.5874 1 8811699 8811700 13 0 1 20 1  0
10.0335 8763429 538.425 6 735 18.9361 5 8763429 8763430 13 0 1 20 1  0
11.3887 8767980 538.705 12 2306 331.293 5 8766802 8768742 13 0 1 20 1  0
10.2587 8880789 545.636 10 2556 516.198 1 8880651 8880914 13 0 1 20 1  0
10.6028 8763782 538.447 12 2630 588.597 3 8762688 8764616 13 0 1 20 1  0
10.4249 8878328 545.484 12 2781 769.349 1 8877572 8878896 13 0 1 20 1  0
14.5751 9178795 563.945 8 0 0 1 9178795 9178796 13 0 1 20 1  0
22.9777 9411058 578.215 8 0 0 2196 9205923 9205924 13 0 1 20 1  0
0 9172992 563.589 8 0 0 5395 9205931 9205932 13 0 1 20 1  0
10.0785 9178795 563.945 1 0 0 1 9178795 9178796 13 0 1 20 1  0
29.4114 9411059 578.215 1 0 0 5 9205291 9205292 13 0 1 20 1  0
36.7219 9409590 578.125 2 0 0 10 9204603 9204609 13 0 1 20 1  0
28.7923 9407652 578.006 4 0 0 173 9204587 9204652 13 0 1 20 1  0
23.9723 9288187 570.666 3 1 0.0197462 7 9204601 9204640 13 0 1 20 1  0
17.2864 9432652 579.542 4 2 0.0394922 1 9204938 9204969 13 0 1 20 1  0
10.0233 9236260 567.476 3 4 0.0789836 1 9236260 9236261 13 0 1 20 1  0
17.6936 9342259 573.988 7 4 0.0789836 2 9204568 9205969 13 0 1 20 1  0
18.8785 9379455 576.274 4 13 0.256698 45 9204554 9204559 13 0 1 20 1  0
20.3166 9362826 575.252 4 8 0.157966 37 9236251 9236256 13 0 1 20 1  0
17.7295 9205906 565.611 6 6 0.118475 287 9204567 9204630 13 0 1 20 1  0
10.3154 9274295 569.813 3 8 0.157966 1 9274295 9274296 13 0 1 20 1  0
10.0249 9286233 570.546 4 20 0.394946 2 9286233 9286234 13 0 1 20 1  0
10.712 9206143 565.625 3 45 0.889211 4 9206143 9206145 13 0 1 20 1  0
13.6333 9400436 577.563 5 30 0.592527 15 9204520 9204550 13 0 1 20 1  0
10.1565 9288130 570.663 2 31 0.612292 1 9288130 9288131 13 0 1 20 1  0
13.9705 9287642 570.633 5 130 2.5874 613 9205024 9205033 13 0 1 20 1  0
11.1751 9245588 568.049 3 46 0.909008 6 9206141 9206144 13 0 1 20 1  0
11.9765 9245512 568.044 7 90 1.78351 56 9204412 9205123 13 0 1 20 1  0
11.8481 9393502 577.137 6 191 3.83918 98 9204281 9204303 13 0 1 20 1  0
62.8204 1259933 77.4103 8 2759 739.91 608 1259665 1260339 13 0 1 20 1 1
