0 217533 173.76
1 217532 173.818
2 217532 173.875
3 217532 173.917
4 217531 173.923
5 217531 173.809
6 217530 173.713
7 217529 173.637
8 217528 173.702
9 217528 173.907
10 217529 173.944
11 217529 173.944
12 217529 174.056
13 217529 174.077
14 217529 174.089
15 217530 174.169
16 217530 174.161
17 217531 174.229
18 217533 174.451
19 217534 174.515
20 217534 174.661
21 217535 174.804
22 217536 175.033
23 217538 175.198
24 217538 175.335
25 217537 175.295
26 217537 175.13
27 217535 175.037
28 217534 175.026
29 217533 174.959
30 217534 174.859
31 217534 174.942
32 217533 174.801
33 217532 174.798
34 217533 174.773
35 217533 174.792
36 217533 174.765
37 217534 174.899
38 217535 174.915
39 217534 174.852
40 217536 174.923
41 217537 174.814
42 217537 174.826
43 217537 174.853
44 217537 174.753
45 217537 174.662
46 217537 174.597
47 217537 174.511
48 217537 174.467
49 217537 174.599
50 217536 174.504
51 217535 174.488
52 217534 174.498
53 217534 174.485
54 217533 174.471
55 217532 174.431
56 217533 174.381
57 217533 174.464
58 217533 174.497
59 217534 174.573
60 217534 174.46
61 217535 174.388
62 217534 174.343
63 217535 174.23
64 217534 174.253
65 217534 174.232
66 217534 174.25
67 217535 174.262
68 217536 174.374
69 217535 174.377
70 217536 174.611
71 217536 174.683
72 217533 174.354
73 217532 174.132
74 217531 173.987
75 217532 173.951
76 217531 173.961
77 217531 173.996
78 217530 174.023
79 217530 173.979
80 217530 174.022
81 217529 173.932
82 217529 173.9
83 217529 173.831
84 217528 173.683
85 217529 173.582
86 217529 173.332
87 217528 173.16
88 217527 173.066
89 217526 172.941
90 217525 172.841
91 217525 172.722
92 217523 172.629
93 217522 172.622
94 217522 172.568
95 217521 172.566
96 217521 172.457
97 217521 172.485
98 217520 172.512
99 217519 172.365
100 217517 172.176
101 217516 172.047
102 217516 171.875
103 217517 172.119
104 217517 172.31
105 217518 172.478
106 217518 172.578
107 217517 172.832
108 217518 173.147
109 217519 173.319
110 217520 173.44
111 217520 173.561
112 217518 173.473
113 217519 173.478
114 217519 173.804
115 217519 173.885
116 217519 173.957
117 217520 174.056
118 217519 174.122
119 217519 174.195
120 217519 174.297
121 217519 174.276
122 217519 174.183
123 217518 174.156
124 217518 174.088
125 217517 174.149
126 217516 174.157
127 217516 174.117
128 217517 174.317
129 217517 174.264
130 217516 174.13
131 217515 174.057
132 217517 174.217
133 217516 174.254
134 217515 174.192
135 217515 173.994
136 217516 174.02
137 217516 174.112
138 217516 174.056
139 217516 173.822
140 217514 173.555
141 217514 173.348
142 217514 173.237
143 217515 173.354
144 217517 173.618
145 217517 173.823
146 217518 173.615
147 217518 173.596
148 217518 173.596
149 217518 173.473
150 217519 173.484
151 217520 173.545
152 217519 173.42
153 217521 173.71
154 217521 174.014
155 217523 174.13
156 217523 174.274
157 217524 174.314
158 217526 174.377
159 217526 174.551
160 217527 174.596
161 217528 174.784
162 217528 174.778
163 217529 174.854
164 217528 174.661
165 217528 174.48
166 217528 174.486
167 217528 174.524
168 217529 174.643
169 217528 174.463
170 217529 174.556
171 217529 174.541
172 217530 174.588
173 217530 174.71
174 217530 174.823
175 217530 174.815
176 217528 174.681
177 217529 174.618
178 217529 174.836
179 217529 174.775
180 217528 174.803
181 217528 174.792
182 217528 174.85
183 217527 174.766
184 217529 175.119
185 217528 174.935
186 217528 174.901
187 217528 175.002
188 217530 175.047
189 217530 175.222
190 217530 175.582
191 217529 175.438
192 217528 175.205
193 217528 174.988
194 217527 174.979
195 217528 174.946
196 217528 174.986
197 217527 175.016
198 217526 174.894
199 217526 174.677
200 217525 174.451
201 217525 174.47
202 217524 174.519
203 217523 174.43
204 217523 174.243
205 217522 174.018
206 217520 173.745
207 217518 173.418
208 217515 173.188
209 217510 172.897
210 217506 172.444
211 217502 172.379
212 217498 172.156
213 217496 172.196
214 217492 172.262
215 217490 172.41
216 217483 172.176
217 217479 172.265
218 217474 171.896
219 217469 171.563
220 217463 171.483
221 217459 171.152
222 217454 170.693
223 217449 170.6
224 217445 170.552
225 217440 170.456
226 217436 170.376
227 217433 170.631
228 217428 171.001
229 217424 171.016
230 217420 171.035
231 217416 171.133
232 217413 171.166
233 217408 171.202
234 217403 170.974
235 217400 170.876
236 217395 170.844
237 217391 170.855
238 217387 170.863
239 217383 170.81
240 217381 170.807
241 217381 170.81
242 217379 170.833
243 217378 170.907
244 217378 170.993
245 217376 170.849
246 217375 170.655
247 217373 170.494
248 217374 170.334
249 217373 170.211
250 217372 170.274
251 217371 170.279
252 217371 170.164
253 217370 170.064
254 217369 170.016
255 217369 169.99
256 217370 169.932
257 217371 169.937
258 217372 170.057
259 217373 169.94
260 217376 169.552
261 217378 169.544
262 217380 169.561
263 217382 169.744
264 217382 169.712
265 217384 169.56
266 217386 169.51
267 217387 169.495
268 217389 169.522
269 217390 169.654
270 217391 169.65
271 217393 169.708
272 217395 169.836
273 217395 169.796
274 217396 169.777
275 217397 169.67
276 217398 169.698
277 217398 169.723
278 217399 169.672
279 217400 169.692
280 217401 169.752
281 217403 169.727
282 217405 169.823
283 217407 169.899
284 217408 169.885
285 217413 170.413
286 217416 170.758
287 217418 170.949
288 217421 171.173
289 217422 171.619
290 217423 171.741
291 217423 171.713
292 217423 171.848
293 217425 172.194
294 217426 172.414
295 217427 172.36
296 217429 172.502
297 217431 172.847
298 217433 173.241
299 217435 173.513
300 217435 173.725
301 217437 173.794
302 217440 174.096
303 217441 174.278
304 217443 174.551
305 217445 174.773
306 217447 174.982
307 217449 175.158
308 217450 175.318
309 217452 175.543
310 217454 175.756
311 217455 175.858
312 217456 176.039
313 217456 176.031
314 217457 176.025
315 217458 176.304
316 217458 176.415
317 217456 175.964
318 217456 175.729
319 217455 175.606
320 217455 175.436
321 217456 175.164
322 217457 174.95
323 217458 174.894
324 217459 174.901
325 217457 174.747
326 217456 174.495
327 217456 174.365
328 217457 174.469
329 217457 174.529
330 217456 174.382
331 217457 174.571
332 217456 174.585
333 217456 174.425
334 217455 174.214
335 217454 174.215
336 217453 174.165
337 217452 174.276
338 217451 174.389
339 217451 174.365
340 217450 174.36
341 217450 174.274
342 217451 174.296
343 217450 174.397
344 217449 174.405
345 217449 174.417
346 217450 174.59
347 217449 174.472
348 217449 174.567
349 217448 174.745
350 217448 174.864
351 217447 174.933
352 217446 175.003
353 217445 175.097
354 217444 175.279
355 217443 175.451
356 217443 175.871
357 217442 175.873
358 217444 176.114
359 217443 176.204
360 217441 176.299
361 217439 176.247
362 217439 176.113
363 217438 175.885
364 217441 175.889
365 217444 176.288
366 217447 176.527
367 217450 176.585
368 217454 176.643
369 217457 176.513
370 217460 176.45
371 217463 176.54
372 217466 176.485
373 217467 176.523
374 217469 176.422
375 217473 176.277
376 217475 176.121
377 217480 176.359
378 217483 176.362
379 217488 176.64
380 217492 176.994
381 217496 177.967
382 217501 178.481
383 217506 178.796
384 217509 179.404
385 217513 179.526
386 217517 179.631
387 217519 179.66
388 217523 179.407
389 217526 179.514
390 217529 179.622
391 217533 179.8
392 217536 179.719
393 217540 179.614
394 217544 179.808
395 217547 179.912
396 217546 179.792
397 217547 179.636
398 217547 179.553
399 217548 179.493
400 217547 179.308
401 217547 179.332
402 217548 179.44
403 217549 179.487
404 217550 179.59
405 217550 179.702
406 217551 179.797
407 217550 179.822
408 217552 179.989
409 217551 179.895
410 217551 180.183
411 217552 180.213
412 217551 179.942
413 217551 178.947
414 217549 178.484
415 217547 178.357
416 217548 177.86
417 217548 177.736
418 217547 177.796
419 217548 177.698
420 217546 177.629
421 217546 177.62
422 217545 177.497
423 217547 177.454
424 217546 177.459
425 217547 177.566
426 217547 177.622
427 217548 177.596
428 217548 177.788
429 217548 177.85
430 217548 177.935
431 217548 178.047
432 217549 178.323
433 217547 178.301
434 217547 178.185
435 217546 178.13
436 217546 178.167
437 217546 178.108
438 217546 178.124
439 217546 178.048
440 217545 177.91
441 217544 177.688
442 217543 177.283
443 217541 176.919
444 217541 176.73
445 217540 176.625
446 217540 176.441
447 217540 176.204
448 217539 176.09
449 217539 175.947
450 217539 175.732
451 217538 175.675
452 217538 175.48
453 217537 175.337
454 217538 175.255
455 217536 175.053
456 217535 174.887
457 217534 174.634
458 217533 174.421
459 217530 174.264
460 217530 173.973
461 217528 173.725
462 217528 173.484
463 217527 173.341
464 217527 173.105
465 217529 173.117
466 217528 173.004
467 217528 172.926
468 217528 172.726
469 217527 172.605
470 217526 172.565
471 217527 172.622
472 217527 172.629
473 217527 172.734
474 217527 172.714
475 217526 172.74
476 217526 172.772
477 217526 172.772
478 217525 172.711
479 217525 172.775
480 217525 172.755
481 217525 172.766
482 217524 172.723
483 217523 172.696
484 217523 172.696
485 217522 172.638
486 217521 172.537
487 217520 172.493
488 217519 172.461
489 217519 172.488
490 217519 172.411
491 217519 172.397
492 217519 172.457
493 217520 172.466
494 217520 172.534
495 217519 172.495
496 217519 172.378
497 217518 172.338
498 217518 172.352
499 217518 172.362
500 217518 172.429
501 217518 172.48
502 217518 172.427
503 217518 172.452
504 217517 172.458
505 217517 172.39
506 217517 172.372
507 217517 172.255
508 217516 172.188
509 217517 172.098
510 217516 172.157
511 217516 172.046
