11.3689 4780 0.293683 8 0 0 1 4780 4781 13 0 1 20 1  0
16.7587 197604 12.1408 8 0 0 1 8989 8990 13 0 1 20 1  0
0 2048 0.125829 8 0 0 377 9521 9522 13 0 1 20 1  0
10.42 4781 0.293745 1 0 0 1 4781 4782 13 0 1 20 1  0
18.1074 197605 12.1409 1 0 0 1 8990 8991 13 0 1 20 1  0
13.5279 180731 11.1041 2 0 0 1 9520 9522 13 0 1 20 1  0
14.4415 258771 15.8989 3 0 0 6 142388 142392 13 0 1 20 1  0
12.0951 215443 13.2368 5 0 0 2 215434 215453 13 0 1 20 1  0
14.2412 259882 15.9671 12 101 2.00355 3 255640 260098 13 0 1 20 1  0
10.3577 214294 13.1662 12 431 9.34358 2 214266 214618 13 0 1 20 1  0
10.0155 207418 12.7438 12 1446 71.6888 1 207414 207422 13 0 1 20 1  0
14.9222 260655 16.0146 8 0 0 734 260655 260656 13 0 1 20 1  0
16.9013 476918 29.3018 8 0 0 1 260979 260980 13 0 1 20 1  0
16.8579 462040 28.3877 1 0 0 1 260655 260657 13 0 1 20 1  0
15.3883 344439 21.1623 3 0 0 2 264588 264595 13 0 1 20 1  0
14.5867 343461 21.1022 5 1 0.0197462 20 265545 265559 13 0 1 20 1  0
10.9264 343133 21.0821 3 1 0.0197462 1 343133 343134 13 0 1 20 1  0
11.2776 465838 28.6211 12 117 2.32495 1 465442 476868 13 0 1 20 1  0
11.2915 521092 32.0159 12 295 6.08393 1 520714 522242 13 0 1 20 1  0
11.7825 522810 32.1214 8 0 0 415 522810 522811 13 0 1 20 1  0
18.4433 698004 42.8854 8 0 0 1 523456 523457 13 0 1 20 1  0
10.6099 522811 32.1215 1 0 0 1 522811 522812 13 0 1 20 1  0
20.7707 759938 46.6906 1 0 0 2 523457 523458 13 0 1 20 1  0
10.2471 525569 32.291 2 0 0 1 525569 525570 13 0 1 20 1  0
20.2228 656367 40.3272 2 0 0 4 554230 554238 13 0 1 20 1  0
12.4375 600777 36.9117 4 0 0 9 554225 554237 13 0 1 20 1  0
11.993 752018 46.204 4 2 0.0394922 4 554224 554227 13 0 1 20 1  0
10.1933 554223 34.0515 4 3 0.059238 1 554223 554224 13 0 1 20 1  0
11.1852 522292 32.0896 12 165 3.30108 1 522240 523310 13 0 1 20 1  0
13.0313 785896 48.2854 8 0 0 1 785896 785897 13 0 1 20 1  0
17.2576 804485 49.4276 8 0 0 1 787844 787846 13 0 1 20 1  0
0 784384 48.1926 8 0 0 420 791557 791558 13 0 1 20 1  0
13.2267 785897 48.2855 1 0 0 1 785897 785898 13 0 1 20 1  0
17.252 804486 49.4276 1 0 0 1 786228 786229 13 0 1 20 1  0
17.8791 821826 50.493 2 0 0 2 793673 793676 13 0 1 20 1  0
15.0569 836357 51.3858 5 2 0.0394922 18 793690 793714 13 0 1 20 1  0
12.9792 793695 48.7646 6 3 0.059238 7 793678 793715 13 0 1 20 1  0
10.0596 1031960 63.4036 12 2302 328.951 1 1031958 1032048 13 0 1 20 1  0
11.5247 1046920 64.3228 11 117 2.32495 29 1046541 1046975 13 0 1 20 1  0
18.5502 1115297 68.5238 8 0 0 1 1047373 1047374 13 0 1 20 1  0
10.2151 1046682 64.3081 1 0 0 1 1046682 1046683 13 0 1 20 1  0
17.333 1260814 77.4644 1 0 0 1 1047327 1047328 13 0 1 20 1  0
0 1046528 64.2987 1 0 0 42 1047374 1047375 13 0 1 20 1  0
15.401 1087460 66.8135 3 0 0 8 1087450 1087464 13 0 1 20 1  0
11.8104 1308341 80.3845 11 105 2.08375 1 1306400 1308673 13 0 1 20 1  0
10.1745 1057594 64.9786 12 1338 59.0298 1 1057224 1057618 13 0 1 20 1  0
10.6336 1046566 64.301 12 2503 469.883 1 1046528 1046670 13 0 1 20 1  0
0 1046528 64.2987 10 2704 671.145 595 1307286 1308367 13 0 1 20 1  0
14.0426 1302789 80.0434 5 2741 716.663 1 1300146 1300548 13 0 1 20 1  0
10.4194 1298004 79.7494 3 2773 758.511 2 1298004 1298005 13 0 1 20 1  0
11.0612 1312718 80.6534 8 0 0 1 1312718 1312719 13 0 1 20 1  0
15.3655 1481326 91.0127 8 0 0 1 1481326 1481328 13 0 1 20 1  0
0 1308672 80.4048 8 0 0 4 1513116 1513117 13 0 1 20 1  0
11.1625 1312718 80.6534 1 0 0 1 1312718 1312719 13 0 1 20 1  0
19.4928 1481328 91.0128 2 0 0 4 1481326 1481330 13 0 1 20 1  0
0 1308672 80.4048 1 0 0 17 1345777 1345778 13 0 1 20 1  0
10.1107 1336905 82.1394 11 1096 37.9762 1 1336668 1336910 13 0 1 20 1  0
10.1394 1373432 84.3837 12 1590 92.7642 1 1373410 1373522 13 0 1 20 1  0
10.1226 1308782 80.4116 12 2124 239.85 1 1308676 1308804 13 0 1 20 1  0
21.336 1308692 80.406 12 2694 659.347 133 1308672 1310626 13 0 1 20 1  0
16.4531 1598926 98.238 8 0 0 1 1598925 1598929 13 0 1 20 1  0
0 1570816 96.5109 8 0 0 26 1599678 1599679 13 0 1 20 1  0
10.3053 1573037 96.6474 1 0 0 1 1573037 1573038 13 0 1 20 1  0
24.4322 1598927 98.2381 2 0 0 6 1598925 1598930 13 0 1 20 1  0
0 1570816 96.5109 1 0 0 74 1586120 1586121 13 0 1 20 1  0
11.6387 1753080 107.709 2 1 0.0197462 4 1753080 1753081 13 0 1 20 1  0
12.1963 1595752 98.043 10 668 16.4567 15 1595559 1596042 13 0 1 20 1  0
10.0517 1827323 112.271 9 635 15.323 1 1827318 1827327 13 0 1 20 1  0
10.0454 1800566 110.627 12 1617 97.3453 1 1800510 1800584 13 0 1 20 1  0
14.7387 1902089 116.864 8 0 0 1 1837811 1837815 13 0 1 20 1  0
0 1832960 112.617 8 0 0 35 1861653 1861654 13 0 1 20 1  0
22.4835 1837813 112.915 2 0 0 2 1837811 1837816 13 0 1 20 1  0
0 1832960 112.617 1 0 0 75 1857302 1857303 13 0 1 20 1  0
20.2191 1902089 116.864 3 0 0 8 1837810 1837817 13 0 1 20 1  0
14.2072 1870404 114.918 12 1655 104.173 26 1867940 1872432 13 0 1 20 1  0
10.7514 1866086 114.652 12 2172 261.181 1 1864038 1866826 13 0 1 20 1  0
10.0737 1833034 112.622 12 2613 571.115 1 1833014 1833280 13 0 1 20 1  0
11.243 2096807 128.828 8 0 0 1 2096807 2096808 13 0 1 20 1  0
16.2018 2308029 141.805 8 0 0 1 2097422 2097423 13 0 1 20 1  0
0 2095104 128.723 8 0 0 327 2099040 2099041 13 0 1 20 1  0
11.354 2096808 128.828 1 0 0 1 2096808 2096809 13 0 1 20 1  0
20.8618 2308030 141.805 2 0 0 3 2163785 2163788 13 0 1 20 1  0
10.0094 2134725 131.158 2 0 0 1 2134725 2134726 13 0 1 20 1  0
13.1328 2242954 137.807 3 0 0 1 2184829 2184839 13 0 1 20 1  0
14.5701 2236494 137.41 5 2 0.0394922 23 2184835 2184838 13 0 1 20 1  0
10.0598 2237706 137.485 12 251 5.11363 1 2237700 2237710 13 0 1 20 1  0
12.8546 2236938 137.437 12 530 12.0472 1 2235284 2237702 13 0 1 20 1  0
10.401 2235942 137.376 12 771 20.3765 3 2235882 2235980 13 0 1 20 1  0
10.2688 2233716 137.24 12 1087 37.3496 1 2233664 2233910 13 0 1 20 1  0
13.7936 2372423 145.762 8 0 0 1 2372423 2372424 13 0 1 20 1  0
15.2224 2385221 146.548 8 0 0 1 2373054 2373055 13 0 1 20 1  0
0 2357248 144.829 8 0 0 76 2373380 2373381 13 0 1 20 1  0
12.1113 2362553 145.155 1 0 0 1 2362553 2362554 13 0 1 20 1  0
17.9044 2497013 153.416 1 0 0 1 2368732 2368733 13 0 1 20 1  0
0 2357248 144.829 1 0 0 71 2369692 2369693 13 0 1 20 1  0
21.1563 2612316 160.501 3 0 0 61 2373754 2373758 13 0 1 20 1  0
10.6465 2373751 145.843 5 1 0.0197462 2 2373751 2373757 13 0 1 20 1  0
10.0877 2492928 153.165 4 2 0.0394922 1 2492928 2492929 13 0 1 20 1  0
11.3637 2621234 161.049 8 0 0 1 2621234 2621235 13 0 1 20 1  0
14.0965 2677575 164.51 8 0 0 1 2625112 2625113 13 0 1 20 1  0
0 2619392 160.935 8 0 0 106 2627713 2627714 13 0 1 20 1  0
10.4323 2621235 161.049 1 0 0 1 2621235 2621236 13 0 1 20 1  0
19.1797 2861008 175.78 2 0 0 4 2637269 2637271 13 0 1 20 1  0
0 2619392 160.935 1 0 0 102 2628664 2628665 13 0 1 20 1  0
11.2921 2869713 176.315 4 3 0.059238 8 2869711 2869716 13 0 1 20 1  0
10.8558 2637261 162.033 6 2 0.0394922 3 2637254 2637270 13 0 1 20 1  0
12.5125 2890161 177.571 8 0 0 1 2890161 2890162 13 0 1 20 1  0
16.8175 3048843 187.321 8 0 0 1 2890502 2890503 13 0 1 20 1  0
0 2881536 177.042 8 0 0 90 2894517 2894518 13 0 1 20 1  0
12.3449 2886128 177.324 1 0 0 1 2886128 2886129 13 0 1 20 1  0
18.0229 3048844 187.321 1 0 0 1 2889522 2889523 13 0 1 20 1  0
0 2881536 177.042 1 0 0 144 2889835 2889836 13 0 1 20 1  0
15.1833 3135508 192.646 2 0 0 1 2905870 2905873 13 0 1 20 1  0
11.1302 3086263 189.62 5 4 0.0789836 5 3086261 3086270 13 0 1 20 1  0
12.356 2995644 184.052 12 2064 215.614 3 2881536 2881946 13 0 1 20 1  0
0 2881536 177.042 12 2064 215.614 1 2993842 2997366 13 0 1 20 1  0
11.3242 3162243 194.288 8 0 0 1 3162243 3162244 13 0 1 20 1  0
14.5471 3386069 208.04 8 0 0 1 3165159 3165160 13 0 1 20 1  0
0 3143680 193.148 8 0 0 48 3165795 3165796 13 0 1 20 1  0
10.5666 3145464 193.257 1 0 0 1 3145464 3145465 13 0 1 20 1  0
17.0663 3243636 199.289 1 0 0 3 3146588 3146589 13 0 1 20 1  0
0 3143680 193.148 1 0 0 100 3147875 3147876 13 0 1 20 1  0
12.4027 3220572 197.872 12 939 28.3007 14 3219034 3221300 13 0 1 20 1  0
15.1859 3496468 214.823 8 0 0 1 3408516 3408518 13 0 1 20 1  0
0 3405824 209.254 8 0 0 78 3409798 3409799 13 0 1 20 1  0
14.5396 3408517 209.419 1 0 0 1 3408517 3408518 13 0 1 20 1  0
16.1307 3496469 214.823 1 0 0 1 3422926 3422928 13 0 1 20 1  0
0 3405824 209.254 1 0 0 119 3424214 3424217 13 0 1 20 1  0
14.1067 3665012 225.178 2 0 0 1 3408517 3408519 13 0 1 20 1  0
11.343 3671295 225.564 8 0 0 1 3671295 3671296 13 0 1 20 1  0
17.2358 3680772 226.147 8 0 0 1 3673666 3673667 13 0 1 20 1  0
0 3667968 225.36 8 0 0 64 3676417 3676418 13 0 1 20 1  0
11.9628 3671296 225.564 1 0 0 1 3671296 3671297 13 0 1 20 1  0
15.093 3723063 228.745 1 0 0 1 3676417 3676418 13 0 1 20 1  0
0 3667968 225.36 1 0 0 69 3678028 3678029 13 0 1 20 1  0
10.9026 3685497 226.437 2 0 0 1 3685496 3685498 13 0 1 20 1  0
10.3443 3753762 230.631 3 0 0 1 3753760 3753763 13 0 1 20 1  0
12.0507 3958848 243.232 8 0 0 1 3958848 3958849 13 0 1 20 1  0
12.7881 4106221 252.286 8 0 0 1 3980485 3980486 13 0 1 20 1  0
0 3930112 241.466 8 0 0 31 3990807 3990808 13 0 1 20 1  0
11.6472 3936260 241.844 1 0 0 1 3936260 3936261 13 0 1 20 1  0
13.702 4065547 249.787 1 0 0 1 3960153 3960154 13 0 1 20 1  0
0 3930112 241.466 1 0 0 38 3961442 3961443 13 0 1 20 1  0
10.0984 4048931 248.766 2 0 0 1 4048931 4048932 13 0 1 20 1  0
10.7594 4197092 257.869 8 0 0 1 4197092 4197093 13 0 1 20 1  0
13.4333 4230993 259.952 8 0 0 1 4198270 4198272 13 0 1 20 1  0
0 4192256 257.572 8 0 0 53 4198377 4198378 13 0 1 20 1  0
10.1798 4197093 257.869 1 0 0 1 4197093 4197094 13 0 1 20 1  0
14.1749 4198271 257.942 1 0 0 2 4198271 4198273 13 0 1 20 1  0
0 4192256 257.572 1 0 0 72 4199355 4199356 13 0 1 20 1  0
11.3646 4379936 269.103 12 224 4.5339 1 4379278 4380242 13 0 1 20 1  0
10.5653 4363333 268.083 11 1064 35.7913 3 4362859 4363684 13 0 1 20 1  0
11.214 4457305 273.857 8 0 0 1 4457305 4457306 13 0 1 20 1  0
12.7794 4517181 277.536 8 0 0 1 4462307 4462308 13 0 1 20 1  0
0 4454400 273.678 8 0 0 27 4468821 4468822 13 0 1 20 1  0
10.0909 4457001 273.838 1 0 0 1 4457001 4457002 13 0 1 20 1  0
13.1086 4619898 283.847 1 0 0 1 4457306 4457307 13 0 1 20 1  0
0 4454400 273.678 1 0 0 46 4462635 4462636 13 0 1 20 1  0
10.385 4722827 290.17 8 0 0 1 4722827 4722828 13 0 1 20 1  0
12.6568 4735405 290.943 8 0 0 1 4735405 4735406 13 0 1 20 1  0
0 4716544 289.784 8 0 0 9 4743202 4743205 13 0 1 20 1  0
10.5952 4727006 290.427 1 0 0 1 4727006 4727007 13 0 1 20 1  0
17.882 4743204 291.422 2 0 0 4 4743202 4743206 13 0 1 20 1  0
0 4716544 289.784 1 0 0 13 4731699 4731700 13 0 1 20 1  0
10.6704 4984900 306.272 8 0 0 1 4984900 4984901 13 0 1 20 1  0
12.9098 5194029 319.121 8 0 0 1 5005882 5005883 13 0 1 20 1  0
0 4978688 305.891 8 0 0 12 5014274 5014275 13 0 1 20 1  0
10.3694 4984901 306.272 1 0 0 1 4984901 4984902 13 0 1 20 1  0
11.9804 5172473 317.797 1 0 0 1 5010023 5010024 13 0 1 20 1  0
0 4978688 305.891 1 0 0 7 5014306 5014307 13 0 1 20 1  0
11.5953 5237606 321.798 12 589 13.8295 1 5235134 5237780 13 0 1 20 1  0
10.2017 5272846 323.964 8 0 0 1 5272846 5272847 13 0 1 20 1  0
15.0403 5471259 336.154 8 0 0 1 5335783 5335784 13 0 1 20 1  0
0 5240832 321.997 8 0 0 16 5345156 5345157 13 0 1 20 1  0
10.0443 5267354 323.626 1 0 0 1 5267354 5267355 13 0 1 20 1  0
18.2663 5471260 336.154 2 0 0 3 5368407 5368410 13 0 1 20 1  0
0 5240832 321.997 1 0 0 21 5335784 5335785 13 0 1 20 1  0
10.6536 5396515 331.562 4 2 0.0394922 4 5396515 5396519 13 0 1 20 1  0
11.719 5509286 338.491 8 0 0 1 5509286 5509287 13 0 1 20 1  0
15.8146 5532523 339.918 8 0 0 1 5513160 5513161 13 0 1 20 1  0
0 5502976 338.103 8 0 0 58 5513638 5513639 13 0 1 20 1  0
16.2389 5533502 339.978 1 0 0 1 5509286 5509288 13 0 1 20 1  0
0 5502976 338.103 1 0 0 89 5509628 5509629 13 0 1 20 1  0
13.8555 5745297 352.991 2 0 0 1 5533501 5533504 13 0 1 20 1  0
10.5646 5766502 354.294 8 0 0 1 5766502 5766503 13 0 1 20 1  0
14.967 5835127 358.51 8 0 0 1 5768438 5768439 13 0 1 20 1  0
0 5765120 354.209 8 0 0 37 5771052 5771053 13 0 1 20 1  0
12.1304 5771053 354.573 1 0 0 1 5771053 5771054 13 0 1 20 1  0
16.0141 5834753 358.487 2 0 0 3 5834751 5834755 13 0 1 20 1  0
0 5765120 354.209 1 0 0 44 5775239 5775240 13 0 1 20 1  0
10.405 5977578 367.262 12 172 3.44522 1 5975816 5977780 13 0 1 20 1  0
12.1353 5939956 364.951 12 211 4.25852 2 5937414 5953616 13 0 1 20 1  0
14.6812 6031639 370.584 8 0 0 1 6031639 6031641 13 0 1 20 1  0
0 6027264 370.315 8 0 0 24 6059480 6059481 13 0 1 20 1  0
19.4346 6068744 372.864 1 0 0 1 6031639 6031642 13 0 1 20 1  0
0 6027264 370.315 1 0 0 39 6036587 6036588 13 0 1 20 1  0
19.2255 6068319 372.837 2 0 0 2 6031639 6031642 13 0 1 20 1  0
12.8807 6148783 377.781 3 0 0 12 6068317 6068322 13 0 1 20 1  0
11.3875 6238316 383.282 12 1545 85.5967 2 6237656 6240000 13 0 1 20 1  0
10.37 6299550 387.044 8 0 0 1 6299550 6299551 13 0 1 20 1  0
16.6566 6371720 391.478 8 0 0 1 6300202 6300203 13 0 1 20 1  0
0 6289408 386.421 8 0 0 11 6341213 6341214 13 0 1 20 1  0
10.1436 6294064 386.707 1 0 0 1 6294064 6294065 13 0 1 20 1  0
22.2178 6371722 391.479 2 0 0 6 6371720 6371725 13 0 1 20 1  0
0 6289408 386.421 1 0 0 17 6371720 6371725 13 0 1 20 1  0
10.4742 6542645 401.98 2 1 0.0197462 1 6542645 6542646 13 0 1 20 1  0
10.7246 6361383 390.843 11 55 1.0873 1 6360396 6363973 13 0 1 20 1  0
10.718 6303928 387.313 12 2418 404.117 1 6302834 6304968 13 0 1 20 1  0
10.1355 6551542 402.527 12 2694 659.347 1 6551512 6551554 13 0 1 20 1  0
19.4638 6809239 418.36 8 0 0 1 6581779 6581781 13 0 1 20 1  0
0 6551552 402.527 8 0 0 9 6582098 6582104 13 0 1 20 1  0
21.9895 6809240 418.36 1 0 0 1 6581779 6581782 13 0 1 20 1  0
0 6551552 402.527 1 0 0 18 6582098 6582105 13 0 1 20 1  0
22.0765 6616947 406.545 2 0 0 2 6581778 6581782 13 0 1 20 1  0
19.8312 6582101 404.404 3 0 0 7 6581777 6581783 13 0 1 20 1  0
11.3884 6720170 412.887 12 2129 241.988 1 6718564 6720512 13 0 1 20 1  0
15.2396 7066120 434.142 8 0 0 1 6921434 6921436 13 0 1 20 1  0
0 6813696 418.633 8 0 0 42 6922430 6922431 13 0 1 20 1  0
10.1658 6884381 422.976 1 0 0 1 6884381 6884382 13 0 1 20 1  0
18.8511 6921435 425.253 1 0 0 2 6921435 6921437 13 0 1 20 1  0
0 6813696 418.633 1 0 0 71 6923318 6923319 13 0 1 20 1  0
10.7592 7044178 432.794 3 0 0 2 7044176 7044181 13 0 1 20 1  0
12.8628 7077845 434.863 8 0 0 1 7077845 7077846 13 0 1 20 1  0
18.8659 7244483 445.101 8 0 0 1 7078812 7078813 13 0 1 20 1  0
10.1185 7075914 434.744 2 0 0 133 7075914 7075915 13 0 1 20 1  0
12.2133 7075913 434.744 1 0 0 1 7075913 7075914 13 0 1 20 1  0
27.0867 7244483 445.101 2 0 0 7 7114042 7114045 13 0 1 20 1  0
12.6394 7161967 440.031 4 0 0 3 7094841 7094851 13 0 1 20 1  0
10.0365 7095487 435.947 5 0 0 1 7095487 7095488 13 0 1 20 1  0
10.0325 7094845 435.907 4 1 0.0197462 1 7094845 7094846 13 0 1 20 1  0
11.271 7232647 444.374 4 1 0.0197462 1 7095488 7095489 13 0 1 20 1  0
10.0079 7339904 450.964 8 0 0 1 7339904 7339905 13 0 1 20 1  0
17.3911 7491932 460.304 8 0 0 1 7352815 7352816 13 0 1 20 1  0
0 7337984 450.846 8 0 0 58 7357165 7357166 13 0 1 20 1  0
19.6022 7468046 458.837 1 0 0 1 7352815 7352817 13 0 1 20 1  0
0 7337984 450.846 1 0 0 124 7357165 7357166 13 0 1 20 1  0
18.905 7521996 462.151 3 0 0 27 7366901 7366904 13 0 1 20 1  0
11.9959 7483556 459.79 12 1404 66.48 1 7482206 7484526 13 0 1 20 1  0
13.1653 7611758 467.666 8 0 0 1 7611758 7611759 13 0 1 20 1  0
10.1305 7606890 467.367 1 0 0 1 7606890 7606891 13 0 1 20 1  0
11.9517 7758937 476.709 1 0 0 1 7684682 7684683 13 0 1 20 1  0
0 7600128 466.952 1 0 0 6 7754096 7754097 13 0 1 20 1  0
10.0585 7803832 479.467 2 0 0 1 7803832 7803833 13 0 1 20 1  0
10.2227 7811082 479.913 2 0 0 1 7811082 7811083 13 0 1 20 1  0
10.7932 7768834 477.317 12 3239 1733.25 1 7767428 7769262 13 0 1 20 1  0
11.3994 7948355 488.347 8 0 0 1 7948355 7948356 13 0 1 20 1  0
12.0185 8019622 492.726 8 0 0 1 8019622 8019623 13 0 1 20 1  0
0 7862272 483.058 8 0 0 1 8096038 8096039 13 0 1 20 1  0
11.0555 7910711 486.034 1 0 0 1 7910711 7910712 13 0 1 20 1  0
12.6583 8019622 492.726 1 0 0 1 7919422 7919423 13 0 1 20 1  0
0 7862272 483.058 1 0 0 7 7959299 7959300 13 0 1 20 1  0
10.0935 7974976 489.983 2 0 0 1 7974976 7974977 13 0 1 20 1  0
10.4173 8018868 492.679 12 130 2.5874 1 8017274 8020610 13 0 1 20 1  0
10.7161 8082496 496.589 12 795 21.3825 1 8082154 8082840 13 0 1 20 1  0
10.5624 8253631 507.103 8 0 0 1 8253631 8253632 13 0 1 20 1  0
12.2981 8260746 507.54 8 0 0 1 8254268 8254269 13 0 1 20 1  0
0 8124416 499.164 8 0 0 82 8254917 8254918 13 0 1 20 1  0
10.1308 8128660 499.425 1 0 0 1 8128660 8128661 13 0 1 20 1  0
13.3642 8379240 514.82 1 0 0 1 8135757 8135758 13 0 1 20 1  0
10.1186 8249751 506.865 2 0 0 1 8249751 8249752 13 0 1 20 1  0
12.4944 8346309 512.797 2 0 0 2 8252015 8252016 13 0 1 20 1  0
12.0166 8339298 512.366 8 0 0 10 8339165 8339986 13 0 1 20 1  0
14.0476 8341489 512.501 6 0 0 5 8339215 8339270 13 0 1 20 1  0
12.1145 8346178 512.789 9 3 0.059238 8 8346114 8346285 13 0 1 20 1  0
10.7318 8347506 512.871 12 734 18.8973 1 8340366 8347592 13 0 1 20 1  0
10.9781 8338884 512.341 12 1670 106.997 2 8338402 8339898 13 0 1 20 1  0
10.6511 8397640 515.951 8 0 0 1 8397640 8397641 13 0 1 20 1  0
13.0802 8580102 527.161 8 0 0 1 8398594 8398595 13 0 1 20 1  0
0 8386560 515.27 8 0 0 3 8425096 8425097 13 0 1 20 1  0
10.5385 8390217 515.495 1 0 0 1 8390217 8390218 13 0 1 20 1  0
13.4478 8397641 515.951 1 0 0 1 8392152 8392153 13 0 1 20 1  0
0 8386560 515.27 1 0 0 13 8397641 8397642 13 0 1 20 1  0
10.5017 8425097 517.638 2 0 0 1 8425097 8425098 13 0 1 20 1  0
10.0742 8471599 520.495 2 0 0 1 8471599 8471600 13 0 1 20 1  0
11.1195 8646096 531.216 12 179 3.58989 2 8645998 8648168 13 0 1 20 1  0
10.3109 8432002 518.062 10 1485 76.8811 1 8431780 8432132 13 0 1 20 1  0
22.5795 8777051 539.262 2 0 0 27 8777037 8777055 13 0 1 20 1  0
0 8648704 531.376 8 0 0 3 8777209 8777211 13 0 1 20 1  0
10.5332 8776717 539.241 1 0 0 1 8776717 8776718 13 0 1 20 1  0
0 8648704 531.376 1 0 0 65 8777049 8777054 13 0 1 20 1  0
14.4974 8831139 542.585 3 1 0.0197462 10 8777047 8777053 13 0 1 20 1  0
10.0129 8821947 542.02 2 2 0.0394922 1 8821947 8821948 13 0 1 20 1  0
14.1514 8832437 542.665 3 4 0.0789836 5 8777037 8777042 13 0 1 20 1  0
22.086 9057219 556.476 8 0 0 1 9030724 9030728 13 0 1 20 1  0
0 8910848 547.482 8 0 0 4 9056907 9056912 13 0 1 20 1  0
35.4019 9057218 556.475 2 0 0 2 9030724 9030729 13 0 1 20 1  0
0 8910848 547.482 1 0 0 22 9056907 9056913 13 0 1 20 1  0
27.9154 9056909 556.456 3 0 0 20 9030722 9030730 13 0 1 20 1  0
15.4704 9030724 554.848 2 1 0.0197462 1 9030723 9030726 13 0 1 20 1  0
10.1032 8910870 547.484 12 2252 301.023 1 8910848 8910894 13 0 1 20 1  0
20.7013 9385212 576.627 8 0 0 1 9199276 9199278 13 0 1 20 1  0
0 9172992 563.589 8 0 0 22 9199484 9199485 13 0 1 20 1  0
25.8752 9433347 579.585 1 0 0 1 9199276 9199278 13 0 1 20 1  0
0 9172992 563.589 1 0 0 47 9199484 9199485 13 0 1 20 1  0
26.9631 9433690 579.606 2 0 0 6 9199276 9199279 13 0 1 20 1  0
10.3061 9249660 568.299 3 0 0 1 9249660 9249661 13 0 1 20 1  0
11.3431 9375450 576.028 12 114 2.26455 1 9358918 9359376 13 0 1 20 1  0
0 9172992 563.589 12 114 2.26455 1 9374618 9376804 13 0 1 20 1  0
10.0252 9359166 575.027 12 206 4.15321 1 9359162 9359172 13 0 1 20 1  0
11.3835 9464689 581.51 8 0 0 1 9464689 9464690 13 0 1 20 1  0
15.2536 9600092 589.83 8 0 0 1 9465321 9465322 13 0 1 20 1  0
0 9435136 579.695 8 0 0 17 9465972 9465973 13 0 1 20 1  0
10.7026 9465972 581.589 1 0 0 1 9465972 9465973 13 0 1 20 1  0
13.6307 9562831 587.54 1 0 0 2 9562831 9562833 13 0 1 20 1  0
0 9435136 579.695 1 0 0 4 9584090 9584091 13 0 1 20 1  0
14.155 9568304 587.877 12 1945 174.534 2 9544084 9546198 13 0 1 20 1  0
0 9435136 579.695 12 1945 174.534 2 9565742 9570082 13 0 1 20 1  0
12.8376 9710563 596.617 8 0 0 1 9710563 9710564 13 0 1 20 1  0
14.5103 9829871 603.947 8 0 0 1 9753889 9753890 13 0 1 20 1  0
0 9697280 595.801 8 0 0 11 9792479 9792480 13 0 1 20 1  0
13.0514 9710563 596.617 1 0 0 1 9710563 9710564 13 0 1 20 1  0
13.0092 9829871 603.947 1 0 0 1 9753889 9753890 13 0 1 20 1  0
0 9697280 595.801 1 0 0 10 9760333 9760334 13 0 1 20 1  0
10.2609 9753890 599.279 2 0 0 1 9753890 9753891 13 0 1 20 1  0
15.106 9943945 610.956 3 0 0 5 9943942 9943948 13 0 1 20 1  0
10.6927 9968411 612.459 8 0 0 1 9968411 9968412 13 0 1 20 1  0
30.8546 10095730 620.282 5 0 0 90 10095707 10095755 13 0 1 20 1  0
0 9959424 611.907 8 0 0 16 9975190 9975191 13 0 1 20 1  0
10.2492 9961626 612.042 1 0 0 1 9961626 9961627 13 0 1 20 1  0
0 9959424 611.907 1 0 0 62 9963890 9963891 13 0 1 20 1  0
11.3083 9968754 612.48 2 0 0 1 9968754 9968755 13 0 1 20 1  0
10.281 10016005 615.383 11 315 6.5368 1 10015825 10016098 13 0 1 20 1  0
15.885 10291781 632.327 8 0 0 1 10291781 10291783 13 0 1 20 1  0
0 10221568 628.013 8 0 0 12 10341940 10341941 13 0 1 20 1  0
10.4314 10223535 628.134 1 0 0 1 10223535 10223536 13 0 1 20 1  0
21.8338 10291782 632.327 1 0 0 2 10242759 10242760 13 0 1 20 1  0
0 10221568 628.013 1 0 0 38 10291781 10291784 13 0 1 20 1  0
10.924 10424323 640.47 3 0 0 1 10291780 10291782 13 0 1 20 1  0
10.0394 10488641 644.422 8 0 0 1 10488641 10488642 13 0 1 20 1  0
13.5438 10739988 659.865 8 0 0 1 10518238 10518239 13 0 1 20 1  0
0 10483712 644.119 8 0 0 31 10552583 10552584 13 0 1 20 1  0
10.2203 10489592 644.481 1 0 0 1 10489592 10489593 13 0 1 20 1  0
13.0657 10715439 658.357 1 0 0 1 10504504 10504505 13 0 1 20 1  0
0 10483712 644.119 1 0 0 33 10517051 10517052 13 0 1 20 1  0
11.3142 10610606 651.916 2 0 0 1 10610606 10610608 13 0 1 20 1  0
10.8598 10746824 660.285 8 0 0 1 10746824 10746825 13 0 1 20 1  0
14.8247 10794964 663.243 8 0 0 1 10747737 10747738 13 0 1 20 1  0
0 10745856 660.225 8 0 0 14 10769621 10769622 13 0 1 20 1  0
12.0545 10769621 661.685 1 0 0 1 10769621 10769622 13 0 1 20 1  0
13.1869 10794965 663.243 1 0 0 1 10792350 10792351 13 0 1 20 1  0
0 10745856 660.225 1 0 0 12 10794924 10794925 13 0 1 20 1  0
11.8184 10875270 668.177 2 0 0 4 10794964 10794966 13 0 1 20 1  0
11.638 11008612 676.369 8 0 0 57 11008612 11008613 13 0 1 20 1  0
21.6739 11181651 687.001 8 0 0 1 11013182 11013183 13 0 1 20 1  0
12.1155 11008613 676.369 1 0 0 1 11008613 11008614 13 0 1 20 1  0
22.3404 11194720 687.804 1 0 0 6 11013135 11013136 13 0 1 20 1  0
0 11008000 676.331 1 0 0 101 11013182 11013184 13 0 1 20 1  0
10.2758 11198217 688.018 8 362 7.63429 1 11198210 11198253 13 0 1 20 1  0
11.1345 11271886 692.545 8 0 0 3725 11271886 11271887 13 0 1 20 1  0
19.1696 11291657 693.759 8 0 0 1 11272856 11272857 13 0 1 20 1  0
10.1753 11270915 692.485 1 0 0 1 11270915 11270916 13 0 1 20 1  0
19.5584 11292318 693.8 1 0 0 1 11271887 11271888 13 0 1 20 1  0
25.8084 11449969 703.486 4 0 0 4 11405045 11405070 13 0 1 20 1  0
10.0637 11291657 693.759 3 0 0 1 11291657 11291658 13 0 1 20 1  0
27.2878 11470004 704.717 5 0 0 13 11405039 11405073 13 0 1 20 1  0
10.0296 11404408 700.687 5 0 0 1 11404408 11404409 13 0 1 20 1  0
16.5716 11439949 702.87 6 0 0 1 11405027 11405081 13 0 1 20 1  0
23.6475 11454493 703.764 6 1 0.0197462 20 11405025 11405079 13 0 1 20 1  0
21.9387 11445768 703.228 5 3 0.059238 17 11405041 11405066 13 0 1 20 1  0
15.9157 11448031 703.367 3 1 0.0197462 4 11405055 11405059 13 0 1 20 1  0
18.6213 11461604 704.201 4 2 0.0394922 4 11405046 11405064 13 0 1 20 1  0
16.6882 11458043 703.982 4 3 0.059238 1 11405048 11405058 13 0 1 20 1  0
10.3866 11405049 700.726 4 5 0.0987291 3 11405049 11405050 13 0 1 20 1  0
13.5458 11441247 702.95 4 5 0.0987291 3 11408283 11408290 13 0 1 20 1  0
11.835 11508718 707.096 8 5 0.0987291 5 11445198 11445863 13 0 1 20 1  0
12.2779 11442854 703.049 4 6 0.118475 1 11408284 11408288 13 0 1 20 1  0
11.979 11466604 704.508 12 228 4.6191 1 11466490 11468884 13 0 1 20 1  0
14.1184 11531570 708.5 12 276 5.66077 1 11403732 11407722 13 0 1 20 1  0
0 11270144 692.438 12 276 5.66077 1 11524082 11532290 13 0 1 20 1  0
11.3001 11406316 700.804 12 442 9.6283 2 11403554 11407614 13 0 1 20 1  0
10.6313 11372014 698.697 12 2262 306.413 1 11371400 11372290 13 0 1 20 1  0
0 11270144 692.438 12 2262 306.413 1 11398654 11398676 13 0 1 20 1  0
10.8771 11501888 706.676 12 2284 318.611 1 11501492 11502370 13 0 1 20 1  0
11.3888 11398078 700.298 12 2550 510.734 8 11397470 11400316 13 0 1 20 1  0
13.1725 11535071 708.715 8 0 0 1 11535071 11535072 13 0 1 20 1  0
15.6918 11590216 712.103 8 0 0 1 11535115 11535116 13 0 1 20 1  0
0 11532288 708.544 8 0 0 409 11536038 11536039 13 0 1 20 1  0
13.995 11535072 708.715 1 0 0 2 11535072 11535073 13 0 1 20 1  0
15.9644 11688329 718.131 1 0 0 1 11535116 11535117 13 0 1 20 1  0
17.6056 11683489 717.834 2 0 0 16 11576924 11576926 13 0 1 20 1  0
10.0255 11622227 714.07 4 0 0 1 11622227 11622228 13 0 1 20 1  0
11.0831 11778534 723.673 4 3 0.059238 2 11683479 11683491 13 0 1 20 1  0
10.9246 11794963 724.682 8 0 0 395 11794963 11794964 13 0 1 20 1  0
19.9925 11823792 726.454 8 0 0 1 11795451 11795452 13 0 1 20 1  0
13.2498 11795452 724.713 1 0 0 1 11795452 11795453 13 0 1 20 1  0
18.1136 12050893 740.407 1 0 0 1 11798418 11798419 13 0 1 20 1  0
10.4671 11798419 724.895 2 0 0 1 11798419 11798420 13 0 1 20 1  0
19.712 11938740 733.516 2 0 0 2 11799389 11799391 13 0 1 20 1  0
14.2619 11817659 726.077 3 0 0 3 11799387 11799390 13 0 1 20 1  0
11.1125 11806660 725.401 5 0 0 3 11806655 11806665 13 0 1 20 1  0
10.514 11988700 736.586 4 2 0.0394922 1 11817655 11817658 13 0 1 20 1  0
12.7992 12056132 740.729 12 125 2.48631 5 12046734 12056578 13 0 1 20 1  0
12.6071 12056752 740.767 11 132 2.6279 1564 12056576 12066803 13 0 1 20 1  0
17.7127 12080954 742.254 8 0 0 1 12061084 12061085 13 0 1 20 1  0
10.0834 12057845 740.834 1 0 0 1 12057845 12057846 13 0 1 20 1  0
16.8386 12080955 742.254 1 0 0 1 12058170 12058171 13 0 1 20 1  0
18.2638 12082373 742.341 2 0 0 3 12068030 12068032 13 0 1 20 1  0
17.8635 12292824 755.271 3 0 0 1 12082371 12082377 13 0 1 20 1  0
17.9193 12154099 746.748 4 0 0 23 12102846 12102856 13 0 1 20 1  0
12.9862 12209391 750.145 6 0 0 3 12154078 12154124 13 0 1 20 1  0
12.8695 12190316 748.973 3 1 0.0197462 1 12151517 12151518 13 0 1 20 1  0
10.8361 12102849 743.599 4 1 0.0197462 1 12102849 12102850 13 0 1 20 1  0
14.8951 12204546 749.847 4 1 0.0197462 1 12151513 12151524 13 0 1 20 1  0
10.3882 12152162 746.629 4 4 0.0789836 2 12152162 12152163 13 0 1 20 1  0
14.3697 12326543 757.343 8 0 0 1 12326543 12326544 13 0 1 20 1  0
16.2698 12383193 760.823 8 0 0 1 12327033 12327034 13 0 1 20 1  0
0 12318720 756.862 8 0 0 166 12327515 12327516 13 0 1 20 1  0
11.3912 12322017 757.065 1 0 0 1 12322017 12322018 13 0 1 20 1  0
17.3146 12419567 763.058 1 0 0 1 12325607 12325608 13 0 1 20 1  0
0 12318720 756.862 1 0 0 213 12326543 12326545 13 0 1 20 1  0
15.0812 12468136 766.042 2 0 0 1 12342402 12342405 13 0 1 20 1  0
11.8858 12383193 760.823 3 0 0 1 12383191 12383197 13 0 1 20 1  0
10.0242 12510310 768.633 12 1269 52.105 1 12510258 12510314 13 0 1 20 1  0
10.9149 12501678 768.103 9 1842 145.333 3 12501574 12501750 13 0 1 20 1  0
11.1505 12580810 772.965 12 2748 725.615 3 12580150 12580866 13 0 1 20 1  0
14.6185 12583921 773.156 8 0 0 1 12583921 12583922 13 0 1 20 1  0
15.886 12782793 785.375 8 0 0 1 12585525 12585526 13 0 1 20 1  0
0 12580864 772.968 8 0 0 406 12587138 12587139 13 0 1 20 1  0
13.0083 12583922 773.156 1 0 0 1 12583922 12583923 13 0 1 20 1  0
21.2032 12782794 785.375 2 0 0 4 12598035 12598038 13 0 1 20 1  0
14.4266 12740607 782.783 4 0 0 6 12740599 12740622 13 0 1 20 1  0
10.3323 12794269 786.08 4 4 0.0789836 2 12794269 12794270 13 0 1 20 1  0
10.8977 12802188 786.566 3 1 0.0197462 1 12802188 12802189 13 0 1 20 1  0
11.6843 12793948 786.06 4 1 0.0197462 4 12740604 12740617 13 0 1 20 1  0
11.4009 12765497 784.312 5 1 0.0197462 1 12740604 12740615 13 0 1 20 1  0
12.03 12654510 777.493 12 1132 40.5808 10 12653150 12655564 13 0 1 20 1  0
11.791 12643538 776.819 11 1881 155.769 6 12642348 12646411 13 0 1 20 1  0
11.3777 12843518 789.106 8 0 0 258 12843518 12843519 13 0 1 20 1  0
15.5604 12974102 797.129 8 0 0 1 12844166 12844167 13 0 1 20 1  0
11.9547 12843519 789.106 1 0 0 1 12843519 12843520 13 0 1 20 1  0
16.8152 12854512 789.781 1 0 0 1 12844167 12844168 13 0 1 20 1  0
13.6864 13003742 798.95 3 0 0 8 13000189 13000196 13 0 1 20 1  0
10.0436 12993077 798.295 3 0 0 1 12993077 12993078 13 0 1 20 1  0
10.4259 13000190 798.732 5 2 0.0394922 2 13000190 13000191 13 0 1 20 1  0
10.3241 13000834 798.771 5 3 0.059238 1 13000834 13000836 13 0 1 20 1  0
10.7818 13110666 805.519 8 0 0 1 13110666 13110667 13 0 1 20 1  0
17.6019 13225887 812.598 8 0 0 1 13114874 13114875 13 0 1 20 1  0
0 13105152 805.18 8 0 0 139 13117788 13117789 13 0 1 20 1  0
10.5215 13105367 805.194 1 0 0 1 13105367 13105368 13 0 1 20 1  0
17.7385 13178402 809.681 1 0 0 1 13108580 13108581 13 0 1 20 1  0
0 13105152 805.18 1 0 0 224 13109096 13109097 13 0 1 20 1  0
12.015 13205055 811.319 2 0 0 1 13117789 13117791 13 0 1 20 1  0
10.3155 13220542 812.27 12 2591 549.259 1 13220214 13220784 13 0 1 20 1  0
10.3448 13370551 821.487 8 0 0 1 13370551 13370552 13 0 1 20 1  0
16.6565 13489521 828.796 8 0 0 1 13371201 13371202 13 0 1 20 1  0
0 13367296 821.287 8 0 0 162 13372459 13372460 13 0 1 20 1  0
10.5735 13367778 821.316 1 0 0 1 13367778 13367779 13 0 1 20 1  0
19.8997 13445573 826.096 1 0 0 3 13372459 13372461 13 0 1 20 1  0
0 13367296 821.287 1 0 0 228 13372499 13372500 13 0 1 20 1  0
11.1633 13459038 826.923 8 2 0.0394922 8 13458909 13459064 13 0 1 20 1  0
10.4579 13631509 837.52 8 0 0 1 13631509 13631510 13 0 1 20 1  0
17.4464 13671044 839.949 8 0 0 1 13634424 13634425 13 0 1 20 1  0
0 13629440 837.393 8 0 0 72 13635210 13635211 13 0 1 20 1  0
10.2124 13631510 837.52 1 0 0 1 13631510 13631511 13 0 1 20 1  0
16.0928 13829544 849.687 1 0 0 3 13631820 13631821 13 0 1 20 1  0
0 13629440 837.393 1 0 0 102 13632161 13632162 13 0 1 20 1  0
11.6518 13892363 853.547 8 0 0 1 13892363 13892364 13 0 1 20 1  0
16.0456 14124872 867.832 8 0 0 1 13893013 13893014 13 0 1 20 1  0
0 13891584 853.499 8 0 0 79 13897201 13897202 13 0 1 20 1  0
11.4721 13892058 853.528 1 0 0 1 13892058 13892059 13 0 1 20 1  0
18.8749 14124873 867.832 1 0 0 2 13892364 13892365 13 0 1 20 1  0
0 13891584 853.499 1 0 0 142 13895589 13895590 13 0 1 20 1  0
10.3115 14150893 869.431 11 58 1.14679 2 14150870 14153489 13 0 1 20 1  0
11.737 14155204 869.696 8 0 0 1 14155204 14155205 13 0 1 20 1  0
16.2408 14179357 871.18 8 0 0 1 14160373 14160374 13 0 1 20 1  0
0 14153728 869.605 8 0 0 41 14161023 14161024 13 0 1 20 1  0
10.3367 14154553 869.656 1 0 0 1 14154553 14154554 13 0 1 20 1  0
21.298 14179358 871.18 1 0 0 2 14155205 14155206 13 0 1 20 1  0
0 14153728 869.605 1 0 0 79 14156991 14156992 13 0 1 20 1  0
21.4894 14388383 884.022 2 0 0 2 14177090 14177093 13 0 1 20 1  0
11.5329 14341526 881.143 12 116 2.30481 2 14338964 14341954 13 0 1 20 1  0
10.0917 14190212 871.847 12 148 2.95305 1 14190208 14190230 13 0 1 20 1  0
154.226 1300415 79.8975 10 2754 733.378 983 1299493 1301344 13 0 1 20 1 1
