11.4913 2238 0.137503 8 0 0 369 2238 2239 13 0 1 20 1  0
15.1733 133355 8.19333 8 0 0 1 2537 2538 13 0 1 20 1  0
10.0333 2239 0.137564 1 0 0 1 2239 2240 13 0 1 20 1  0
13.7497 258571 15.8866 1 0 0 1 4692 4693 13 0 1 20 1  0
0 2048 0.125829 1 0 0 188 5822 5823 13 0 1 20 1  0
12.6141 142519 8.75637 2 0 0 4 142518 142524 13 0 1 20 1  0
12.8496 238623 14.661 2 1 0.0197462 45 142518 142520 13 0 1 20 1  0
11.5652 259154 15.9224 12 237 4.81166 3 258744 260098 13 0 1 20 1  0
11.6773 147146 9.04065 12 1911 164.301 1 145150 149724 13 0 1 20 1  0
11.9825 261141 16.0445 8 0 0 1 261141 261142 13 0 1 20 1  0
17.6223 509873 31.3266 8 0 0 1 261502 261503 13 0 1 20 1  0
0 260096 15.9803 8 0 0 459 262108 262109 13 0 1 20 1  0
10.1195 260808 16.024 1 0 0 1 260808 260809 13 0 1 20 1  0
19.8563 277792 17.0675 1 0 0 2 262109 262110 13 0 1 20 1  0
0 260096 15.9803 1 0 0 253 262145 262146 13 0 1 20 1  0
12.4044 289260 17.7721 7 1 0.0197462 22 289242 289303 13 0 1 20 1  0
10.6307 278204 17.0929 12 36 0.711146 1 278062 279068 13 0 1 20 1  0
11.3358 524215 32.2078 8 0 0 1 524215 524216 13 0 1 20 1  0
16.0715 536600 32.9687 8 0 0 1 526132 526133 13 0 1 20 1  0
0 522240 32.0864 8 0 0 706 527445 527446 13 0 1 20 1  0
10.4836 524216 32.2078 1 0 0 1 524216 524217 13 0 1 20 1  0
18.2617 630786 38.7555 1 0 0 2 528258 528259 13 0 1 20 1  0
13.3619 567628 34.8751 7 1 0.0197462 78 567265 567657 13 0 1 20 1  0
10.045 642837 39.4959 2 3 0.059238 1 642837 642838 13 0 1 20 1  0
12.1714 566798 34.8241 7 579 13.5173 51 566754 566828 13 0 1 20 1  0
0 522240 32.0864 6 580 13.5483 1 566764 566820 13 0 1 20 1  0
12.8345 565688 34.7559 12 1055 35.1978 36 564846 575554 13 0 1 20 1  0
10.1854 784549 48.2027 8 0 0 439 784549 784550 13 0 1 20 1  0
16.7764 910934 55.9678 8 0 0 1 784579 784580 13 0 1 20 1  0
10.0929 784579 48.2045 1 0 0 1 784579 784580 13 0 1 20 1  0
15.8889 910934 55.9678 1 0 0 2 785372 785373 13 0 1 20 1  0
0 784384 48.1926 1 0 0 222 786677 786678 13 0 1 20 1  0
10.0559 907914 55.7822 2 0 0 1 907914 907915 13 0 1 20 1  0
15.5787 910864 55.9635 2 0 0 5 910856 910866 13 0 1 20 1  0
10.2091 905954 55.6618 12 87 1.72362 2 905922 906466 13 0 1 20 1  0
11.3046 866250 53.2224 12 2442 421.693 1 865192 867438 13 0 1 20 1  0
17.8878 1111341 68.2808 8 0 0 1 1047453 1047455 13 0 1 20 1  0
14.1661 1308120 80.3709 8 0 0 1 1048274 1048275 13 0 1 20 1  0
0 1046528 64.2987 8 0 0 597 1048757 1048758 13 0 1 20 1  0
10.3555 1046804 64.3156 1 0 0 1 1046804 1046805 13 0 1 20 1  0
16.6909 1111341 68.2808 1 0 0 2 1047454 1047455 13 0 1 20 1  0
0 1046528 64.2987 1 0 0 435 1048274 1048276 13 0 1 20 1  0
10.1774 1083833 66.5907 2 0 0 1 1083833 1083834 13 0 1 20 1  0
11.2935 1095666 67.3177 11 1980 185.732 5 1094278 1097072 13 0 1 20 1  0
10.0058 1046528 64.2987 12 2427 410.621 1 1046528 1046530 13 0 1 20 1  0
10.7357 1294736 79.5486 12 2627 585.473 2 1293940 1295526 13 0 1 20 1  0
11.5488 1309046 80.4278 8 0 0 644 1309046 1309047 13 0 1 20 1  0
17.862 1391831 85.5141 8 0 0 1 1309099 1309100 13 0 1 20 1  0
17.6791 1566119 96.2224 8 0 0 1 1309697 1309698 13 0 1 20 1  0
18.135 1453727 89.317 1 0 0 1 1309099 1309101 13 0 1 20 1  0
0 1308672 80.4048 1 0 0 360 1309734 1309735 13 0 1 20 1  0
14.0701 1518551 93.2998 2 0 0 1 1383506 1383508 13 0 1 20 1  0
10.7897 1385398 85.1189 12 214 4.32186 4 1385306 1389180 13 0 1 20 1  0
11.3662 1570852 96.5131 8 0 0 1175 1570852 1570853 13 0 1 20 1  0
17.5776 1593491 97.9041 8 0 0 1 1571297 1571298 13 0 1 20 1  0
17.3259 1831623 112.535 8 0 0 1 1571607 1571608 13 0 1 20 1  0
11.2364 1571298 96.5405 1 0 0 1 1571298 1571299 13 0 1 20 1  0
23.695 1765744 108.487 4 0 0 49 1750055 1750058 13 0 1 20 1  0
10.1584 1788626 109.893 2 3 0.059238 1 1788626 1788627 13 0 1 20 1  0
14.6502 1764706 108.424 12 155 3.09602 25 1763344 1767664 13 0 1 20 1  0
13.5201 1750292 107.538 12 1798 134.392 2 1749116 1752230 13 0 1 20 1  0
11.651 1764964 108.439 12 2081 222.221 1 1763946 1767172 13 0 1 20 1  0
11.3956 1833059 112.623 8 0 0 1623 1833059 1833060 13 0 1 20 1  0
16.6386 2029703 124.705 8 0 0 1 1833259 1833260 13 0 1 20 1  0
16.7592 2073029 127.367 8 0 0 1 1833902 1833903 13 0 1 20 1  0
10.3139 1833259 112.635 1 0 0 1 1833259 1833260 13 0 1 20 1  0
19.1747 2094738 128.701 2 0 0 13 1869745 1869747 13 0 1 20 1  0
14.0563 1979747 121.636 4 0 0 7 1979739 1979753 13 0 1 20 1  0
14.1979 2036615 125.13 7 0 0 13 2026810 2026857 13 0 1 20 1  0
18.2055 2054675 126.239 8 0 0 3520 2036625 2036695 13 0 1 20 1  0
10.0772 1878206 115.397 2 1 0.0197462 1 1878206 1878207 13 0 1 20 1  0
10.0537 1925771 118.319 2 3 0.059238 1 1925771 1925772 13 0 1 20 1  0
10.3752 2034330 124.989 3 4 0.0789836 2 2034330 2034331 13 0 1 20 1  0
10.8759 2034914 125.025 12 184 3.69356 1 2034562 2035900 13 0 1 20 1  0
10.6971 2095104 128.723 12 2118 237.309 1 2094846 2095106 13 0 1 20 1  0
16.0324 2079686 127.776 12 2447 425.45 145 2076314 2083166 13 0 1 20 1  0
0 1832960 112.617 9 2369 370.472 5 2084708 2085077 13 0 1 20 1  0
10.0806 2048866 125.882 12 2774 759.857 1 2048846 2048886 13 0 1 20 1  0
18.3259 2168797 133.251 8 0 0 1 2095178 2095180 13 0 1 20 1  0
18.5073 2276283 139.855 8 0 0 1 2095186 2095187 13 0 1 20 1  0
23.2389 2095397 128.741 3 0 0 4250 2095386 2095405 13 0 1 20 1  0
14.484 2095179 128.728 1 0 0 1 2095179 2095180 13 0 1 20 1  0
21.0374 2121508 130.345 1 0 0 2 2095187 2095188 13 0 1 20 1  0
21.7026 2098336 128.922 2 0 0 16 2095387 2095405 13 0 1 20 1  0
10.9258 2272379 139.615 1 1 0.0197462 1 2095392 2095401 13 0 1 20 1  0
19.926 2119234 130.206 3 1 0.0197462 14 2095386 2095403 13 0 1 20 1  0
11.4579 2123188 130.449 2 3 0.059238 1 2095388 2095398 13 0 1 20 1  0
15.0864 2097016 128.841 5 6 0.118475 9 2095378 2095399 13 0 1 20 1  0
10.0849 2098983 128.962 2 10 0.197458 1 2095381 2095389 13 0 1 20 1  0
10.0186 2096662 128.819 6 24 0.473963 1 2096662 2096663 13 0 1 20 1  0
10.0264 2098949 128.959 2 43 0.849625 1 2098278 2098280 13 0 1 20 1  0
10.0236 2097293 128.858 3 52 1.02784 1 2097293 2097294 13 0 1 20 1  0
10.0171 2223527 136.613 5 95 1.88345 1 2223527 2223528 13 0 1 20 1  0
10.2114 2225638 136.743 5 169 3.38338 1 2225636 2225643 13 0 1 20 1  0
10.9202 2236484 137.41 7 373 7.89849 3 2225071 2225105 13 0 1 20 1  0
10.8221 2225054 136.707 7 390 8.31275 3 2097473 2097495 13 0 1 20 1  0
13.1637 2115456 129.974 12 1321 57.2457 52 2113890 2116686 13 0 1 20 1  0
11.704 2095108 128.723 12 2575 533.891 3 2095104 2096730 13 0 1 20 1  0
16.5376 2357411 144.839 8 0 0 588 2357411 2357412 13 0 1 20 1  0
16.4587 2360664 145.039 8 0 0 1 2357418 2357419 13 0 1 20 1  0
12.1095 2616738 160.772 8 0 0 1 2357860 2357861 13 0 1 20 1  0
13.3924 2357411 144.839 1 0 0 1 2357411 2357412 13 0 1 20 1  0
17.3873 2407581 147.922 1 0 0 1 2357419 2357420 13 0 1 20 1  0
0 2357248 144.829 1 0 0 324 2357861 2357862 13 0 1 20 1  0
10.8 2383152 146.421 2 0 0 1 2383152 2383153 13 0 1 20 1  0
16.5726 2413639 148.294 2 0 0 5 2389997 2389998 13 0 1 20 1  0
10.9106 2468180 151.645 2 2 0.0394922 1 2468180 2468181 13 0 1 20 1  0
10.6222 2483575 152.591 3 2 0.0394922 3 2483574 2483576 13 0 1 20 1  0
10.0609 2620151 160.982 8 0 0 562 2620151 2620152 13 0 1 20 1  0
15.9635 2880059 176.951 8 0 0 1 2620482 2620483 13 0 1 20 1  0
10.6937 2620483 161.002 1 0 0 1 2620483 2620484 13 0 1 20 1  0
17.7652 2802425 172.181 1 0 0 8 2621499 2621500 13 0 1 20 1  0
0 2619392 160.935 1 0 0 437 2622771 2622772 13 0 1 20 1  0
10.7545 2836131 174.252 7 0 0 5 2836115 2836153 13 0 1 20 1  0
10.9737 2801136 172.102 3 2 0.0394922 2 2801135 2801137 13 0 1 20 1  0
10.3195 2835141 174.191 2 2 0.0394922 1 2835141 2835142 13 0 1 20 1  0
10.7123 2800588 172.068 12 241 4.89763 1 2800246 2801964 13 0 1 20 1  0
10.7336 2787578 171.269 12 3090 1330.79 1 2785762 2788286 13 0 1 20 1  0
10.8955 2881980 177.069 8 0 0 685 2881980 2881981 13 0 1 20 1  0
17.5744 3023775 185.781 8 0 0 1 2882473 2882475 13 0 1 20 1  0
16.5372 3140136 192.93 8 0 0 1 2882957 2882958 13 0 1 20 1  0
10.1629 2881981 177.069 1 0 0 1 2881981 2881982 13 0 1 20 1  0
20.0196 3002918 184.499 1 0 0 1 2882474 2882475 13 0 1 20 1  0
0 2881536 177.042 1 0 0 662 2882958 2882959 13 0 1 20 1  0
19.8591 3078097 189.118 2 0 0 7 2882474 2882476 13 0 1 20 1  0
13.3356 3012910 185.113 4 0 0 9 3012898 3012918 13 0 1 20 1  0
11.3515 3042082 186.906 7 5 0.0987291 10 3042065 3042087 13 0 1 20 1  0
10.0754 2913625 179.013 1 1 0.0197462 1 2913625 2913626 13 0 1 20 1  0
10.1498 3015636 185.281 1 1 0.0197462 1 2944584 2944585 13 0 1 20 1  0
10.3205 2943280 180.835 2 1 0.0197462 1 2943280 2943281 13 0 1 20 1  0
10.157 2898627 178.092 2 3 0.059238 1 2898627 2898628 13 0 1 20 1  0
10.5752 2944582 180.915 2 3 0.059238 1 2944582 2944583 13 0 1 20 1  0
10.9444 3131614 192.406 12 1955 177.663 1 3130478 3132728 13 0 1 20 1  0
16.632 3365693 206.788 8 0 0 1 3144014 3144016 13 0 1 20 1  0
16.5797 3392101 208.411 8 0 0 1 3144506 3144507 13 0 1 20 1  0
0 3143680 193.148 8 0 0 635 3144992 3144993 13 0 1 20 1  0
13.2283 3144015 193.168 1 0 0 1 3144015 3144016 13 0 1 20 1  0
17.6599 3346459 205.606 1 0 0 2 3144507 3144508 13 0 1 20 1  0
0 3143680 193.148 1 0 0 497 3145027 3145028 13 0 1 20 1  0
11.9285 3407420 209.352 8 0 0 1 3407420 3407421 13 0 1 20 1  0
16.8723 3577264 219.787 8 0 0 1 3407557 3407558 13 0 1 20 1  0
17.0014 3661688 224.974 8 0 0 1 3407594 3407595 13 0 1 20 1  0
0 3405824 209.254 8 0 0 1359 3409054 3409055 13 0 1 20 1  0
10.5353 3406941 209.322 1 0 0 1 3406941 3406942 13 0 1 20 1  0
18.986 3421988 210.247 1 0 0 1 3407420 3407421 13 0 1 20 1  0
11.1765 3667236 225.315 1 0 0 1 3407558 3407559 13 0 1 20 1  0
21.4224 3420036 210.127 3 0 0 27 3410880 3410904 13 0 1 20 1  0
14.3489 3468612 213.112 2 1 0.0197462 6 3410883 3410897 13 0 1 20 1  0
10.6648 3410891 209.565 5 5 0.0987291 5 3410883 3410893 13 0 1 20 1  0
10.7006 3668033 225.364 8 0 0 698 3668033 3668034 13 0 1 20 1  0
16.8862 3871480 237.864 8 0 0 1 3668219 3668220 13 0 1 20 1  0
16.655 3922981 241.028 8 0 0 1 3668356 3668357 13 0 1 20 1  0
10.9201 3668356 225.384 1 0 0 1 3668356 3668357 13 0 1 20 1  0
16.5998 3687121 226.537 1 0 0 1 3668392 3668393 13 0 1 20 1  0
0 3667968 225.36 1 0 0 454 3669193 3669194 13 0 1 20 1  0
11.158 3690382 226.737 2 0 0 1 3687120 3687122 13 0 1 20 1  0
11.8785 3667974 225.36 11 2228 288.472 3 3667968 3669461 13 0 1 20 1  0
13.5876 3930310 241.478 8 0 0 586 3930310 3930311 13 0 1 20 1  0
17.1684 3967349 243.754 8 0 0 1 3930653 3930654 13 0 1 20 1  0
14.5031 4183532 257.036 8 0 0 1 3931013 3931014 13 0 1 20 1  0
12.5392 3930311 241.478 1 0 0 1 3930311 3930312 13 0 1 20 1  0
16.248 3964727 243.593 1 0 0 1 3930967 3930968 13 0 1 20 1  0
0 3930112 241.466 1 0 0 446 3931013 3931014 13 0 1 20 1  0
13.011 4036229 247.986 2 0 0 2 4036227 4036231 13 0 1 20 1  0
10.1137 3983168 244.726 2 2 0.0394922 1 3983168 3983169 13 0 1 20 1  0
10.1536 4098351 251.803 7 2 0.0394922 1 4098339 4098353 13 0 1 20 1  0
10.3514 4130638 253.786 12 122 2.42574 2 4130610 4131976 13 0 1 20 1  0
12.0439 4188298 257.329 12 307 6.3547 1 4083590 4083660 13 0 1 20 1  0
0 3930112 241.466 12 307 6.3547 1 4187522 4191248 13 0 1 20 1  0
12.2557 4082076 250.803 12 960 29.4524 25 4081582 4082770 13 0 1 20 1  0
11.0631 4192335 257.577 8 0 0 529 4192335 4192336 13 0 1 20 1  0
16.1799 4375255 268.816 8 0 0 1 4192821 4192822 13 0 1 20 1  0
11.0789 4192336 257.577 1 0 0 1 4192336 4192337 13 0 1 20 1  0
17.0832 4296407 263.971 2 0 0 10 4293884 4293889 13 0 1 20 1  0
0 4192256 257.572 1 0 0 411 4193316 4193317 13 0 1 20 1  0
11.8599 4293885 263.816 2 1 0.0197462 4 4293883 4293887 13 0 1 20 1  0
10.4259 4212956 258.844 11 2678 640.9 2 4211952 4213297 13 0 1 20 1  0
14.1235 4207054 258.481 12 3000 1134.47 3 4203124 4211414 13 0 1 20 1  0
23.4887 4226168 259.656 12 3181 1563.84 71 4192256 4197212 13 0 1 20 1  0
0 4192256 257.572 9 3179 1558.3 7 4226981 4227759 13 0 1 20 1  0
10.7938 4454489 273.684 8 0 0 779 4454489 4454490 13 0 1 20 1  0
15.3162 4512392 277.241 8 0 0 1 4454521 4454522 13 0 1 20 1  0
10.4532 4455470 273.744 1 0 0 1 4455470 4455471 13 0 1 20 1  0
17.6209 4613058 283.426 2 0 0 23 4589517 4589522 13 0 1 20 1  0
10.0786 4568472 280.687 2 0 0 1 4568472 4568473 13 0 1 20 1  0
10.3086 4589880 282.002 5 1 0.0197462 2 4589880 4589881 13 0 1 20 1  0
10.9691 4684135 287.793 3 4 0.0789836 1 4684133 4684136 13 0 1 20 1  0
11.024 4716838 289.803 8 0 0 5037 4716838 4716839 13 0 1 20 1  0
16.4482 4750787 291.888 8 0 0 1 4718306 4718307 13 0 1 20 1  0
16.1405 4964753 305.034 8 0 0 1 4719772 4719773 13 0 1 20 1  0
11.4095 4718307 289.893 1 0 0 1 4718307 4718308 13 0 1 20 1  0
17.9802 4883074 300.016 1 0 0 2 4720266 4720267 13 0 1 20 1  0
18.6105 4882746 299.996 3 0 0 1 4871326 4871355 13 0 1 20 1  0
27.6279 4880156 299.837 7 1 0.0197462 3220 4871638 4871713 13 0 1 20 1  0
10.2812 4750787 291.888 2 1 0.0197462 1 4750787 4750788 13 0 1 20 1  0
14.2833 4877224 299.657 2 1 0.0197462 1 4871327 4871354 13 0 1 20 1  0
11.3357 4885018 300.135 2 2 0.0394922 2 4871329 4871343 13 0 1 20 1  0
13.2953 4897080 300.877 3 3 0.059238 1 4871336 4871341 13 0 1 20 1  0
10.2141 4871333 299.295 4 6 0.118475 1 4871333 4871334 13 0 1 20 1  0
10.2368 4876556 299.616 3 7 0.13822 1 4876556 4876559 13 0 1 20 1  0
10.2767 4871644 299.314 4 7 0.13822 1 4871644 4871645 13 0 1 20 1  0
11.2492 4884697 300.116 4 7 0.13822 1 4876554 4876558 13 0 1 20 1  0
10.1278 4894102 300.694 4 186 3.73511 2 4894101 4894104 13 0 1 20 1  0
10.5255 4882666 299.991 4 197 3.96445 3 4880055 4880063 13 0 1 20 1  0
10.337 4876344 299.603 3 258 5.26578 41 4876344 4876345 13 0 1 20 1  0
10.6713 4884122 300.08 3 419 9.03701 3 4879533 4879568 13 0 1 20 1  0
10.8714 4884383 300.096 3 424 9.16424 2 4879521 4879531 13 0 1 20 1  0
11.1039 4883898 300.067 6 724 18.5117 18 4883877 4883909 13 0 1 20 1  0
12.1062 4877225 299.657 9 1485 76.8811 25 4876905 4877672 13 0 1 20 1  0
11.0691 4956688 304.539 12 1421 68.5423 1 4876684 4879448 13 0 1 20 1  0
0 4716544 289.784 12 1421 68.5423 1 4955508 4957860 13 0 1 20 1  0
11.3522 4979118 305.917 8 0 0 1453 4979118 4979119 13 0 1 20 1  0
16.0142 5103297 313.547 8 0 0 1 4980085 4980086 13 0 1 20 1  0
10.7983 4979119 305.917 1 0 0 1 4979119 4979120 13 0 1 20 1  0
20.3858 5108529 313.868 4 0 0 14 5108511 5108545 13 0 1 20 1  0
14.3665 5196915 319.298 1 0 0 1 4982674 4982676 13 0 1 20 1  0
10.2623 4982671 306.135 3 1 0.0197462 2 4982671 4982672 13 0 1 20 1  0
22.5865 5142155 315.934 5 0 0 318 5108504 5108548 13 0 1 20 1  0
10.41 5092882 312.907 2 1 0.0197462 1 5092882 5092883 13 0 1 20 1  0
14.7848 5110161 313.968 2 1 0.0197462 1 5108514 5108540 13 0 1 20 1  0
17.3649 5143132 315.994 3 1 0.0197462 1 5108513 5108541 13 0 1 20 1  0
17.4211 5143447 316.013 4 1 0.0197462 2 5108512 5108543 13 0 1 20 1  0
16.8538 5143780 316.034 4 2 0.0394922 1 5108512 5108542 13 0 1 20 1  0
13.3607 5110203 313.971 7 12 0.236951 9 5108542 5108551 13 0 1 20 1  0
10.2051 5240970 322.005 8 0 0 547 5240970 5240971 13 0 1 20 1  0
16.4563 5407927 332.263 8 0 0 1 5241261 5241262 13 0 1 20 1  0
10.3578 5241262 322.023 1 0 0 1 5241262 5241263 13 0 1 20 1  0
16.7136 5284064 324.653 1 0 0 1 5241488 5241489 13 0 1 20 1  0
0 5240832 321.997 1 0 0 469 5241792 5241793 13 0 1 20 1  0
11.5276 5500426 337.946 12 683 16.9904 1 5498256 5500696 13 0 1 20 1  0
10.7939 5502812 338.093 12 1905 162.558 1 5501806 5502978 13 0 1 20 1  0
10.3143 5470574 336.112 12 2202 275.464 1 5469630 5471524 13 0 1 20 1  0
11.7646 5489152 337.253 12 2450 427.72 2 5487496 5491064 13 0 1 20 1  0
10.5123 5468614 335.992 12 2669 630.751 1 5468462 5469066 13 0 1 20 1  0
11.559 5503354 338.126 8 0 0 1144 5503354 5503355 13 0 1 20 1  0
16.3786 5743462 352.878 8 0 0 1 5503700 5503701 13 0 1 20 1  0
10.7824 5503700 338.147 1 0 0 1 5503700 5503701 13 0 1 20 1  0
19.4945 5532180 339.897 1 0 0 2 5504677 5504678 13 0 1 20 1  0
10.421 5522672 339.313 2 0 0 1 5522672 5522673 13 0 1 20 1  0
20.7374 5531527 339.857 3 0 0 26 5524401 5524403 13 0 1 20 1  0
14.4367 5534485 340.039 6 0 0 60 5531499 5531551 13 0 1 20 1  0
12.0337 5532498 339.917 2 2 0.0394922 1 5531520 5531533 13 0 1 20 1  0
11.5258 5652377 347.282 10 1937 172.071 9 5651455 5653769 13 0 1 20 1  0
11.0952 5765948 354.26 8 0 0 1 5765948 5765949 13 0 1 20 1  0
16.3439 5931788 364.449 8 0 0 1 5765981 5765982 13 0 1 20 1  0
0 5765120 354.209 8 0 0 533 5766442 5766444 13 0 1 20 1  0
12.5798 5766443 354.29 1 0 0 1 5766443 5766444 13 0 1 20 1  0
15.0312 5987950 367.9 1 0 0 1 5766477 5766478 13 0 1 20 1  0
0 5765120 354.209 1 0 0 372 5767586 5767587 13 0 1 20 1  0
11.1789 5931789 364.449 2 0 0 1 5844316 5844318 13 0 1 20 1  0
10.123 5844316 359.075 1 1 0.0197462 1 5844316 5844317 13 0 1 20 1  0
14.552 6013143 369.447 11 81 1.60397 34 6012438 6013827 13 0 1 20 1  0
13.5265 6004487 368.916 9 1472 75.1107 206 6003941 6005205 13 0 1 20 1  0
0 5765120 354.209 9 1472 75.1107 1 6012562 6012602 13 0 1 20 1  0
12.9931 6006512 369.04 12 2292 323.165 1 6004800 6008222 13 0 1 20 1  0
12.0111 6020938 369.926 12 2702 668.768 2 6019148 6021676 13 0 1 20 1  0
11.2769 5995068 368.337 12 2885 925.175 2 5993668 5996082 13 0 1 20 1  0
11.5144 5978824 367.339 12 2982 1098.83 1 5976798 5979866 13 0 1 20 1  0
11.6193 6027248 370.314 12 3073 1291.27 3 6026280 6027266 13 0 1 20 1  0
10.1113 6027898 370.354 8 0 0 2637 6027898 6027899 13 0 1 20 1  0
16.1957 6049454 371.678 8 0 0 1 6028374 6028375 13 0 1 20 1  0
16.0383 6267684 385.086 8 0 0 1 6029156 6029157 13 0 1 20 1  0
10.9667 6027898 370.354 1 0 0 1 6027898 6027899 13 0 1 20 1  0
21.0839 6052881 371.889 5 0 0 6 6049443 6049459 13 0 1 20 1  0
19.046 6246020 383.755 2 0 0 2 6049120 6049124 13 0 1 20 1  0
10.837 6040298 371.116 2 0 0 1 6040298 6040299 13 0 1 20 1  0
19.3291 6053035 371.898 2 0 0 18 6048805 6048807 13 0 1 20 1  0
20.9225 6181346 379.782 4 0 0 87 6049444 6049460 13 0 1 20 1  0
19.8606 6243727 383.615 4 0 0 1 6050108 6050111 13 0 1 20 1  0
18.096 6237852 383.254 6 0 0 18 6052520 6052558 13 0 1 20 1  0
14.6107 6236241 383.155 7 0 0 11 6052861 6053050 13 0 1 20 1  0
14.4843 6049453 371.678 2 1 0.0197462 3 6049120 6049122 13 0 1 20 1  0
17.7576 6181672 379.802 3 1 0.0197462 1 6049447 6049458 13 0 1 20 1  0
14.5734 6182326 379.842 3 2 0.0394922 1 6049449 6049456 13 0 1 20 1  0
11.1558 6053358 371.918 3 6 0.118475 1 6049446 6049450 13 0 1 20 1  0
11.5031 6244046 383.634 5 9 0.177712 2 6228051 6228055 13 0 1 20 1  0
11.0842 6077974 373.431 12 337 7.04443 1 6077016 6078268 13 0 1 20 1  0
11.5338 6180714 379.743 4 446 9.73273 56 6180708 6180719 13 0 1 20 1  0
10.8395 6289650 386.436 8 0 0 3321 6289650 6289651 13 0 1 20 1  0
16.751 6459808 396.891 8 0 0 1 6289850 6289851 13 0 1 20 1  0
16.6884 6496169 399.125 8 0 0 1 6290206 6290207 13 0 1 20 1  0
10.3237 6290687 386.5 1 0 0 1 6290687 6290688 13 0 1 20 1  0
19.9867 6459805 396.89 3 0 0 3 6310618 6310631 13 0 1 20 1  0
22.8141 6465047 397.212 5 0 0 3033 6310614 6310629 13 0 1 20 1  0
10.0449 6310620 387.724 2 1 0.0197462 3 6310620 6310621 13 0 1 20 1  0
14.7237 6380842 392.039 2 1 0.0197462 12 6380835 6380845 13 0 1 20 1  0
18.5481 6467007 397.333 3 1 0.0197462 3 6310618 6310626 13 0 1 20 1  0
10.4994 6471591 397.615 2 3 0.059238 1 6380839 6380842 13 0 1 20 1  0
10.705 6462971 397.085 3 222 4.49138 9 6462969 6462974 13 0 1 20 1  0
10.1371 6461664 397.005 5 225 4.55518 2 6461664 6461665 13 0 1 20 1  0
0 6289408 386.421 12 755 19.7264 36 6464810 6470068 13 0 1 20 1  0
10.9815 6432809 395.232 11 1153 42.1759 1 6432124 6433096 13 0 1 20 1  0
0 6289408 386.421 7 1311 56.2207 2 6465570 6465599 13 0 1 20 1  0
10.6669 6430540 395.092 12 1391 64.9438 1 6429952 6431254 13 0 1 20 1  0
0 6289408 386.421 9 1919 166.654 39 6457337 6457644 13 0 1 20 1  0
0 6289408 386.421 7 2259 304.786 39 6436302 6436380 13 0 1 20 1  0
12.8235 6387074 392.422 11 2799 794.305 10 6385318 6390287 13 0 1 20 1  0
10.3834 6371099 391.44 10 2932 1005.59 1 6370508 6371283 13 0 1 20 1  0
10.9083 6551857 402.546 8 0 0 1035 6551857 6551858 13 0 1 20 1  0
17.2719 6749611 414.696 8 0 0 1 6552182 6552183 13 0 1 20 1  0
11.3768 6551857 402.546 1 0 0 1 6551857 6551858 13 0 1 20 1  0
19.7898 6736409 413.885 2 0 0 17 6573455 6573458 13 0 1 20 1  0
10.5482 6779867 416.555 5 0 0 2 6589139 6589143 13 0 1 20 1  0
10.2127 6680699 410.462 1 1 0.0197462 1 6680699 6680700 13 0 1 20 1  0
11.502 6581603 404.374 3 1 0.0197462 5 6581603 6581604 13 0 1 20 1  0
10.7553 6780843 416.615 5 2 0.0394922 1 6589138 6589143 13 0 1 20 1  0
10.1066 6660493 409.221 5 84 1.66377 2 6660493 6660494 13 0 1 20 1  0
10.577 6657990 409.067 5 170 3.40399 5 6657985 6657995 13 0 1 20 1  0
10.3736 6716451 412.659 7 295 6.08393 1 6716431 6716467 13 0 1 20 1  0
10.0248 6716034 412.633 6 457 10.0225 1 6716033 6716035 13 0 1 20 1  0
10.0809 6659481 409.159 8 469 10.3429 1 6659477 6659486 13 0 1 20 1  0
0 6551552 402.527 8 469 10.3429 1 6715996 6716000 13 0 1 20 1  0
12.7874 6813768 418.638 8 0 0 1162 6813768 6813769 13 0 1 20 1  0
16.6396 6909330 424.509 8 0 0 1 6814096 6814097 13 0 1 20 1  0
12.6481 6813769 418.638 1 0 0 1 6813769 6813770 13 0 1 20 1  0
37.0617 7075250 434.703 12 1391 64.9438 12830 7071786 7075842 13 0 1 20 1  0
10.0069 6925983 425.532 2 0 0 1 6925983 6925984 13 0 1 20 1  0
10.6656 6948718 426.929 2 1 0.0197462 1 6948718 6948719 13 0 1 20 1  0
12.2846 7074591 434.663 2 2 0.0394922 1 6949735 6949738 13 0 1 20 1  0
10.5531 6814605 418.689 2 3 0.059238 1 6814605 6814606 13 0 1 20 1  0
10.7454 6951626 427.108 2 3 0.059238 3 6949734 6949736 13 0 1 20 1  0
0 6813696 418.633 5 211 4.25852 6857 7075502 7075503 13 0 1 20 1  0
21.6284 7028688 431.843 12 2550 510.734 1049 7023128 7032568 13 0 1 20 1  0
0 6813696 418.633 7 2057 212.95 194 7057965 7057978 13 0 1 20 1  0
12.4635 7075830 434.739 12 2388 383.172 4 7040232 7043208 13 0 1 20 1  0
11.0569 7075730 434.733 12 2679 642.037 5 7012322 7015298 13 0 1 20 1  0
13.2647 6993722 429.694 12 2857 880.356 3 6990256 6997570 13 0 1 20 1  0
13.7917 7061860 433.881 12 2908 963.691 1 6978370 6979750 13 0 1 20 1  0
10.6397 7011724 430.8 12 3213 1655.15 2 7009804 7013474 13 0 1 20 1  0
40.7421 7078239 434.887 7 1 0.0197462 54353 7075908 7081545 13 0 1 20 1  0
21.3969 7117626 437.307 3 0 0 708 7075993 7075996 13 0 1 20 1  0
17.861 7210669 443.023 8 0 0 1 7076268 7076269 13 0 1 20 1  0
16.3149 7255453 445.775 8 0 0 1 7076272 7076275 13 0 1 20 1  0
22.7199 7210725 443.027 2 0 0 6 7075898 7075922 13 0 1 20 1  0
21.6107 7080980 435.055 3 0 0 3 7075899 7075923 13 0 1 20 1  0
24.476 7079210 434.947 4 0 0 4 7075899 7075925 13 0 1 20 1  0
10.023 7089053 435.551 1 1 0.0197462 1 7089053 7089054 13 0 1 20 1  0
15.357 7080189 435.007 2 1 0.0197462 2 7075900 7075920 13 0 1 20 1  0
17.8514 7077242 434.826 3 1 0.0197462 1 7075900 7075920 13 0 1 20 1  0
14.4364 7126093 437.827 3 2 0.0394922 1 7076568 7076589 13 0 1 20 1  0
10.7015 7205805 442.725 2 3 0.059238 1 7077235 7077242 13 0 1 20 1  0
16.2641 7076904 434.805 4 4 0.0789836 2 7075901 7075915 13 0 1 20 1  0
10.298 7081497 435.087 3 8 0.157966 1 7075901 7075903 13 0 1 20 1  0
10.4379 7082146 435.127 4 10 0.197458 1 7075902 7075904 13 0 1 20 1  0
10.6747 7116665 437.248 3 111 2.20423 3 7078120 7078150 13 0 1 20 1  0
10.1985 7077145 434.82 4 210 4.23743 4 7077145 7077146 13 0 1 20 1  0
12.2568 7131195 438.141 4 353 7.42028 2 7076472 7076550 13 0 1 20 1  0
11.1782 7135625 438.413 6 356 7.4914 2 7076431 7076529 13 0 1 20 1  0
10.1624 7077295 434.829 3 433 9.39508 1 7077295 7077296 13 0 1 20 1  0
10.9281 7078227 434.886 2 445 9.70658 3 7077626 7077628 13 0 1 20 1  0
11.0168 7117351 437.29 5 576 13.4244 1 7077289 7077784 13 0 1 20 1  0
10.5612 7076932 434.807 3 609 14.467 5 7076932 7076933 13 0 1 20 1  0
18.1003 7130412 438.092 11 834 23.1007 20 7116332 7131653 13 0 1 20 1  0
13.2624 7120210 437.466 12 1477 75.7868 259 7075840 7076036 13 0 1 20 1  0
10.0153 7120010 437.453 5 1382 63.9006 1 7120010 7120011 13 0 1 20 1  0
11.5562 7127325 437.903 7 1388 64.5943 13 7075908 7076030 13 0 1 20 1  0
10.1052 7119682 437.433 5 1475 75.5156 1 7119682 7119683 13 0 1 20 1  0
18.2147 7107504 436.685 11 2716 685.581 1315 7103284 7113223 13 0 1 20 1  0
21.6825 7075848 434.74 12 2806 804.227 521 7075840 7079546 13 0 1 20 1  0
10.5514 7338815 450.897 8 0 0 1369 7338815 7338816 13 0 1 20 1  0
17.6166 7477568 459.422 8 0 0 1 7339499 7339500 13 0 1 20 1  0
16.2441 7598503 466.852 8 0 0 1 7340811 7340812 13 0 1 20 1  0
11.025 7341482 451.061 1 0 0 1 7341482 7341483 13 0 1 20 1  0
20.2318 7477569 459.422 1 0 0 6 7341912 7341913 13 0 1 20 1  0
10.4934 7354744 451.875 2 0 0 1 7354744 7354745 13 0 1 20 1  0
20.6119 7477894 459.442 2 0 0 4 7361268 7361271 13 0 1 20 1  0
22.1314 7395217 454.362 3 0 0 575 7361265 7361269 13 0 1 20 1  0
10.5236 7390011 454.042 1 1 0.0197462 2 7390011 7390012 13 0 1 20 1  0
10.6733 7388700 453.962 3 5 0.0987291 4 7388700 7388701 13 0 1 20 1  0
10.1341 7361267 452.276 3 1 0.0197462 1 7361267 7361268 13 0 1 20 1  0
17.8986 7395874 454.402 3 1 0.0197462 4 7388704 7388709 13 0 1 20 1  0
10.0384 7390987 454.102 6 1 0.0197462 1 7390987 7390988 13 0 1 20 1  0
14.5024 7396198 454.422 3 3 0.059238 2 7388702 7388705 13 0 1 20 1  0
10.0066 7390980 454.102 2 5 0.0987291 1 7390980 7390981 13 0 1 20 1  0
10.1016 7468416 458.859 2 6 0.118475 1 7468416 7468418 13 0 1 20 1  0
11.5877 7397505 454.503 4 7 0.13822 2 7394548 7394552 13 0 1 20 1  0
10.9705 7397209 454.484 4 163 3.25999 17 7397202 7397212 13 0 1 20 1  0
10.7451 7394207 454.3 9 1032 33.7216 3 7394123 7394373 13 0 1 20 1  0
14.8386 7386245 453.811 11 1666 106.237 440 7384709 7388244 13 0 1 20 1  0
0 7337984 450.846 7 1420 68.4193 2 7390467 7390468 13 0 1 20 1  0
0 7337984 450.846 11 1966 181.169 1 7376688 7379088 13 0 1 20 1  0
12.1581 7367331 452.649 11 2754 733.378 8 7365660 7369477 13 0 1 20 1  0
11.8182 7338076 450.851 12 2846 863.349 1 7337984 7339810 13 0 1 20 1  0
17.1209 7600128 466.952 12 3095 1342.64 5 7596654 7600130 13 0 1 20 1  0
16.1603 7981472 490.382 11 246 5.00544 1470 7969860 7971321 13 0 1 20 1  0
0 7862272 483.058 7 1 0.0197462 395 7970457 7970483 13 0 1 20 1  0
10.0423 7982200 490.426 3 2 0.0394922 1 7982199 7982201 13 0 1 20 1  0
11.7383 7968429 489.58 7 1514 80.979 35 7967528 7967553 13 0 1 20 1  0
12.2764 7977934 490.164 7 1886 157.16 52 7977173 7978371 13 0 1 20 1  0
11.4798 8124620 499.177 8 0 0 5629 8124620 8124621 13 0 1 20 1  0
16.9864 8280216 508.736 8 0 0 1 8126076 8126077 13 0 1 20 1  0
11.2445 8124620 499.177 1 0 0 1 8124620 8124621 13 0 1 20 1  0
20.33 8280223 508.737 1 0 0 4 8124946 8124947 13 0 1 20 1  0
19.7938 8323333 511.386 2 0 0 2 8136458 8136463 13 0 1 20 1  0
27.6192 8309443 510.532 11 240 4.87612 6817 8308117 8311155 13 0 1 20 1  0
10.1078 8286787 509.14 6 1 0.0197462 1 8286787 8286788 13 0 1 20 1  0
11.2919 8136456 499.904 2 3 0.059238 4 8136456 8136457 13 0 1 20 1  0
11.1516 8309934 510.562 3 8 0.157966 3 8280215 8280220 13 0 1 20 1  0
12.2124 8310898 510.622 3 5 0.0987291 2 8280218 8280225 13 0 1 20 1  0
12.3349 8310570 510.601 3 6 0.118475 2 8280217 8280223 13 0 1 20 1  0
11.0563 8310512 510.598 3 185 3.71433 4 8308582 8308604 13 0 1 20 1  0
10.4342 8310119 510.574 3 501 11.2206 3 8310119 8310121 13 0 1 20 1  0
10.2537 8305260 510.275 7 1306 55.7148 2 8305252 8305268 13 0 1 20 1  0
11.0486 8296582 509.742 8 1813 138.026 3 8295969 8296686 13 0 1 20 1  0
0 8124416 499.164 8 1813 138.026 1 8300032 8300126 13 0 1 20 1  0
11.9844 8288922 509.271 9 2083 223.012 45 8287650 8289170 13 0 1 20 1  0
0 8124416 499.164 7 2093 227.006 3 8288561 8288570 13 0 1 20 1  0
10.8188 8281577 508.82 9 2226 287.45 1 8281447 8282673 13 0 1 20 1  0
10.6073 8386985 515.296 8 0 0 578 8386985 8386986 13 0 1 20 1  0
14.7559 8571091 526.608 8 0 0 1 8387834 8387835 13 0 1 20 1  0
10.177 8386986 515.296 1 0 0 1 8386986 8386987 13 0 1 20 1  0
18.5256 8452045 519.294 7 3 0.059238 45 8450231 8450321 13 0 1 20 1  0
11.7084 8593897 528.009 3 2 0.0394922 7 8547141 8547158 13 0 1 20 1  0
10.8106 8402371 516.242 2 1 0.0197462 3 8402371 8402372 13 0 1 20 1  0
10.8154 8547160 525.138 2 1 0.0197462 2 8547160 8547161 13 0 1 20 1  0
11.634 8547051 525.131 7 272 5.57252 99 8547023 8547099 13 0 1 20 1  0
10.7793 8451290 519.247 7 523 11.8448 7 8451269 8451314 13 0 1 20 1  0
10.2 8450774 519.216 7 543 12.4279 1 8450770 8450791 13 0 1 20 1  0
0 8386560 515.27 7 543 12.4279 1 8451237 8451240 13 0 1 20 1  0
17.076 8810959 541.345 8 0 0 1 8649193 8649195 13 0 1 20 1  0
0 8648704 531.376 8 0 0 483 8649517 8649518 13 0 1 20 1  0
12.4523 8649194 531.406 1 0 0 1 8649194 8649195 13 0 1 20 1  0
15.6747 8810960 541.345 1 0 0 1 8649553 8649554 13 0 1 20 1  0
0 8648704 531.376 1 0 0 279 8650169 8650170 13 0 1 20 1  0
14.6043 8648710 531.377 12 2539 500.866 1 8648704 8650598 13 0 1 20 1  0
12.8542 8912358 547.575 8 0 0 1 8912358 8912359 13 0 1 20 1  0
16.2695 9004212 553.219 8 0 0 1 8913664 8913665 13 0 1 20 1  0
0 8910848 547.482 8 0 0 429 8914146 8914147 13 0 1 20 1  0
10.7418 8912359 547.575 1 0 0 1 8912359 8912360 13 0 1 20 1  0
15.6835 9004213 553.219 1 0 0 1 8914147 8914148 13 0 1 20 1  0
0 8910848 547.482 1 0 0 258 8914968 8914969 13 0 1 20 1  0
13.1289 9014733 553.865 7 5 0.0987291 34 9014704 9014788 13 0 1 20 1  0
16.1681 9143058 561.749 12 2718 688.018 11 9138496 9147030 13 0 1 20 1  0
13.698 9173688 563.631 8 0 0 676 9173688 9173689 13 0 1 20 1  0
16.1944 9360296 575.097 8 0 0 1 9173725 9173726 13 0 1 20 1  0
11.5846 9173689 563.631 1 0 0 1 9173689 9173690 13 0 1 20 1  0
18.1655 9218805 566.403 1 0 0 4 9177451 9177452 13 0 1 20 1  0
20.3295 9210631 565.901 4 0 0 20 9190697 9190709 13 0 1 20 1  0
20.8582 9208786 565.788 3 0 0 3 9190698 9190709 13 0 1 20 1  0
13.4424 9223098 566.667 7 4 0.0789836 21 9208720 9208751 13 0 1 20 1  0
11.0435 9190703 564.677 2 2 0.0394922 2 9190703 9190704 13 0 1 20 1  0
10.2225 9198583 565.161 4 3 0.059238 2 9198583 9198584 13 0 1 20 1  0
10.0859 9208905 565.795 9 35 0.691372 1 9208869 9208911 13 0 1 20 1  0
11.4076 9414271 578.413 10 687 17.1348 61 9414063 9414430 13 0 1 20 1  0
10.6078 9435848 579.738 8 0 0 498 9435848 9435849 13 0 1 20 1  0
16.1909 9550837 586.803 8 0 0 1 9436638 9436639 13 0 1 20 1  0
10.5627 9435849 579.739 1 0 0 1 9435849 9435850 13 0 1 20 1  0
18.9737 9516860 584.716 1 0 0 2 9440920 9440921 13 0 1 20 1  0
20.7101 9630480 591.697 2 0 0 8 9516859 9516861 13 0 1 20 1  0
18.0824 9690316 595.373 4 0 0 19 9630476 9630487 13 0 1 20 1  0
13.2505 9691364 595.437 3 2 0.0394922 2 9611171 9611174 13 0 1 20 1  0
17.0736 9689096 595.298 12 166 3.32164 7 9454402 9456054 13 0 1 20 1  0
0 9435136 579.695 12 166 3.32164 3 9635234 9642862 13 0 1 20 1  0
11.4861 9641498 592.374 12 198 3.98538 1 9635202 9642826 13 0 1 20 1  0
10.5101 9451678 580.711 12 959 29.3967 1 9451348 9451912 13 0 1 20 1  0
11.3058 9439134 579.94 12 1867 151.94 6 9437844 9440358 13 0 1 20 1  0
0 9435136 579.695 8 2663 624.074 515 9664855 9664976 13 0 1 20 1  0
11.8314 9663074 593.699 3 2715 684.367 1 9661762 9661869 13 0 1 20 1  0
11.3158 9662704 593.677 2 2719 689.239 1 9661710 9661782 13 0 1 20 1  0
12.2555 9660848 593.562 2 2732 705.314 1 9660782 9661549 13 0 1 20 1  0
10.438 9660637 593.549 2 2733 706.566 1 9660637 9660638 13 0 1 20 1  0
12.0352 9660711 593.554 2 2733 706.566 1 9660660 9660785 13 0 1 20 1  0
10.1565 9660480 593.54 2 2734 707.821 1 9660480 9660481 13 0 1 20 1  0
10.2357 9660343 593.531 2 2736 710.336 1 9660343 9660344 13 0 1 20 1  0
11.5353 9660076 593.515 3 2739 714.125 1 9659760 9659769 13 0 1 20 1  0
10.0925 9659511 593.48 3 2741 716.663 2 9659511 9659512 13 0 1 20 1  0
11.4704 9658479 593.417 5 2748 725.615 1 9658328 9658489 13 0 1 20 1  0
11.0082 9697351 595.805 8 0 0 830 9697351 9697352 13 0 1 20 1  0
16.0683 9868332 606.31 8 0 0 1 9697855 9697858 13 0 1 20 1  0
10.1113 9697352 595.805 1 0 0 1 9697352 9697353 13 0 1 20 1  0
18.636 9868665 606.331 1 0 0 1 9697855 9697859 13 0 1 20 1  0
19.7497 9799006 602.051 2 0 0 6 9697856 9697858 13 0 1 20 1  0
19.9836 9798682 602.031 3 0 0 705 9784357 9784360 13 0 1 20 1  0
21.192 9797689 601.97 4 0 0 9 9794757 9794768 13 0 1 20 1  0
10.1217 9784356 601.151 3 1 0.0197462 1 9784356 9784357 13 0 1 20 1  0
12.1789 9798353 602.011 2 2 0.0394922 2 9794434 9794436 13 0 1 20 1  0
10.0329 9901021 608.319 2 4 0.0789836 1 9901021 9901022 13 0 1 20 1  0
10.7169 9794431 601.77 3 5 0.0987291 2 9794431 9794432 13 0 1 20 1  0
10.0234 9794755 601.79 4 7 0.13822 1 9794755 9794756 13 0 1 20 1  0
10.4762 9784575 601.164 7 202 4.06919 3 9784566 9784594 13 0 1 20 1  0
12.4958 9958953 611.878 10 660 16.1769 66 9958616 9959278 13 0 1 20 1  0
0 9697280 595.801 11 386 8.21461 3 9959310 9959425 13 0 1 20 1  0
10.7553 9959217 611.894 11 1664 105.859 3 9958841 9959425 13 0 1 20 1  0
10.3976 9958218 611.833 12 1875 154.116 1 9957714 9958638 13 0 1 20 1  0
11.9952 9960058 611.946 8 0 0 325 9960058 9960059 13 0 1 20 1  0
16.1591 9994838 614.083 1 0 0 6 9980704 9980705 13 0 1 20 1  0
10.2012 9980649 613.211 1 0 0 1 9980649 9980650 13 0 1 20 1  0
16.1843 10138495 622.909 3 0 0 65 9994836 9994844 13 0 1 20 1  0
13.8358 10138180 622.89 2 1 0.0197462 3 9994837 9994843 13 0 1 20 1  0
13.7451 10149964 623.614 12 753 19.6463 302 10148542 10150874 13 0 1 20 1  0
12.2521 10220740 627.962 5 85 1.68372 78 10211582 10211599 13 0 1 20 1  0
10.2995 10211588 627.4 4 86 1.70367 4 10211588 10211589 13 0 1 20 1  0
13.4311 10075494 619.038 8 280 5.74931 109 10075415 10075585 13 0 1 20 1  0
10.3243 10075776 619.056 3 103 2.04364 1 10075776 10075779 13 0 1 20 1  0
10.0748 10137916 622.874 4 284 5.83814 3 10137916 10137918 13 0 1 20 1  0
0 9959424 611.907 5 1156 42.4085 2 10148477 10148495 13 0 1 20 1  0
17.3476 10224839 628.214 8 0 0 5658 10222291 10222292 13 0 1 20 1  0
17.8698 10483313 644.095 8 0 0 1 10223920 10223921 13 0 1 20 1  0
21.0868 10224840 628.214 1 0 0 5 10221905 10221906 13 0 1 20 1  0
22.3538 10469569 643.25 2 0 0 5 10224838 10224844 13 0 1 20 1  0
18.8205 10227053 628.35 3 0 0 11 10224838 10224844 13 0 1 20 1  0
16.8723 10370545 637.166 6 1 0.0197462 30 10227024 10227056 13 0 1 20 1  0
14.877 10390811 638.411 7 5 0.0987291 22 10228373 10228448 13 0 1 20 1  0
13.6989 10483312 644.095 4 2 0.0394922 3 10227036 10227052 13 0 1 20 1  0
14.4409 10468945 643.212 3 2 0.0394922 2 10227040 10227054 13 0 1 20 1  0
15.1064 10230361 628.553 6 165 3.30108 470 10227738 10227774 13 0 1 20 1  0
13.1431 10482982 644.074 4 6 0.118475 4 10227039 10227050 13 0 1 20 1  0
12.5403 10258140 630.26 3 7 0.13822 4 10227041 10227047 13 0 1 20 1  0
13.0965 10255196 630.079 4 11 0.217204 3 10221852 10221858 13 0 1 20 1  0
11.8561 10240831 629.197 3 10 0.197458 12 10227036 10227042 13 0 1 20 1  0
14.9386 10240332 629.166 10 155 3.09602 515 10229871 10230082 13 0 1 20 1  0
13.1882 10241794 629.256 5 20 0.394946 16 10221842 10221849 13 0 1 20 1  0
13.4002 10247896 629.631 8 342 7.16126 182 10229588 10229674 13 0 1 20 1  0
11.6928 10242439 629.295 3 22 0.434452 3 10228056 10228074 13 0 1 20 1  0
11.4174 10370460 637.161 10 268 5.48454 4 10239959 10240107 13 0 1 20 1  0
13.3843 10389902 638.356 7 414 8.91049 95 10389860 10389948 13 0 1 20 1  0
12.2951 10231920 628.649 8 915 27.0324 10 10231692 10232053 13 0 1 20 1  0
11.8779 10227959 628.406 9 842 23.4665 40 10227835 10228101 13 0 1 20 1  0
0 10221568 628.013 9 772 20.4176 15 10332698 10332771 13 0 1 20 1  0
14.6494 10483727 644.12 8 0 0 6618 10483727 10483728 13 0 1 20 1  0
20.5826 10611709 651.983 8 0 0 1 10484221 10484222 13 0 1 20 1  0
20.7149 10719607 658.613 8 0 0 74 10484279 10484285 13 0 1 20 1  0
24.83 10719608 658.613 1 0 0 18 10484222 10484223 13 0 1 20 1  0
27.557 10646049 654.093 3 0 0 157 10484277 10484300 13 0 1 20 1  0
21.7449 10648016 654.214 5 0 0 35 10484277 10484298 13 0 1 20 1  0
10.7613 10484606 644.174 1 1 0.0197462 1 10484606 10484607 13 0 1 20 1  0
14.3513 10717979 658.513 2 2 0.0394922 3 10484281 10484283 13 0 1 20 1  0
10.5586 10484269 644.153 3 16 0.315943 5 10484269 10484270 13 0 1 20 1  0
10.3572 10486886 644.314 3 23 0.454207 6 10486886 10486887 13 0 1 20 1  0
12.7414 10639296 653.678 9 21 0.414699 159 10637351 10639689 13 0 1 20 1  0
14.7634 10645047 654.032 3 9 0.177712 1 10484276 10484278 13 0 1 20 1  0
10.1056 10685357 656.508 8 16 0.315943 1 10685357 10685358 13 0 1 20 1  0
10.0985 10491798 644.616 2 19 0.375194 1 10491798 10491799 13 0 1 20 1  0
12.1948 10685239 656.501 3 27 0.533239 7 10487221 10487229 13 0 1 20 1  0
10.1728 10487219 644.335 3 30 0.592527 3 10487219 10487220 13 0 1 20 1  0
12.1973 10687079 656.614 4 34 0.671599 15 10487218 10487221 13 0 1 20 1  0
11.1483 10492754 644.675 5 77 1.5243 9 10492746 10492769 13 0 1 20 1  0
14.5785 10531500 647.055 7 79 1.56412 328 10492763 10492779 13 0 1 20 1  0
10.2438 10686966 656.607 9 120 2.3854 2 10686958 10686991 13 0 1 20 1  0
10.0023 10624536 652.771 3 133 2.64815 1 10624536 10624537 13 0 1 20 1  0
10.2917 10642086 653.85 3 186 3.73511 1 10642086 10642087 13 0 1 20 1  0
11.1488 10641741 653.829 4 194 3.90176 12 10637493 10637515 13 0 1 20 1  0
11.0796 10638798 653.648 4 203 4.09018 13 10637483 10637502 13 0 1 20 1  0
10.5051 10639130 653.668 3 199 4.00631 6 10639130 10639132 13 0 1 20 1  0
10.3359 10554263 648.454 7 267 5.46259 5 10554258 10554289 13 0 1 20 1  0
10.592 10718830 658.565 6 367 7.75402 5 10718822 10718842 13 0 1 20 1  0
10.0841 10642317 653.864 6 500 11.1927 1 10642313 10642319 13 0 1 20 1  0
12.8508 10636306 653.495 12 1235 48.986 36 10635042 10637130 13 0 1 20 1  0
10.632 10483718 644.12 12 2134 244.145 1 10483712 10484212 13 0 1 20 1  0
12.5838 10746048 660.237 8 0 0 3244 10746048 10746049 13 0 1 20 1  0
31.5347 10803430 663.763 10 222 4.49138 12249 10802661 10804186 13 0 1 20 1  0
20.4151 10982667 674.775 8 0 0 1 10746566 10746567 13 0 1 20 1  0
25.5117 10806645 663.96 1 0 0 1 10746048 10746050 13 0 1 20 1  0
20.5778 10989053 675.167 1 0 0 1 10746533 10746535 13 0 1 20 1  0
10.6907 10805383 663.883 1 1 0.0197462 1 10803484 10803486 13 0 1 20 1  0
10.2307 10779790 662.31 2 3 0.059238 2 10779790 10779791 13 0 1 20 1  0
10.1154 10769663 661.688 3 2 0.0394922 1 10769663 10769664 13 0 1 20 1  0
11.204 10802676 663.716 3 5 0.0987291 2 10802676 10802677 13 0 1 20 1  0
10.0844 10801773 663.661 3 12 0.236951 4 10801773 10801774 13 0 1 20 1  0
10.0721 10799725 663.535 4 21 0.414699 3 10799725 10799726 13 0 1 20 1  0
0 10745856 660.225 12 150 2.99385 1 10800368 10805748 13 0 1 20 1  0
10.0634 10778839 662.252 4 161 3.21894 1 10778839 10778840 13 0 1 20 1  0
10.1108 10771913 661.826 5 190 3.81834 1 10771913 10771914 13 0 1 20 1  0
0 10745856 660.225 8 1677 108.341 1 10794463 10794496 13 0 1 20 1  0
10.4224 10761630 661.195 12 2965 1066.2 1 10761512 10762188 13 0 1 20 1  0
20.7145 11044317 678.563 8 0 0 1 11008334 11008336 13 0 1 20 1  0
0 11008000 676.331 8 0 0 1203 11008842 11008844 13 0 1 20 1  0
19.9868 11083082 680.945 1 0 0 1 11008335 11008337 13 0 1 20 1  0
19.256 11219317 689.315 1 0 0 1 11008843 11008844 13 0 1 20 1  0
0 11008000 676.331 1 0 0 759 11009153 11009154 13 0 1 20 1  0
10.1197 11008336 676.352 2 0 0 1 11008336 11008337 13 0 1 20 1  0
12.6547 11076369 680.532 2 0 0 1 11012094 11012096 13 0 1 20 1  0
10.1593 11092030 681.494 3 0 0 1 11092030 11092031 13 0 1 20 1  0
10.4447 11094641 681.655 3 0 0 2 11093012 11093015 13 0 1 20 1  0
11.196 11093011 681.555 3 1 0.0197462 1 11093010 11093013 13 0 1 20 1  0
16.0501 11092522 681.525 12 234 4.74734 906 11091150 11094456 13 0 1 20 1  0
11.8197 11009524 676.425 5 97 1.92346 98 11009514 11009540 13 0 1 20 1  0
19.6309 11220426 689.383 12 401 8.58478 1874 11090966 11093984 13 0 1 20 1  0
11.1173 11270370 692.452 8 0 0 591 11270370 11270371 13 0 1 20 1  0
16.9115 11359534 697.93 8 0 0 4 11270819 11270820 13 0 1 20 1  0
11.4845 11271483 692.52 1 0 0 1 11271483 11271484 13 0 1 20 1  0
15.4299 11275591 692.772 1 0 0 1 11272310 11272311 13 0 1 20 1  0
0 11270144 692.438 1 0 0 345 11273290 11273291 13 0 1 20 1  0
11.4814 11370050 698.576 7 5 0.0987291 5 11370033 11370068 13 0 1 20 1  0
13.5615 11431296 702.339 12 137 2.72927 12 11362806 11373778 13 0 1 20 1  0
10.3663 11429441 702.225 11 529 12.0181 1 11429268 11433217 13 0 1 20 1  0
10.1982 11362710 698.125 11 532 12.1053 1 11362687 11363403 13 0 1 20 1  0
12.9624 11412873 701.207 11 1007 32.1806 73 11367389 11369543 13 0 1 20 1  0
0 11270144 692.438 11 691 17.28 12 11368784 11370216 13 0 1 20 1  0
13.0681 11368356 698.472 12 942 28.4628 9 11367316 11369640 13 0 1 20 1  0
12.3656 11382477 699.339 10 2318 338.423 7 11380166 11383172 13 0 1 20 1  0
11.3804 11532241 708.541 9 2320 339.626 4 11382500 11382707 13 0 1 20 1  0
0 11270144 692.438 8 2306 331.293 5 11530819 11530924 13 0 1 20 1  0
11.2449 11533637 708.627 8 0 0 1344 11533637 11533638 13 0 1 20 1  0
16.1264 11643439 715.373 4 3 0.059238 4 11562989 11562994 13 0 1 20 1  0
11.5667 11533638 708.627 1 0 0 1 11533638 11533639 13 0 1 20 1  0
18.5594 11643193 715.358 1 0 0 1 11534093 11534094 13 0 1 20 1  0
20.4449 11728924 720.625 2 0 0 6 11562326 11562332 13 0 1 20 1  0
21.0578 11564655 710.532 4 0 0 63 11562987 11562998 13 0 1 20 1  0
10.0316 11562987 710.43 5 0 0 1 11562987 11562988 13 0 1 20 1  0
15.2369 11778666 723.681 3 3 0.059238 570 11562325 11562328 13 0 1 20 1  0
18.5229 11565307 710.572 3 1 0.0197462 4 11562325 11562331 13 0 1 20 1  0
12.0877 11564298 710.51 2 2 0.0394922 1 11562325 11562328 13 0 1 20 1  0
10.1525 11562321 710.389 3 6 0.118475 1 11562321 11562322 13 0 1 20 1  0
12.3547 11786375 724.155 4 82 1.6239 84 11776543 11776559 13 0 1 20 1  0
10.1981 11776541 723.551 4 91 1.80349 3 11776541 11776542 13 0 1 20 1  0
10.2381 11776846 723.569 3 96 1.90345 5 11776846 11776847 13 0 1 20 1  0
10.0788 11705820 719.206 5 96 1.90345 3 11705820 11705821 13 0 1 20 1  0
10.0322 11776700 723.56 4 166 3.32164 3 11776700 11776701 13 0 1 20 1  0
10.2191 11777045 723.582 3 156 3.11648 1 11777045 11777046 13 0 1 20 1  0
10.6518 11564497 710.523 5 358 7.53893 7 11564494 11564501 13 0 1 20 1  0
0 11532288 708.544 11 489 10.8874 1 11776132 11776446 13 0 1 20 1  0
10.427 11564812 710.542 6 513 11.5589 3 11564786 11564822 13 0 1 20 1  0
0 11532288 708.544 8 1117 39.4761 1 11773370 11773785 13 0 1 20 1  0
10.1935 11765814 722.892 12 2895 941.728 1 11765262 11765916 13 0 1 20 1  0
12.2268 11797463 724.836 8 0 0 939 11797463 11797464 13 0 1 20 1  0
13.1778 11964965 735.127 8 0 0 1 11800895 11800896 13 0 1 20 1  0
12.7812 11943362 733.8 1 0 0 1 11860865 11860868 13 0 1 20 1  0
13.5201 11939437 733.559 2 0 0 4 11860865 11860867 13 0 1 20 1  0
19.8193 11875180 729.611 11 41 0.810049 138 11865654 11880928 13 0 1 20 1  0
12.4215 11912909 731.929 2 1 0.0197462 1 11860857 11860865 13 0 1 20 1  0
10.5747 11860855 728.731 2 2 0.0394922 3 11860855 11860857 13 0 1 20 1  0
12.6638 11911597 731.849 3 2 0.0394922 4 11858226 11858228 13 0 1 20 1  0
10.2464 11869704 729.275 4 3 0.059238 2 11869704 11869705 13 0 1 20 1  0
10.4624 11858224 728.569 3 4 0.0789836 2 11858224 11858225 13 0 1 20 1  0
11.4856 11877222 729.737 3 5 0.0987291 4 11865786 11865788 13 0 1 20 1  0
10.2205 11799965 724.99 3 7 0.13822 1 11799965 11799966 13 0 1 20 1  0
10.797 11943013 733.779 4 8 0.157966 3 11877218 11877222 13 0 1 20 1  0
11.193 11880662 729.948 6 84 1.66377 11 11869520 11869528 13 0 1 20 1  0
10.8422 11939974 733.592 11 59 1.16662 1 11939621 11940296 13 0 1 20 1  0
10.0934 11874751 729.585 5 92 1.82347 1 11874743 11874754 13 0 1 20 1  0
12.5398 11869057 729.235 11 1365 61.9742 83 11868298 11870008 13 0 1 20 1  0
10.0275 11869184 729.243 6 1301 55.2133 1 11869184 11869185 13 0 1 20 1  0
10.2933 11869582 729.267 6 1301 55.2133 1 11869569 11869585 13 0 1 20 1  0
0 11794432 724.65 5 1304 55.5137 6 11869542 11869562 13 0 1 20 1  0
10.0187 11854956 728.368 7 1712 115.313 1 11854956 11854957 13 0 1 20 1  0
10.208 11938807 733.52 7 2089 225.4 1 11938806 11938835 13 0 1 20 1  0
10.2773 12063264 741.167 8 0 0 1 12063264 12063265 13 0 1 20 1  0
16.5628 12190116 748.961 11 54 1.06748 984 12189080 12190774 13 0 1 20 1  0
0 12056576 740.756 8 0 0 519 12068881 12068882 13 0 1 20 1  0
10.2489 12102072 743.551 1 0 0 1 12102072 12102073 13 0 1 20 1  0
13.6461 12185096 748.652 1 0 0 1 12107164 12107165 13 0 1 20 1  0
10.7045 12193184 749.149 2 0 0 2 12189582 12189591 13 0 1 20 1  0
10.958 12190190 748.965 3 162 3.23946 2 12188885 12188913 13 0 1 20 1  0
10.3618 12321786 757.05 8 0 0 1 12321786 12321787 13 0 1 20 1  0
15.5986 12334741 757.846 8 0 0 1 12324556 12324557 13 0 1 20 1  0
0 12318720 756.862 8 0 0 798 12328004 12328005 13 0 1 20 1  0
10.0452 12321787 757.051 1 0 0 1 12321787 12321788 13 0 1 20 1  0
17.6271 12561534 771.781 1 0 0 2 12334741 12334742 13 0 1 20 1  0
10.0565 12452844 765.103 2 0 0 1 12452844 12452845 13 0 1 20 1  0
17.9322 12557934 771.559 3 0 0 22 12525263 12525273 13 0 1 20 1  0
12.1056 12574843 772.598 7 2 0.0394922 9 12530438 12530463 13 0 1 20 1  0
12.7323 12533049 770.031 5 1 0.0197462 7 12533039 12533063 13 0 1 20 1  0
10.1535 12525261 769.552 2 2 0.0394922 1 12525261 12525262 13 0 1 20 1  0
11.6998 12560871 771.74 2 2 0.0394922 2 12526491 12526499 13 0 1 20 1  0
10.9522 12453474 765.141 3 2 0.0394922 2 12453474 12453475 13 0 1 20 1  0
11.567 12557517 771.534 9 10 0.197458 18 12530551 12530608 13 0 1 20 1  0
10.875 12534695 770.132 3 7 0.13822 1 12526488 12526490 13 0 1 20 1  0
10.4011 12529124 769.789 12 184 3.69356 2 12529090 12529782 13 0 1 20 1  0
10.1197 12447878 764.798 12 241 4.89763 1 12447854 12447940 13 0 1 20 1  0
11.0557 12511370 768.699 12 1290 54.1253 2 12510420 12511886 13 0 1 20 1  0
0 12318720 756.862 12 1290 54.1253 1 12551852 12552912 13 0 1 20 1  0
12.6508 12550438 771.099 12 1491 77.7119 4 12508610 12509634 13 0 1 20 1  0
0 12318720 756.862 12 1491 77.7119 1 12549272 12551338 13 0 1 20 1  0
10.1846 12434134 763.953 12 1916 165.768 2 12433756 12434522 13 0 1 20 1  0
11.3884 12545400 770.789 12 1936 171.765 3 12432860 12434040 13 0 1 20 1  0
0 12318720 756.862 12 1918 166.358 3 12544870 12546240 13 0 1 20 1  0
12.6795 12498856 767.93 12 2443 422.442 2 12487202 12500844 13 0 1 20 1  0
0 12318720 756.862 12 2443 422.442 1 12565428 12568966 13 0 1 20 1  0
10.5167 12580559 772.95 10 3257 1789.47 1 12580415 12580678 13 0 1 20 1  0
10.3868 12582185 773.049 8 0 0 1 12582185 12582186 13 0 1 20 1  0
13.2795 12646019 776.971 8 0 0 1 12584089 12584090 13 0 1 20 1  0
0 12580864 772.968 8 0 0 1654 12588502 12588503 13 0 1 20 1  0
10.6393 12582185 773.049 2 1 0.0197462 3 12582185 12582186 13 0 1 20 1  0
13.9326 12646020 776.971 1 0 0 1 12636845 12636863 13 0 1 20 1  0
15.4782 12645360 776.931 2 0 0 4 12582184 12582188 13 0 1 20 1  0
15.3627 12636855 776.408 4 0 0 4 12636844 12636861 13 0 1 20 1  0
17.1626 12639135 776.548 5 0 0 7 12636839 12636862 13 0 1 20 1  0
13.3059 12640185 776.613 2 1 0.0197462 1 12636845 12636861 13 0 1 20 1  0
14.1832 12639801 776.589 3 1 0.0197462 2 12636845 12636861 13 0 1 20 1  0
14.8089 12639474 776.569 4 2 0.0394922 4 12636844 12636859 13 0 1 20 1  0
12.9331 12818956 787.597 6 2 0.0394922 5 12638486 12638496 13 0 1 20 1  0
11.8475 12731516 782.224 5 4 0.0789836 6 12638492 12638498 13 0 1 20 1  0
10.5946 12760979 784.035 7 4 0.0789836 4 12760970 12760991 13 0 1 20 1  0
10.0221 12638492 776.509 5 6 0.118475 1 12638492 12638493 13 0 1 20 1  0
12.5845 12738150 782.632 12 122 2.42574 9 12737130 12745056 13 0 1 20 1  0
13.3282 12843774 789.121 8 0 0 73 12843774 12843775 13 0 1 20 1  0
19.9661 12845255 789.212 8 0 0 1 12844091 12844092 13 0 1 20 1  0
13.5861 12843774 789.121 1 0 0 1 12843774 12843775 13 0 1 20 1  0
17.1866 12844462 789.164 1 0 0 1 12844092 12844093 13 0 1 20 1  0
0 12843008 789.074 1 0 0 83 12844423 12844424 13 0 1 20 1  0
17.0294 12860494 790.149 2 0 0 4 12844462 12844464 13 0 1 20 1  0
14.5082 12857880 789.988 3 0 0 10 12857874 12857887 13 0 1 20 1  0
13.1208 12853314 789.708 12 102 2.02359 32 12850984 12854358 13 0 1 20 1  0
10.2507 12852999 789.688 3 2 0.0394922 2 12852999 12853000 13 0 1 20 1  0
10.2068 12855080 789.816 2 2 0.0394922 1 12855080 12855081 13 0 1 20 1  0
11.0285 12852311 789.646 5 98 1.94347 20 12852307 12852322 13 0 1 20 1  0
10.0384 12849706 789.486 5 95 1.88345 1 12849706 12849707 13 0 1 20 1  0
16.1678 12843018 789.075 12 1705 113.884 37 12843008 12844536 13 0 1 20 1  0
11.1931 12887993 791.838 11 2018 198.701 4 12887076 12890046 13 0 1 20 1  0
10.5689 12876876 791.155 9 2246 297.835 2 12876863 12876929 13 0 1 20 1  0
13.1436 13117045 805.911 8 0 0 1 13117045 13117046 13 0 1 20 1  0
18.9394 13159953 808.547 8 0 0 1 13124907 13124908 13 0 1 20 1  0
0 13105152 805.18 8 0 0 13 13127203 13127205 13 0 1 20 1  0
13.8971 13127204 806.535 1 0 0 3 13127204 13127205 13 0 1 20 1  0
16.9605 13230917 812.908 2 0 0 23 13230915 13230923 13 0 1 20 1  0
0 13105152 805.18 1 0 0 9 13145215 13145217 13 0 1 20 1  0
11.3873 13321096 818.448 12 1735 120.135 6 13319394 13322038 13 0 1 20 1  0
10.5154 13445935 826.118 8 0 0 1 13445935 13445936 13 0 1 20 1  0
19.7602 13497886 829.31 8 0 0 1 13473990 13473991 13 0 1 20 1  0
0 13367296 821.287 8 0 0 11 13497886 13497887 13 0 1 20 1  0
10.3358 13473990 827.842 1 0 0 1 13473990 13473991 13 0 1 20 1  0
17.0589 13562390 833.273 1 0 0 2 13497886 13497888 13 0 1 20 1  0
0 13367296 821.287 1 0 0 7 13498870 13498871 13 0 1 20 1  0
12.1783 13667949 839.759 8 1 0.0197462 82 13667926 13668012 13 0 1 20 1  0
10.507 13667164 839.711 12 1713 115.519 4 13666792 13667662 13 0 1 20 1  0
20.125 14138821 868.689 8 0 0 1 13927735 13927737 13 0 1 20 1  0
0 13891584 853.499 8 0 0 21 13929609 13929610 13 0 1 20 1  0
20.704 13927736 855.72 1 0 0 1 13927735 13927738 13 0 1 20 1  0
0 13891584 853.499 1 0 0 15 13930585 13930589 13 0 1 20 1  0
15.7179 13930587 855.895 2 0 0 6 13927735 13927738 13 0 1 20 1  0
10.8012 13927563 855.709 7 0 0 1 13927532 13927574 13 0 1 20 1  0
11.0828 13922584 855.404 12 1354 60.7579 10 13921596 13923116 13 0 1 20 1  0
16.3287 14153870 869.614 8 0 0 77 14153870 14153871 13 0 1 20 1  0
20.0213 14403572 884.955 8 0 0 1 14163037 14163038 13 0 1 20 1  0
16.8274 14174821 870.901 1 0 0 2 14153870 14153872 13 0 1 20 1  0
0 14153728 869.605 1 0 0 71 14163037 14163038 13 0 1 20 1  0
11.4125 14415686 885.7 2 0 0 1 14174820 14174822 13 0 1 20 1  0
10.6353 14203943 872.69 1 1 0.0197462 1 14203943 14203944 13 0 1 20 1  0
10.528 14387540 883.97 2 2 0.0394922 1 14387540 14387541 13 0 1 20 1  0
10.3621 14394409 884.392 2 2 0.0394922 1 14394409 14394410 13 0 1 20 1  0
10.1753 14415812 885.707 12 2517 481.697 2 14415414 14415874 13 0 1 20 1  0
19.7996 14416668 885.76 8 0 0 1 14416668 14416669 13 0 1 20 1  0
20.6416 14596311 896.797 8 0 0 1 14416995 14416996 13 0 1 20 1  0
0 14415872 885.711 8 0 0 109 14417976 14417977 13 0 1 20 1  0
20.6858 14489969 890.264 1 0 0 2 14416668 14416670 13 0 1 20 1  0
0 14415872 885.711 1 0 0 111 14417976 14417977 13 0 1 20 1  0
10.4686 14422881 886.142 2 0 0 1 14422881 14422882 13 0 1 20 1  0
10.1764 14648348 899.994 1 1 0.0197462 1 14648348 14648349 13 0 1 20 1  0
10.226 14579951 895.792 2 2 0.0394922 1 14579951 14579952 13 0 1 20 1  0
11.7482 14676152 901.703 9 1120 39.6948 127 14675937 14676572 13 0 1 20 1  0
11.5471 14616106 898.014 12 2615 573.144 2 14615062 14616926 13 0 1 20 1  0
19.6794 14684346 902.206 8 0 0 609 14684346 14684347 13 0 1 20 1  0
19.773 14903287 915.658 8 0 0 1 14685327 14685328 13 0 1 20 1  0
22.2213 14797253 909.143 1 0 0 2 14684346 14684348 13 0 1 20 1  0
15.3417 14889208 914.793 2 0 0 3 14684345 14684347 13 0 1 20 1  0
10.4264 14692851 902.729 1 1 0.0197462 1 14692851 14692852 13 0 1 20 1  0
10.803 14783833 908.319 1 1 0.0197462 1 14783833 14783834 13 0 1 20 1  0
10.7018 14809680 909.907 2 3 0.059238 2 14809680 14809681 13 0 1 20 1  0
11.2494 14678192 901.828 12 453 9.91668 2 14678016 14678696 13 0 1 20 1  0
16.5466 14947144 918.352 8 0 0 1 14947144 14947145 13 0 1 20 1  0
19.825 15041399 924.143 8 0 0 1 14957938 14957939 13 0 1 20 1  0
0 14940160 917.923 8 0 0 339 14972994 14972995 13 0 1 20 1  0
22.2832 15135334 929.915 1 0 0 2 14947144 14947146 13 0 1 20 1  0
10.2702 14947143 918.352 2 0 0 1 14947143 14947144 13 0 1 20 1  0
15.2183 15171603 932.143 3 0 0 8 15083186 15083207 13 0 1 20 1  0
14.7729 15083852 926.752 6 0 0 238 15083177 15083218 13 0 1 20 1  0
10.832 14957938 919.016 1 1 0.0197462 1 14957938 14957939 13 0 1 20 1  0
10.813 15093763 927.361 1 1 0.0197462 1 14972994 14972995 13 0 1 20 1  0
12.0016 15041397 924.143 2 3 0.059238 4 15041397 15041398 13 0 1 20 1  0
10.547 15173631 932.268 2 2 0.0394922 1 15070197 15070198 13 0 1 20 1  0
10.9081 15066600 925.692 2 3 0.059238 1 15066600 15066601 13 0 1 20 1  0
10.034 15082104 926.644 7 557 12.8453 1 15082104 15082106 13 0 1 20 1  0
18.6777 15202762 934.058 8 0 0 2339 15202762 15202763 13 0 1 20 1  0
20.2821 15449563 949.221 8 0 0 1 15204401 15204402 13 0 1 20 1  0
20.5333 15221428 935.205 1 0 0 2 15202762 15202764 13 0 1 20 1  0
10.0988 15202762 934.058 2 0 0 1 15202762 15202763 13 0 1 20 1  0
17.898 15268522 938.098 4 0 0 48 15207051 15207058 13 0 1 20 1  0
16.2618 15367155 944.158 10 1371 62.6476 2460 15336114 15336958 13 0 1 20 1  0
10.7534 15207052 934.321 3 2 0.0394922 2 15207052 15207053 13 0 1 20 1  0
10.7363 15238445 936.25 1 1 0.0197462 1 15238445 15238446 13 0 1 20 1  0
13.4081 15267953 938.063 2 1 0.0197462 5 15207054 15207056 13 0 1 20 1  0
11.3678 15378215 944.838 2 2 0.0394922 1 15267952 15267954 13 0 1 20 1  0
11.0607 15218806 935.043 2 3 0.059238 1 15218806 15218807 13 0 1 20 1  0
10.6516 15432546 948.176 2 4 0.0789836 1 15267949 15267951 13 0 1 20 1  0
12.7107 15343552 942.708 5 89 1.76354 85 15343535 15343570 13 0 1 20 1  0
13.0773 15409417 946.755 9 98 1.94347 34 15343605 15343696 13 0 1 20 1  0
12.8897 15374321 944.598 5 88 1.74358 21 15343537 15343574 13 0 1 20 1  0
12.2016 15374122 944.586 5 173 3.46586 15 15343684 15343692 13 0 1 20 1  0
10.0263 15368227 944.224 4 174 3.4865 1 15368227 15368228 13 0 1 20 1  0
13.2296 15328437 941.779 8 270 5.52849 175 15328381 15328494 13 0 1 20 1  0
10.0305 15342779 942.66 10 334 6.97459 1 15342779 15342780 13 0 1 20 1  0
10.5677 15342413 942.638 6 595 14.0188 12 15342395 15342447 13 0 1 20 1  0
11.4998 15340189 942.501 7 988 31.0519 5 15340161 15340242 13 0 1 20 1  0
10.1562 15405004 946.483 7 1098 38.1168 1 15405003 15405013 13 0 1 20 1  0
10.0339 15339178 942.439 8 1121 39.7679 1 15339178 15339179 13 0 1 20 1  0
11.8217 15335765 942.229 10 1435 70.2873 24 15335440 15336151 13 0 1 20 1  0
11.2763 15338794 942.415 12 2269 310.242 2 15337362 15339784 13 0 1 20 1  0
13.0514 15465937 950.227 8 0 0 1 15465937 15465938 13 0 1 20 1  0
19.8515 15517659 953.405 8 0 0 1 15469868 15469869 13 0 1 20 1  0
0 15464448 950.136 8 0 0 137 15470848 15470849 13 0 1 20 1  0
10.7669 15465937 950.227 1 0 0 1 15465937 15465938 13 0 1 20 1  0
24.6931 15489513 951.676 1 0 0 5 15469868 15469869 13 0 1 20 1  0
0 15464448 950.136 1 0 0 146 15470848 15470849 13 0 1 20 1  0
10.0378 15472482 950.629 2 0 0 1 15472482 15472483 13 0 1 20 1  0
14.4547 15490047 951.708 7 0 0 357 15490008 15490109 13 0 1 20 1  0
10.6074 15593601 958.071 1 1 0.0197462 1 15593601 15593602 13 0 1 20 1  0
10.8954 15697026 964.425 2 3 0.059238 3 15517656 15517657 13 0 1 20 1  0
10.1745 15488736 951.628 7 509 11.4456 2 15488732 15488742 13 0 1 20 1  0
11.7871 15645904 961.284 12 1529 83.182 14 15644148 15647734 13 0 1 20 1  0
10.9124 15696926 964.419 12 2809 808.517 1 15695716 15697350 13 0 1 20 1  0
17.3806 15728133 966.336 8 0 0 1 15728133 15728134 13 0 1 20 1  0
18.506 15936336 979.128 8 0 0 1 15734030 15734031 13 0 1 20 1  0
0 15726592 966.242 8 0 0 64 15737298 15737299 13 0 1 20 1  0
14.8026 15728133 966.336 1 0 0 1 15728133 15728134 13 0 1 20 1  0
17.5908 15863326 974.643 1 0 0 3 15734030 15734031 13 0 1 20 1  0
0 15726592 966.242 1 0 0 54 15737298 15737299 13 0 1 20 1  0
10.474 15766507 968.694 2 1 0.0197462 1 15766507 15766508 13 0 1 20 1  0
10.1169 15844729 973.5 2 2 0.0394922 1 15844729 15844730 13 0 1 20 1  0
11.1129 15764084 968.545 12 26 0.513479 1 15761262 15767844 13 0 1 20 1  0
11.1508 15742078 967.193 12 211 4.25852 1 15741278 15742474 13 0 1 20 1  0
12.0102 15726602 966.242 12 2677 639.764 3 15726592 15727390 13 0 1 20 1  0
10.5931 15727018 966.268 12 3177 1552.79 2 15726592 15727878 13 0 1 20 1  0
11.5004 15990676 982.467 8 0 0 1 15990676 15990677 13 0 1 20 1  0
18.2938 16133083 991.217 8 0 0 1 15995584 15995585 13 0 1 20 1  0
0 15988736 982.348 8 0 0 53 15996568 15996569 13 0 1 20 1  0
10.5755 15990676 982.467 1 0 0 1 15990676 15990677 13 0 1 20 1  0
21.4682 16218854 996.486 1 0 0 3 15995584 15995586 13 0 1 20 1  0
0 15988736 982.348 1 0 0 52 15996568 15996570 13 0 1 20 1  0
10.7313 15996567 982.829 2 2 0.0394922 1 15996567 15996568 13 0 1 20 1  0
10.2533 16086918 988.38 2 2 0.0394922 1 16086918 16086919 13 0 1 20 1  0
18.9306 16261743 999.121 8 0 0 1 16261743 16261744 13 0 1 20 1  0
19.37 16279425 1000.21 8 0 0 1 16264689 16264690 13 0 1 20 1  0
0 16250880 998.454 8 0 0 11 16266004 16266005 13 0 1 20 1  0
17.3718 16279425 1000.21 1 0 0 2 16261743 16261745 13 0 1 20 1  0
0 16250880 998.454 1 0 0 11 16264689 16264690 13 0 1 20 1  0
10.4403 16261743 999.121 1 1 0.0197462 2 16261743 16261744 13 0 1 20 1  0
17.8775 16567227 1017.89 8 0 0 11 16567226 16567228 13 0 1 20 1  0
0 16513024 1014.56 8 0 0 28 16731364 16731366 13 0 1 20 1  0
20.1036 16567227 1017.89 1 0 0 1 16561987 16561989 13 0 1 20 1  0
0 16513024 1014.56 1 0 0 4 16567226 16567229 13 0 1 20 1  0
14.2509 16731365 1027.97 2 0 0 5 16567226 16567229 13 0 1 20 1  0
23.4403 16677436 1024.66 12 180 3.6106 360 16560188 16562822 13 0 1 20 1  0
10.3377 16786730 1031.38 8 0 0 1 16786730 16786731 13 0 1 20 1  0
20.4244 17027090 1046.14 8 0 0 1 16911867 16911868 13 0 1 20 1  0
0 16775168 1030.67 8 0 0 2 16953051 16953052 13 0 1 20 1  0
10.494 16911867 1039.07 1 0 0 2 16911867 16911868 13 0 1 20 1  0
14.5833 17027091 1046.14 1 0 0 2 17027090 17027092 13 0 1 20 1  0
10.6508 16921748 1039.67 12 135 2.6887 1 16921326 16922498 13 0 1 20 1  0
10.4216 16837576 1034.5 12 2462 436.923 1 16837418 16837712 13 0 1 20 1  0
11.191 17010884 1045.15 12 3080 1307.4 1 17008516 17011450 13 0 1 20 1  0
11.2721 16989494 1043.83 12 3139 1451.6 1 16987912 16993328 13 0 1 20 1  0
17.3675 17056562 1047.96 8 0 0 1 17041496 17041498 13 0 1 20 1  0
0 17037312 1046.77 8 0 0 8 17056562 17056563 13 0 1 20 1  0
16.1983 17041497 1047.03 1 0 0 1 17041497 17041498 13 0 1 20 1  0
16.1542 17056562 1047.96 1 0 0 1 17056562 17056564 13 0 1 20 1  0
0 17037312 1046.77 1 0 0 23 17100789 17100790 13 0 1 20 1  0
13.3785 17290183 1062.31 2 0 0 6 17041496 17041498 13 0 1 20 1  0
11.3957 17237414 1059.07 12 49 0.968414 2 17233750 17239434 13 0 1 20 1  0
14.6931 17299262 1062.87 12 62 1.22615 2 17291084 17299458 13 0 1 20 1  0
10.6675 17464770 1073.04 8 0 0 1 17464770 17464771 13 0 1 20 1  0
11.6221 17557178 1078.71 8 0 0 1 17557178 17557179 13 0 1 20 1  0
10.4551 17382890 1068 1 0 0 1 17382890 17382891 13 0 1 20 1  0
13.3637 17464770 1073.04 1 0 0 2 17438230 17438231 13 0 1 20 1  0
0 17299456 1062.88 1 0 0 9 17452663 17452664 13 0 1 20 1  0
10.1183 17438229 1071.4 2 0 0 1 17438229 17438230 13 0 1 20 1  0
11.6508 17452663 1072.29 3 0 0 2 17452662 17452666 13 0 1 20 1  0
11.7994 17347818 1065.85 12 1976 184.417 2 17345430 17349608 13 0 1 20 1  0
10.2354 17577799 1079.98 8 0 0 1 17577799 17577800 13 0 1 20 1  0
25.5131 17775007 1092.1 3 0 0 34 17719323 17719329 13 0 1 20 1  0
0 17561600 1078.98 8 0 0 6 17605330 17605331 13 0 1 20 1  0
10.2157 17595166 1081.05 1 0 0 1 17595166 17595167 13 0 1 20 1  0
0 17561600 1078.98 1 0 0 16 17701968 17701969 13 0 1 20 1  0
10.4046 17719325 1088.68 3 1 0.0197462 1 17719325 17719326 13 0 1 20 1  0
13.1597 17731016 1089.39 12 84 1.66377 4 17726044 17732622 13 0 1 20 1  0
19.8756 17723508 1088.93 12 1768 127.405 695 17675670 17679654 13 0 1 20 1  0
0 17561600 1078.98 12 982 30.7029 1 17729226 17731736 13 0 1 20 1  0
0 17561600 1078.98 10 1371 62.6476 8 17726351 17730142 13 0 1 20 1  0
0 17561600 1078.98 12 1673 107.571 11 17721966 17729156 13 0 1 20 1  0
14.3097 17823744 1095.09 12 2093 227.006 10 17821768 17823746 13 0 1 20 1  0
10.0199 17825148 1095.18 8 0 0 1 17825148 17825149 13 0 1 20 1  0
13.4671 17879043 1098.49 8 0 0 1 17863494 17863497 13 0 1 20 1  0
0 17823744 1095.09 8 0 0 7 17879043 17879046 13 0 1 20 1  0
10.2108 17825149 1095.18 1 0 0 1 17825149 17825150 13 0 1 20 1  0
14.5263 17885261 1098.87 1 0 0 1 17863495 17863499 13 0 1 20 1  0
0 17823744 1095.09 1 0 0 26 17867721 17867723 13 0 1 20 1  0
17.2612 17879044 1098.49 2 0 0 16 17863495 17863500 13 0 1 20 1  0
10.792 17863497 1097.53 3 1 0.0197462 1 17863497 17863498 13 0 1 20 1  0
12.4796 17889203 1099.11 11 1299 55.014 12 17888195 17890210 13 0 1 20 1  0
0 17823744 1095.09 10 1351 60.4302 1 18079997 18080045 13 0 1 20 1  0
11.0047 17823936 1095.1 12 2726 697.849 2 17823744 17825190 13 0 1 20 1  0
10.2299 18189192 1117.54 8 0 0 1 18189192 18189193 13 0 1 20 1  0
21.9998 18299022 1124.29 2 0 0 256 18213421 18213428 13 0 1 20 1  0
0 18085888 1111.2 8 0 0 5 18213427 18213428 13 0 1 20 1  0
0 18085888 1111.2 1 0 0 6 18299015 18299048 13 0 1 20 1  0
10.0432 18213424 1119.03 4 0 0 1 18213424 18213425 13 0 1 20 1  0
10.3902 18104302 1112.33 12 788 21.0851 1 18104000 18104452 13 0 1 20 1  0
12.1345 18101565 1112.16 9 1340 59.2432 87 18101164 18102059 13 0 1 20 1  0
10.2947 18395901 1130.24 8 0 0 1 18395901 18395902 13 0 1 20 1  0
11.0764 18448628 1133.48 8 0 0 1 18448628 18448629 13 0 1 20 1  0
0 18348032 1127.3 8 0 0 47 18563956 18563957 13 0 1 20 1  0
10.0063 18449948 1133.56 1 0 0 1 18449948 18449949 13 0 1 20 1  0
10.7779 18554120 1139.97 1 0 0 1 18554120 18554121 13 0 1 20 1  0
0 18348032 1127.3 1 0 0 15 18563956 18563957 13 0 1 20 1  0
10.5435 18401470 1130.59 2 0 0 1 18401470 18401471 13 0 1 20 1  0
18.3833 18600570 1142.82 12 978 30.4721 757 18598818 18602298 13 0 1 20 1  0
10.7203 18581959 1141.68 4 11 0.217204 10 18581958 18581963 13 0 1 20 1  0
10.0634 18563950 1140.57 3 7 0.13822 1 18563950 18563951 13 0 1 20 1  0
10.4523 18515016 1137.56 12 117 2.32495 1 18514954 18515682 13 0 1 20 1  0
10.8001 18524811 1138.16 7 173 3.46586 6 18524797 18524824 13 0 1 20 1  0
11.4461 18551232 1139.79 9 297 6.12887 19 18551160 18551305 13 0 1 20 1  0
12.6457 18515278 1137.58 12 374 7.92266 5 18514432 18518012 13 0 1 20 1  0
0 18348032 1127.3 9 1380 63.671 1 18599539 18599544 13 0 1 20 1  0
11.2864 18514170 1137.51 12 1665 106.048 7 18513020 18515382 13 0 1 20 1  0
10.2706 18607814 1143.26 12 2072 218.698 1 18606812 18608518 13 0 1 20 1  0
10.8187 18610136 1143.41 12 2444 423.192 1 18609852 18610178 13 0 1 20 1  0
10.1597 18808954 1155.62 8 0 0 1 18808954 18808955 13 0 1 20 1  0
11.5003 18625202 1144.33 2 0 0 3 18625201 18625204 13 0 1 20 1  0
11.1168 18893164 1160.8 8 0 0 1 18893164 18893165 13 0 1 20 1  0
19.4113 18969389 1165.48 8 0 0 1 18969389 18969390 13 0 1 20 1  0
0 18872320 1159.52 8 0 0 1303 19070012 19070018 13 0 1 20 1  0
10.5963 18893165 1160.8 1 0 0 1 18893165 18893166 13 0 1 20 1  0
16.0711 19114236 1174.38 1 0 0 1 18934426 18934428 13 0 1 20 1  0
10.5951 18934427 1163.33 2 0 0 1 18934427 18934428 13 0 1 20 1  0
16.4192 19113555 1174.34 4 0 0 9 19070010 19070014 13 0 1 20 1  0
17.5057 19079207 1172.23 7 0 0 111 19070323 19070407 13 0 1 20 1  0
15.849 19108982 1174.06 7 5 0.0987291 146 19070332 19070369 13 0 1 20 1  0
10.1103 19113257 1174.32 2 1 0.0197462 1 19113257 19113258 13 0 1 20 1  0
10.3811 19070012 1171.66 3 1 0.0197462 1 19070012 19070013 13 0 1 20 1  0
11.8239 19105724 1173.86 3 1 0.0197462 1 19071944 19071951 13 0 1 20 1  0
10.2556 19072317 1171.8 3 2 0.0394922 1 19072317 19072318 13 0 1 20 1  0
11.2877 19123423 1174.94 3 2 0.0394922 1 19079233 19079234 13 0 1 20 1  0
11.0679 19083447 1172.49 3 3 0.059238 2 19083447 19083449 13 0 1 20 1  0
10.065 19071938 1171.78 4 4 0.0789836 1 19071938 19071939 13 0 1 20 1  0
10.6832 19107978 1173.99 5 4 0.0789836 3 19085071 19085078 13 0 1 20 1  0
10.7056 19115826 1174.48 3 5 0.0987291 2 19114517 19114519 13 0 1 20 1  0
12.5211 19130398 1175.37 9 11 0.217204 7 19079244 19079395 13 0 1 20 1  0
10.8152 19130374 1175.37 12 489 10.8874 2 19082080 19084194 13 0 1 20 1  0
0 18872320 1159.52 12 489 10.8874 2 19127596 19131050 13 0 1 20 1  0
10.7357 19127098 1175.17 12 762 20.0088 1 19126728 19127550 13 0 1 20 1  0
11.6669 19100894 1173.56 12 1448 71.9465 5 19062364 19063834 13 0 1 20 1  0
0 18872320 1159.52 12 1448 71.9465 1 19098718 19102816 13 0 1 20 1  0
10.5129 19072028 1171.79 12 1741 121.425 2 19071556 19072730 13 0 1 20 1  0
112.199 9661280 593.589 9 2732 705.314 818 9660543 9661786 13 0 1 20 1 1
