13.1892 2745 0.168653 8 0 0 5674 2745 2746 13 0 1 20 1  0
16.0977 137370 8.44001 8 0 0 1 3081 3082 13 0 1 20 1  0
23.3908 227334 13.9674 12 189 3.79751 664 224622 230026 13 0 1 20 1  0
12.4923 2746 0.168714 1 0 0 1 2746 2747 13 0 1 20 1  0
19.0011 228747 14.0542 1 0 0 1 3082 3083 13 0 1 20 1  0
30.4411 251479 15.4509 7 0 0 3173 225075 230088 13 0 1 20 1  0
11.2329 6266 0.384983 3 5 0.0987291 3 6265 6268 13 0 1 20 1  0
15.5391 230020 14.1324 4 2 0.0394922 1 6269 6271 13 0 1 20 1  0
12.0895 101341 6.22639 3 4 0.0789836 2 6267 6270 13 0 1 20 1  0
10.0375 93853 5.76633 5 5 0.0987291 1 93853 93854 13 0 1 20 1  0
10.2893 102303 6.2855 5 9 0.177712 1 102301 102308 13 0 1 20 1  0
12.7139 227256 13.9626 5 207 4.17424 19 224637 224680 13 0 1 20 1  0
10.0116 225648 13.8638 3 203 4.09018 1 225648 225649 13 0 1 20 1  0
10.0784 225970 13.8836 3 205 4.13218 1 225970 225971 13 0 1 20 1  0
0 2048 0.125829 5 1200 45.9612 13 246291 246298 13 0 1 20 1  0
10.6496 218698 13.4368 12 1499 78.8333 2 218072 219214 13 0 1 20 1  0
16.8022 192569 11.8314 8 2278 315.237 1047 188018 194102 13 0 1 20 1  0
0 2048 0.125829 5 1760 125.603 372 213807 213808 13 0 1 20 1  0
10.021 209176 12.8518 6 1839 144.56 1 209176 209177 13 0 1 20 1  0
10.0802 209404 12.8658 6 1842 145.333 2 209404 209405 13 0 1 20 1  0
10.207 244703 15.0346 7 2039 206.251 1 244701 244708 13 0 1 20 1  0
10.757 202439 12.4379 6 2060 214.088 9 202171 202175 13 0 1 20 1  0
10.0491 201785 12.3977 5 2070 217.923 2 201785 201786 13 0 1 20 1  0
11.8814 244532 15.024 12 2109 233.547 4 241828 246600 13 0 1 20 1  0
10.4705 219396 13.4797 7 2302 328.951 1 187795 188420 13 0 1 20 1  0
11.2995 216761 13.3178 6 2344 354.399 1 185737 186030 13 0 1 20 1  0
11.2255 214030 13.15 7 2400 391.417 2 181644 182669 13 0 1 20 1  0
11.8266 214642 13.1876 12 2411 399.13 3 180444 183290 13 0 1 20 1  0
11.0491 216302 13.2896 9 2636 594.894 1 214805 217352 13 0 1 20 1  0
10.6892 260439 16.0014 8 0 0 917 260439 260440 13 0 1 20 1  0
16.345 497112 30.5426 8 0 0 210 261414 261415 13 0 1 20 1  0
12.3177 260439 16.0014 1 0 0 1 260439 260440 13 0 1 20 1  0
18.4811 505733 31.0722 1 0 0 16 261415 261416 13 0 1 20 1  0
10.4449 498412 30.6224 2 1 0.0197462 1 498412 498413 13 0 1 20 1  0
10.0073 497764 30.5826 3 1 0.0197462 1 497764 497765 13 0 1 20 1  0
10.1542 382770 23.5174 4 2 0.0394922 1 382770 382771 13 0 1 20 1  0
11.2317 500186 30.7314 4 5 0.0987291 7 500185 500190 13 0 1 20 1  0
10.0647 497840 30.5873 4 4 0.0789836 1 497840 497841 13 0 1 20 1  0
10.0024 468200 28.7662 12 357 7.51516 1 468200 468202 13 0 1 20 1  0
10.0589 467402 28.7172 12 863 24.4495 1 467354 467428 13 0 1 20 1  0
10.715 461859 28.3766 7 1520 81.8532 1 461492 462067 13 0 1 20 1  0
12.7193 458238 28.1541 12 1904 162.27 3 455452 460314 13 0 1 20 1  0
11.3679 507554 31.1841 11 2634 592.787 18 506447 508844 13 0 1 20 1  0
16.5347 474332 29.143 12 2938 1016.35 186 469026 477942 13 0 1 20 1  0
0 260096 15.9803 8 2787 777.579 28 492555 492697 13 0 1 20 1  0
10.2576 507012 31.1508 12 2917 979.196 1 474626 477098 13 0 1 20 1  0
13.0243 522240 32.0864 12 3095 1342.64 9 520844 522242 13 0 1 20 1  0
13.2248 523441 32.1602 8 0 0 1931 523441 523442 13 0 1 20 1  0
23.4424 585806 35.9919 11 189 3.79751 791 567200 568256 13 0 1 20 1  0
16.8054 720075 44.2414 8 0 0 1 524091 524092 13 0 1 20 1  0
10.2122 523442 32.1603 1 0 0 1 523442 523443 13 0 1 20 1  0
30.4664 695299 42.7192 6 0 0 251 557875 557880 13 0 1 20 1  0
11.0972 554643 34.0773 2 1 0.0197462 2 554643 554644 13 0 1 20 1  0
10.066 555939 34.1569 5 1 0.0197462 1 555939 555940 13 0 1 20 1  0
10.3933 568300 34.9164 2 2 0.0394922 1 568300 568301 13 0 1 20 1  0
10.4272 557897 34.2772 3 4 0.0789836 2 557897 557898 13 0 1 20 1  0
10.0732 567264 34.8527 7 7 0.13822 2 567264 567265 13 0 1 20 1  0
12.8185 567272 34.8532 12 10 0.197458 3 565310 567958 13 0 1 20 1  0
10.1976 554048 34.0407 12 2362 365.9 1 553250 554422 13 0 1 20 1  0
14.2738 552300 33.9333 12 2650 609.85 41 549242 554836 13 0 1 20 1  0
12.093 522244 32.0867 12 2809 808.517 12 522240 523166 13 0 1 20 1  0
12.1395 537226 33.0072 12 2932 1005.59 3 533876 540318 13 0 1 20 1  0
13.3996 784418 48.1946 8 0 0 3925 784418 784419 13 0 1 20 1  0
22.3744 949396 58.3309 8 221 4.47014 5986 818111 818180 13 0 1 20 1  0
29.9247 949752 58.3528 6 0 0 949 818669 818674 13 0 1 20 1  0
10.1249 818666 50.2988 5 1 0.0197462 2 818666 818667 13 0 1 20 1  0
10.8788 942453 57.9043 2 2 0.0394922 1 787719 787721 13 0 1 20 1  0
15.7251 989566 60.7989 3 2 0.0394922 1 787718 787722 13 0 1 20 1  0
10.1661 819900 50.3747 5 2 0.0394922 1 819900 819901 13 0 1 20 1  0
13.1576 787716 48.3973 3 4 0.0789836 2 787714 787718 13 0 1 20 1  0
10.0182 920057 56.5283 8 4 0.0789836 1 920057 920058 13 0 1 20 1  0
10.0311 874991 53.7594 5 6 0.118475 1 874991 874992 13 0 1 20 1  0
15.965 820292 50.3987 12 126 2.50651 343 817934 821704 13 0 1 20 1  0
0 784384 48.1926 7 1338 59.0298 1 813791 813817 13 0 1 20 1  0
11.5735 800262 49.1681 8 1950 176.092 73 799188 801336 13 0 1 20 1  0
10.1643 809806 49.7545 5 1626 98.9214 1 809806 809809 13 0 1 20 1  0
10.3326 809535 49.7378 6 1631 99.8078 1 809320 809570 13 0 1 20 1  0
10.1007 808625 49.6819 6 1664 105.859 1 808625 808631 13 0 1 20 1  0
0 784384 48.1926 7 1900 161.12 5 802137 802171 13 0 1 20 1  0
10.8295 1046670 64.3074 8 0 0 7737 1046670 1046671 13 0 1 20 1  0
16.2091 1152276 70.7958 8 0 0 1 1046844 1046845 13 0 1 20 1  0
16.254 1250587 76.8361 8 0 0 1 1047639 1047640 13 0 1 20 1  0
10.9079 1046671 64.3075 1 0 0 1 1046671 1046672 13 0 1 20 1  0
22.2627 1250588 76.8361 2 0 0 4 1046845 1046847 13 0 1 20 1  0
17.7461 1244472 76.4604 5 1 0.0197462 22 1206870 1206893 13 0 1 20 1  0
10.1411 1206880 74.1507 4 0 0 3 1206880 1206881 13 0 1 20 1  0
18.5588 1284640 78.9283 12 882 25.368 8669 1282974 1296596 13 0 1 20 1  0
11.2846 1201997 73.8507 2 1 0.0197462 1 1201997 1201998 13 0 1 20 1  0
10.0138 1219137 74.9038 3 2 0.0394922 1 1219137 1219138 13 0 1 20 1  0
10.2196 1217487 74.8024 3 4 0.0789836 1 1217487 1217488 13 0 1 20 1  0
11.3179 1300536 79.9049 3 4 0.0789836 2 1244470 1244473 13 0 1 20 1  0
10.3803 1286973 79.0716 3 165 3.30108 1 1286972 1286975 13 0 1 20 1  0
10.0035 1201314 73.8087 9 185 3.71433 1 1201314 1201315 13 0 1 20 1  0
10.0444 1201471 73.8184 4 189 3.79751 1 1201471 1201472 13 0 1 20 1  0
11.8262 1206403 74.1214 6 488 10.8599 56 1200540 1200556 13 0 1 20 1  0
10.0823 1200543 73.7614 4 495 11.0534 2 1200543 1200544 13 0 1 20 1  0
10.1523 1158670 71.1887 12 2696 661.69 1 1158528 1158772 13 0 1 20 1  0
17.2355 1401049 86.0804 6 1 0.0197462 111 1326332 1326336 13 0 1 20 1  0
15.7435 1434108 88.1116 8 0 0 1 1308880 1308881 13 0 1 20 1  0
0 1308672 80.4048 8 0 0 2861 1309050 1309051 13 0 1 20 1  0
13.2606 1308725 80.4081 1 0 0 1 1308725 1308726 13 0 1 20 1  0
16.8754 1375472 84.509 1 0 0 1 1309051 1309052 13 0 1 20 1  0
14.9972 1558335 95.7441 1 0 0 1 1309703 1309704 13 0 1 20 1  0
16.2376 1336816 82.134 2 0 0 2 1310506 1310509 13 0 1 20 1  0
15.7434 1377021 84.6042 3 0 0 3 1326334 1326351 13 0 1 20 1  0
15.4894 1391314 85.4823 4 0 0 7 1326336 1326352 13 0 1 20 1  0
15.9517 1477712 90.7906 5 1 0.0197462 2 1326330 1326348 13 0 1 20 1  0
10.0064 1311155 80.5574 3 1 0.0197462 1 1311155 1311156 13 0 1 20 1  0
10.0974 1326332 81.4898 3 2 0.0394922 2 1326332 1326333 13 0 1 20 1  0
12.3901 1399091 85.9602 3 2 0.0394922 1 1332192 1332199 13 0 1 20 1  0
10.1208 1352637 83.106 5 4 0.0789836 1 1352637 1352638 13 0 1 20 1  0
13.1202 1400383 86.0395 4 5 0.0987291 4 1332187 1332193 13 0 1 20 1  0
10.0126 1372772 84.3431 6 5 0.0987291 1 1372772 1372773 13 0 1 20 1  0
10.0218 1376676 84.583 5 7 0.13822 1 1376676 1376677 13 0 1 20 1  0
10.0782 1393224 85.5997 4 8 0.157966 1 1393224 1393225 13 0 1 20 1  0
11.2455 1391301 85.4815 9 61 1.2063 2 1376657 1376708 13 0 1 20 1  0
10.441 1418709 87.1655 7 104 2.06369 6 1400838 1400864 13 0 1 20 1  0
10.2465 1336801 82.133 10 220 4.44892 2 1336779 1336820 13 0 1 20 1  0
11.4161 1309108 80.4316 9 870 24.7846 42 1308690 1309462 13 0 1 20 1  0
10.7465 1332199 81.8503 6 1241 49.5231 4 1332187 1332418 13 0 1 20 1  0
10.2627 1330309 81.7342 7 1434 70.1613 1 1330306 1330316 13 0 1 20 1  0
10.1052 1329153 81.6632 7 1522 82.1467 1 1329145 1329157 13 0 1 20 1  0
10.2971 1308689 80.4058 10 2257 303.706 1 1308672 1308877 13 0 1 20 1  0
16.5444 1308792 80.4122 12 2786 776.201 67 1308672 1311418 13 0 1 20 1  0
11.6754 1571646 96.5619 8 0 0 1530 1571646 1571647 13 0 1 20 1  0
15.4814 1760632 108.173 8 0 0 1 1572465 1572466 13 0 1 20 1  0
10.0664 1571166 96.5324 1 0 0 1 1571166 1571167 13 0 1 20 1  0
19.1937 1588200 97.579 1 0 0 1 1571647 1571648 13 0 1 20 1  0
13.6096 1817134 111.645 1 0 0 1 1572466 1572467 13 0 1 20 1  0
10.1612 1578563 96.9869 3 0 0 2 1578563 1578564 13 0 1 20 1  0
19.6364 1655023 101.685 5 0 0 17 1590606 1590635 13 0 1 20 1  0
24.6388 1651762 101.484 6 2 0.0394922 151 1590576 1590655 13 0 1 20 1  0
13.1711 1630015 100.148 2 1 0.0197462 2 1588197 1588199 13 0 1 20 1  0
20.6172 1631963 100.268 5 2 0.0394922 229 1590566 1590630 13 0 1 20 1  0
12.4456 1630639 100.186 4 5 0.0987291 4 1590602 1590609 13 0 1 20 1  0
11.4983 1651438 101.464 3 4 0.0789836 5 1590603 1590605 13 0 1 20 1  0
10.1699 1590020 97.6908 3 3 0.059238 1 1590020 1590021 13 0 1 20 1  0
10.0177 1590614 97.7273 5 4 0.0789836 1 1590614 1590615 13 0 1 20 1  0
10.2483 1592494 97.8428 3 5 0.0987291 1 1592494 1592495 13 0 1 20 1  0
10.1786 1592295 97.8306 4 6 0.118475 1 1592295 1592296 13 0 1 20 1  0
10.232 1706902 104.872 7 17 0.335692 1 1654290 1654298 13 0 1 20 1  0
12.8241 1784058 109.613 12 398 8.51027 15 1629376 1631078 13 0 1 20 1  0
11.2002 1791376 110.062 6 94 1.86345 8 1786514 1786521 13 0 1 20 1  0
10.2129 1795893 110.34 7 105 2.08375 2 1791345 1791359 13 0 1 20 1  0
11.6908 1782829 109.537 7 210 4.23743 80 1782792 1782865 13 0 1 20 1  0
10.0006 1785640 109.71 3 407 8.73453 1 1785640 1785641 13 0 1 20 1  0
11.879 1627946 100.021 12 984 30.8188 9 1627294 1629004 13 0 1 20 1  0
13.3283 1778190 109.252 12 1488 77.2954 146 1776382 1779878 13 0 1 20 1  0
0 1570816 96.5109 5 1358 61.1975 19 1779250 1779260 13 0 1 20 1  0
10.0399 1776778 109.165 4 1677 108.341 1 1776778 1776779 13 0 1 20 1  0
10.8889 1833211 112.632 8 0 0 1087 1833211 1833212 13 0 1 20 1  0
14.4913 1982724 121.819 8 0 0 1 1834668 1834669 13 0 1 20 1  0
10.0743 1835318 112.762 1 0 0 1 1835318 1835319 13 0 1 20 1  0
16.2674 2010243 123.509 4 1 0.0197462 6 1918982 1919024 13 0 1 20 1  0
19.2377 1976467 121.434 6 1 0.0197462 38 1918970 1919033 13 0 1 20 1  0
12.068 2019942 124.105 2 1 0.0197462 2 1919011 1919019 13 0 1 20 1  0
14.4579 1919016 117.904 3 1 0.0197462 1 1918988 1919022 13 0 1 20 1  0
13.0777 1989434 122.231 3 2 0.0394922 3 1918995 1919018 13 0 1 20 1  0
12.5357 2094602 128.692 4 3 0.059238 4 1918988 1919015 13 0 1 20 1  0
14.2096 2020164 124.119 9 14 0.276446 16 1951848 1952002 13 0 1 20 1  0
13.8985 2094990 128.716 12 7 0.13822 34 2092904 2095106 13 0 1 20 1  0
10.1598 1954069 120.058 3 4 0.0789836 1 1954069 1954070 13 0 1 20 1  0
10.2342 1988788 122.191 5 6 0.118475 1 1976450 1976465 13 0 1 20 1  0
10.716 1870188 114.904 7 201 4.04822 1 1870168 1870217 13 0 1 20 1  0
10.0083 2076240 127.564 3 473 10.4507 1 2076240 2076241 13 0 1 20 1  0
11.4851 2076497 127.58 4 506 11.361 46 2076492 2076507 13 0 1 20 1  0
0 1832960 112.617 5 486 10.8049 2 2076520 2076549 13 0 1 20 1  0
11.4119 2007812 123.36 12 514 11.5873 2 2007258 2008218 13 0 1 20 1  0
0 1832960 112.617 12 514 11.5873 2 2093792 2095106 13 0 1 20 1  0
12.0627 2058834 126.495 12 515 11.6158 1 2007328 2008204 13 0 1 20 1  0
10.1498 2095098 128.723 6 709 17.9442 1 2095097 2095104 13 0 1 20 1  0
14.2833 2095102 128.723 12 2131 242.849 43 2092274 2095106 13 0 1 20 1  0
0 1832960 112.617 12 2108 233.133 2 2093680 2095106 13 0 1 20 1  0
11.6022 2049918 125.947 9 2520 484.267 16 2048970 2051593 13 0 1 20 1  0
11.444 2010032 123.496 10 2571 530.116 2 2009676 2011326 13 0 1 20 1  0
12.969 2095536 128.75 8 0 0 881 2095536 2095537 13 0 1 20 1  0
12.7102 2147796 131.961 8 0 0 1 2096182 2096183 13 0 1 20 1  0
10.4604 2095537 128.75 1 0 0 1 2095537 2095538 13 0 1 20 1  0
13.2733 2097531 128.872 1 0 0 4 2095578 2095579 13 0 1 20 1  0
14.2728 2096555 128.812 2 0 0 6 2095575 2095586 13 0 1 20 1  0
14.8774 2217671 136.254 5 0 0 14 2095573 2095594 13 0 1 20 1  0
15.6558 2102738 129.192 7 1 0.0197462 28 2095568 2096615 13 0 1 20 1  0
12.5109 2100122 129.031 4 3 0.059238 2 2095570 2095578 13 0 1 20 1  0
12.399 2101419 129.111 3 2 0.0394922 1 2095576 2095578 13 0 1 20 1  0
10.0624 2095571 128.752 3 3 0.059238 1 2095571 2095572 13 0 1 20 1  0
10.0562 2193301 134.756 5 6 0.118475 1 2193301 2193302 13 0 1 20 1  0
11.5191 2095117 128.724 11 2915 975.729 2 2095104 2096087 13 0 1 20 1  0
11.072 2095116 128.724 12 3135 1441.34 3 2095104 2095506 13 0 1 20 1  0
15.2342 2339528 143.741 12 3314 1979.8 6 2337738 2345982 13 0 1 20 1  0
10.9483 2360112 145.005 8 0 0 290 2360112 2360113 13 0 1 20 1  0
14.8734 2469825 151.746 8 0 0 1 2361243 2361244 13 0 1 20 1  0
10.2567 2416102 148.445 1 0 0 1 2416102 2416103 13 0 1 20 1  0
19.7435 2549094 156.616 3 0 0 52 2549078 2549102 13 0 1 20 1  0
15.2663 2579552 158.488 12 93 1.84346 50 2572692 2586782 13 0 1 20 1  0
11.2306 2541467 156.148 9 83 1.64383 6 2541151 2541518 13 0 1 20 1  0
10.7151 2540507 156.089 6 495 11.0534 11 2540498 2540534 13 0 1 20 1  0
10.6925 2578515 158.424 4 485 10.7774 11 2540510 2540514 13 0 1 20 1  0
0 2357248 144.829 4 485 10.7774 44 2578514 2578519 13 0 1 20 1  0
10.0747 2578178 158.403 3 490 10.915 1 2578178 2578179 13 0 1 20 1  0
14.91 2547663 156.528 7 522 11.8161 199 2540458 2540523 13 0 1 20 1  0
14.9942 2617934 160.846 12 2273 312.452 196 2615498 2619394 13 0 1 20 1  0
0 2357248 144.829 5 2213 280.895 67 2619004 2619015 13 0 1 20 1  0
11.7166 2574098 158.153 12 2419 404.835 2 2572560 2575908 13 0 1 20 1  0
21.8635 2619386 160.935 12 2839 852.698 278 2615534 2619394 13 0 1 20 1  0
10.0871 2591443 159.218 8 2669 630.751 1 2591268 2591447 13 0 1 20 1  0
0 2357248 144.829 12 2680 643.177 6 2608232 2609004 13 0 1 20 1  0
0 2357248 144.829 7 2752 730.781 19 2603794 2603956 13 0 1 20 1  0
14.6466 2619630 160.95 8 0 0 1590 2619630 2619631 13 0 1 20 1  0
15.1899 2865253 176.041 8 0 0 1 2621745 2621746 13 0 1 20 1  0
11.9445 2880992 177.008 8 0 0 1 2630342 2630343 13 0 1 20 1  0
19.8666 2668002 163.922 1 0 0 64 2619630 2619632 13 0 1 20 1  0
10.1809 2619632 160.95 2 0 0 1 2619632 2619633 13 0 1 20 1  0
20.2432 2669618 164.021 2 0 0 1 2642027 2642036 13 0 1 20 1  0
21.7613 2652741 162.984 3 0 0 7 2642027 2642037 13 0 1 20 1  0
20.53 2644629 162.486 4 0 0 1 2642025 2642039 13 0 1 20 1  0
21.0761 2648201 162.705 5 1 0.0197462 4 2642027 2642037 13 0 1 20 1  0
14.6206 2668975 163.982 2 1 0.0197462 2 2642028 2642032 13 0 1 20 1  0
19.1786 2669300 164.002 3 1 0.0197462 2 2642024 2642034 13 0 1 20 1  0
12.9627 2648032 162.695 10 1 0.0197462 6 2643074 2648451 13 0 1 20 1  0
11.2923 2668328 163.942 2 2 0.0394922 2 2643978 2643989 13 0 1 20 1  0
18.5502 2652421 162.965 5 2 0.0394922 7 2642991 2643006 13 0 1 20 1  0
10.8542 2668643 163.961 2 3 0.059238 3 2643642 2643644 13 0 1 20 1  0
10.5333 2647541 162.665 3 6 0.118475 1 2647541 2647542 13 0 1 20 1  0
12.6953 2759084 169.518 11 117 2.32495 10 2645080 2647717 13 0 1 20 1  0
13.5546 2733779 167.963 11 97 1.92346 1 2644145 2647817 13 0 1 20 1  0
10.2977 2620451 161.001 5 2174 262.11 1 2620448 2620457 13 0 1 20 1  0
10.1849 2634848 161.885 11 2644 603.395 2 2634782 2635297 13 0 1 20 1  0
13.485 2889405 177.525 10 152 3.03469 2419 2888738 2891684 13 0 1 20 1  0
22.3056 3077344 189.072 5 2 0.0394922 71 2889598 2889600 13 0 1 20 1  0
10.1644 2882941 177.128 1 0 0 1 2882941 2882942 13 0 1 20 1  0
17.6688 2965329 182.19 5 0 0 3 2900301 2900336 13 0 1 20 1  0
10.051 2900314 178.195 3 1 0.0197462 1 2900314 2900315 13 0 1 20 1  0
13.4114 2950171 181.258 10 32 0.63206 84 2949301 2950833 13 0 1 20 1  0
10.3779 3073450 188.833 2 2 0.0394922 2 3073450 3073451 13 0 1 20 1  0
10.1886 2949388 181.21 4 5 0.0987291 3 2949388 2949389 13 0 1 20 1  0
10.0896 2888957 177.498 5 2 0.0394922 1 2888957 2888958 13 0 1 20 1  0
13.9771 3135133 192.623 4 6 0.118475 8 2949381 2949392 13 0 1 20 1  0
10.0399 2949069 181.191 5 9 0.177712 1 2949069 2949070 13 0 1 20 1  0
12.6288 3074407 188.892 5 11 0.217204 2 2949380 2949391 13 0 1 20 1  0
10.3376 2950282 181.265 4 185 3.71433 1 2950279 2950294 13 0 1 20 1  0
10.112 3107562 190.929 10 349 7.32577 1 3107531 3107583 13 0 1 20 1  0
10.3495 2900774 178.224 7 689 17.2073 3 2900758 2900789 13 0 1 20 1  0
10.3434 3106079 190.837 9 937 28.1931 3 3014774 3014890 13 0 1 20 1  0
10.6677 3014659 185.221 8 948 28.7894 9 3014599 3014714 13 0 1 20 1  0
0 2881536 177.042 9 937 28.1931 2 3106030 3106143 13 0 1 20 1  0
11.0399 3149844 193.526 8 0 0 1 3149844 3149845 13 0 1 20 1  0
13.4886 3223402 198.046 8 0 0 1 3163811 3163812 13 0 1 20 1  0
0 3143680 193.148 8 0 0 431 3164464 3164465 13 0 1 20 1  0
11.8536 3149845 193.526 1 0 0 1 3149845 3149846 13 0 1 20 1  0
13.0767 3220161 197.847 1 0 0 1 3170308 3170309 13 0 1 20 1  0
15.97 3211790 197.332 5 0 0 13 3147802 3147836 13 0 1 20 1  0
13.6322 3207227 197.052 4 3 0.059238 31 3147796 3147822 13 0 1 20 1  0
10.0175 3205303 196.934 2 1 0.0197462 1 3205303 3205304 13 0 1 20 1  0
11.6851 3374800 207.348 3 3 0.059238 4 3205281 3205286 13 0 1 20 1  0
10.5231 3190680 196.035 3 2 0.0394922 1 3190680 3190681 13 0 1 20 1  0
11.4003 3374692 207.341 12 158 3.15743 9 3372404 3375104 13 0 1 20 1  0
13.964 3206249 196.992 5 6 0.118475 7 3147791 3147814 13 0 1 20 1  0
10.0835 3147796 193.401 4 5 0.0987291 1 3147796 3147797 13 0 1 20 1  0
14.5515 3350728 205.869 12 103 2.04364 5 3348432 3356688 13 0 1 20 1  0
0 3143680 193.148 12 74 1.46459 4 3372804 3375098 13 0 1 20 1  0
10.9459 3171480 194.856 12 90 1.78351 1 3164304 3172552 13 0 1 20 1  0
16.9974 3410794 209.559 8 0 0 2437 3406959 3406963 13 0 1 20 1  0
25.5452 3526175 216.648 5 0 0 44 3406950 3406988 13 0 1 20 1  0
20.8579 3517398 216.109 6 0 0 211 3406945 3406991 13 0 1 20 1  0
16.4649 3628388 222.928 7 1 0.0197462 4 3408514 3408523 13 0 1 20 1  0
10.1063 3406134 209.273 3 1 0.0197462 1 3406134 3406135 13 0 1 20 1  0
19.8321 3641574 223.738 12 218 4.40651 118 3513064 3515196 13 0 1 20 1  0
10.3403 3416057 209.883 2 2 0.0394922 1 3416057 3416058 13 0 1 20 1  0
11.2559 3514791 215.949 3 8 0.157966 3 3407585 3407587 13 0 1 20 1  0
10.3453 3540109 217.504 2 4 0.0789836 2 3514796 3514799 13 0 1 20 1  0
17.1214 3413448 209.722 6 4 0.0789836 7 3406940 3406970 13 0 1 20 1  0
10.066 3540757 217.544 2 5 0.0987291 1 3540757 3540758 13 0 1 20 1  0
10.0387 3407592 209.362 3 5 0.0987291 1 3407592 3407593 13 0 1 20 1  0
10.1292 3539551 217.47 10 95 1.88345 1 3539493 3539586 13 0 1 20 1  0
12.534 3502340 215.184 11 148 2.95305 1 3495899 3503018 13 0 1 20 1  0
10.7622 3667633 225.339 11 158 3.15743 1 3502305 3502337 13 0 1 20 1  0
10.1318 3525599 216.613 4 335 6.99785 2 3525599 3525600 13 0 1 20 1  0
10.7882 3538792 217.423 8 409 8.78467 2 3538706 3538822 13 0 1 20 1  0
10.7282 3513804 215.888 6 562 12.9963 3 3513784 3513817 13 0 1 20 1  0
10.203 3506354 215.43 12 2026 201.544 1 3499712 3506638 13 0 1 20 1  0
10.7166 3683762 226.33 8 0 0 1 3683762 3683763 13 0 1 20 1  0
12.7314 3811215 234.161 8 0 0 1 3695775 3695776 13 0 1 20 1  0
0 3667968 225.36 8 0 0 471 3699673 3699674 13 0 1 20 1  0
10.5902 3695626 227.059 1 0 0 1 3695626 3695627 13 0 1 20 1  0
13.1749 3821289 234.78 1 0 0 1 3695700 3695701 13 0 1 20 1  0
11.7466 3923610 241.067 2 0 0 1 3696349 3696352 13 0 1 20 1  0
12.5172 3705450 227.663 4 0 0 9 3695697 3695704 13 0 1 20 1  0
13.0058 3697320 227.163 5 1 0.0197462 10 3696342 3696356 13 0 1 20 1  0
12.8067 3749593 230.375 6 1 0.0197462 4 3697309 3697337 13 0 1 20 1  0
10.3399 3695700 227.064 4 1 0.0197462 1 3695700 3695701 13 0 1 20 1  0
11.9302 3863410 237.368 8 4 0.0789836 9 3727218 3727272 13 0 1 20 1  0
10.3566 3730415 229.197 3 3 0.059238 1 3705444 3705445 13 0 1 20 1  0
11.3288 3729770 229.157 4 3 0.059238 1 3696331 3696351 13 0 1 20 1  0
10.2283 3730743 229.217 3 4 0.0789836 1 3730414 3730415 13 0 1 20 1  0
10.001 3694705 227.003 4 4 0.0789836 1 3694705 3694706 13 0 1 20 1  0
11.4112 3857696 237.017 6 4 0.0789836 1 3697305 3697312 13 0 1 20 1  0
10.0172 3696334 227.103 5 7 0.13822 1 3696334 3696335 13 0 1 20 1  0
11.3748 3795640 233.204 7 9 0.177712 5 3795620 3795964 13 0 1 20 1  0
10.3811 3668620 225.4 12 114 2.26455 1 3667968 3668694 13 0 1 20 1  0
12.866 4056661 249.241 8 0 0 1 3989514 3989517 13 0 1 20 1  0
0 3930112 241.466 8 0 0 63 3997222 3997223 13 0 1 20 1  0
15.5705 4056663 249.241 2 0 0 8 3936597 3936608 13 0 1 20 1  0
13.1163 3936599 241.865 5 0 0 11 3936586 3936611 13 0 1 20 1  0
11.0467 4136164 254.126 6 0 0 1 3936585 3936609 13 0 1 20 1  0
11.7895 3989513 245.116 2 1 0.0197462 4 3989512 3989514 13 0 1 20 1  0
11.3514 4157502 255.437 12 260 5.3094 1 4156156 4158234 13 0 1 20 1  0
10.1835 4199799 258.036 8 0 0 1 4199799 4199800 13 0 1 20 1  0
11.7478 4309860 264.798 8 0 0 1 4227074 4227075 13 0 1 20 1  0
0 4192256 257.572 8 0 0 17 4229017 4229018 13 0 1 20 1  0
11.8617 4227074 259.711 1 0 0 2 4227074 4227075 13 0 1 20 1  0
12.5352 4453348 273.614 1 0 0 1 4229018 4229019 13 0 1 20 1  0
0 4192256 257.572 1 0 0 12 4307418 4307419 13 0 1 20 1  0
10.4262 4350846 267.316 3 0 0 2 4350840 4350851 13 0 1 20 1  0
10.0717 4227044 259.71 7 2 0.0394922 1 4227043 4227050 13 0 1 20 1  0
11.5215 4465358 274.352 8 0 0 3 4465358 4465359 13 0 1 20 1  0
12.8458 4501280 276.559 8 0 0 1 4466009 4466010 13 0 1 20 1  0
0 4454400 273.678 8 0 0 328 4466334 4466335 13 0 1 20 1  0
11.5193 4465359 274.352 1 0 0 1 4465359 4465360 13 0 1 20 1  0
15.3356 4501282 276.559 2 0 0 9 4501280 4501288 13 0 1 20 1  0
15.6938 4703037 288.955 5 1 0.0197462 133 4684843 4684873 13 0 1 20 1  0
14.7371 4699715 288.75 9 207 4.17424 318 4465703 4465767 13 0 1 20 1  0
10.0161 4684859 287.838 5 2 0.0394922 1 4684859 4684860 13 0 1 20 1  0
10.2563 4678502 287.447 10 101 2.00355 2 4678183 4678520 13 0 1 20 1  0
10.852 4699330 288.727 3 347 7.27865 5 4699328 4699333 13 0 1 20 1  0
14.1579 4716544 289.784 8 1015 32.6667 185 4716246 4716545 13 0 1 20 1  0
13.0567 4454400 273.678 12 2664 625.182 8 4454400 4455810 13 0 1 20 1  0
13.8914 4754329 292.106 3 0 0 16 4752702 4752708 13 0 1 20 1  0
0 4716544 289.784 8 0 0 164 4862664 4862665 13 0 1 20 1  0
14.4774 4800092 294.918 4 0 0 6 4752692 4752713 13 0 1 20 1  0
10.0246 4950665 304.169 7 2 0.0394922 1 4950664 4950666 13 0 1 20 1  0
10.8363 4795742 294.65 12 3016 1167.12 2 4794336 4797208 13 0 1 20 1  0
10.6707 5010680 307.856 8 0 0 1 5010680 5010681 13 0 1 20 1  0
11.7552 5126895 314.996 8 0 0 1 5068462 5068463 13 0 1 20 1  0
0 4978688 305.891 8 0 0 9 5124619 5124620 13 0 1 20 1  0
10.029 5067975 311.376 1 0 0 1 5067975 5067976 13 0 1 20 1  0
12.297 5124619 314.857 1 0 0 1 5104496 5104497 13 0 1 20 1  0
0 4978688 305.891 1 0 0 11 5124619 5124621 13 0 1 20 1  0
10.1446 5067891 311.371 3 1 0.0197462 2 5067885 5067892 13 0 1 20 1  0
10.6096 5180194 318.271 3 3 0.059238 1 5180194 5180196 13 0 1 20 1  0
16.5609 5185048 318.569 12 89 1.76354 21 5066456 5069528 13 0 1 20 1  0
0 4978688 305.891 12 87 1.72362 17 5183728 5186690 13 0 1 20 1  0
14.7313 5068040 311.38 12 182 3.65206 9 5066364 5069450 13 0 1 20 1  0
15.4607 5162224 317.167 12 273 5.59455 11 5067012 5068404 13 0 1 20 1  0
10.1179 5068013 311.379 7 385 8.19014 1 5068007 5068017 13 0 1 20 1  0
10.7926 5061452 310.976 12 2480 451.098 5 5060540 5062534 13 0 1 20 1  0
14.2857 5244412 322.217 8 0 0 1 5244412 5244413 13 0 1 20 1  0
15.0558 5326525 327.262 6 1 0.0197462 8 5276930 5276959 13 0 1 20 1  0
0 5240832 321.997 8 0 0 620 5246681 5246682 13 0 1 20 1  0
10.1168 5242227 322.082 2 0 0 2 5242227 5242228 13 0 1 20 1  0
14.9613 5326524 327.262 1 0 0 1 5242459 5242460 13 0 1 20 1  0
14.4556 5314507 326.523 2 0 0 3 5244412 5244415 13 0 1 20 1  0
14.5433 5379558 330.52 7 741 19.1707 2270 5375680 5375707 13 0 1 20 1  0
10.1757 5269078 323.732 2 1 0.0197462 1 5269078 5269079 13 0 1 20 1  0
12.3161 5311882 326.362 2 1 0.0197462 1 5276951 5276953 13 0 1 20 1  0
14.6862 5427556 333.469 4 1 0.0197462 7 5266823 5266833 13 0 1 20 1  0
10.5104 5316484 326.645 7 1 0.0197462 1 5316475 5316515 13 0 1 20 1  0
14.1534 5427223 333.449 5 3 0.059238 4 5276927 5276955 13 0 1 20 1  0
10.8303 5348668 328.622 3 3 0.059238 2 5276946 5276953 13 0 1 20 1  0
11.0762 5347685 328.562 5 6 0.118475 9 5276928 5276930 13 0 1 20 1  0
10.1733 5276948 324.216 4 4 0.0789836 2 5276948 5276949 13 0 1 20 1  0
10.919 5277905 324.274 4 4 0.0789836 2 5277263 5277267 13 0 1 20 1  0
0 5240832 321.997 8 465 10.2356 46 5380049 5380081 13 0 1 20 1  0
0 5240832 321.997 3 716 18.2074 1441 5379748 5379751 13 0 1 20 1  0
10.101 5376115 330.309 4 757 19.8068 2 5376115 5376116 13 0 1 20 1  0
11.2554 5373978 330.177 4 1045 34.549 11 5373973 5373985 13 0 1 20 1  0
10.7276 5374604 330.216 3 1043 34.4205 9 5374603 5374605 13 0 1 20 1  0
10.1734 5374678 330.22 3 1040 34.2286 3 5374678 5374679 13 0 1 20 1  0
10.0701 5374548 330.212 3 1060 35.5264 1 5374548 5374549 13 0 1 20 1  0
10.1977 5377481 330.392 3 1253 50.6143 1 5377481 5377483 13 0 1 20 1  0
10.7463 5376904 330.357 3 1349 60.2127 1 5372829 5372833 13 0 1 20 1  0
11.2157 5376156 330.311 4 1466 74.3071 3 5371374 5371376 13 0 1 20 1  0
10.0076 5376094 330.307 4 1475 75.5156 1 5371623 5371624 13 0 1 20 1  0
11.009 5374601 330.215 5 1522 82.1467 10 5371244 5371248 13 0 1 20 1  0
10.096 5372783 330.104 3 1650 103.249 1 5372783 5372784 13 0 1 20 1  0
10.3513 5372824 330.106 3 1664 105.859 1 5372824 5372825 13 0 1 20 1  0
10.0884 5372605 330.093 3 1681 109.116 1 5372605 5372606 13 0 1 20 1  0
10.5231 5372717 330.1 4 1682 109.311 1 5372708 5372721 13 0 1 20 1  0
10.0312 5371788 330.043 3 1722 117.385 1 5371788 5371789 13 0 1 20 1  0
10.3963 5372064 330.06 3 1722 117.385 2 5371972 5371973 13 0 1 20 1  0
18.195 5369670 329.913 12 2007 194.857 344 5366318 5373740 13 0 1 20 1  0
10.1918 5365731 329.671 6 2137 245.449 2 5365728 5365883 13 0 1 20 1  0
10.6174 5367120 329.756 5 2144 248.518 1 5366308 5366318 13 0 1 20 1  0
10.0189 5367824 329.799 5 2147 249.845 1 5367824 5367825 13 0 1 20 1  0
12.0432 5363376 329.526 7 2351 358.828 37 5362422 5363529 13 0 1 20 1  0
10.5234 5362741 329.487 4 2348 356.923 1 5362740 5362748 13 0 1 20 1  0
10.7087 5362417 329.467 5 2352 359.465 1 5362403 5362422 13 0 1 20 1  0
10.8248 5354985 329.01 7 2669 630.751 1 5354960 5355001 13 0 1 20 1  0
0 5240832 321.997 7 2669 630.751 1 5355587 5355622 13 0 1 20 1  0
10.463 5506837 338.34 8 0 0 1 5506837 5506838 13 0 1 20 1  0
15.0581 5738422 352.569 8 0 0 75 5510082 5510083 13 0 1 20 1  0
0 5502976 338.103 8 0 0 763 5513329 5513330 13 0 1 20 1  0
10.7737 5510083 338.539 1 0 0 1 5510083 5510084 13 0 1 20 1  0
15.8534 5740048 352.669 1 0 0 2 5525828 5525829 13 0 1 20 1  0
10.168 5570122 342.228 2 0 0 1 5570122 5570123 13 0 1 20 1  0
12.8406 5727136 351.875 4 3 0.059238 4 5713066 5713068 13 0 1 20 1  0
10.385 5725303 351.763 8 198 3.98538 1 5725276 5725318 13 0 1 20 1  0
13.0919 5698031 350.087 11 840 23.3746 194 5697585 5698535 13 0 1 20 1  0
11.2151 5752539 353.436 5 349 7.32577 67 5752521 5752567 13 0 1 20 1  0
18.8047 5722126 351.567 12 1122 39.8412 452 5698048 5698840 13 0 1 20 1  0
10.0327 5597088 343.885 5 495 11.0534 1 5597088 5597089 13 0 1 20 1  0
11.4979 5707810 350.688 8 630 15.1559 48 5698946 5699098 13 0 1 20 1  0
10.8559 5738640 352.582 12 731 18.781 2 5722828 5723738 13 0 1 20 1  0
10.1476 5724337 351.703 4 821 22.5161 1 5724337 5724338 13 0 1 20 1  0
10.0913 5697430 350.05 4 954 29.1193 4 5697430 5697431 13 0 1 20 1  0
10.2967 5722997 351.621 3 1020 32.9739 2 5722997 5722998 13 0 1 20 1  0
10.6684 5706635 350.616 4 1087 37.3496 3 5706631 5706639 13 0 1 20 1  0
15.5427 5737840 352.533 12 1284 53.5405 110 5720058 5722212 13 0 1 20 1  0
10.0367 5706186 350.588 3 1151 42.0215 1 5706186 5706187 13 0 1 20 1  0
10.0588 5697220 350.037 4 1151 42.0215 1 5697220 5697221 13 0 1 20 1  0
10.9997 5696848 350.014 4 1188 44.9654 8 5696843 5696852 13 0 1 20 1  0
12.5521 5705177 350.526 6 1280 53.154 151 5705076 5705705 13 0 1 20 1  0
11.0146 5721804 351.548 4 1250 50.3394 5 5721802 5721808 13 0 1 20 1  0
10.5538 5721197 351.51 5 1306 55.7148 2 5705068 5705088 13 0 1 20 1  0
10.6516 5737911 352.537 5 1341 59.3501 1 5704829 5704842 13 0 1 20 1  0
10.1735 5704168 350.464 5 1459 73.3802 1 5704168 5704170 13 0 1 20 1  0
10.9144 5695934 349.958 6 1670 106.997 12 5695677 5696139 13 0 1 20 1  0
10.1219 5695311 349.92 4 1716 116.138 2 5695311 5695312 13 0 1 20 1  0
10.3087 5694990 349.9 3 1750 123.387 1 5694990 5694991 13 0 1 20 1  0
13.1551 5748658 353.198 12 2175 262.575 14 5746558 5750696 13 0 1 20 1  0
11.13 5749955 353.277 5 2143 248.077 8 5748787 5748794 13 0 1 20 1  0
0 5502976 338.103 5 2135 244.579 13 5750059 5750072 13 0 1 20 1  0
13.6706 5719032 351.377 12 2396 388.649 16 5716530 5721824 13 0 1 20 1  0
0 5502976 338.103 7 2376 375.101 6 5720811 5720887 13 0 1 20 1  0
10.1829 5683986 349.224 7 2568 527.303 1 5683979 5684038 13 0 1 20 1  0
11.0734 5703217 350.406 6 2653 613.103 7 5703212 5703236 13 0 1 20 1  0
0 5502976 338.103 6 2646 605.539 656 5703083 5703508 13 0 1 20 1  0
10.1301 5702014 350.332 7 2658 618.565 1 5702014 5702017 13 0 1 20 1  0
10.36 5700706 350.251 7 2670 631.87 1 5700692 5700713 13 0 1 20 1  0
10.2542 5737566 352.516 1 2852 872.585 1 5736709 5736712 13 0 1 20 1  0
10.1721 5737528 352.514 1 2853 874.133 1 5736691 5736692 13 0 1 20 1  0
10.6191 5737448 352.509 1 2854 875.685 1 5736650 5737067 13 0 1 20 1  0
14.8805 5737381 352.505 2 2854 875.685 1 5736632 5737515 13 0 1 20 1  0
10.1518 5735557 352.393 1 2864 891.353 1 5735557 5735558 13 0 1 20 1  0
10.1518 5735569 352.393 1 2864 891.353 1 5735564 5735571 13 0 1 20 1  0
13.9344 5735583 352.394 2 2864 891.353 1 5735516 5736515 13 0 1 20 1  0
10.0144 5735406 352.383 1 2865 892.935 1 5735406 5735407 13 0 1 20 1  0
10.2753 5735598 352.395 1 2865 892.935 1 5735598 5735599 13 0 1 20 1  0
10.0098 5735882 352.413 1 2866 894.52 1 5735882 5735883 13 0 1 20 1  0
10.2304 5734416 352.323 2 2870 900.888 1 5734416 5734417 13 0 1 20 1  0
11.1181 5735375 352.381 2 2872 904.089 1 5735375 5735376 13 0 1 20 1  0
10.1987 5735278 352.375 3 2873 905.694 1 5735278 5735279 13 0 1 20 1  0
10.0163 5733279 352.253 4 2876 910.525 1 5733279 5733280 13 0 1 20 1  0
10.0103 5734750 352.343 5 2878 913.761 1 5734750 5734751 13 0 1 20 1  0
10.5734 5734994 352.358 5 2888 930.11 1 5734993 5734997 13 0 1 20 1  0
12.4954 5700194 350.22 12 2970 1075.69 4 5697868 5703918 13 0 1 20 1  0
15.1381 5765120 354.209 12 3088 1326.08 9 5763290 5765122 13 0 1 20 1  0
13.6992 5788936 355.672 2 0 0 9 5769210 5769235 13 0 1 20 1  0
13.3437 5837444 358.653 8 0 0 1 5788619 5788620 13 0 1 20 1  0
0 5765120 354.209 8 0 0 527 5788623 5788624 13 0 1 20 1  0
14.3959 5837445 358.653 1 0 0 1 5769211 5769225 13 0 1 20 1  0
12.7242 5819809 357.569 6 1 0.0197462 16 5769207 5769220 13 0 1 20 1  0
11.2263 5769223 354.461 2 1 0.0197462 2 5769223 5769224 13 0 1 20 1  0
10.6526 5788623 355.653 2 1 0.0197462 1 5788623 5788625 13 0 1 20 1  0
12.3467 5793816 355.972 6 3 0.059238 7 5769208 5769221 13 0 1 20 1  0
12.274 5782814 355.296 3 2 0.0394922 1 5769216 5769222 13 0 1 20 1  0
11.5036 5850623 359.462 3 3 0.059238 4 5781838 5781840 13 0 1 20 1  0
11.0903 5810762 357.013 8 8 0.157966 4 5809139 5809144 13 0 1 20 1  0
10.0118 5781836 355.236 3 4 0.0789836 1 5781836 5781837 13 0 1 20 1  0
12.1832 5781700 355.228 7 448 9.78513 30 5781659 5781738 13 0 1 20 1  0
10.7461 5769094 354.453 7 326 6.78933 8 5769074 5769119 13 0 1 20 1  0
0 5765120 354.209 7 325 6.76626 84 5781747 5781755 13 0 1 20 1  0
11.6843 5787266 355.57 6 343 7.18469 51 5769068 5769101 13 0 1 20 1  0
10.1704 5819711 357.563 4 347 7.27865 2 5819708 5819713 13 0 1 20 1  0
10.1026 5793400 355.946 3 460 10.1021 1 5787170 5787172 13 0 1 20 1  0
10.1274 5782656 355.286 3 562 12.9963 3 5782656 5782657 13 0 1 20 1  0
10.4963 5810551 357 3 646 15.6949 8 5810551 5810553 13 0 1 20 1  0
10.2549 5784627 355.407 4 1616 97.1717 2 5784625 5784628 13 0 1 20 1  0
10.2509 5766812 354.313 4 1623 98.3932 2 5766811 5766813 13 0 1 20 1  0
11.8376 5765866 354.255 7 1711 115.108 134 5765120 5766850 13 0 1 20 1  0
10.6259 5766394 354.287 4 1707 114.29 1 5765450 5765459 13 0 1 20 1  0
16.1755 5794512 356.015 9 2449 426.962 311 5765189 5765467 13 0 1 20 1  0
10.8571 5797521 356.2 6 2415 401.972 1 5794699 5794714 13 0 1 20 1  0
10.1575 5765121 354.209 11 2502 469.05 338 5765120 5765222 13 0 1 20 1  0
10.2541 5797307 356.187 4 2419 404.835 2 5797307 5797309 13 0 1 20 1  0
10.0432 5779397 355.086 7 2586 544.409 1 5779385 5779398 13 0 1 20 1  0
11.6402 5775727 354.861 10 2852 872.585 14 5774046 5778437 13 0 1 20 1  0
10.9342 5779784 355.11 6 2588 546.344 1 5777803 5777809 13 0 1 20 1  0
10.0162 5778755 355.047 7 2618 576.202 1 5778755 5778756 13 0 1 20 1  0
0 5765120 354.209 10 2852 872.585 3 5797852 5798146 13 0 1 20 1  0
10.5867 6058879 372.258 8 0 0 1 6058879 6058880 13 0 1 20 1  0
14.3622 6134821 376.923 8 0 0 1 6059852 6059853 13 0 1 20 1  0
0 6027264 370.315 8 0 0 75 6060821 6060823 13 0 1 20 1  0
11.5706 6059853 372.317 1 0 0 1 6059853 6059854 13 0 1 20 1  0
14.5204 6134821 376.923 1 0 0 2 6060822 6060823 13 0 1 20 1  0
0 6027264 370.315 1 0 0 68 6077059 6077060 13 0 1 20 1  0
10.2553 6117968 375.888 2 0 0 1 6117968 6117969 13 0 1 20 1  0
10.553 6155939 378.221 4 1 0.0197462 2 6155939 6155940 13 0 1 20 1  0
10.7231 6214354 381.81 4 1 0.0197462 2 6200422 6200424 13 0 1 20 1  0
10.1504 6117852 375.881 12 228 4.6191 1 6117828 6117900 13 0 1 20 1  0
0 6027264 370.315 12 228 4.6191 1 6248992 6249026 13 0 1 20 1  0
10.8211 6291343 386.54 8 0 0 1 6291343 6291344 13 0 1 20 1  0
13.7095 6367312 391.208 8 0 0 4 6293288 6293289 13 0 1 20 1  0
0 6289408 386.421 8 0 0 116 6293613 6293614 13 0 1 20 1  0
11.0235 6291344 386.54 1 0 0 1 6291344 6291345 13 0 1 20 1  0
14.2777 6316983 388.115 1 0 0 7 6291669 6291670 13 0 1 20 1  0
12.0358 6342907 389.708 4 0 0 2 6316975 6316992 13 0 1 20 1  0
13.2773 6338300 389.425 12 1554 86.9852 62 6336564 6339648 13 0 1 20 1  0
0 6289408 386.421 12 1470 74.8419 1 6336954 6340250 13 0 1 20 1  0
10.3777 6551757 402.54 8 0 0 21 6551757 6551758 13 0 1 20 1  0
12.7552 6664426 409.462 8 0 0 1 6552734 6552735 13 0 1 20 1  0
10.4478 6551758 402.54 1 0 0 1 6551758 6551759 13 0 1 20 1  0
16.4649 6664427 409.462 1 0 0 4 6552084 6552085 13 0 1 20 1  0
0 6551552 402.527 1 0 0 42 6552734 6552736 13 0 1 20 1  0
10.2669 6736414 413.885 8 218 4.40651 6 6736394 6736445 13 0 1 20 1  0
10.3582 6644225 408.221 4 349 7.32577 1 6644225 6644230 13 0 1 20 1  0
10.8652 6551611 402.531 9 3004 1142.55 1 6551552 6553088 13 0 1 20 1  0
12.8059 6814145 418.661 8 0 0 702 6814145 6814146 13 0 1 20 1  0
15.9785 7014480 430.97 8 0 0 1 6816741 6816742 13 0 1 20 1  0
16.4439 7014481 430.97 1 0 0 1 6814145 6814147 13 0 1 20 1  0
14.0753 6976819 428.656 2 0 0 2 6885371 6885374 13 0 1 20 1  0
13.4739 7007751 430.556 5 0 0 20 6815694 6815696 13 0 1 20 1  0
10.0568 6885364 423.037 4 1 0.0197462 1 6885364 6885365 13 0 1 20 1  0
10.667 6815682 418.755 7 6 0.118475 1 6815664 6815690 13 0 1 20 1  0
10.1293 7046356 432.928 12 104 2.06369 1 7046306 7046378 13 0 1 20 1  0
12.4487 7075816 434.738 12 133 2.64815 5 7072866 7075842 13 0 1 20 1  0
10.4802 6971361 428.32 10 2235 292.078 3 6971247 6971846 13 0 1 20 1  0
10.1969 6859710 421.461 12 3023 1181.7 1 6859468 6860594 13 0 1 20 1  0
14.1622 7075798 434.737 12 3298 1924.42 5 7073076 7075842 13 0 1 20 1  0
10.8937 7077943 434.869 8 0 0 279 7077943 7077944 13 0 1 20 1  0
13.9159 7329241 450.309 8 0 0 1 7078920 7078921 13 0 1 20 1  0
19.6759 7257870 445.924 6 1 0.0197462 100 7257604 7257615 13 0 1 20 1  0
10.5295 7122027 437.577 3 1 0.0197462 4 7122027 7122028 13 0 1 20 1  0
10.7082 7257584 445.906 2 1 0.0197462 1 7257584 7257585 13 0 1 20 1  0
10.0906 7217625 443.451 3 3 0.059238 1 7217625 7217626 13 0 1 20 1  0
10.8923 7317667 449.597 10 12 0.236951 4 7257958 7258332 13 0 1 20 1  0
12.4995 7316066 449.499 10 576 13.4244 110 7256650 7256732 13 0 1 20 1  0
0 7075840 434.74 10 576 13.4244 1 7315782 7316444 13 0 1 20 1  0
12.7999 7340866 451.023 8 0 0 1 7340866 7340867 13 0 1 20 1  0
12.8609 7533660 462.868 8 0 0 1 7342166 7342167 13 0 1 20 1  0
0 7337984 450.846 8 0 0 113 7342490 7342491 13 0 1 20 1  0
10.4195 7348010 451.462 1 0 0 1 7348010 7348011 13 0 1 20 1  0
11.4864 7533661 462.868 1 0 0 1 7357099 7357100 13 0 1 20 1  0
0 7337984 450.846 1 0 0 15 7386634 7386635 13 0 1 20 1  0
11.646 7528032 462.522 3 3 0.059238 3 7528032 7528034 13 0 1 20 1  0
17.0706 7600303 466.963 11 76 1.50439 393 7600128 7618512 13 0 1 20 1  0
15.0233 7727581 474.783 8 0 0 92 7600839 7600840 13 0 1 20 1  0
10.805 7601491 467.036 1 0 0 1 7601491 7601492 13 0 1 20 1  0
10.2239 7616744 467.973 2 0 0 1 7616744 7616745 13 0 1 20 1  0
10.2383 7610845 467.61 4 2 0.0394922 3 7610845 7610846 13 0 1 20 1  0
11.5728 7700749 473.134 4 1 0.0197462 5 7700744 7700754 13 0 1 20 1  0
10.1011 7840215 481.703 2 1 0.0197462 1 7840215 7840216 13 0 1 20 1  0
11.4139 7731758 475.039 5 2 0.0394922 8 7727569 7727621 13 0 1 20 1  0
10.3345 7630446 468.815 12 245 4.98385 2 7630394 7630488 13 0 1 20 1  0
11.0451 7618541 468.083 10 1842 145.333 11 7617937 7619762 13 0 1 20 1  0
0 7600128 466.952 8 1842 145.333 1 7619813 7619854 13 0 1 20 1  0
12.3468 7846668 482.099 12 3259 1795.82 7 7843784 7848554 13 0 1 20 1  0
10.5956 7862619 483.079 8 0 0 445 7862619 7862620 13 0 1 20 1  0
14.1124 7930294 487.237 8 0 0 1 7864402 7864403 13 0 1 20 1  0
11.2966 7870896 483.588 1 0 0 1 7870896 7870897 13 0 1 20 1  0
14.9526 7876594 483.938 1 0 0 3 7876594 7876596 13 0 1 20 1  0
12.5117 7991925 491.024 4 0 0 6 7876671 7876685 13 0 1 20 1  0
10.6647 7876658 483.942 6 0 0 2 7876625 7876665 13 0 1 20 1  0
12.5066 7945112 488.148 7 3 0.059238 7 7876605 7876660 13 0 1 20 1  0
10.9395 7970002 489.677 2 1 0.0197462 1 7970002 7970003 13 0 1 20 1  0
10.54 7924066 486.855 4 3 0.059238 2 7924066 7924068 13 0 1 20 1  0
11.9048 8045268 494.301 5 1 0.0197462 4 7876603 7876680 13 0 1 20 1  0
10.0867 7950523 488.48 3 2 0.0394922 1 7950523 7950524 13 0 1 20 1  0
10.0148 7968328 489.574 8 3 0.059238 1 7968326 7968329 13 0 1 20 1  0
10.6715 7968347 489.575 4 4 0.0789836 1 7968347 7968349 13 0 1 20 1  0
10.1948 8047577 494.443 4 5 0.0987291 1 8047577 8047578 13 0 1 20 1  0
12.7364 7901320 485.457 9 341 7.13785 142 7901120 7901454 13 0 1 20 1  0
10.1017 7957203 488.891 9 2480 451.098 1 7957198 7957225 13 0 1 20 1  0
12.483 8125380 499.223 8 0 0 235 8125380 8125381 13 0 1 20 1  0
14.3818 8332149 511.927 8 0 0 1 8125703 8125704 13 0 1 20 1  0
16.7485 8130893 499.562 2 0 0 7 8125379 8125381 13 0 1 20 1  0
11.0237 8386454 515.264 4 0 0 2 8130891 8130899 13 0 1 20 1  0
10.638 8177057 502.398 5 1 0.0197462 4 8172194 8172195 13 0 1 20 1  0
13.8889 8171418 502.052 11 65 1.28571 8 8169789 8177617 13 0 1 20 1  0
10.2955 8171539 502.059 5 2 0.0394922 2 8171539 8171540 13 0 1 20 1  0
10.1343 8177719 502.439 2 2 0.0394922 1 8177719 8177720 13 0 1 20 1  0
10.8273 8367947 514.127 4 2 0.0394922 3 8367946 8367948 13 0 1 20 1  0
10.0263 8328336 511.693 3 3 0.059238 1 8328336 8328337 13 0 1 20 1  0
12.1002 8175792 502.321 10 369 7.80208 42 8175660 8176118 13 0 1 20 1  0
10.1996 8191450 503.283 8 405 8.68451 2 8191422 8191457 13 0 1 20 1  0
11.194 8173114 502.156 9 1104 38.5413 14 8172711 8173679 13 0 1 20 1  0
10.8382 8387335 515.318 8 0 0 1 8387335 8387336 13 0 1 20 1  0
13.0978 8440426 518.58 8 0 0 1 8389779 8389780 13 0 1 20 1  0
0 8386560 515.27 8 0 0 101 8393678 8393679 13 0 1 20 1  0
10.1092 8398053 515.976 1 0 0 1 8398053 8398054 13 0 1 20 1  0
11.9117 8407789 516.575 1 0 0 1 8406662 8406663 13 0 1 20 1  0
0 8386560 515.27 1 0 0 29 8407463 8407464 13 0 1 20 1  0
10.0221 8448133 519.053 2 0 0 1 8448133 8448134 13 0 1 20 1  0
10.2608 8390997 515.543 3 0 0 1 8390997 8390998 13 0 1 20 1  0
10.0875 8387670 515.338 8 2039 206.251 1 8387604 8387673 13 0 1 20 1  0
14.0644 8599690 528.365 11 2877 912.142 8 8595416 8604075 13 0 1 20 1  0
12.0688 8653365 531.663 8 0 0 11342 8653365 8653366 13 0 1 20 1  0
15.2253 8868102 544.856 8 0 0 1 8654017 8654018 13 0 1 20 1  0
10.5793 8654018 531.703 1 0 0 1 8654018 8654019 13 0 1 20 1  0
15.5437 8714874 535.442 1 0 0 6 8656767 8656768 13 0 1 20 1  0
15.5604 8810288 541.304 2 0 0 4 8676349 8676352 13 0 1 20 1  0
20.4493 8720186 535.768 9 492 10.9702 4828 8711191 8711671 13 0 1 20 1  0
11.9529 8760425 538.24 3 2 0.0394922 4 8721141 8721143 13 0 1 20 1  0
19.1008 8759628 538.192 11 497 11.109 3005 8710622 8712107 13 0 1 20 1  0
11.982 8897065 546.636 6 2 0.0394922 1 8721130 8721182 13 0 1 20 1  0
13.4127 8770170 538.839 8 188 3.7767 113 8720636 8721040 13 0 1 20 1  0
15.2052 8899485 546.784 11 90 1.78351 15 8720315 8721236 13 0 1 20 1  0
15.6578 8708426 535.046 11 1118 39.5489 274 8707523 8709143 13 0 1 20 1  0
10.6597 8899679 546.796 5 267 5.46259 16 8899666 8899684 13 0 1 20 1  0
10.0623 8898699 546.736 4 267 5.46259 1 8898699 8898700 13 0 1 20 1  0
11.2213 8769104 538.774 8 346 7.25513 1 8759229 8759447 13 0 1 20 1  0
10.1462 8752708 537.766 5 1531 83.4801 1 8752692 8752709 13 0 1 20 1  0
10.1011 8695690 534.263 7 1832 142.771 1 8695684 8695707 13 0 1 20 1  0
10.3198 8693682 534.14 8 1891 158.563 2 8693669 8693765 13 0 1 20 1  0
0 8648704 531.376 8 1891 158.563 3 8744867 8745002 13 0 1 20 1  0
10.2183 8745079 537.298 6 1910 164.009 3 8745071 8745114 13 0 1 20 1  0
11.2456 8742719 537.153 7 1962 179.886 3 8690821 8691378 13 0 1 20 1  0
14.3628 8731501 536.463 11 2293 323.739 159 8727863 8733420 13 0 1 20 1  0
0 8648704 531.376 8 2248 298.894 22 8733451 8733858 13 0 1 20 1  0
11.6554 8882564 545.745 10 2371 371.789 7 8726063 8726242 13 0 1 20 1  0
12.3345 8663086 532.26 9 2412 399.839 6 8662302 8663714 13 0 1 20 1  0
10.7419 8712045 535.268 8 2525 488.581 8 8710779 8712495 13 0 1 20 1  0
10.5799 8913122 547.622 12 62 1.22615 342 8913090 8914108 13 0 1 20 1  0
14.9506 9154037 562.424 8 0 0 1 8912243 8912244 13 0 1 20 1  0
10.6057 8913395 547.639 1 0 0 1 8913395 8913396 13 0 1 20 1  0
13.5881 8968719 551.038 1 0 0 1 8913543 8913544 13 0 1 20 1  0
0 8910848 547.482 1 0 0 168 8915492 8915493 13 0 1 20 1  0
10.2802 8964503 550.779 2 0 0 1 8964503 8964504 13 0 1 20 1  0
11.2158 8983973 551.975 2 0 0 1 8968719 8968721 13 0 1 20 1  0
10.3627 9175303 563.731 8 0 0 1 9175303 9175304 13 0 1 20 1  0
14.3256 9399890 577.529 8 0 0 1 9176927 9176928 13 0 1 20 1  0
0 9172992 563.589 8 0 0 267 9178051 9178052 13 0 1 20 1  0
10.5216 9173362 563.611 1 0 0 1 9173362 9173363 13 0 1 20 1  0
15.4381 9399891 577.529 1 0 0 3 9178052 9178053 13 0 1 20 1  0
0 9172992 563.589 1 0 0 136 9184869 9184870 13 0 1 20 1  0
12.4964 9356426 574.859 12 94 1.86345 7 9354390 9358444 13 0 1 20 1  0
10.1302 9356226 574.846 12 343 7.18469 1 9356184 9356268 13 0 1 20 1  0
12.5055 9340855 573.902 11 2219 283.901 60 9339336 9342179 13 0 1 20 1  0
0 9172992 563.589 7 2200 274.488 10 9341553 9341572 13 0 1 20 1  0
10.3519 9435424 579.712 8 0 0 224 9435424 9435425 13 0 1 20 1  0
14.0561 9544795 586.432 8 0 0 1 9439644 9439645 13 0 1 20 1  0
10.8374 9448905 580.541 1 0 0 1 9448905 9448906 13 0 1 20 1  0
13.4523 9680985 594.8 1 0 0 1 9449233 9449234 13 0 1 20 1  0
0 9435136 579.695 1 0 0 106 9451179 9451181 13 0 1 20 1  0
10.0643 9676440 594.52 2 0 0 1 9676440 9676441 13 0 1 20 1  0
10.9606 9478976 582.388 4 2 0.0394922 5 9478973 9478978 13 0 1 20 1  0
11.2904 9621619 591.152 3 4 0.0789836 15 9621617 9621621 13 0 1 20 1  0
12.8668 9697703 595.827 8 0 0 1259 9697703 9697704 13 0 1 20 1  0
14.7642 9903717 608.484 8 0 0 1 9697869 9697870 13 0 1 20 1  0
10.1446 9697704 595.827 1 0 0 1 9697704 9697705 13 0 1 20 1  0
14.7096 9809727 602.71 1 0 0 1 9699816 9699817 13 0 1 20 1  0
10.2259 9702416 596.116 2 0 0 1 9702416 9702417 13 0 1 20 1  0
22.2217 9958975 611.879 6 1 0.0197462 161 9809707 9809750 13 0 1 20 1  0
15.8041 9808219 602.617 8 479 10.6135 2472 9808084 9808368 13 0 1 20 1  0
10.0434 9785337 601.211 5 1 0.0197462 3 9785337 9785338 13 0 1 20 1  0
19.5356 9901178 608.328 5 3 0.059238 9 9809377 9809390 13 0 1 20 1  0
10.0645 9846195 604.95 3 3 0.059238 1 9846195 9846196 13 0 1 20 1  0
12.1819 9955708 611.679 3 3 0.059238 1 9858648 9858672 13 0 1 20 1  0
20.4437 9886244 607.411 5 4 0.0789836 20 9809375 9809389 13 0 1 20 1  0
12.6424 9858638 605.715 4 9 0.177712 4 9858630 9858652 13 0 1 20 1  0
11.3264 9784840 601.181 7 191 3.83918 20 9784817 9784872 13 0 1 20 1  0
0 9697280 595.801 3 456 9.99597 134 9808256 9808268 13 0 1 20 1  0
0 9697280 595.801 10 836 23.1917 4 9806670 9807055 13 0 1 20 1  0
15.1132 9784534 601.162 12 1900 161.12 286 9782548 9786176 13 0 1 20 1  0
0 9697280 595.801 6 1981 186.062 67 9780158 9780377 13 0 1 20 1  0
13.8456 9951976 611.449 12 2531 493.809 112 9741330 9744000 13 0 1 20 1  0
0 9697280 595.801 9 2456 432.297 28 9958331 9958765 13 0 1 20 1  0
10.1934 9955480 611.665 8 2493 461.621 1 9955308 9955501 13 0 1 20 1  0
10.7779 9954481 611.603 8 2496 464.084 2 9953904 9955315 13 0 1 20 1  0
10.606 9953097 611.518 7 2508 474.068 2 9953089 9953115 13 0 1 20 1  0
12.2743 9743704 598.653 12 2520 484.267 11 9742242 9745360 13 0 1 20 1  0
10.7845 9713591 596.803 11 2744 720.486 1 9712874 9713920 13 0 1 20 1  0
12.8251 9943768 610.945 12 3049 1237.46 7 9941710 9946028 13 0 1 20 1  0
10.6617 9962795 612.114 8 0 0 24762 9962795 9962796 13 0 1 20 1  0
12.7246 10101875 620.659 8 0 0 1 9963122 9963123 13 0 1 20 1  0
10.4931 9965067 612.254 1 0 0 1 9965067 9965068 13 0 1 20 1  0
14.355 10045569 617.2 1 0 0 1 9967665 9967666 13 0 1 20 1  0
15.6739 10013803 615.248 2 0 0 1 9960597 9960608 13 0 1 20 1  0
33.1385 10000264 614.416 12 159 3.17792 13194 9997798 10014888 13 0 1 20 1  0
13.4715 10001782 614.509 4 4 0.0789836 1 9998859 9998886 13 0 1 20 1  0
10.2235 9999345 614.36 3 509 11.4456 20 9999343 9999346 13 0 1 20 1  0
10.2875 9999682 614.38 4 511 11.5022 1 9999677 9999685 13 0 1 20 1  0
10.3578 10009476 614.982 3 956 29.23 1 10009476 10009478 13 0 1 20 1  0
11.3937 10009380 614.976 4 995 31.4636 3 9996766 9997119 13 0 1 20 1  0
10.9229 10009163 614.963 6 1180 44.3129 1 10008134 10008319 13 0 1 20 1  0
10.7322 10008771 614.939 4 1232 48.7195 1 9994421 9994474 13 0 1 20 1  0
10.0247 9991387 613.871 5 1540 84.8348 1 9991387 9991388 13 0 1 20 1  0
10.2743 9992124 613.916 5 1544 85.4438 1 9992124 9992125 13 0 1 20 1  0
10.182 9991661 613.888 5 1571 89.6685 1 9991661 9991662 13 0 1 20 1  0
13.6641 9976104 612.932 11 2364 367.2 65 9974554 9977581 13 0 1 20 1  0
0 9959424 611.907 6 2357 362.668 9 9976882 9976906 13 0 1 20 1  0
10.3674 9968288 612.452 7 2506 472.39 1 9967974 9968298 13 0 1 20 1  0
10.2762 9961157 612.013 7 2608 566.072 1 9960741 9960746 13 0 1 20 1  0
12.735 10221566 628.013 12 2955 1047.46 2 10219582 10221570 13 0 1 20 1  0
10.082 10157232 624.06 12 3244 1748.68 1 10157176 10157646 13 0 1 20 1  0
11.0916 10221644 628.018 8 0 0 23365 10221644 10221645 13 0 1 20 1  0
29.8629 10435306 641.145 10 343 7.18469 16947 10434510 10436615 13 0 1 20 1  0
11.2958 10221645 628.018 1 0 0 1 10221645 10221646 13 0 1 20 1  0
10.0192 10432721 640.986 3 1 0.0197462 1 10432721 10432722 13 0 1 20 1  0
10.0507 10433781 641.051 3 3 0.059238 1 10433781 10433782 13 0 1 20 1  0
11.8808 10435976 641.186 4 507 11.3891 6 10434599 10434760 13 0 1 20 1  0
10.5384 10435926 641.183 3 529 12.0181 1 10434569 10434658 13 0 1 20 1  0
10.0615 10433158 641.013 3 857 24.1652 1 10433158 10433159 13 0 1 20 1  0
12.6063 10433076 641.008 3 1125 40.0618 9 10431696 10431705 13 0 1 20 1  0
10.2571 10432921 640.999 3 916 27.0843 5 10432921 10432922 13 0 1 20 1  0
10.001 10432957 641.001 3 926 27.6075 1 10432957 10432958 13 0 1 20 1  0
10.85 10434320 641.085 2 989 31.1104 2 10432510 10432512 13 0 1 20 1  0
10.3654 10433043 641.006 2 1125 40.0618 1 10431849 10431851 13 0 1 20 1  0
12.1239 10427807 640.684 3 1523 82.2938 2 10427464 10427465 13 0 1 20 1  0
10.2072 10427019 640.636 4 1540 84.8348 4 10427019 10427020 13 0 1 20 1  0
10.024 10427039 640.637 3 1532 83.6296 1 10427039 10427040 13 0 1 20 1  0
11.5696 10426772 640.621 3 1596 93.7635 2 10426395 10426396 13 0 1 20 1  0
10.1038 10426757 640.62 4 1544 85.4438 1 10426757 10426758 13 0 1 20 1  0
10.1812 10427127 640.643 3 1545 85.5967 1 10427127 10427128 13 0 1 20 1  0
10.0807 10426337 640.594 3 1596 93.7635 1 10426337 10426338 13 0 1 20 1  0
10.4062 10425862 640.565 3 1624 98.569 1 10425862 10425863 13 0 1 20 1  0
10.3419 10425703 640.555 3 1631 99.8078 5 10425703 10425704 13 0 1 20 1  0
10.0937 10425497 640.543 4 1632 99.9861 1 10425497 10425498 13 0 1 20 1  0
10.1494 10425394 640.536 3 1641 101.604 3 10425394 10425395 13 0 1 20 1  0
10.0791 10417653 640.061 4 1951 176.405 1 10417653 10417654 13 0 1 20 1  0
10.1284 10417461 640.049 5 1957 178.295 3 10417461 10417462 13 0 1 20 1  0
10.8335 10416565 639.994 5 2019 199.054 2 10416130 10416160 13 0 1 20 1  0
19.2825 10409475 639.558 9 2381 378.443 581 10397305 10399206 13 0 1 20 1  0
0 10221568 628.013 6 2334 348.167 274 10412385 10412757 13 0 1 20 1  0
10.8017 10394107 638.614 8 2448 426.206 5 10394053 10394241 13 0 1 20 1  0
15.026 10366428 636.913 9 2732 705.314 61 10364869 10368990 13 0 1 20 1  0
0 10221568 628.013 6 2695 660.517 16 10371423 10371643 13 0 1 20 1  0
10.6466 10370165 637.143 6 2705 672.336 2 10369912 10370180 13 0 1 20 1  0
10.4453 10369398 637.096 6 2718 688.018 1 10368376 10368383 13 0 1 20 1  0
10.6512 10349339 635.863 8 2838 851.187 1 10349292 10350261 13 0 1 20 1  0
10.8977 10486195 644.272 8 0 0 1 10486195 10486196 13 0 1 20 1  0
12.3469 10586359 650.426 8 0 0 1 10489611 10489612 13 0 1 20 1  0
0 10483712 644.119 8 0 0 1139 10490738 10490739 13 0 1 20 1  0
10.7965 10489612 644.482 1 0 0 1 10489612 10489613 13 0 1 20 1  0
24.8047 10685036 656.489 10 361 7.61041 5884 10684553 10685575 13 0 1 20 1  0
14.6751 10686088 656.553 2 0 0 1 10669415 10669424 13 0 1 20 1  0
11.7607 10686917 656.604 2 1 0.0197462 1 10685649 10685688 13 0 1 20 1  0
10.0521 10664505 655.227 4 2 0.0394922 1 10664505 10664506 13 0 1 20 1  0
10.1645 10669440 655.53 3 3 0.059238 1 10669440 10669441 13 0 1 20 1  0
13.0429 10745724 660.217 9 2633 591.737 59 10744889 10745857 13 0 1 20 1  0
0 10483712 644.119 8 2643 602.325 3 10745789 10745857 13 0 1 20 1  0
12.7421 10714778 658.316 12 2721 691.688 27 10712648 10716800 13 0 1 20 1  0
13.1194 10701350 657.491 10 3008 1150.68 23 10700217 10702638 13 0 1 20 1  0
10.2798 10745890 660.227 8 0 0 20488 10745890 10745891 13 0 1 20 1  0
35.4411 10777173 662.149 9 306 6.33203 11697 10775443 10777511 13 0 1 20 1  0
10.9378 10747697 660.339 1 0 0 1 10747697 10747698 13 0 1 20 1  0
16.1191 10955463 673.104 1 0 0 1 10750291 10750292 13 0 1 20 1  0
16.5905 10988885 675.157 5 0 0 1 10776271 10776470 13 0 1 20 1  0
23.4496 10799518 663.522 10 79 1.56412 579 10775833 10778122 13 0 1 20 1  0
11.5376 10982333 674.755 7 15 0.296194 1 10777631 10777953 13 0 1 20 1  0
11.5061 10783460 662.536 5 328 6.83551 1 10776930 10777358 13 0 1 20 1  0
10.3953 10799909 663.546 5 394 8.4113 1 10775772 10775773 13 0 1 20 1  0
13.3319 10775368 662.039 3 440 9.57626 26 10775294 10775437 13 0 1 20 1  0
10.6278 10775310 662.035 2 464 10.2088 12 10775274 10775283 13 0 1 20 1  0
10.932 10775332 662.036 2 453 9.91668 3 10775323 10775359 13 0 1 20 1  0
10.4616 10775255 662.032 2 497 11.109 9 10775255 10775256 13 0 1 20 1  0
10.1778 10775112 662.023 2 523 11.8448 4 10775112 10775113 13 0 1 20 1  0
10.6112 10774996 662.016 2 575 13.3936 10 10774996 10774997 13 0 1 20 1  0
11.468 10798966 663.488 4 520 11.7587 1 10776432 10776898 13 0 1 20 1  0
10.3514 10774978 662.015 2 582 13.6105 8 10774978 10774979 13 0 1 20 1  0
10.2485 10774896 662.01 3 586 13.7353 5 10774896 10774897 13 0 1 20 1  0
10.1873 10774829 662.005 2 620 14.8253 3 10774829 10774830 13 0 1 20 1  0
10.2533 10774773 662.002 2 645 15.6609 3 10774773 10774774 13 0 1 20 1  0
10.3752 10774712 661.998 2 662 16.2465 5 10774712 10774713 13 0 1 20 1  0
10.7718 10799798 663.54 7 681 16.9186 3 10776043 10776439 13 0 1 20 1  0
14.2714 10798907 663.485 5 763 20.0494 26 10774205 10774457 13 0 1 20 1  0
11.7724 10799504 663.521 3 772 20.4176 6 10774266 10774338 13 0 1 20 1  0
10.1815 10798243 663.444 3 1334 58.6052 1 10798243 10798244 13 0 1 20 1  0
17.899 10766092 661.469 8 2190 269.66 698 10765147 10767127 13 0 1 20 1  0
14.4728 10753908 660.72 12 2563 522.647 234 10751964 10756234 13 0 1 20 1  0
15.3635 10795561 663.279 9 2290 322.021 219 10760675 10763116 13 0 1 20 1  0
10.5262 10909220 670.262 12 2909 965.402 1 10907878 10910982 13 0 1 20 1  0
10.0145 10779236 662.276 12 3288 1890.59 1 10779228 10779238 13 0 1 20 1  0
10.4476 11009587 676.429 8 0 0 920 11009587 11009588 13 0 1 20 1  0
14.1679 11249607 691.176 8 0 0 1 11010236 11010237 13 0 1 20 1  0
11.3942 11010237 676.469 1 0 0 1 11010237 11010238 13 0 1 20 1  0
16.318 11249607 691.176 1 0 0 2 11013485 11013486 13 0 1 20 1  0
17.7168 11094997 681.677 5 1 0.0197462 14 11040465 11040500 13 0 1 20 1  0
19.0703 11041780 678.407 6 1 0.0197462 207 11040462 11040496 13 0 1 20 1  0
11.1003 11194069 687.764 2 1 0.0197462 2 11045340 11045341 13 0 1 20 1  0
10.6975 11227287 689.805 2 2 0.0394922 1 11227287 11227288 13 0 1 20 1  0
10.7842 11227205 689.799 3 4 0.0789836 3 11041766 11041768 13 0 1 20 1  0
10.8518 11054108 679.164 4 7 0.13822 1 11054107 11054111 13 0 1 20 1  0
16.2173 11108556 682.51 11 124 2.46611 37 11032262 11033923 13 0 1 20 1  0
10.5323 11031908 677.8 7 480 10.6407 6 11031893 11031942 13 0 1 20 1  0
10.8113 11107072 682.418 5 541 12.3689 13 11031782 11031789 13 0 1 20 1  0
11.1799 11054022 679.159 10 2466 440.034 1 11051955 11054668 13 0 1 20 1  0
10.449 11208302 688.638 12 3138 1449.02 1 11207458 11209016 13 0 1 20 1  0
20.8251 11256596 691.605 12 3260 1799.01 160 11250348 11260838 13 0 1 20 1  0
0 11008000 676.331 9 3252 1773.67 8 11258577 11259924 13 0 1 20 1  0
10.9691 11271811 692.54 8 0 0 28023 11271811 11271812 13 0 1 20 1  0
15.1115 11388503 699.71 10 106 2.10381 25 11385723 11389411 13 0 1 20 1  0
71.0127 11479598 705.306 12 336 7.02113 9514 11384168 11390128 13 0 1 20 1  0
11.2382 11272137 692.56 1 0 0 1 11272137 11272138 13 0 1 20 1  0
10.1605 11372725 698.74 3 0 0 2 11372725 11372726 13 0 1 20 1  0
10.312 11385772 699.542 2 1 0.0197462 1 11385772 11385773 13 0 1 20 1  0
18.4845 11482173 705.465 4 2 0.0394922 3 11372716 11372718 13 0 1 20 1  0
10.0003 11317508 695.348 3 1 0.0197462 1 11317508 11317509 13 0 1 20 1  0
20.8575 11389004 699.74 5 1 0.0197462 1 11385741 11386490 13 0 1 20 1  0
10.0043 11482712 705.498 2 2 0.0394922 1 11482712 11482713 13 0 1 20 1  0
16.7445 11477807 705.196 4 3 0.059238 1 11385754 11385797 13 0 1 20 1  0
10.0532 11386085 699.561 3 5 0.0987291 1 11386085 11386086 13 0 1 20 1  0
10.539 11482506 705.485 3 5 0.0987291 1 11386114 11386115 13 0 1 20 1  0
16.4412 11387090 699.623 11 514 11.5873 199 11385011 11388852 13 0 1 20 1  0
10.1891 11387337 699.638 3 288 5.92726 1 11387337 11387338 13 0 1 20 1  0
10.2184 11387912 699.673 4 419 9.03701 6 11387912 11387913 13 0 1 20 1  0
10.1174 11386131 699.564 3 377 7.99531 5 11386131 11386132 13 0 1 20 1  0
10.2378 11387817 699.667 3 350 7.34936 2 11387817 11387818 13 0 1 20 1  0
10.1607 11388300 699.697 3 397 8.48549 1 11388300 11388301 13 0 1 20 1  0
10.0769 11385313 699.514 5 419 9.03701 2 11385313 11385314 13 0 1 20 1  0
10.1113 11387697 699.66 3 610 14.4993 1 11387697 11387698 13 0 1 20 1  0
10.1578 11387999 699.679 3 728 18.6652 1 11387999 11388000 13 0 1 20 1  0
10.4473 11384642 699.472 4 752 19.6063 8 11384642 11384643 13 0 1 20 1  0
10.2189 11387936 699.675 3 762 20.0088 2 11387936 11387937 13 0 1 20 1  0
10.2411 11387619 699.655 3 770 20.3354 2 11387619 11387620 13 0 1 20 1  0
10.208 11385310 699.513 3 777 20.6245 1 11385310 11385311 13 0 1 20 1  0
22.0707 11385892 699.549 12 782 20.8329 1 11383568 11388960 13 0 1 20 1  0
10.212 11387520 699.649 3 824 22.6499 1 11387520 11387521 13 0 1 20 1  0
10.0744 11387453 699.645 2 844 23.5587 1 11387453 11387454 13 0 1 20 1  0
11.4612 11481211 705.406 5 1085 37.2117 3 11477199 11477221 13 0 1 20 1  0
10.1864 11480334 705.352 3 1184 44.6381 1 11480334 11480335 13 0 1 20 1  0
16.9472 11476691 705.128 10 1995 190.747 303 11383210 11384984 13 0 1 20 1  0
14.3358 11476364 705.108 10 2001 192.791 83 11475040 11478058 13 0 1 20 1  0
0 11270144 692.438 6 1879 155.216 253 11477765 11478209 13 0 1 20 1  0
10.1789 11384060 699.437 5 1966 181.169 1 11384059 11384062 13 0 1 20 1  0
10.8933 11383818 699.422 5 1976 184.417 1 11383808 11383821 13 0 1 20 1  0
12.155 11383286 699.389 12 2303 329.535 3 11381694 11385136 13 0 1 20 1  0
10.0653 11474094 704.968 5 2247 298.364 1 11474092 11474095 13 0 1 20 1  0
10.3219 11442548 703.03 12 2249 299.425 1 11441994 11443006 13 0 1 20 1  0
12.1938 11417608 701.498 9 2539 500.866 42 11416150 11419154 13 0 1 20 1  0
0 11270144 692.438 6 2535 497.325 16 11417821 11418332 13 0 1 20 1  0
12.5912 11531868 708.518 7 2829 837.709 9 11531209 11532289 13 0 1 20 1  0
0 11270144 692.438 6 2828 836.225 7 11532058 11532243 13 0 1 20 1  0
12.9645 11368412 698.475 9 2866 894.52 17 11366377 11369763 13 0 1 20 1  0
10.0729 11791784 724.487 12 21 0.414699 1 11791466 11791810 13 0 1 20 1  0
11.3449 11636562 714.95 12 213 4.30073 2 11636242 11637568 13 0 1 20 1  0
10.2728 11634630 714.832 10 1137 40.9554 2 11634452 11634683 13 0 1 20 1  0
13.9847 11794482 724.653 12 3086 1321.38 3 11794432 11797052 13 0 1 20 1  0
10.1397 12057422 740.808 8 0 0 1 12057422 12057423 13 0 1 20 1  0
13.6093 12262649 753.417 8 0 0 1 12060345 12060346 13 0 1 20 1  0
0 12056576 740.756 8 0 0 457 12060497 12060498 13 0 1 20 1  0
10.6894 12057423 740.808 1 0 0 1 12057423 12057424 13 0 1 20 1  0
14.8223 12290255 755.113 1 0 0 2 12058074 12058075 13 0 1 20 1  0
0 12056576 740.756 1 0 0 274 12058397 12058398 13 0 1 20 1  0
10.2334 12115324 744.365 3 0 0 1 12115324 12115326 13 0 1 20 1  0
11.1657 12273399 754.078 5 0 0 4 12273393 12273408 13 0 1 20 1  0
10.5893 12118739 744.575 3 1 0.0197462 1 12118739 12118740 13 0 1 20 1  0
10.1451 12277298 754.317 3 3 0.059238 1 12277298 12277299 13 0 1 20 1  0
11.2708 12318838 756.869 8 0 0 1518 12318838 12318839 13 0 1 20 1  0
13.5664 12473099 766.347 8 0 0 1 12320281 12320282 13 0 1 20 1  0
12.5789 12576384 772.693 8 0 0 1 12320451 12320452 13 0 1 20 1  0
10.0427 12318839 756.869 1 0 0 1 12318839 12318840 13 0 1 20 1  0
16.2166 12466599 765.948 1 0 0 1 12320282 12320283 13 0 1 20 1  0
10.7244 12351697 758.888 2 0 0 4 12351697 12351698 13 0 1 20 1  0
17.2327 12571497 772.393 2 0 0 4 12351854 12351857 13 0 1 20 1  0
15.9928 12571179 772.373 5 0 0 12 12461955 12461994 13 0 1 20 1  0
14.7578 12461970 765.663 6 2 0.0394922 50 12351343 12351346 13 0 1 20 1  0
13.0557 12522085 769.357 7 0 0 1 12461908 12462337 13 0 1 20 1  0
12.3716 12496466 767.783 2 1 0.0197462 1 12466598 12466599 13 0 1 20 1  0
10.2171 12357394 759.238 3 1 0.0197462 1 12357394 12357395 13 0 1 20 1  0
10.9496 12521396 769.315 4 4 0.0789836 4 12467885 12467887 13 0 1 20 1  0
10.9469 12455754 765.281 7 1649 103.065 6 12455445 12456199 13 0 1 20 1  0
10.2703 12454989 765.234 5 1669 106.807 1 12454983 12454992 13 0 1 20 1  0
10.219 12581081 772.982 8 0 0 306 12581081 12581082 13 0 1 20 1  0
13.1559 12618616 775.288 8 0 0 1 12581412 12581413 13 0 1 20 1  0
10.5572 12580941 772.973 1 0 0 1 12580941 12580942 13 0 1 20 1  0
15.0664 12625681 775.722 1 0 0 21 12581582 12581583 13 0 1 20 1  0
0 12580864 772.968 1 0 0 95 12582234 12582235 13 0 1 20 1  0
11.9321 12794819 786.114 8 322 6.69721 114 12794732 12794867 13 0 1 20 1  0
10.7197 12798744 786.355 6 484 10.75 29 12798726 12798764 13 0 1 20 1  0
10.0427 12814930 787.349 12 2911 968.832 1 12813878 12814990 13 0 1 20 1  0
10.9536 12844982 789.196 8 0 0 1 12844982 12844983 13 0 1 20 1  0
13.6919 13008250 799.227 8 43 0.849625 35 12921828 12922197 13 0 1 20 1  0
0 12843008 789.074 8 0 0 1655 12845629 12845630 13 0 1 20 1  0
10.3141 12845958 789.256 1 0 0 1 12845958 12845959 13 0 1 20 1  0
14.119 13008354 799.233 1 0 0 2 12846286 12846287 13 0 1 20 1  0
21.8538 12920693 793.847 8 562 12.9963 5294 12920295 12920901 13 0 1 20 1  0
10.0251 12853740 789.734 3 3 0.059238 1 12853740 12853741 13 0 1 20 1  0
10.0274 13062450 802.557 12 485 10.7774 1 13062434 13062470 13 0 1 20 1  0
11.7508 13107712 805.338 8 0 0 1 13107712 13107713 13 0 1 20 1  0
13.0635 13243124 813.658 8 0 0 1 13108698 13108699 13 0 1 20 1  0
0 13105152 805.18 8 0 0 465 13109023 13109024 13 0 1 20 1  0
10.6001 13116813 805.897 1 0 0 1 13116813 13116814 13 0 1 20 1  0
14.8467 13261956 814.815 1 0 0 1 13117607 13117608 13 0 1 20 1  0
0 13105152 805.18 1 0 0 156 13118115 13118116 13 0 1 20 1  0
11.043 13339886 819.603 2 0 0 1 13229807 13229809 13 0 1 20 1  0
11.0889 13172309 809.307 8 5 0.0987291 9 13161886 13162063 13 0 1 20 1  0
15.6922 13161464 808.64 7 322 6.69721 1455 13161404 13161540 13 0 1 20 1  0
10.5555 13348349 820.123 7 6 0.118475 2 13348327 13348356 13 0 1 20 1  0
0 13105152 805.18 3 293 6.03907 17 13161525 13161526 13 0 1 20 1  0
10.6525 13368118 821.337 8 0 0 1 13368118 13368119 13 0 1 20 1  0
14.382 13417442 824.368 8 3 0.059238 387 13410284 13410390 13 0 1 20 1  0
0 13367296 821.287 8 0 0 715 13368917 13368918 13 0 1 20 1  0
10.0066 13368595 821.366 1 0 0 1 13368595 13368596 13 0 1 20 1  0
16.0566 13464217 827.241 1 0 0 1 13368918 13368919 13 0 1 20 1  0
0 13367296 821.287 1 0 0 357 13369243 13369244 13 0 1 20 1  0
11.3058 13410324 823.93 2 0 0 1 13382731 13382733 13 0 1 20 1  0
11.1826 13410131 823.918 7 153 3.05512 21 13410108 13410154 13 0 1 20 1  0
10.6466 13464889 827.283 8 227 4.59778 2 13382388 13382434 13 0 1 20 1  0
10.4323 13381744 822.174 7 583 13.6416 3 13381730 13381761 13 0 1 20 1  0
10.815 13415373 824.24 8 749 19.4868 6 13415332 13415438 13 0 1 20 1  0
10.272 13378708 821.988 6 1889 158 1 13378706 13378712 13 0 1 20 1  0
10.215 13376473 821.85 9 1963 180.206 1 13376440 13376645 13 0 1 20 1  0
11.5699 13367304 821.287 12 2512 477.444 6 13367296 13368760 13 0 1 20 1  0
10.3075 13629584 837.402 8 0 0 391 13629584 13629585 13 0 1 20 1  0
13.3334 13732342 843.715 8 0 0 49 13633659 13633660 13 0 1 20 1  0
10.3987 13669516 839.855 1 0 0 1 13669516 13669517 13 0 1 20 1  0
13.9135 13732343 843.715 1 0 0 1 13679251 13679252 13 0 1 20 1  0
0 13629440 837.393 1 0 0 83 13681049 13681050 13 0 1 20 1  0
10.336 13730392 843.595 2 0 0 1 13730392 13730393 13 0 1 20 1  0
10.9437 13790111 847.264 2 0 0 2 13790110 13790112 13 0 1 20 1  0
12.9782 13789829 847.247 8 225 4.55518 162 13732695 13732722 13 0 1 20 1  0
10.1874 13732413 843.719 3 202 4.06919 1 13732413 13732414 13 0 1 20 1  0
10.1555 13730135 843.579 7 942 28.4628 3 13730131 13730145 13 0 1 20 1  0
10.6213 13727074 843.391 5 1418 68.1739 4 13726673 13726679 13 0 1 20 1  0
0 13629440 837.393 5 1418 68.1739 1 13727056 13727079 13 0 1 20 1  0
15.4657 13876166 852.552 12 2685 648.906 60 13873120 13880788 13 0 1 20 1  0
0 13629440 837.393 8 2678 640.9 7 13877292 13877300 13 0 1 20 1  0
16.8853 13891584 853.499 12 2745 721.765 54 13888284 13891586 13 0 1 20 1  0
0 13629440 837.393 12 2740 715.393 1 13888824 13891586 13 0 1 20 1  0
11.8049 13828428 849.619 12 2949 1036.37 11 13826324 13830228 13 0 1 20 1  0
10.585 13826401 849.494 8 2958 1053.05 1 13826380 13826943 13 0 1 20 1  0
0 13629440 837.393 8 2958 1053.05 3 13828082 13828089 13 0 1 20 1  0
11.9538 13828016 849.593 8 2964 1064.31 2 13823768 13823953 13 0 1 20 1  0
12.4585 13955888 857.45 12 244 4.96227 11 13954918 13957150 13 0 1 20 1  0
10.2612 13955310 857.414 12 713 18.0943 4 13955210 13955640 13 0 1 20 1  0
10.7251 13960075 857.707 11 1185 44.7197 6 13959674 13960322 13 0 1 20 1  0
11.6605 13958091 857.585 11 1435 70.2873 54 13957408 13958800 13 0 1 20 1  0
0 13891584 853.499 5 1792 132.964 9 13952998 13953001 13 0 1 20 1  0
10.1877 14087456 865.533 12 2978 1091.06 1 14087300 14087976 13 0 1 20 1  0
11.2059 14153880 869.614 1 0 0 4928 14153863 14153869 13 0 1 20 1  0
13.7197 14370311 882.912 8 0 0 1 14153879 14153897 13 0 1 20 1  0
13.8971 14301217 878.667 1 0 0 1 14153880 14153915 13 0 1 20 1  0
15.9187 14236309 874.679 3 0 0 11 14153865 14153931 13 0 1 20 1  0
14.9641 14229833 874.281 5 0 0 2 14153870 14153923 13 0 1 20 1  0
19.8043 14228423 874.194 11 389 8.28817 1229 14219635 14229804 13 0 1 20 1  0
10.1767 14201583 872.545 5 12 0.236951 2 14201583 14201584 13 0 1 20 1  0
17.3224 14221714 873.782 6 1 0.0197462 8 14153875 14153920 13 0 1 20 1  0
10.0109 14159412 869.954 7 1 0.0197462 1 14159412 14159413 13 0 1 20 1  0
11.2999 14230144 874.3 3 2 0.0394922 1 14201583 14201588 13 0 1 20 1  0
10.2786 14235685 874.64 3 5 0.0987291 2 14228849 14228876 13 0 1 20 1  0
10.6861 14236380 874.683 8 5 0.0987291 1 14215459 14215503 13 0 1 20 1  0
10.1394 14155825 869.734 4 7 0.13822 1 14155825 14155826 13 0 1 20 1  0
10.0012 14221044 873.741 6 16 0.315943 1 14221044 14221045 13 0 1 20 1  0
12.7196 14224955 873.981 7 23 0.454207 1 14173013 14173016 13 0 1 20 1  0
13.2395 14203548 872.666 8 201 4.04822 51 14162019 14162072 13 0 1 20 1  0
13.0668 14215244 873.385 8 164 3.28053 43 14203536 14203604 13 0 1 20 1  0
10.978 14296883 878.4 8 711 18.0191 28 14171605 14171611 13 0 1 20 1  0
10.2032 14203016 872.633 8 501 11.2206 1 14203000 14203029 13 0 1 20 1  0
11.5155 14171946 870.724 8 611 14.5317 14 14171899 14171979 13 0 1 20 1  0
10.2293 14299114 878.538 8 736 18.9751 2 14296809 14296829 13 0 1 20 1  0
10.5348 14224491 873.953 4 744 19.2888 2 14224489 14224497 13 0 1 20 1  0
11.2136 14219268 873.632 4 1208 46.6365 14 14219266 14219272 13 0 1 20 1  0
10.9351 14221622 873.776 6 1192 45.2951 15 14219330 14219379 13 0 1 20 1  0
0 14153728 869.605 6 1187 44.8834 620 14221618 14221646 13 0 1 20 1  0
11.1235 14221052 873.741 5 1357 61.0873 23 14221040 14221070 13 0 1 20 1  0
10.2868 14220202 873.689 12 1264 51.6347 1 14220124 14221544 13 0 1 20 1  0
13.0402 14218420 873.58 5 1555 87.1408 526 14218406 14218439 13 0 1 20 1  0
10.7535 14221787 873.787 4 1523 82.2938 2 14219480 14219483 13 0 1 20 1  0
10.6389 14213544 873.28 4 1669 106.807 2 14213542 14213546 13 0 1 20 1  0
10.5774 14217112 873.499 5 1785 131.318 1 14217110 14217114 13 0 1 20 1  0
10.8122 14419130 885.911 8 0 0 1 14419130 14419131 13 0 1 20 1  0
14.2147 14623156 898.447 8 0 0 1 14419306 14419307 13 0 1 20 1  0
0 14415872 885.711 8 0 0 18275 14419783 14419784 13 0 1 20 1  0
10.031 14416388 885.743 1 0 0 1 14416388 14416389 13 0 1 20 1  0
18.6938 14657188 900.538 3 0 0 7 14564696 14564701 13 0 1 20 1  0
15.3979 14661397 900.796 1 0 0 1 14423533 14423534 13 0 1 20 1  0
10.1113 14426046 886.336 3 0 0 5 14426046 14426047 13 0 1 20 1  0
43.5568 14660354 900.732 12 274 5.61661 9250 14655706 14669428 13 0 1 20 1  0
10.147 14651782 900.205 3 1 0.0197462 1 14651782 14651783 13 0 1 20 1  0
10.2918 14651975 900.217 2 2 0.0394922 1 14651975 14651976 13 0 1 20 1  0
14.6722 14663708 900.938 4 4 0.0789836 1 14651635 14651639 13 0 1 20 1  0
10.3098 14649365 900.057 3 5 0.0987291 1 14649365 14649366 13 0 1 20 1  0
16.9571 14663360 900.917 5 5 0.0987291 1 14657501 14657574 13 0 1 20 1  0
16.4354 14664670 900.997 5 5 0.0987291 1 14657799 14657902 13 0 1 20 1  0
11.866 14651633 900.196 3 6 0.118475 4 14426031 14426033 13 0 1 20 1  0
10.1637 14564202 894.825 3 345 7.23163 9 14564202 14564203 13 0 1 20 1  0
11.0528 14666189 901.091 7 300 6.19641 1 14658071 14658094 13 0 1 20 1  0
11.6872 14668359 901.224 6 338 7.06775 1 14658739 14659123 13 0 1 20 1  0
10.2674 14656644 900.504 3 450 9.83766 4 14656644 14656645 13 0 1 20 1  0
12.8666 14663455 900.923 5 452 9.89031 1 14656620 14656658 13 0 1 20 1  0
10.3281 14656273 900.481 3 467 10.2892 2 14656273 14656274 13 0 1 20 1  0
11.2495 14660193 900.722 3 461 10.1288 3 14656620 14656626 13 0 1 20 1  0
10.0837 14662945 900.891 3 589 13.8295 1 14662945 14662946 13 0 1 20 1  0
10.1634 14658396 900.612 4 591 13.8924 1 14658396 14658397 13 0 1 20 1  0
10.2369 14665128 901.025 3 644 15.6269 1 14661247 14661248 13 0 1 20 1  0
10.1991 14665069 901.022 4 710 17.9816 1 14665068 14665070 13 0 1 20 1  0
10.8511 14662188 900.845 4 762 20.0088 3 14659262 14659271 13 0 1 20 1  0
12.4665 14665988 901.078 5 805 21.813 36 14657541 14657599 13 0 1 20 1  0
11.2262 14664720 901 4 804 21.7696 3 14660459 14660476 13 0 1 20 1  0
10.201 14665517 901.049 4 892 25.8629 2 14664740 14664741 13 0 1 20 1  0
10.2075 14660876 900.764 3 1031 33.6587 1 14660876 14660877 13 0 1 20 1  0
11.4482 14531038 892.787 7 1280 53.154 14 14530941 14531060 13 0 1 20 1  0
10.8689 14667887 901.195 5 1447 71.8175 16 14667870 14667891 13 0 1 20 1  0
10.1229 14651940 900.215 5 1643 101.967 1 14651940 14651941 13 0 1 20 1  0
10.1098 14661503 900.803 6 1826 141.256 1 14661474 14661504 13 0 1 20 1  0
10.0552 14649577 900.07 5 1837 144.046 1 14649577 14649578 13 0 1 20 1  0
20.0887 14656204 900.477 12 2186 267.752 152 14512770 14516352 13 0 1 20 1  0
0 14415872 885.711 6 2027 201.902 138 14661703 14661720 13 0 1 20 1  0
10.462 14660202 900.723 7 2043 207.722 2 14660179 14660228 13 0 1 20 1  0
10.472 14659566 900.684 6 2057 212.95 1 14659565 14659591 13 0 1 20 1  0
15.5212 14678016 901.817 12 2619 577.225 122 14676370 14678018 13 0 1 20 1  0
0 14415872 885.711 12 2153 252.52 15 14655654 14664068 13 0 1 20 1  0
13.3407 14629452 898.833 12 2178 263.977 1 14513400 14516222 13 0 1 20 1  0
12.5206 14610544 897.672 12 2411 399.13 30 14608820 14614190 13 0 1 20 1  0
10.5151 14611710 897.743 7 2411 399.13 2 14611686 14611766 13 0 1 20 1  0
14.8232 14631888 898.983 10 2535 497.325 183 14630111 14635081 13 0 1 20 1  0
12.6638 14594680 896.697 12 2574 532.945 57 14592564 14597036 13 0 1 20 1  0
14.5429 14616182 898.018 12 2651 610.933 54 14585556 14586670 13 0 1 20 1  0
13.1083 14651821 900.208 10 2689 653.526 52 14649746 14654802 13 0 1 20 1  0
16.7562 14531800 892.834 12 2954 1045.6 1 14526602 14538942 13 0 1 20 1  0
0 14415872 885.711 12 2954 1045.6 2 14558594 14568088 13 0 1 20 1  0
11.479 14644815 899.777 9 3024 1183.8 6 14644476 14646944 13 0 1 20 1  0
12.7319 14567774 895.044 12 3088 1326.08 3 14565654 14569566 13 0 1 20 1  0
11.021 14940329 917.934 8 0 0 999 14940329 14940330 13 0 1 20 1  0
14.7911 15138499 930.109 8 0 0 1 14940836 14940837 13 0 1 20 1  0
10.5186 14940836 917.965 1 0 0 1 14940836 14940837 13 0 1 20 1  0
16.3748 14997961 921.475 1 0 0 1 14941160 14941161 13 0 1 20 1  0
16.3602 15010055 922.218 5 2 0.0394922 24 14960700 14960725 13 0 1 20 1  0
13.6055 15083856 926.752 8 288 5.92726 220 15065983 15066375 13 0 1 20 1  0
11.7305 14960694 919.185 6 5 0.0987291 6 14960674 14960705 13 0 1 20 1  0
12.7407 15066447 925.682 10 93 1.84346 563 15066155 15066779 13 0 1 20 1  0
10.0922 15116996 928.788 3 4 0.0789836 1 15116996 15116997 13 0 1 20 1  0
10.0684 15150545 930.849 5 222 4.49138 2 15150545 15150546 13 0 1 20 1  0
0 14940160 917.923 6 224 4.5339 124 15083929 15083994 13 0 1 20 1  0
12.143 15134224 929.847 5 255 5.20048 53 14960265 14960290 13 0 1 20 1  0
10.1693 14960294 919.16 4 245 4.98385 3 14960294 14960295 13 0 1 20 1  0
11.477 15203109 934.079 8 0 0 2849 15203109 15203110 13 0 1 20 1  0
15.2058 15368971 944.27 8 0 0 1 15203572 15203573 13 0 1 20 1  0
15.2488 15425118 947.719 8 0 0 1 15203891 15203892 13 0 1 20 1  0
11.1243 15202594 934.047 1 0 0 1 15202594 15202595 13 0 1 20 1  0
18.133 15368972 944.27 1 0 0 1 15203109 15203111 13 0 1 20 1  0
18.6011 15438100 948.517 1 0 0 1 15203754 15203755 13 0 1 20 1  0
10.4503 15216556 934.905 2 0 0 1 15216556 15216557 13 0 1 20 1  0
16.0276 15437770 948.497 2 0 0 1 15218502 15218504 13 0 1 20 1  0
15.062 15415361 947.12 5 1 0.0197462 21 15229154 15229156 13 0 1 20 1  0
16.0677 15438124 948.518 7 6 0.118475 294 15217558 15217562 13 0 1 20 1  0
18.916 15273557 938.407 8 2 0.0394922 249 15251066 15251256 13 0 1 20 1  0
12.204 15263796 937.808 2 1 0.0197462 1 15251140 15251142 13 0 1 20 1  0
10.0563 15251141 937.03 3 3 0.059238 2 15251141 15251142 13 0 1 20 1  0
14.6991 15263615 937.796 9 12 0.236951 67 15263223 15263968 13 0 1 20 1  0
10.0402 15411395 946.876 4 5 0.0987291 1 15411395 15411396 13 0 1 20 1  0
12.1907 15344384 942.759 10 274 5.61661 8 15263115 15263222 13 0 1 20 1  0
10.3707 15344672 942.777 3 205 4.13218 2 15344672 15344674 13 0 1 20 1  0
11.681 15250601 936.997 7 354 7.44396 37 15250563 15250632 13 0 1 20 1  0
11.1576 15424864 947.704 9 277 5.68288 7 15287889 15287909 13 0 1 20 1  0
10.8341 15288577 939.33 7 362 7.63429 4 15250567 15250610 13 0 1 20 1  0
11.032 15287729 939.278 4 465 10.2356 42 15287725 15287741 13 0 1 20 1  0
12.5259 15255898 937.322 5 504 11.3047 100 15221483 15221492 13 0 1 20 1  0
10.7325 15343804 942.723 5 494 11.0256 7 15255911 15255937 13 0 1 20 1  0
10.6503 15424020 947.652 7 608 14.4347 11 15423995 15424052 13 0 1 20 1  0
10.5322 15435285 948.344 7 1014 32.6056 6 15435275 15435394 13 0 1 20 1  0
10.326 15433546 948.237 7 1252 50.5225 2 15433224 15433573 13 0 1 20 1  0
11.3893 15464543 950.141 8 0 0 16851 15464543 15464544 13 0 1 20 1  0
15.9603 15527188 953.99 8 0 0 1 15464710 15464711 13 0 1 20 1  0
15.8503 15718980 965.774 8 0 0 1 15464872 15464873 13 0 1 20 1  0
10.1403 15464544 950.142 1 0 0 1 15464544 15464545 13 0 1 20 1  0
34.2512 15564766 956.299 12 178 3.56919 9349 15529066 15532084 13 0 1 20 1  0
10.0053 15465052 950.173 2 0 0 1 15465052 15465053 13 0 1 20 1  0
16.1326 15692222 964.13 3 0 0 2 15529964 15529980 13 0 1 20 1  0
23.8414 15561149 956.077 4 0 0 25 15529961 15529977 13 0 1 20 1  0
10.6964 15529967 954.161 2 1 0.0197462 1 15529967 15529968 13 0 1 20 1  0
10.3263 15481189 951.164 3 4 0.0789836 2 15481189 15481190 13 0 1 20 1  0
10.5753 15531584 954.26 2 2 0.0394922 1 15531584 15531585 13 0 1 20 1  0
14.1464 15688628 963.909 6 2 0.0394922 1 15530258 15530374 13 0 1 20 1  0
10.5335 15556710 955.804 2 3 0.059238 2 15556710 15556711 13 0 1 20 1  0
11.0372 15689624 963.97 4 3 0.059238 1 15530696 15530702 13 0 1 20 1  0
14.7441 15530963 954.222 7 7 0.13822 13 15529938 15531654 13 0 1 20 1  0
10.2024 15531661 954.265 4 7 0.13822 1 15531661 15531662 13 0 1 20 1  0
10.7396 15644968 961.227 3 166 3.32164 1 15566672 15566688 13 0 1 20 1  0
10.1937 15530637 954.202 4 219 4.42771 4 15530637 15530638 13 0 1 20 1  0
10.1151 15561435 956.095 2 241 4.89763 5 15561435 15561436 13 0 1 20 1  0
10.0541 15557168 955.832 3 248 5.04867 1 15557168 15557169 13 0 1 20 1  0
10.0296 15560134 956.015 3 303 6.26413 1 15560134 15560135 13 0 1 20 1  0
11.8624 15633996 960.553 5 510 11.4739 11 15529780 15529792 13 0 1 20 1  0
10.0935 15531714 954.268 5 349 7.32577 3 15531714 15531715 13 0 1 20 1  0
10.3037 15529811 954.152 4 495 11.0534 4 15529811 15529812 13 0 1 20 1  0
12.2042 15563803 956.24 4 506 11.361 34 15556600 15556611 13 0 1 20 1  0
12.7764 15529340 954.123 11 750 19.5266 5 15528680 15529961 13 0 1 20 1  0
10.5084 15563300 956.209 3 629 15.1227 1 15562456 15562467 13 0 1 20 1  0
10.3191 15563326 956.211 3 701 17.6468 1 15563326 15563327 13 0 1 20 1  0
10.0501 15565443 956.341 3 704 17.7579 3 15565443 15565444 13 0 1 20 1  0
10.0232 15559943 956.003 3 711 18.0191 1 15559943 15559944 13 0 1 20 1  0
10.0052 15528871 954.094 4 781 20.7911 1 15528871 15528872 13 0 1 20 1  0
10.2893 15561309 956.087 3 952 29.009 1 15561309 15561310 13 0 1 20 1  0
10.0951 15527203 953.991 5 1122 39.8412 7 15527203 15527204 13 0 1 20 1  0
10.2286 15561206 956.08 3 1004 32 3 15561206 15561207 13 0 1 20 1  0
10.2208 15561052 956.071 4 1145 41.5615 2 15561052 15561053 13 0 1 20 1  0
10.0575 15528744 954.086 6 1045 34.549 1 15528744 15528745 13 0 1 20 1  0
10.2436 15560899 956.062 4 1168 43.3509 2 15560899 15560900 13 0 1 20 1  0
10.1635 15559903 956 4 1175 43.9097 1 15559903 15559905 13 0 1 20 1  0
11.1862 15526158 953.927 9 1347 59.9959 6 15525938 15526494 13 0 1 20 1  0
26.7568 15740174 967.076 12 287 5.90495 8580 15737454 15749344 13 0 1 20 1  0
14.7392 15816972 971.795 8 0 0 1 15726940 15726941 13 0 1 20 1  0
16.6621 15742198 967.201 1 0 0 1 15727608 15727609 13 0 1 20 1  0
26.0815 15946293 979.74 8 10 0.197458 4240 15738550 15740661 13 0 1 20 1  0
26.3432 15740338 967.086 12 175 3.50716 81 15737626 15750024 13 0 1 20 1  0
16.2098 15739597 967.041 11 20 0.394946 23 15738895 15743159 13 0 1 20 1  0
10.0339 15741516 967.159 4 8 0.157966 2 15741516 15741517 13 0 1 20 1  0
18.996 15798537 970.662 11 314 6.51397 1691 15738346 15742789 13 0 1 20 1  0
10.2567 15738358 966.965 3 209 4.21635 9 15738358 15738359 13 0 1 20 1  0
10.0532 15740313 967.085 4 198 3.98538 1 15740313 15740314 13 0 1 20 1  0
12.2171 15798190 970.641 5 278 5.70501 42 15738189 15738219 13 0 1 20 1  0
10.0686 15739360 967.026 4 516 11.6443 1 15739360 15739361 13 0 1 20 1  0
11.2657 15940717 979.398 5 1207 46.5516 13 15736786 15736799 13 0 1 20 1  0
10.0803 15738166 966.953 5 1269 52.105 1 15738166 15738167 13 0 1 20 1  0
10.1755 15727614 966.305 9 2301 328.367 2 15727515 15727650 13 0 1 20 1  0
10.4577 15857108 974.261 12 2956 1049.32 1 15856480 15858042 13 0 1 20 1  0
25.1369 15994953 982.73 6 0 0 2500 15993939 15994115 13 0 1 20 1  0
13.9875 16028072 984.765 8 0 0 1 15990425 15990426 13 0 1 20 1  0
11.7356 15990754 982.472 1 0 0 1 15990754 15990755 13 0 1 20 1  0
15.7812 15995055 982.736 1 0 0 1 15993949 15994012 13 0 1 20 1  0
20.6999 15994940 982.729 4 0 0 5 15993948 15994122 13 0 1 20 1  0
12.2574 16194461 994.988 3 4 0.0789836 2 15993942 15993995 13 0 1 20 1  0
13.3279 16250878 998.454 10 2871 902.487 25 16248744 16250881 13 0 1 20 1  0
68.3604 5736423 352.446 8 2860 885.053 536 5736157 5736721 13 0 1 20 1 1
