0 122647 207.404
1 122647 207.283
2 122647 207.212
3 122647 207.227
4 122647 207.214
5 122647 207.231
6 122647 207.231
7 122647 207.141
8 122647 207.069
9 122647 207.008
10 122647 207.043
11 122647 207.083
12 122647 207.041
13 122647 207.068
14 122647 207.04
15 122647 207.048
16 122647 207.064
17 122647 207.095
18 122648 207.167
19 122648 207.152
20 122647 207.193
21 122648 207.242
22 122648 207.21
23 122648 207.222
24 122648 207.142
25 122648 207.123
26 122648 207.049
27 122648 207.074
28 122648 207.105
29 122648 207.09
30 122648 207.066
31 122648 207.034
32 122648 207.067
33 122648 207.03
34 122648 207.072
35 122648 207.137
36 122648 207.163
37 122648 207.133
38 122648 207.103
39 122648 207.156
40 122649 207.213
41 122649 207.238
42 122649 207.17
43 122649 207.12
44 122649 207.202
45 122649 207.146
46 122649 207.193
47 122649 207.175
48 122649 207.195
49 122649 207.133
50 122649 207.022
51 122650 206.94
52 122650 206.982
53 122650 206.934
54 122650 206.973
55 122650 206.928
56 122650 206.897
57 122650 206.902
58 122650 206.932
59 122650 206.941
60 122650 206.839
61 122650 206.839
62 122650 206.829
63 122650 206.845
64 122650 206.792
65 122650 206.904
66 122651 206.938
67 122650 206.892
68 122650 206.825
69 122651 206.857
70 122651 206.862
71 122651 206.934
72 122651 206.892
73 122651 206.837
74 122651 206.852
75 122651 206.846
76 122651 206.754
77 122651 206.768
78 122651 206.783
79 122651 206.779
80 122651 206.757
81 122651 206.819
82 122651 206.863
83 122651 206.874
84 122651 206.785
85 122651 206.757
86 122651 206.733
87 122651 206.758
88 122651 206.826
89 122651 206.836
90 122651 206.801
91 122651 206.822
92 122651 206.811
93 122651 206.807
94 122651 206.832
95 122651 206.903
96 122651 206.898
97 122651 206.908
98 122651 206.852
99 122651 206.785
100 122651 206.794
101 122651 206.721
102 122651 206.687
103 122651 206.571
104 122651 206.703
105 122651 206.762
106 122651 206.814
107 122651 206.838
108 122651 206.851
109 122651 206.896
110 122650 206.839
111 122651 206.806
112 122651 206.764
113 122651 206.785
114 122651 206.797
115 122650 206.808
116 122650 206.811
117 122651 206.866
118 122651 206.759
119 122651 206.749
120 122651 206.762
121 122651 206.754
122 122651 206.76
123 122651 206.665
124 122651 206.706
125 122651 206.685
126 122651 206.687
127 122651 206.613
128 122651 206.666
129 122650 206.67
130 122650 206.658
131 122650 206.659
132 122650 206.662
133 122650 206.747
134 122649 206.741
135 122649 206.746
136 122649 206.612
137 122649 206.575
138 122649 206.584
139 122648 206.543
140 122648 206.548
141 122648 206.444
142 122648 206.407
143 122648 206.478
144 122648 206.571
145 122647 206.539
146 122647 206.481
147 122647 206.514
148 122647 206.546
149 122647 206.598
150 122647 206.676
151 122647 206.685
152 122647 206.64
153 122646 206.634
154 122646 206.576
155 122646 206.596
156 122646 206.617
157 122646 206.6
158 122646 206.6
159 122645 206.6
160 122645 206.574
161 122645 206.544
162 122645 206.551
163 122645 206.594
164 122645 206.621
165 122645 206.533
166 122645 206.529
167 122645 206.533
168 122645 206.585
169 122645 206.598
170 122645 206.585
171 122645 206.598
172 122645 206.602
173 122645 206.664
174 122645 206.714
175 122645 206.711
176 122645 206.606
177 122645 206.563
178 122645 206.604
179 122645 206.579
180 122644 206.509
181 122645 206.374
182 122644 206.409
183 122644 206.377
184 122644 206.389
185 122644 206.424
186 122644 206.361
187 122645 206.402
188 122645 206.372
189 122645 206.346
190 122645 206.246
191 122645 206.215
192 122644 206.227
193 122645 206.236
194 122645 206.206
195 122645 206.159
196 122644 206.118
197 122644 206.163
198 122645 206.21
199 122645 206.253
200 122645 206.256
201 122644 206.251
202 122644 206.15
203 122644 206.235
204 122645 206.189
205 122645 206.226
206 122645 206.214
207 122645 206.147
208 122645 206.142
209 122645 206.171
210 122645 206.147
211 122645 206.162
212 122645 206.169
213 122645 206.221
214 122645 206.157
215 122645 206.11
216 122645 206.08
217 122645 206.062
218 122645 206.138
219 122645 206.107
220 122645 206.1
221 122645 206.122
222 122645 206.24
223 122645 206.244
224 122646 206.219
225 122646 206.225
226 122646 206.213
227 122646 206.206
228 122646 206.267
229 122646 206.251
230 122646 206.294
231 122646 206.256
232 122646 206.22
233 122647 206.241
234 122647 206.264
235 122647 206.192
236 122647 206.239
237 122647 206.14
238 122647 206.124
239 122647 206.16
240 122647 206.225
241 122647 206.333
242 122647 206.371
243 122647 206.318
244 122647 206.337
245 122647 206.384
246 122647 206.391
247 122647 206.476
248 122647 206.513
249 122647 206.442
250 122647 206.495
251 122647 206.464
252 122647 206.491
253 122647 206.523
254 122647 206.448
255 122647 206.48
256 122647 206.431
257 122647 206.435
258 122647 206.486
259 122647 206.486
260 122647 206.465
261 122647 206.419
262 122647 206.454
263 122647 206.457
264 122647 206.433
265 122647 206.456
266 122647 206.426
267 122647 206.406
268 122647 206.431
269 122647 206.492
270 122647 206.473
271 122647 206.447
272 122647 206.435
273 122647 206.38
274 122647 206.36
275 122647 206.427
276 122647 206.426
277 122647 206.359
278 122647 206.381
279 122647 206.35
280 122647 206.333
281 122647 206.398
282 122647 206.37
283 122647 206.412
284 122647 206.429
285 122647 206.365
286 122647 206.399
287 122647 206.419
288 122647 206.496
289 122648 206.469
290 122648 206.397
291 122648 206.458
292 122648 206.522
293 122648 206.669
294 122648 206.597
295 122648 206.554
296 122648 206.644
297 122649 206.687
298 122649 206.759
299 122649 206.746
300 122649 206.759
301 122648 206.779
302 122648 206.846
303 122648 206.934
304 122649 206.899
305 122649 206.824
306 122649 206.86
307 122649 206.884
308 122649 206.897
309 122649 206.881
310 122649 206.906
311 122650 206.991
312 122650 207.015
313 122650 207.009
314 122650 206.978
315 122650 206.975
316 122650 206.964
317 122650 207.129
318 122650 207.088
319 122650 207.069
320 122650 206.98
321 122650 206.955
322 122650 207.04
323 122650 206.943
324 122650 206.792
325 122651 206.75
326 122651 206.755
327 122651 206.893
328 122651 206.837
329 122651 206.834
330 122651 206.845
331 122651 206.864
332 122652 206.842
333 122652 206.883
334 122652 206.887
335 122653 206.847
336 122652 206.899
337 122652 206.952
338 122652 206.904
339 122653 206.839
340 122653 206.869
341 122653 206.923
342 122653 207.008
343 122653 206.978
344 122653 206.935
345 122653 206.916
346 122653 206.928
347 122653 206.981
348 122654 206.978
349 122654 206.885
350 122654 206.985
351 122654 206.988
352 122654 207.066
353 122654 207.063
354 122654 207.059
355 122654 207.21
356 122654 207.319
357 122654 207.25
358 122654 207.226
359 122654 207.144
360 122654 207.185
361 122654 207.121
362 122654 207.108
363 122654 207.146
364 122654 207.116
365 122654 207.073
366 122654 207.066
367 122654 207.065
368 122654 207.038
369 122654 207.037
370 122654 207.056
371 122654 207.067
372 122654 207.016
373 122654 207.045
374 122654 207.029
375 122654 207.007
376 122655 207.052
377 122655 207.096
378 122655 207.112
379 122655 207.11
380 122655 207.117
381 122655 207.144
382 122655 207.044
383 122655 207.023
384 122655 206.972
385 122655 207.001
386 122655 206.936
387 122655 206.847
388 122656 206.817
389 122656 206.796
390 122656 206.838
391 122656 206.859
392 122656 206.829
393 122656 206.87
394 122656 206.905
395 122656 206.876
396 122656 206.971
397 122657 206.895
398 122657 206.875
399 122657 206.795
400 122657 206.822
401 122657 206.851
402 122657 206.9
403 122658 206.897
404 122658 206.956
405 122659 206.91
406 122659 206.907
407 122660 206.902
408 122660 206.907
409 122660 206.867
410 122660 206.858
411 122660 206.887
412 122660 206.938
413 122660 206.911
414 122660 206.944
415 122660 206.971
416 122660 207.011
417 122660 207.038
418 122660 207.063
419 122660 207.077
420 122660 207.052
421 122660 207.077
422 122660 207.05
423 122660 207.051
424 122660 207.08
425 122660 207.009
426 122660 206.99
427 122660 207.012
428 122660 206.947
429 122660 207.033
430 122660 207.088
431 122660 207.127
432 122660 207.113
433 122660 207.049
434 122660 207.016
435 122659 207.07
436 122659 207.013
437 122658 207.044
438 122658 206.991
439 122657 207.064
440 122657 207.043
441 122657 207.053
442 122658 207.121
443 122658 207.082
444 122658 207.091
445 122658 207.074
446 122658 207.107
447 122658 207.115
448 122658 207.201
449 122658 207.149
450 122658 207.133
451 122658 207.143
452 122658 207.286
453 122658 207.317
454 122658 207.382
455 122658 207.373
456 122658 207.344
457 122658 207.461
458 122659 207.44
459 122659 207.483
460 122659 207.554
461 122658 207.572
462 122658 207.515
463 122658 207.646
464 122658 207.576
465 122658 207.578
466 122658 207.541
467 122658 207.515
468 122658 207.594
469 122658 207.603
470 122658 207.56
471 122658 207.581
472 122658 207.563
473 122658 207.546
474 122658 207.565
475 122658 207.566
476 122658 207.524
477 122658 207.607
478 122658 207.618
479 122657 207.604
480 122657 207.552
481 122657 207.524
482 122657 207.644
483 122658 207.725
484 122658 207.576
485 122658 207.579
486 122658 207.522
487 122658 207.548
488 122658 207.536
489 122658 207.53
490 122658 207.516
491 122658 207.48
492 122658 207.387
493 122658 207.414
494 122658 207.407
495 122658 207.297
496 122659 207.392
497 122659 207.43
498 122659 207.477
499 122659 207.49
500 122659 207.453
501 122659 207.435
502 122659 207.496
503 122659 207.39
504 122659 207.43
505 122659 207.497
506 122660 207.422
507 122659 207.414
508 122659 207.416
509 122659 207.35
510 122659 207.283
511 122660 207.322
