10.1626 16354 1.00479 8 0 0 1 16354 16355 13 0 1 20 1  0
11.9882 16355 1.00485 1 0 0 2 16355 16356 13 0 1 20 1  0
11.5003 177781 10.9229 1 0 0 8 95144 95146 13 0 1 20 1  0
0 2048 0.125829 1 0 0 27 97409 97410 13 0 1 20 1  0
10.6563 166657 10.2394 3 1 0.0197462 2 166657 166658 13 0 1 20 1  0
11.9927 395642 24.3082 8 0 0 1 296995 297000 13 0 1 20 1  0
0 260096 15.9803 8 0 0 327 297010 297011 13 0 1 20 1  0
13.5174 395642 24.3082 1 0 0 1 260727 260731 13 0 1 20 1  0
13.9497 296995 18.2474 2 0 0 12 260727 260738 13 0 1 20 1  0
13.0172 389767 23.9473 3 0 0 5 260728 260733 13 0 1 20 1  0
10.5958 394662 24.248 7 0 0 2 394647 394675 13 0 1 20 1  0
10.0067 260734 16.0195 3 2 0.0394922 1 260734 260735 13 0 1 20 1  0
11.1181 408334 25.088 11 2288 320.88 3 406996 409707 13 0 1 20 1  0
10.0636 408976 25.1275 7 2292 323.165 1 408971 408988 13 0 1 20 1  0
10.2305 408468 25.0963 7 2305 330.706 1 407110 407115 13 0 1 20 1  0
0 260096 15.9803 7 2305 330.706 1 408458 408486 13 0 1 20 1  0
11.0119 576593 35.4259 8 0 0 1 576593 576594 13 0 1 20 1  0
16.6819 597411 36.7049 8 0 0 1 589651 589652 13 0 1 20 1  0
0 522240 32.0864 8 0 0 263 589657 589659 13 0 1 20 1  0
19.7274 602482 37.0165 2 0 0 11 576594 576595 13 0 1 20 1  0
10.3251 549494 33.7609 2 0 0 1 549494 549495 13 0 1 20 1  0
10.0726 589655 36.2284 3 0 0 1 589655 589656 13 0 1 20 1  0
12.3056 722923 44.4164 5 0 0 4 594550 594575 13 0 1 20 1  0
11.3442 755910 46.4431 6 1 0.0197462 3 594569 594580 13 0 1 20 1  0
10.1888 594556 36.5295 3 2 0.0394922 1 594556 594557 13 0 1 20 1  0
11.1062 602632 37.0257 3 3 0.059238 2 602631 602634 13 0 1 20 1  0
15.869 784314 48.1883 12 3294 1910.82 1 781652 784386 13 0 1 20 1  0
10.1147 801625 49.2518 8 0 0 1 801625 801626 13 0 1 20 1  0
18.3 1004966 61.7451 8 0 0 1 801646 801647 13 0 1 20 1  0
0 784384 48.1926 8 0 0 1206 801651 801657 13 0 1 20 1  0
10.4671 801625 49.2518 1 0 0 1 801625 801626 13 0 1 20 1  0
20.3271 1003661 61.6649 1 0 0 2 801646 801657 13 0 1 20 1  0
18.436 1004965 61.745 2 0 0 2 801646 801657 13 0 1 20 1  0
15.7617 1006434 61.8353 4 0 0 1 801644 801659 13 0 1 20 1  0
15.8979 996952 61.2527 5 1 0.0197462 14 801634 801655 13 0 1 20 1  0
14.9714 1027001 63.0989 6 2 0.0394922 11 915957 915961 13 0 1 20 1  0
13.2814 1029995 63.2829 5 4 0.0789836 11 996921 996954 13 0 1 20 1  0
10.9733 935633 57.4853 2 1 0.0197462 1 935633 935634 13 0 1 20 1  0
13.7213 997436 61.2825 2 1 0.0197462 3 949926 949928 13 0 1 20 1  0
13.9132 1027715 63.1428 5 2 0.0394922 2 951217 951240 13 0 1 20 1  0
10.1356 824490 50.6567 3 2 0.0394922 1 824490 824491 13 0 1 20 1  0
14.6309 998105 61.3236 3 2 0.0394922 5 907492 907493 13 0 1 20 1  0
10.7776 1003690 61.6667 3 6 0.118475 1 997429 997431 13 0 1 20 1  0
11.3452 1026911 63.0934 10 241 4.89763 36 1026753 1026977 13 0 1 20 1  0
10.1908 1032446 63.4335 8 239 4.85462 1 1032415 1032464 13 0 1 20 1  0
0 784384 48.1926 4 567 13.1482 1 1026239 1026240 13 0 1 20 1  0
10.5203 1025063 62.9799 5 809 21.9871 2 1025041 1025071 13 0 1 20 1  0
10.1574 1000826 61.4907 12 819 22.4272 2 1000696 1000958 13 0 1 20 1  0
13.2038 1012701 62.2203 6 1845 146.111 303 1011958 1015452 13 0 1 20 1  0
0 784384 48.1926 5 1626 98.9214 657 1017741 1017744 13 0 1 20 1  0
10.1894 1017922 62.5411 5 1631 99.8078 3 1017919 1017925 13 0 1 20 1  0
10.1118 1018239 62.5606 4 1636 100.702 1 1018237 1018241 13 0 1 20 1  0
10.6986 1017573 62.5197 5 1677 108.341 3 1016276 1016304 13 0 1 20 1  0
10.2328 1017413 62.5099 3 1668 106.616 1 1017413 1017414 13 0 1 20 1  0
10.869 1014889 62.3548 4 1839 144.56 12 1012888 1012900 13 0 1 20 1  0
10.5391 1019181 62.6185 3 1737 120.564 1 1015668 1015669 13 0 1 20 1  0
10.9443 1014581 62.3359 4 1797 134.153 4 1013407 1013409 13 0 1 20 1  0
10.3248 1014649 62.34 3 1796 133.914 1 1014648 1014650 13 0 1 20 1  0
10.0211 1016022 62.4244 3 1806 136.318 1 1016022 1016023 13 0 1 20 1  0
0 784384 48.1926 5 2809 808.517 273 975274 975275 13 0 1 20 1  0
11.467 974426 59.8687 3 2815 817.166 1 972925 972926 13 0 1 20 1  0
10.1122 973487 59.811 1 2821 825.908 1 972775 972817 13 0 1 20 1  0
14.0028 973472 59.8101 2 2821 825.908 1 972756 973530 13 0 1 20 1  0
13.01 972039 59.7221 2 2831 840.685 1 971672 972598 13 0 1 20 1  0
12.4318 971548 59.6919 2 2832 842.178 1 971546 971591 13 0 1 20 1  0
10.1607 971109 59.6649 3 2836 848.173 1 971109 971110 13 0 1 20 1  0
10.07 970482 59.6264 4 2838 851.187 1 970482 970483 13 0 1 20 1  0
10.0401 971657 59.6986 4 2839 852.698 1 971657 971658 13 0 1 20 1  0
10.4126 1048934 64.4465 8 0 0 1 1048934 1048935 13 0 1 20 1  0
18.2901 1306233 80.255 2 0 0 5 1049874 1049895 13 0 1 20 1  0
0 1046528 64.2987 8 0 0 2625 1061944 1061945 13 0 1 20 1  0
17.8612 1108992 68.1365 6 1 0.0197462 47 1049884 1049908 13 0 1 20 1  0
17.9653 1148193 70.545 1 0 0 2 1049873 1049878 13 0 1 20 1  0
16.0909 1247452 76.6434 1 0 0 1 1049885 1049887 13 0 1 20 1  0
18.2633 1297238 79.7023 1 0 0 4 1049893 1049894 13 0 1 20 1  0
10.0528 1134791 69.7216 1 1 0.0197462 1 1134791 1134792 13 0 1 20 1  0
16.9381 1305587 80.2153 3 1 0.0197462 7 1061940 1061956 13 0 1 20 1  0
10.373 1049877 64.5044 3 2 0.0394922 4 1049877 1049878 13 0 1 20 1  0
10.6237 1109982 68.1973 2 3 0.059238 1 1109982 1109983 13 0 1 20 1  0
11.8219 1299511 79.8419 2 3 0.059238 6 1148145 1148146 13 0 1 20 1  0
10.301 1062621 65.2874 3 3 0.059238 1 1062621 1062622 13 0 1 20 1  0
12.8592 1304606 80.155 3 3 0.059238 2 1108665 1108680 13 0 1 20 1  0
10.104 1061941 65.2457 5 3 0.059238 3 1061941 1061942 13 0 1 20 1  0
10.8512 1251787 76.9098 2 4 0.0789836 2 1251787 1251789 13 0 1 20 1  0
10.8765 1297443 79.7149 3 6 0.118475 4 1297442 1297445 13 0 1 20 1  0
10.7833 1108012 68.0763 12 303 6.26413 2 1107622 1109128 13 0 1 20 1  0
10.2516 1360784 83.6066 8 0 0 1 1360784 1360785 13 0 1 20 1  0
12.9711 1362404 83.7061 8 0 0 1 1361145 1361146 13 0 1 20 1  0
0 1308672 80.4048 8 0 0 160 1362403 1362406 13 0 1 20 1  0
10.2076 1352257 83.0827 1 0 0 1 1352257 1352258 13 0 1 20 1  0
12.6887 1362404 83.7061 1 0 0 2 1352927 1352928 13 0 1 20 1  0
11.2994 1413679 86.8564 3 0 0 3 1362402 1362408 13 0 1 20 1  0
10.8712 1382785 84.9583 9 4 0.0789836 6 1382447 1384445 13 0 1 20 1  0
10.935 1381997 84.9099 3 1 0.0197462 3 1381996 1381999 13 0 1 20 1  0
10.215 1529945 93.9998 2 1 0.0197462 1 1382672 1382673 13 0 1 20 1  0
12.4726 1411987 86.7525 3 3 0.059238 4 1385601 1385602 13 0 1 20 1  0
11.1141 1385597 85.1311 4 3 0.059238 4 1381679 1381681 13 0 1 20 1  0
11.877 1382645 84.9497 7 3 0.059238 19 1362378 1362387 13 0 1 20 1  0
10.7322 1382012 84.9108 3 479 10.6135 5 1382009 1382014 13 0 1 20 1  0
10.4187 1441291 88.5529 5 393 8.38662 4 1441286 1441296 13 0 1 20 1  0
10.2102 1442301 88.615 3 380 8.06818 1 1442301 1442302 13 0 1 20 1  0
0 1308672 80.4048 5 393 8.38662 1 1449783 1449784 13 0 1 20 1  0
10.0882 1439895 88.4671 4 451 9.86397 1 1439895 1439896 13 0 1 20 1  0
11.6284 1354549 83.2235 6 2301 328.367 1 1353095 1353254 13 0 1 20 1  0
0 1308672 80.4048 6 2301 328.367 3 1353784 1353963 13 0 1 20 1  0
11.6593 1309118 80.4322 8 2891 935.072 9 1308684 1309284 13 0 1 20 1  0
12.094 1308674 80.4049 11 3274 1844.23 4 1308672 1311082 13 0 1 20 1  0
14.975 1668078 102.487 8 0 0 1 1644558 1644561 13 0 1 20 1  0
0 1570816 96.5109 8 0 0 994 1654700 1654701 13 0 1 20 1  0
19.2029 1759184 108.084 2 0 0 101 1642922 1642926 13 0 1 20 1  0
10.1454 1625353 99.8617 3 0 0 1 1625353 1625354 13 0 1 20 1  0
18.6049 1667098 102.426 4 1 0.0197462 22 1625342 1625352 13 0 1 20 1  0
14.6201 1732761 106.461 6 2 0.0394922 13 1649141 1649178 13 0 1 20 1  0
13.0311 1788927 109.912 6 2 0.0394922 2 1655339 1655340 13 0 1 20 1  0
12.1874 1644561 101.042 2 1 0.0197462 4 1644561 1644562 13 0 1 20 1  0
11.671 1744908 107.207 3 5 0.0987291 4 1667098 1667100 13 0 1 20 1  0
12.1147 1673631 102.828 3 3 0.059238 1 1644556 1644562 13 0 1 20 1  0
10.1184 1672338 102.748 6 6 0.118475 1 1672338 1672339 13 0 1 20 1  0
11.2468 1681486 103.31 6 6 0.118475 2 1681477 1681503 13 0 1 20 1  0
11.0853 1709576 105.036 6 7 0.13822 3 1672337 1672339 13 0 1 20 1  0
19.9685 1835605 112.78 3 0 0 38 1835592 1835615 13 0 1 20 1  0
0 1832960 112.617 8 0 0 727 1835612 1835613 13 0 1 20 1  0
16.828 1989742 122.25 1 0 0 1 1835599 1835614 13 0 1 20 1  0
13.1347 1891137 116.191 6 0 0 9 1880026 1880059 13 0 1 20 1  0
13.0672 1899953 116.733 6 3 0.059238 36 1880025 1880056 13 0 1 20 1  0
10.0049 1880032 115.509 6 4 0.0789836 1 1880032 1880033 13 0 1 20 1  0
10.0579 1996467 122.663 2 6 0.118475 1 1996467 1996468 13 0 1 20 1  0
11.0445 1895270 116.445 7 177 3.5485 35 1895240 1895287 13 0 1 20 1  0
18.1527 2099779 129.01 2 0 0 90 2096506 2096517 13 0 1 20 1  0
0 2095104 128.723 8 0 0 628 2099784 2099786 13 0 1 20 1  0
19.1611 2149434 132.061 3 0 0 4 2096504 2096519 13 0 1 20 1  0
10.9973 2099140 128.971 3 2 0.0394922 2 2099140 2099141 13 0 1 20 1  0
13.7437 2265715 139.206 3 2 0.0394922 1 2099774 2099798 13 0 1 20 1  0
12.8713 2237954 137.5 7 3 0.059238 26 2099761 2099839 13 0 1 20 1  0
11.98 2318945 142.476 3 4 0.0789836 2 2099776 2099795 13 0 1 20 1  0
10.7147 2098144 128.91 4 6 0.118475 2 2098144 2098145 13 0 1 20 1  0
12.4372 2261133 138.924 3 7 0.13822 8 2149428 2149431 13 0 1 20 1  0
10.2103 2114467 129.913 3 8 0.157966 1 2114467 2114468 13 0 1 20 1  0
11.7808 2309383 141.888 7 176 3.52783 38 2309357 2309410 13 0 1 20 1  0
10.0282 2106948 129.451 3 94 1.86345 1 2106948 2106949 13 0 1 20 1  0
10.9158 2291953 140.818 11 2538 499.978 1 2291112 2292981 13 0 1 20 1  0
11.4449 2370239 145.627 8 0 0 1 2370239 2370240 13 0 1 20 1  0
16.3946 2560156 157.296 8 0 0 1 2372521 2372523 13 0 1 20 1  0
0 2357248 144.829 8 0 0 1277 2434907 2434915 13 0 1 20 1  0
26.8297 2434911 149.601 3 0 0 19 2370229 2370245 13 0 1 20 1  0
16.8911 2475093 152.07 5 0 0 82 2370233 2370245 13 0 1 20 1  0
10.2557 2370239 145.627 2 1 0.0197462 1 2370239 2370240 13 0 1 20 1  0
15.2066 2467566 151.607 4 6 0.118475 32 2434903 2434916 13 0 1 20 1  0
10.5324 2415958 148.436 3 2 0.0394922 2 2415958 2415959 13 0 1 20 1  0
11.1165 2618511 160.881 5 2 0.0394922 1 2372535 2372576 13 0 1 20 1  0
13.9811 2435894 149.661 3 3 0.059238 9 2434907 2434917 13 0 1 20 1  0
10.1101 2410067 148.075 5 3 0.059238 2 2410067 2410068 13 0 1 20 1  0
10.6181 2584844 158.813 4 19 0.375194 7 2557239 2557242 13 0 1 20 1  0
10.5018 2372449 145.763 7 154 3.07556 2 2372440 2372464 13 0 1 20 1  0
10.0573 2459754 151.127 7 5 0.0987291 1 2459754 2459755 13 0 1 20 1  0
10.0136 2377121 146.05 6 8 0.157966 1 2377121 2377122 13 0 1 20 1  0
10.9022 2557245 157.117 5 11 0.217204 3 2467567 2467571 13 0 1 20 1  0
10.6836 2581835 158.628 11 178 3.56919 1 2581741 2582151 13 0 1 20 1  0
11.0674 2474566 152.037 7 477 10.5591 28 2474552 2474596 13 0 1 20 1  0
10.962 2579390 158.478 12 1590 92.7642 2 2578952 2580078 13 0 1 20 1  0
11.1304 2574068 158.151 12 1900 161.12 5 2573232 2575034 13 0 1 20 1  0
15.7129 2552744 156.841 12 2403 393.505 19 2550342 2556152 13 0 1 20 1  0
11.619 2648262 162.709 8 0 0 1 2648262 2648263 13 0 1 20 1  0
18.8077 2686163 165.038 2 0 0 39 2623094 2623102 13 0 1 20 1  0
0 2619392 160.935 8 0 0 927 2688777 2688778 13 0 1 20 1  0
15.2571 2777340 170.64 4 0 0 4 2623095 2623101 13 0 1 20 1  0
16.2914 2828625 173.791 4 2 0.0394922 9 2623093 2623102 13 0 1 20 1  0
16.8127 2704821 166.184 6 0 0 44 2628642 2628695 13 0 1 20 1  0
10.7885 2623098 161.163 3 1 0.0197462 1 2623098 2623099 13 0 1 20 1  0
13.6686 2680629 164.698 6 3 0.059238 5 2628653 2628683 13 0 1 20 1  0
12.3686 2756744 169.374 3 2 0.0394922 2 2686160 2686167 13 0 1 20 1  0
13.9079 2754126 169.214 5 2 0.0394922 1 2624714 2624718 13 0 1 20 1  0
11.0937 2791694 171.522 6 76 1.50439 42 2791687 2791711 13 0 1 20 1  0
10.0632 2660270 163.447 6 185 3.71433 3 2660270 2660271 13 0 1 20 1  0
10.6005 2619392 160.935 12 1505 79.6848 3 2619392 2619574 13 0 1 20 1  0
22.4373 3410583 209.546 3 0 0 27 3406971 3407009 13 0 1 20 1  0
11.9624 3408893 209.442 7 148 2.95305 2395 3408860 3408924 13 0 1 20 1  0
22.4168 3414827 209.807 4 0 0 73 3406971 3407014 13 0 1 20 1  0
19.0888 3425629 210.471 7 3 0.059238 33 3406978 3406983 13 0 1 20 1  0
19.318 3660609 224.908 4 1 0.0197462 136 3406972 3407014 13 0 1 20 1  0
13.102 3652412 224.404 6 78 1.54421 58 3408917 3408965 13 0 1 20 1  0
11.967 3653984 224.501 7 177 3.5485 185 3408825 3408903 13 0 1 20 1  0
11.12 3471701 213.301 6 66 1.30557 4 3408935 3408968 13 0 1 20 1  0
10.0924 3438980 211.291 5 100 1.98352 1 3438980 3438981 13 0 1 20 1  0
12.022 3425480 210.461 7 281 5.77149 147 3408796 3408813 13 0 1 20 1  0
10.3107 3651366 224.34 12 2722 692.916 1 3651164 3652028 13 0 1 20 1  0
17.5412 3763540 231.232 3 0 0 27 3669083 3669089 13 0 1 20 1  0
0 3667968 225.36 1 0 0 778 3763530 3763531 13 0 1 20 1  0
10.0628 3675618 225.83 2 0 0 1 3675618 3675619 13 0 1 20 1  0
10.2392 3669062 225.427 3 41 0.810049 2 3669062 3669063 13 0 1 20 1  0
13.0296 3678921 226.033 6 2 0.0394922 62 3672689 3672726 13 0 1 20 1  0
10.2055 3723016 228.742 2 3 0.059238 2 3723016 3723017 13 0 1 20 1  0
10.4682 3756680 230.81 3 1 0.0197462 1 3756680 3756681 13 0 1 20 1  0
18.9104 3816508 234.486 9 328 6.83551 1430 3672424 3672634 13 0 1 20 1  0
12.6546 3672664 225.648 6 82 1.6239 135 3672644 3672686 13 0 1 20 1  0
12.0379 3874211 238.032 3 9 0.177712 12 3874209 3874213 13 0 1 20 1  0
10.5611 3670081 225.49 3 9 0.177712 3 3670081 3670082 13 0 1 20 1  0
10.2998 3804094 233.724 3 23 0.454207 2 3804094 3804095 13 0 1 20 1  0
12.7482 3678187 225.988 9 647 15.729 49 3678047 3678400 13 0 1 20 1  0
10.4842 3960973 243.362 8 0 0 1 3960973 3960974 13 0 1 20 1  0
12.861 4055113 249.146 8 0 0 1 3967345 3967346 13 0 1 20 1  0
10.3932 3930253 241.475 4 2 0.0394922 1276 3930253 3930254 13 0 1 20 1  0
18.6843 4055114 249.146 2 0 0 2 3930249 3930252 13 0 1 20 1  0
17.8977 4008361 246.274 3 0 0 7 3930245 3930261 13 0 1 20 1  0
11.6798 4064938 249.75 6 0 0 3 4008350 4008379 13 0 1 20 1  0
15.8116 4020620 247.027 3 5 0.0987291 2336 3961945 3961947 13 0 1 20 1  0
10.0307 4015235 246.696 3 6 0.118475 1 4015235 4015236 13 0 1 20 1  0
10.1947 3961773 243.411 5 7 0.13822 1 3961773 3961774 13 0 1 20 1  0
10.1729 3961938 243.421 4 8 0.157966 1 3961938 3961939 13 0 1 20 1  0
10.0121 4073773 250.293 2 14 0.276446 1 4073773 4073774 13 0 1 20 1  0
12.2458 4074851 250.359 5 18 0.355443 21 4020584 4020600 13 0 1 20 1  0
10.5976 4073114 250.252 10 281 5.77149 2 4073025 4073175 13 0 1 20 1  0
11.3438 4072190 250.195 9 628 15.0894 34 4018662 4018926 13 0 1 20 1  0
15.3603 4197310 257.883 4 1 0.0197462 6 4197304 4197318 13 0 1 20 1  0
10.0293 4412234 271.088 1 0 0 1 4412234 4412235 13 0 1 20 1  0
0 4192256 257.572 2 0 0 1080 4197385 4197390 13 0 1 20 1  0
16.2499 4211038 258.726 5 0 0 5 4197303 4197321 13 0 1 20 1  0
17.9882 4292816 263.751 6 1 0.0197462 198 4209400 4209432 13 0 1 20 1  0
13.8011 4255849 261.479 7 5 0.0987291 378 4219548 4219589 13 0 1 20 1  0
11.4209 4229091 259.835 3 1 0.0197462 13 4197306 4197315 13 0 1 20 1  0
11.7263 4444672 273.081 2 2 0.0394922 1 4444671 4444673 13 0 1 20 1  0
10.2883 4204498 258.324 3 2 0.0394922 1 4204498 4204499 13 0 1 20 1  0
10.0907 4208750 258.586 4 5 0.0987291 1 4208750 4208751 13 0 1 20 1  0
10.2048 4209396 258.625 5 5 0.0987291 2 4209396 4209397 13 0 1 20 1  0
10.3898 4200580 258.084 3 6 0.118475 5 4200580 4200581 13 0 1 20 1  0
11.3336 4219469 259.244 8 156 3.11648 15 4219444 4219507 13 0 1 20 1  0
10.4004 4240793 260.554 2 12 0.236951 5 4240793 4240794 13 0 1 20 1  0
10.4659 4275122 262.663 3 14 0.276446 5 4275122 4275123 13 0 1 20 1  0
10.2111 4242756 260.675 5 19 0.375194 5 4242756 4242761 13 0 1 20 1  0
12.0557 4260718 261.779 5 79 1.56412 28 4229009 4229018 13 0 1 20 1  0
10.1803 4255176 261.438 8 553 12.7252 1 4255162 4255183 13 0 1 20 1  0
10.6292 4489862 275.857 8 0 0 1 4489862 4489863 13 0 1 20 1  0
18.0058 4512213 277.23 8 0 0 1 4491818 4491823 13 0 1 20 1  0
0 4454400 273.678 8 0 0 6630 4492469 4492476 13 0 1 20 1  0
22.7514 4514181 277.351 1 0 0 1 4489862 4489869 13 0 1 20 1  0
26.5015 4512215 277.23 2 0 0 1 4489861 4489868 13 0 1 20 1  0
26.0557 4674294 287.189 4 0 0 93 4478790 4478795 13 0 1 20 1  0
22.1441 4704700 289.057 4 0 0 7 4491815 4491826 13 0 1 20 1  0
25.476 4514806 277.39 4 1 0.0197462 7 4491813 4491822 13 0 1 20 1  0
14.6131 4659254 286.265 5 0 0 1 4522297 4522299 13 0 1 20 1  0
18.2173 4600413 282.649 4 1 0.0197462 1 4492464 4492476 13 0 1 20 1  0
13.5257 4708616 289.297 4 2 0.0394922 1 4492464 4492467 13 0 1 20 1  0
10.4156 4492464 276.017 2 4 0.0789836 1 4492464 4492465 13 0 1 20 1  0
10.8921 4492641 276.028 2 4 0.0789836 2 4492641 4492643 13 0 1 20 1  0
15.0711 4630466 284.496 4 6 0.118475 3 4492460 4492462 13 0 1 20 1  0
10.1278 4539907 278.932 3 9 0.177712 3 4539907 4539908 13 0 1 20 1  0
10.0363 4539242 278.891 4 14 0.276446 1 4539242 4539243 13 0 1 20 1  0
12.631 4540864 278.991 5 19 0.375194 8 4538903 4538906 13 0 1 20 1  0
10.0548 4540534 278.97 3 23 0.454207 1 4540534 4540535 13 0 1 20 1  0
11.8876 4602662 282.788 12 42 0.829836 1 4601200 4604634 13 0 1 20 1  0
0 4454400 273.678 12 42 0.829836 1 4706528 4707632 13 0 1 20 1  0
10.562 4601386 282.709 12 559 12.9055 2 4600428 4602060 13 0 1 20 1  0
13.1881 4665666 286.659 12 2353 360.104 10 4663840 4667814 13 0 1 20 1  0
13.2959 4721063 290.062 8 0 0 426 4721063 4721064 13 0 1 20 1  0
15.1811 4758480 292.361 8 0 0 1 4741680 4741681 13 0 1 20 1  0
10.2343 4716793 289.8 1 0 0 1 4716793 4716794 13 0 1 20 1  0
11.3903 4757643 292.31 1 0 0 1 4721064 4721065 13 0 1 20 1  0
14.3681 4722341 290.141 5 3 0.059238 19 4716775 4716836 13 0 1 20 1  0
12.6072 4721679 290.1 3 1 0.0197462 3 4716779 4716797 13 0 1 20 1  0
13.2413 4776949 293.496 6 2 0.0394922 9 4716785 4716830 13 0 1 20 1  0
12.4042 4721359 290.08 4 2 0.0394922 2 4716781 4716797 13 0 1 20 1  0
13.1615 4777222 293.513 5 85 1.68372 132 4776885 4776899 13 0 1 20 1  0
12.4809 4720364 290.019 4 10 0.197458 19 4717432 4717434 13 0 1 20 1  0
10.1229 4717436 289.839 4 8 0.157966 3 4717436 4717437 13 0 1 20 1  0
10.1381 4718387 289.898 4 18 0.355443 3 4718387 4718388 13 0 1 20 1  0
10.0416 4719045 289.938 5 16 0.315943 1 4719045 4719046 13 0 1 20 1  0
11.0165 4736357 291.002 5 20 0.394946 30 4736353 4736364 13 0 1 20 1  0
14.5877 4962315 304.885 9 534 12.1636 1021 4962099 4962550 13 0 1 20 1  0
10.6892 4777711 293.543 10 86 1.70367 2 4777363 4778698 13 0 1 20 1  0
10.6222 4777730 293.544 11 435 9.44669 2 4777691 4778088 13 0 1 20 1  0
11.4571 4745868 291.586 10 2194 271.581 2 4745168 4746341 13 0 1 20 1  0
11.8276 4764308 292.719 10 2297 326.045 7 4761903 4765025 13 0 1 20 1  0
12.6957 4745664 291.574 11 2579 537.692 12 4743733 4749074 13 0 1 20 1  0
11.7323 4716578 289.787 10 2756 735.984 3 4716544 4717249 13 0 1 20 1  0
13.7592 4731198 290.685 11 2848 866.417 54 4727637 4735842 13 0 1 20 1  0
39.3791 5053334 310.477 3 0 0 402 5053328 5053356 13 0 1 20 1  0
0 4978688 305.891 8 0 0 2357 5208118 5208121 13 0 1 20 1  0
33.5702 5232293 321.472 2 0 0 11 5053330 5053355 13 0 1 20 1  0
15.6684 5228267 321.225 7 1 0.0197462 29 5053285 5053394 13 0 1 20 1  0
26.4138 5171586 317.742 12 114 2.26455 244 5165418 5228068 13 0 1 20 1  0
14.618 5208165 319.99 9 24 0.473963 86 5053050 5053531 13 0 1 20 1  0
12.0049 5210704 320.146 3 33 0.651829 9 5053276 5053296 13 0 1 20 1  0
11.7665 5208270 319.996 4 78 1.54421 1 5170985 5171003 13 0 1 20 1  0
10.1963 5050844 310.324 12 504 11.3047 1 5050746 5050862 13 0 1 20 1  0
11.973 5247169 322.386 8 0 0 1 5247169 5247170 13 0 1 20 1  0
25.7889 5466153 335.84 3 0 0 8 5247167 5247171 13 0 1 20 1  0
0 5240832 321.997 8 0 0 5903 5297162 5297163 13 0 1 20 1  0
20.0601 5321066 326.926 1 0 0 2 5247169 5247171 13 0 1 20 1  0
13.4611 5274352 324.056 6 0 0 11 5261607 5261609 13 0 1 20 1  0
21.991 5296056 325.39 4 2 0.0394922 20 5274324 5274337 13 0 1 20 1  0
10.3977 5320741 326.906 1 1 0.0197462 1 5298015 5298016 13 0 1 20 1  0
10.6594 5247169 322.386 2 1 0.0197462 3 5247169 5247170 13 0 1 20 1  0
17.3234 5297032 325.45 3 5 0.0987291 199 5275781 5275783 13 0 1 20 1  0
21.7231 5299325 325.591 3 2 0.0394922 5 5278397 5278406 13 0 1 20 1  0
18.798 5310890 326.301 4 9 0.177712 16 5278390 5278401 13 0 1 20 1  0
19.2809 5299781 325.619 5 6 0.118475 122 5278399 5278410 13 0 1 20 1  0
11.6582 5420306 333.024 6 3 0.059238 1 5274337 5274385 13 0 1 20 1  0
22.5624 5294747 325.309 4 4 0.0789836 10 5278395 5278407 13 0 1 20 1  0
10.023 5275784 324.144 4 5 0.0987291 1 5275784 5275785 13 0 1 20 1  0
17.0178 5314821 326.543 5 7 0.13822 2 5288662 5288674 13 0 1 20 1  0
12.6603 5291597 325.116 3 17 0.335692 6 5288653 5288658 13 0 1 20 1  0
10.4912 5278395 324.305 2 8 0.157966 2 5278395 5278396 13 0 1 20 1  0
14.8008 5295723 325.369 3 8 0.157966 2 5275779 5275781 13 0 1 20 1  0
10.5199 5275259 324.112 3 8 0.157966 2 5275259 5275260 13 0 1 20 1  0
18.3429 5311874 326.362 5 9 0.177712 8 5278395 5278405 13 0 1 20 1  0
10.1958 5288653 324.935 3 21 0.414699 4 5288653 5288654 13 0 1 20 1  0
14.0298 5315136 326.562 3 12 0.236951 3 5278386 5278397 13 0 1 20 1  0
15.6851 5295852 325.377 5 15 0.296194 3 5288656 5288666 13 0 1 20 1  0
13.4489 5311213 326.321 3 14 0.276446 2 5278388 5278391 13 0 1 20 1  0
10.0662 5288000 324.895 3 16 0.315943 1 5288000 5288001 13 0 1 20 1  0
10.2638 5290612 325.055 3 30 0.592527 4 5290612 5290613 13 0 1 20 1  0
10.0347 5295396 325.349 2 19 0.375194 1 5291470 5291472 13 0 1 20 1  0
10.4627 5311362 326.33 10 49 0.968414 4 5311350 5311372 13 0 1 20 1  0
10.1733 5288979 324.955 4 29 0.572762 1 5288979 5288980 13 0 1 20 1  0
10.1752 5299329 325.591 5 378 8.01957 3 5299329 5299330 13 0 1 20 1  0
10.0762 5290321 325.037 9 915 27.0324 1 5290319 5290417 13 0 1 20 1  0
10.9747 5526635 339.556 8 0 0 1 5526635 5526636 13 0 1 20 1  0
37.1556 5558349 341.505 3 0 0 32 5504013 5504017 13 0 1 20 1  0
0 5502976 338.103 8 0 0 1255 5540044 5540045 13 0 1 20 1  0
10.9621 5540044 340.38 1 0 0 1 5540044 5540045 13 0 1 20 1  0
25.8924 5558347 341.505 1 0 0 2 5542951 5542952 13 0 1 20 1  0
30.5178 5723117 351.628 4 1 0.0197462 247 5504007 5504017 13 0 1 20 1  0
10.6897 5557697 341.465 2 5 0.0987291 4 5557697 5557698 13 0 1 20 1  0
19.4648 5588752 343.373 2 1 0.0197462 1 5556713 5556722 13 0 1 20 1  0
10.2467 5556383 341.384 5 2 0.0394922 1 5556383 5556384 13 0 1 20 1  0
10.0471 5556708 341.404 2 4 0.0789836 1 5556708 5556709 13 0 1 20 1  0
10.2514 5504007 338.166 3 4 0.0789836 1 5504007 5504008 13 0 1 20 1  0
10.9196 5558023 341.485 2 6 0.118475 5 5558023 5558024 13 0 1 20 1  0
10.4164 5503351 338.126 3 8 0.157966 3 5503351 5503352 13 0 1 20 1  0
10.0948 5506620 338.327 4 9 0.177712 1 5506620 5506621 13 0 1 20 1  0
10.0083 5509875 338.527 4 10 0.197458 1 5509875 5509876 13 0 1 20 1  0
11.18 5653715 347.364 4 26 0.513479 11 5652738 5652741 13 0 1 20 1  0
10.1589 5652745 347.305 3 25 0.493721 1 5652745 5652746 13 0 1 20 1  0
11.4568 5589529 343.421 11 57 1.12696 2 5588542 5589867 13 0 1 20 1  0
38.4096 5795360 356.067 3 0 0 131 5765937 5765960 13 0 1 20 1  0
0 5765120 354.209 8 0 0 4181 5765946 5765947 13 0 1 20 1  0
34.421 5796991 356.167 4 0 0 11 5765935 5765961 13 0 1 20 1  0
30.1131 5781632 355.223 4 1 0.0197462 47 5765933 5765959 13 0 1 20 1  0
18.8643 5786201 355.504 5 10 0.197458 32 5765929 5765938 13 0 1 20 1  0
10.8031 5781304 355.203 2 6 0.118475 5 5781304 5781305 13 0 1 20 1  0
11.0491 5807977 356.842 1 1 0.0197462 1 5781313 5781314 13 0 1 20 1  0
27.6602 5793722 355.966 3 1 0.0197462 1 5765935 5765957 13 0 1 20 1  0
23.3716 5807988 356.843 5 4 0.0789836 17 5765930 5765952 13 0 1 20 1  0
16.8439 5782604 355.283 3 5 0.0987291 3 5765930 5765933 13 0 1 20 1  0
11.5849 5819869 357.573 2 4 0.0789836 2 5781621 5781642 13 0 1 20 1  0
19.1615 5796337 356.127 4 4 0.0789836 16 5765934 5765952 13 0 1 20 1  0
12.229 5788768 355.662 8 4 0.0789836 1 5781515 5782941 13 0 1 20 1  0
17.0466 5798299 356.247 4 6 0.118475 3 5765933 5765948 13 0 1 20 1  0
10.2636 5765933 354.259 4 7 0.13822 1 5765933 5765934 13 0 1 20 1  0
10.0786 5793379 355.945 2 19 0.375194 1 5793379 5793380 13 0 1 20 1  0
10.3955 5901152 362.567 4 31 0.612292 2 5781583 5781589 13 0 1 20 1  0
10.8379 6004339 368.907 4 33 0.651829 7 5781579 5781585 13 0 1 20 1  0
11.2154 6005324 368.967 5 36 0.711146 16 6004332 6004346 13 0 1 20 1  0
11.263 6007585 369.106 4 76 1.50439 15 6005293 6005308 13 0 1 20 1  0
13.3484 6004478 368.915 10 71 1.40493 10 5782321 5782560 13 0 1 20 1  0
10.2377 5819390 357.543 10 127 2.52672 1 5819337 5819429 13 0 1 20 1  0
0 5765120 354.209 12 337 7.04443 1 5901610 5901914 13 0 1 20 1  0
11.3578 5902050 362.622 11 739 19.0923 12 5901630 5902725 13 0 1 20 1  0
11.4232 5901201 362.57 11 1046 34.6134 7 5900835 5901806 13 0 1 20 1  0
11.5354 5897140 362.32 12 1706 114.087 1 5896014 5898350 13 0 1 20 1  0
10.9863 6027253 370.314 11 2137 245.449 2 6027031 6027265 13 0 1 20 1  0
10.5722 5995814 368.383 12 2569 528.239 3 5994474 5997798 13 0 1 20 1  0
13.5842 6027240 370.314 12 3113 1386.19 9 6024810 6027266 13 0 1 20 1  0
11.5534 5979484 367.379 12 3145 1467.12 1 5973600 5981102 13 0 1 20 1  0
13.9009 5961974 366.304 12 3178 1555.54 8 5959126 5965964 13 0 1 20 1  0
10.6119 6042007 371.221 8 0 0 1 6042007 6042008 13 0 1 20 1  0
16.1829 6158592 378.384 12 146 2.91228 89 6147066 6161202 13 0 1 20 1  0
0 6027264 370.315 8 0 0 494 6163400 6163403 13 0 1 20 1  0
10.6639 6110787 375.447 1 0 0 3 6110787 6110788 13 0 1 20 1  0
16.3695 6163403 378.679 3 0 0 17 6114710 6114713 13 0 1 20 1  0
14.3974 6123315 376.216 4 0 0 12 6119046 6119061 13 0 1 20 1  0
10.2781 6060767 372.374 2 1 0.0197462 1 6060767 6060768 13 0 1 20 1  0
10.1463 6056841 372.132 2 2 0.0394922 3 6056841 6056842 13 0 1 20 1  0
13.2302 6118951 375.948 7 23 0.454207 30 6114707 6114710 13 0 1 20 1  0
11.3425 6134633 376.912 2 2 0.0394922 1 6057163 6057165 13 0 1 20 1  0
10.1607 6057162 372.152 2 3 0.059238 2 6057162 6057163 13 0 1 20 1  0
10.181 6114794 375.693 5 3 0.059238 3 6114794 6114795 13 0 1 20 1  0
11.5405 6161751 378.578 4 8 0.157966 5 6111414 6111419 13 0 1 20 1  0
10.0474 6152356 378.001 6 7 0.13822 1 6152356 6152357 13 0 1 20 1  0
10.1148 6111414 375.485 4 9 0.177712 1 6111414 6111415 13 0 1 20 1  0
10.6653 6159438 378.436 5 26 0.513479 7 6159430 6159441 13 0 1 20 1  0
13.1263 6142886 377.419 5 146 2.91228 152 6118692 6118715 13 0 1 20 1  0
12.8179 6140887 377.296 9 56 1.10713 90 6105903 6105983 13 0 1 20 1  0
11.519 6105932 375.148 9 57 1.12696 4 6105907 6105968 13 0 1 20 1  0
10.0323 6120154 376.022 3 87 1.72362 1 6120154 6120155 13 0 1 20 1  0
13.5937 6054371 371.981 9 606 14.3702 159 6054176 6055054 13 0 1 20 1  0
0 6027264 370.315 9 405 8.68451 21 6151085 6151213 13 0 1 20 1  0
10.1825 6104887 375.084 6 504 11.3047 3 6104886 6104891 13 0 1 20 1  0
10.93 6147960 377.731 7 532 12.1053 4 6054446 6054524 13 0 1 20 1  0
10.9085 6052598 371.872 9 1045 34.549 5 6052393 6052791 13 0 1 20 1  0
18.6522 6143039 377.428 11 1814 138.272 1095 6136707 6145396 13 0 1 20 1  0
0 6027264 370.315 8 1706 114.087 1257 6145089 6145114 13 0 1 20 1  0
16.6071 6125912 376.376 11 2204 276.444 129 6121477 6129235 13 0 1 20 1  0
16.3688 6027268 370.315 12 3024 1183.8 57 6027264 6029868 13 0 1 20 1  0
15.2732 6094038 374.418 12 2567 526.369 69 6090062 6097738 13 0 1 20 1  0
13.2044 6075432 373.275 12 2712 680.735 17 6072224 6078998 13 0 1 20 1  0
14.4128 6058371 372.226 11 2826 833.264 23 6054216 6062844 13 0 1 20 1  0
12.0683 6289398 386.421 11 3191 1591.82 15 6287738 6289409 13 0 1 20 1  0
10.4924 6571429 403.749 8 0 0 1 6571429 6571430 13 0 1 20 1  0
14.941 6801336 417.874 8 0 0 1 6575442 6575443 13 0 1 20 1  0
0 6551552 402.527 8 0 0 1413 6598337 6598338 13 0 1 20 1  0
10.0961 6572187 403.795 1 0 0 1 6572187 6572188 13 0 1 20 1  0
17.75 6755568 415.062 1 0 0 1 6574678 6574679 13 0 1 20 1  0
17.7068 6685176 410.737 2 0 0 1 6598342 6598347 13 0 1 20 1  0
18.0399 6787168 417.004 4 0 0 11 6598339 6598346 13 0 1 20 1  0
16.6919 6802850 417.967 3 0 0 4 6599306 6599313 13 0 1 20 1  0
10.3453 6598341 405.402 2 1 0.0197462 1 6598341 6598342 13 0 1 20 1  0
12.3423 6787824 417.044 2 1 0.0197462 1 6599302 6599309 13 0 1 20 1  0
10.0968 6686916 410.844 5 1 0.0197462 1 6686916 6686917 13 0 1 20 1  0
10.1476 6674186 410.062 3 2 0.0394922 1 6674186 6674187 13 0 1 20 1  0
11.3168 6801200 417.866 3 2 0.0394922 1 6679934 6679935 13 0 1 20 1  0
10.0074 6632860 407.523 4 2 0.0394922 1 6632860 6632861 13 0 1 20 1  0
10.1028 6640375 407.985 4 3 0.059238 1 6640375 6640376 13 0 1 20 1  0
10.2283 6668287 409.7 4 4 0.0789836 1 6668287 6668288 13 0 1 20 1  0
10.8973 6551552 402.527 11 2057 212.95 2 6551552 6552043 13 0 1 20 1  0
10.7821 6802560 417.949 7 2516 480.844 25 6801949 6802640 13 0 1 20 1  0
0 6551552 402.527 6 2516 480.844 6 6802583 6802607 13 0 1 20 1  0
10.144 6798562 417.704 6 2546 507.123 1 6798562 6798568 13 0 1 20 1  0
12.4897 6733070 413.68 12 2614 572.128 5 6729744 6735514 13 0 1 20 1  0
12.8217 6781220 416.638 12 2675 637.499 25 6778326 6784074 13 0 1 20 1  0
14.4761 6750814 414.77 12 2873 905.694 1 6746092 6754394 13 0 1 20 1  0
17.1729 7077042 434.813 8 0 0 1 7077041 7077045 13 0 1 20 1  0
0 7075840 434.74 8 0 0 140 7077376 7077377 13 0 1 20 1  0
23.3874 7077043 434.814 2 0 0 2 7077041 7077049 13 0 1 20 1  0
25.5829 7144856 438.98 3 0 0 34 7077040 7077049 13 0 1 20 1  0
13.5297 7230937 444.269 6 0 0 11 7230919 7230956 13 0 1 20 1  0
10.4497 7076362 434.772 12 397 8.48549 1 7076060 7076510 13 0 1 20 1  0
24.2842 7424857 456.183 5 0 0 685 7424837 7424887 13 0 1 20 1  0
0 7337984 450.846 8 0 0 469 7424870 7424871 13 0 1 20 1  0
24.2422 7518992 461.967 4 0 0 48 7402967 7402978 13 0 1 20 1  0
12.0828 7509288 461.371 8 4 0.0789836 9 7509257 7509301 13 0 1 20 1  0
13.91 7509182 461.364 2 1 0.0197462 1 7424840 7424858 13 0 1 20 1  0
10.0352 7616067 467.931 8 0 0 1 7616067 7616068 13 0 1 20 1  0
16.3743 7688124 472.358 8 0 0 1 7641221 7641222 13 0 1 20 1  0
0 7600128 466.952 8 0 0 71 7687883 7687884 13 0 1 20 1  0
10.5271 7612789 467.73 1 0 0 1 7612789 7612790 13 0 1 20 1  0
20.4644 7688125 472.358 2 0 0 5 7606587 7606597 13 0 1 20 1  0
17.4508 7641222 469.477 3 0 0 13 7606586 7606597 13 0 1 20 1  0
16.1801 7616068 467.931 4 0 0 1 7606581 7606596 13 0 1 20 1  0
14.9904 7803208 479.429 5 0 0 14 7606578 7606593 13 0 1 20 1  0
14.9777 7606589 467.349 3 1 0.0197462 6 7606585 7606593 13 0 1 20 1  0
10.9411 7846524 482.09 12 3059 1259.6 1 7845160 7848706 13 0 1 20 1  0
20.8613 7996249 491.29 10 13 0.256698 710 7984431 7986592 13 0 1 20 1  0
0 7862272 483.058 8 0 0 534 7985162 7985163 13 0 1 20 1  0
25.7803 7990893 490.96 3 0 0 12 7869219 7869223 13 0 1 20 1  0
12.6064 7909439 485.956 6 1 0.0197462 5 7895037 7895051 13 0 1 20 1  0
18.365 8000848 491.572 2 1 0.0197462 7 7984841 7984843 13 0 1 20 1  0
12.8324 7991698 491.01 2 2 0.0394922 7 7990882 7990890 13 0 1 20 1  0
10.0019 7984843 490.589 4 3 0.059238 1 7984843 7984844 13 0 1 20 1  0
15.2604 8001348 491.603 4 8 0.157966 38 7995935 7995940 13 0 1 20 1  0
10.3597 7997750 491.382 2 8 0.157966 3 7997750 7997751 13 0 1 20 1  0
10.5088 7991151 490.976 10 1365 61.9742 6 7990875 7991292 13 0 1 20 1  0
15.3872 7977556 490.141 12 1914 165.179 20 7972072 7983644 13 0 1 20 1  0
10.1505 7962591 489.222 11 2418 404.117 1 7962290 7962731 13 0 1 20 1  0
13.0187 7912130 486.121 12 2739 714.125 2 7906962 7914550 13 0 1 20 1  0
16.8944 8154397 501.006 8 0 0 33 8154397 8154398 13 0 1 20 1  0
0 8124416 499.164 8 0 0 252 8246942 8246945 13 0 1 20 1  0
22.5654 8246943 506.692 3 0 0 20 8154397 8154416 13 0 1 20 1  0
19.5714 8252506 507.034 10 3 0.059238 345 8245129 8247102 13 0 1 20 1  0
10.5978 8150924 500.793 3 2 0.0394922 1 8150924 8150925 13 0 1 20 1  0
10.4421 8246213 506.647 5 131 2.60765 4 8246210 8246215 13 0 1 20 1  0
0 8124416 499.164 12 1215 47.2352 23 8386482 8386562 13 0 1 20 1  0
18.4468 8386550 515.27 12 1430 69.6592 140 8384128 8386562 13 0 1 20 1  0
10.976 8220068 505.041 12 2263 306.957 1 8218070 8220510 13 0 1 20 1  0
26.5149 8604223 528.643 3 0 0 51 8417419 8417433 13 0 1 20 1  0
0 8386560 515.27 1 0 0 42 8635433 8635434 13 0 1 20 1  0
10.5042 8501089 522.307 2 0 0 1 8501089 8501090 13 0 1 20 1  0
10.0034 8530092 524.089 3 1 0.0197462 1 8530092 8530093 13 0 1 20 1  0
10.0428 8455997 519.536 4 1 0.0197462 1 8455997 8455998 13 0 1 20 1  0
10.3238 8500901 522.295 3 3 0.059238 1 8500901 8500902 13 0 1 20 1  0
10.2787 8528911 524.016 5 3 0.059238 1 8528911 8528912 13 0 1 20 1  0
10.0573 8623509 529.828 11 108 2.14396 1 8623508 8623514 13 0 1 20 1  0
13.2655 8389362 515.442 12 1125 40.0618 84 8388052 8390396 13 0 1 20 1  0
10.3879 8667991 532.561 1 0 0 1 8667991 8667992 13 0 1 20 1  0
15.2482 8744835 537.283 3 0 0 18 8684445 8684450 13 0 1 20 1  0
0 8648704 531.376 1 0 0 7513 8744832 8744835 13 0 1 20 1  0
10.2829 8663579 532.29 2 0 0 1 8663579 8663580 13 0 1 20 1  0
10.3256 8666695 532.482 3 0 0 2 8666695 8666696 13 0 1 20 1  0
41.8992 8879492 545.556 12 1734 119.921 7121 8874370 8903392 13 0 1 20 1  0
10.479 8879512 545.557 6 0 0 2 8879508 8879525 13 0 1 20 1  0
10.4213 8891616 546.301 5 3 0.059238 2 8891614 8891617 13 0 1 20 1  0
10.1807 8727008 536.187 4 2 0.0394922 1 8727008 8727009 13 0 1 20 1  0
10.6283 8708233 535.034 2 4 0.0789836 2 8708233 8708234 13 0 1 20 1  0
27.2308 8904908 547.118 12 1017 32.7893 2780 8902754 8910850 13 0 1 20 1  0
10.0308 8890623 546.24 7 561 12.966 1 8890610 8890624 13 0 1 20 1  0
36.4725 8898796 546.742 12 1897 160.263 1211 8871700 8903008 13 0 1 20 1  0
12.9521 8998436 552.864 3 1 0.0197462 6 8998436 8998439 13 0 1 20 1  0
10.0791 8999470 552.927 8 0 0 1 8999470 8999471 13 0 1 20 1  0
15.0061 8999471 552.927 2 0 0 3 8995350 8995352 13 0 1 20 1  0
0 8910848 547.482 1 0 0 61 8999470 8999472 13 0 1 20 1  0
15.0026 9052129 556.163 3 0 0 4 8982511 8982514 13 0 1 20 1  0
10.5434 8982515 551.886 4 0 0 1 8982515 8982516 13 0 1 20 1  0
11.9182 9129376 560.909 6 1 0.0197462 9 9129363 9129393 13 0 1 20 1  0
10.2681 9037071 555.238 1 1 0.0197462 1 9037071 9037072 13 0 1 20 1  0
10.7184 9003229 553.158 3 4 0.0789836 2 9003228 9003230 13 0 1 20 1  0
11.7628 9044908 555.719 3 2 0.0394922 3 9003230 9003234 13 0 1 20 1  0
10.2365 9033562 555.022 5 2 0.0394922 1 9033562 9033563 13 0 1 20 1  0
10.0844 9001767 553.069 3 4 0.0789836 1 9001767 9001768 13 0 1 20 1  0
15.9234 8914130 547.684 12 636 15.3566 258 8910930 8915190 13 0 1 20 1  0
13.3167 8934892 548.96 12 134 2.66842 5 8928644 8949298 13 0 1 20 1  0
10.4286 9110468 559.747 12 1957 178.295 1 9109880 9110866 13 0 1 20 1  0
10.2016 9101026 559.167 12 2169 259.794 1 9100906 9101904 13 0 1 20 1  0
13.4956 9056914 556.457 12 2694 659.347 12 9054492 9064438 13 0 1 20 1  0
10.9902 9006363 553.351 11 2975 1085.28 1 9005741 9006945 13 0 1 20 1  0
19.1549 9242496 567.859 8 0 0 1 9242495 9242498 13 0 1 20 1  0
0 9172992 563.589 8 0 0 74 9242562 9242565 13 0 1 20 1  0
12.2922 9233220 567.289 4 1 0.0197462 3 9233218 9233221 13 0 1 20 1  0
24.4261 9242563 567.863 1 0 0 7 9242476 9242477 13 0 1 20 1  0
12.6141 9319963 572.619 5 1 0.0197462 4 9233218 9233224 13 0 1 20 1  0
11.1236 9272898 569.727 5 2 0.0394922 4 9272890 9272904 13 0 1 20 1  0
13.8534 9242496 567.859 2 1 0.0197462 7 9242495 9242497 13 0 1 20 1  0
10.0112 9271560 569.645 4 2 0.0394922 1 9271560 9271561 13 0 1 20 1  0
10.8229 9435094 579.692 12 2495 463.262 2 9434432 9435138 13 0 1 20 1  0
11.7592 9467065 581.656 8 0 0 1 9467065 9467066 13 0 1 20 1  0
11.1997 9664306 593.775 8 0 0 1 9664306 9664307 13 0 1 20 1  0
13.7711 9467065 581.656 1 0 0 3 9467065 9467066 13 0 1 20 1  0
11.2017 9606333 590.213 3 0 0 1 9524875 9524877 13 0 1 20 1  0
0 9435136 579.695 3 0 0 3 9527878 9527879 13 0 1 20 1  0
10.1126 9529506 585.493 4 1 0.0197462 1 9529506 9529507 13 0 1 20 1  0
10.2131 9696992 595.783 10 1263 51.5411 1 9696958 9697006 13 0 1 20 1  0
18.6791 9683572 594.959 12 1955 177.663 421 9680694 9685648 13 0 1 20 1  0
0 9435136 579.695 8 1954 177.348 15 9684719 9684720 13 0 1 20 1  0
0 9435136 579.695 12 2470 443.167 3 9686892 9688736 13 0 1 20 1  0
15.3207 9682304 594.881 11 2666 627.404 54 9678716 9683794 13 0 1 20 1  0
10.9905 9697174 595.794 12 2736 710.336 4 9695672 9697282 13 0 1 20 1  0
10.1037 9842409 604.718 8 0 0 1 9842409 9842410 13 0 1 20 1  0
10.3047 9879241 606.981 8 0 0 1 9879241 9879242 13 0 1 20 1  0
10.6675 9842410 604.718 1 0 0 1 9842410 9842411 13 0 1 20 1  0
10.8739 9879241 606.981 1 0 0 1 9879241 9879243 13 0 1 20 1  0
20.063 9704936 596.271 12 136 2.70898 3237 9701974 9707944 13 0 1 20 1  0
15.2103 9870273 606.43 7 1 0.0197462 325 9702662 9704667 13 0 1 20 1  0
10.119 9704993 596.275 3 1 0.0197462 2 9704993 9704994 13 0 1 20 1  0
10.2171 9701466 596.058 5 1 0.0197462 1 9701466 9701467 13 0 1 20 1  0
10.7241 9881088 607.094 3 3 0.059238 1 9881088 9881089 13 0 1 20 1  0
10.7215 9705328 596.295 4 3 0.059238 5 9705320 9705329 13 0 1 20 1  0
11.5572 9865598 606.142 6 78 1.54421 35 9865584 9865610 13 0 1 20 1  0
10.1994 9702576 596.126 5 509 11.4456 4 9702576 9702577 13 0 1 20 1  0
10.055 9703247 596.167 6 500 11.1927 1 9703247 9703248 13 0 1 20 1  0
10.0387 9702234 596.105 6 510 11.4739 2 9702234 9702235 13 0 1 20 1  0
15.0346 9698978 595.905 12 2505 471.553 18 9697452 9700958 13 0 1 20 1  0
10.1314 10037469 616.702 8 0 0 1 10037469 10037470 13 0 1 20 1  0
17.9129 10167585 624.696 8 0 0 1 10038359 10038360 13 0 1 20 1  0
0 9959424 611.907 8 0 0 3 10115717 10115718 13 0 1 20 1  0
12.9936 10037469 616.702 1 0 0 1 10037469 10037470 13 0 1 20 1  0
19.9007 10167585 624.696 1 0 0 6 10038359 10038361 13 0 1 20 1  0
0 9959424 611.907 1 0 0 12 10167585 10167587 13 0 1 20 1  0
11.2152 9975614 612.902 3 0 0 2 9975613 9975615 13 0 1 20 1  0
11.3951 9979859 613.163 4 0 0 3 9979856 9979864 13 0 1 20 1  0
22.7824 10113314 621.362 10 617 14.727 6806 10112652 10113675 13 0 1 20 1  0
12.6871 10038360 616.757 2 1 0.0197462 7 10038360 10038361 13 0 1 20 1  0
10.344 9981815 613.283 5 1 0.0197462 1 9981814 9981823 13 0 1 20 1  0
10.1368 9961710 612.047 12 148 2.95305 1 9961654 9961726 13 0 1 20 1  0
0 9959424 611.907 5 222 4.49138 35 10114230 10114240 13 0 1 20 1  0
0 9959424 611.907 12 424 9.16424 1 10111838 10112566 13 0 1 20 1  0
16.7375 10242539 629.302 3 0 0 5 10242534 10242544 13 0 1 20 1  0
0 10221568 628.013 1 0 0 45 10246586 10246588 13 0 1 20 1  0
10.2272 10237604 628.998 2 0 0 1 10237604 10237605 13 0 1 20 1  0
15.8201 10285027 631.912 4 0 0 21 10242533 10242546 13 0 1 20 1  0
11.544 10354884 636.204 5 1 0.0197462 2 10246577 10246583 13 0 1 20 1  0
12.2685 10380730 637.792 2 2 0.0394922 13 10380730 10380732 13 0 1 20 1  0
18.2768 10516449 646.131 6 0 0 63 10516417 10516486 13 0 1 20 1  0
0 10483712 644.119 2 0 0 5 10516437 10516451 13 0 1 20 1  0
11.0665 10487104 644.328 12 173 3.46586 1 10485020 10487442 13 0 1 20 1  0
10.3389 10664837 655.248 10 879 25.2211 5 10664794 10664910 13 0 1 20 1  0
21.2504 10815483 664.503 7 3 0.059238 2078 10815437 10815563 13 0 1 20 1  0
0 10745856 660.225 3 0 0 5 10815501 10815554 13 0 1 20 1  0
10.5356 10774978 662.015 12 2321 340.229 2 10773634 10775662 13 0 1 20 1  0
11.4955 11119947 683.21 8 0 0 1 11119947 11119948 13 0 1 20 1  0
11.6991 11262982 691.998 8 0 0 1 11262982 11262983 13 0 1 20 1  0
10.5567 11113349 682.804 3 2 0.0394922 3 11113349 11113350 13 0 1 20 1  0
13.5238 11119947 683.21 1 0 0 1 11119947 11119948 13 0 1 20 1  0
0 11008000 676.331 1 0 0 21 11262982 11262984 13 0 1 20 1  0
15.4873 11262981 691.997 3 0 0 8 11113353 11113359 13 0 1 20 1  0
14.6586 11178947 686.834 5 2 0.0394922 61 11178941 11178955 13 0 1 20 1  0
10.2107 11132469 683.979 4 1 0.0197462 1 11132469 11132470 13 0 1 20 1  0
10.6386 11187909 687.385 3 7 0.13822 2 11178950 11178952 13 0 1 20 1  0
11.1604 11059836 679.516 12 2488 457.545 1 11054154 11060634 13 0 1 20 1  0
12.388 11305271 694.596 3 0 0 5 11305266 11305273 13 0 1 20 1  0
10.0076 11506626 706.967 3 6 0.118475 1 11506626 11506627 13 0 1 20 1  0
11.6972 11507250 707.005 12 66 1.30557 3 11504834 11507910 13 0 1 20 1  0
10.056 11506302 706.947 12 389 8.28817 1 11506292 11506306 13 0 1 20 1  0
11.0315 11489142 705.893 12 1963 180.206 1 11487740 11489856 13 0 1 20 1  0
13.4897 11519692 707.77 12 2363 366.549 10 11516688 11521774 13 0 1 20 1  0
10.7214 11484188 705.589 12 3182 1566.62 1 11483216 11484534 13 0 1 20 1  0
19.2515 11538662 708.935 3 0 0 18 11538658 11538667 13 0 1 20 1  0
0 11532288 708.544 8 0 0 1 11725388 11725389 13 0 1 20 1  0
0 11532288 708.544 3 0 0 2 11725390 11725391 13 0 1 20 1  0
15.0924 11912278 731.89 8 0 0 1 11912278 11912280 13 0 1 20 1  0
18.8415 11912279 731.89 1 0 0 9 11912278 11912281 13 0 1 20 1  0
0 11794432 724.65 2 0 0 33 11912278 11912281 13 0 1 20 1  0
17.2938 11839808 727.438 5 0 0 64 11839639 11839650 13 0 1 20 1  0
11.2699 11905870 731.497 3 3 0.059238 6 11905870 11905872 13 0 1 20 1  0
15.6721 11863692 728.905 10 136 2.70898 505 11863022 11863853 13 0 1 20 1  0
19.1778 12081583 742.292 8 0 0 1 12081579 12081584 13 0 1 20 1  0
0 12056576 740.756 8 0 0 195 12081746 12081747 13 0 1 20 1  0
34.466 12083057 742.383 2 0 0 47 12081578 12081586 13 0 1 20 1  0
21.9655 12082400 742.343 4 0 0 14 12081574 12081590 13 0 1 20 1  0
16.1221 12219120 750.743 5 0 0 9 12081569 12081592 13 0 1 20 1  0
17.5968 12213899 750.422 6 0 0 16 12213870 12213925 13 0 1 20 1  0
19.9072 12081582 742.292 3 1 0.0197462 7 12081578 12081586 13 0 1 20 1  0
10.3263 12081746 742.302 2 3 0.059238 1 12081746 12081747 13 0 1 20 1  0
14.8785 12251933 752.759 9 16 0.315943 1815 12251760 12252097 13 0 1 20 1  0
12.2654 12081909 742.312 3 4 0.0789836 5 12081580 12081583 13 0 1 20 1  0
10.2148 12288262 754.991 12 2756 735.984 1 12288164 12288396 13 0 1 20 1  0
14.0766 12383009 760.812 4 0 0 6 12383003 12383014 13 0 1 20 1  0
0 12318720 756.862 3 0 0 35 12383002 12383015 13 0 1 20 1  0
11.3425 12534709 770.133 5 0 0 5 12534701 12534719 13 0 1 20 1  0
18.4214 12341586 758.267 8 235 4.76877 2509 12341504 12341732 13 0 1 20 1  0
14.1538 12535150 770.16 12 208 4.19529 35 12533178 12536862 13 0 1 20 1  0
10.6757 12387389 761.081 3 11 0.217204 3 12387388 12387390 13 0 1 20 1  0
15.2768 12569530 772.272 11 96 1.90345 19 12342569 12342654 13 0 1 20 1  0
10.2273 12531772 769.952 12 1177 44.0706 1 12531084 12531816 13 0 1 20 1  0
11.6015 12575500 772.639 11 1599 94.2671 8 12573960 12576810 13 0 1 20 1  0
14.3233 12556479 771.47 11 2054 211.819 31 12554536 12558935 13 0 1 20 1  0
13.3727 12519479 769.197 11 2196 272.547 15 12518092 12522172 13 0 1 20 1  0
0 12318720 756.862 11 2210 279.403 4 12551714 12552882 13 0 1 20 1  0
11.6382 12505760 768.354 12 2546 507.123 3 12504040 12508936 13 0 1 20 1  0
0 12318720 756.862 12 2546 507.123 2 12540508 12540552 13 0 1 20 1  0
12.5012 12792027 785.942 8 0 0 1 12792027 12792028 13 0 1 20 1  0
17.5403 12810321 787.066 8 0 0 1 12795327 12795328 13 0 1 20 1  0
0 12580864 772.968 8 0 0 60 12810320 12810322 13 0 1 20 1  0
12.7515 12591939 773.649 4 1 0.0197462 5 12584429 12584435 13 0 1 20 1  0
18.3357 12810321 787.066 1 0 0 3 12790028 12790037 13 0 1 20 1  0
14.7668 12790034 785.82 3 0 0 4 12584432 12584438 13 0 1 20 1  0
13.4894 12833901 788.515 5 0 0 6 12584431 12584441 13 0 1 20 1  0
11.3449 12677442 778.902 2 3 0.059238 4 12677442 12677444 13 0 1 20 1  0
10.7951 12677929 778.932 3 4 0.0789836 3 12677929 12677931 13 0 1 20 1  0
10.0835 12751781 783.469 3 6 0.118475 1 12751781 12751782 13 0 1 20 1  0
12.6902 12582198 773.05 12 184 3.69356 2 12580864 12583568 13 0 1 20 1  0
10.8822 12581444 773.004 12 563 13.0266 1 12581268 12581790 13 0 1 20 1  0
10.3988 12655008 777.524 12 2037 205.52 1 12654494 12655388 13 0 1 20 1  0
10.2121 12631089 776.054 11 2210 279.403 1 12630999 12631628 13 0 1 20 1  0
15.2062 12594700 773.818 12 2872 904.089 40 12592426 12598048 13 0 1 20 1  0
11.3284 12883440 791.559 8 0 0 1 12883440 12883441 13 0 1 20 1  0
13.5314 12883436 791.558 3 1 0.0197462 5 12883435 12883438 13 0 1 20 1  0
0 12843008 789.074 1 0 0 27 12939776 12939779 13 0 1 20 1  0
15.5649 12939776 795.02 3 0 0 2 12883437 12883441 13 0 1 20 1  0
15.6448 12919476 793.773 5 0 0 45 12919459 12919506 13 0 1 20 1  0
10.259 12922203 793.94 5 8 0.157966 2 12922202 12922204 13 0 1 20 1  0
23.7987 13139166 807.27 3 0 0 173 13128516 13128523 13 0 1 20 1  0
10.2467 13128519 806.616 1 0 0 1 13128519 13128520 13 0 1 20 1  0
0 13105152 805.18 1 0 0 75 13342101 13342105 13 0 1 20 1  0
10.2814 13128498 806.615 2 0 0 1 13128498 13128499 13 0 1 20 1  0
14.6675 13348309 820.12 5 1 0.0197462 21 13128508 13128511 13 0 1 20 1  0
10.0767 13470672 827.638 8 0 0 1 13470672 13470673 13 0 1 20 1  0
10.5318 13484415 828.482 8 0 0 1 13484415 13484416 13 0 1 20 1  0
12.4205 13466110 827.358 1 0 0 1 13453372 13453374 13 0 1 20 1  0
0 13367296 821.287 1 0 0 312 13453383 13453388 13 0 1 20 1  0
17.9132 13453383 826.576 5 0 0 20 13389687 13389689 13 0 1 20 1  0
16.9461 13470348 827.618 4 0 0 4 13389681 13389691 13 0 1 20 1  0
13.5969 13426278 824.91 12 153 3.05512 368 13425794 13428780 13 0 1 20 1  0
10.1384 13418428 824.428 3 1 0.0197462 1 13418428 13418429 13 0 1 20 1  0
13.9713 13484410 828.482 3 1 0.0197462 3 13453369 13453392 13 0 1 20 1  0
10.1541 13389683 822.662 4 2 0.0394922 1 13389683 13389684 13 0 1 20 1  0
11.169 13550365 832.534 4 4 0.0789836 1 13470343 13470348 13 0 1 20 1  0
13.3721 13532733 831.451 5 4 0.0789836 4 13453370 13453397 13 0 1 20 1  0
11.4764 13636251 837.811 1 0 0 2 13636251 13636252 13 0 1 20 1  0
10.8784 13718206 842.847 1 0 0 1 13718206 13718207 13 0 1 20 1  0
0 13629440 837.393 1 0 0 141 13719512 13719513 13 0 1 20 1  0
12.6729 13745970 844.552 2 0 0 1 13662029 13662031 13 0 1 20 1  0
15.9376 13756439 845.196 4 0 0 7 13662023 13662029 13 0 1 20 1  0
16.2984 13801801 847.983 5 0 0 15 13694022 13694044 13 0 1 20 1  0
10.0516 13693700 841.341 3 1 0.0197462 1 13693700 13693701 13 0 1 20 1  0
10.1142 13694031 841.361 4 2 0.0394922 2 13694031 13694032 13 0 1 20 1  0
10.5492 13696678 841.524 3 2 0.0394922 1 13696678 13696679 13 0 1 20 1  0
11.1791 13747952 844.674 7 6 0.118475 11 13747932 13747961 13 0 1 20 1  0
13.2301 13784989 846.95 5 14 0.276446 212 13784976 13784997 13 0 1 20 1  0
10.0786 13718198 842.846 5 5 0.0987291 1 13718198 13718199 13 0 1 20 1  0
11.0193 13891306 853.482 12 1936 171.765 1 13890626 13891586 13 0 1 20 1  0
44.8835 13928283 855.754 4 0 0 670 13907548 13907561 13 0 1 20 1  0
0 13891584 853.499 8 0 0 645 14029739 14029740 13 0 1 20 1  0
10.5288 13907572 854.481 1 0 0 1 13907572 13907573 13 0 1 20 1  0
34.8131 14069129 864.407 2 0 0 7 13907553 13907556 13 0 1 20 1  0
13.6129 14153726 869.605 12 409 8.78467 43 14085786 14086168 13 0 1 20 1  0
14.8341 14086796 865.493 12 107 2.12388 35 14085122 14088870 13 0 1 20 1  0
12.991 14038813 862.545 6 4 0.0789836 2 13928248 13928297 13 0 1 20 1  0
10.2414 14029825 861.992 8 4 0.0789836 1 14029812 14029828 13 0 1 20 1  0
13.907 14153722 869.605 12 1489 77.434 61 14151520 14153730 13 0 1 20 1  0
0 13891584 853.499 12 949 28.8442 1 14153084 14153730 13 0 1 20 1  0
10.325 14125116 867.847 12 1224 48.0155 1 14124736 14125482 13 0 1 20 1  0
17.3822 14070826 864.512 12 2193 271.099 64 14068254 14074790 13 0 1 20 1  0
12.81 14100960 866.363 12 2551 511.641 1 14084528 14085526 13 0 1 20 1  0
0 13891584 853.499 12 2551 511.641 1 14099506 14103656 13 0 1 20 1  0
10.6771 14084360 865.343 12 2564 523.575 1 14083322 14084576 13 0 1 20 1  0
11.5409 14154039 869.624 8 0 0 836 14154039 14154042 13 0 1 20 1  0
16.8199 14154041 869.624 2 0 0 2 14154040 14154064 13 0 1 20 1  0
17.6922 14380933 883.565 5 1 0.0197462 44 14154039 14154071 13 0 1 20 1  0
33.323 14362611 882.439 10 8 0.157966 11572 14361821 14363374 13 0 1 20 1  0
10.0222 14154058 869.625 2 1 0.0197462 1 14154058 14154059 13 0 1 20 1  0
10.0109 14165166 870.308 3 5 0.0987291 1 14165166 14165167 13 0 1 20 1  0
10.1214 14182936 871.4 4 7 0.13822 2 14182936 14182937 13 0 1 20 1  0
10.0597 14363839 882.514 5 144 2.87155 1 14363839 14363840 13 0 1 20 1  0
10.3707 14350834 881.715 12 2335 348.786 2 14350212 14351052 13 0 1 20 1  0
10.0089 14616114 898.014 8 0 0 1 14616114 14616115 13 0 1 20 1  0
20.3329 14671693 901.429 8 0 0 1 14618570 14618571 13 0 1 20 1  0
0 14415872 885.711 8 0 0 259 14619907 14619908 13 0 1 20 1  0
11.7218 14532623 892.884 1 0 0 1 14532623 14532624 13 0 1 20 1  0
15.4438 14661097 900.778 1 0 0 2 14577526 14577527 13 0 1 20 1  0
19.4137 14479240 889.604 5 0 0 20 14479227 14479259 13 0 1 20 1  0
15.7752 14528250 892.616 4 1 0.0197462 25 14479228 14479255 13 0 1 20 1  0
16.0382 14645774 899.836 4 2 0.0394922 19 14479230 14479254 13 0 1 20 1  0
10.0505 14533415 892.933 3 5 0.0987291 1 14533415 14533416 13 0 1 20 1  0
10.0082 14487742 890.127 6 10 0.197458 2 14487742 14487743 13 0 1 20 1  0
14.733 14665414 901.043 11 2903 955.184 86 14659736 14668031 13 0 1 20 1  0
0 14415872 885.711 9 2903 955.184 2 14665321 14666065 13 0 1 20 1  0
19.813 14631540 898.962 12 3043 1224.37 8 14623300 14637144 13 0 1 20 1  0
10.3894 14596632 896.817 12 3155 1493.37 1 14595852 14597226 13 0 1 20 1  0
16.3067 14678277 901.833 8 0 0 290 14678277 14678278 13 0 1 20 1  0
20.1088 14916237 916.454 8 0 0 1 14678780 14678781 13 0 1 20 1  0
19.733 14691156 902.625 1 0 0 3 14678277 14678279 13 0 1 20 1  0
10.001 14680063 901.943 2 0 0 1 14680063 14680064 13 0 1 20 1  0
16.1459 14680384 901.963 4 1 0.0197462 6 14680379 14680397 13 0 1 20 1  0
15.8666 14811016 909.989 5 2 0.0394922 32 14680380 14680395 13 0 1 20 1  0
10.1768 14839058 911.712 1 1 0.0197462 1 14839058 14839059 13 0 1 20 1  0
10.0408 14916237 916.454 1 1 0.0197462 1 14916237 14916238 13 0 1 20 1  0
10.5765 14682022 902.063 3 2 0.0394922 1 14680387 14680389 13 0 1 20 1  0
23.7131 14758377 906.755 9 1869 152.481 3494 14752365 14764112 13 0 1 20 1  0
0 14678016 901.817 8 1308 55.9167 1 14765148 14765225 13 0 1 20 1  0
0 14678016 901.817 6 1752 123.827 1957 14760155 14760175 13 0 1 20 1  0
11.3565 14762747 907.023 6 1775 129.002 1 14756394 14756404 13 0 1 20 1  0
10.3627 14762313 906.996 5 1798 134.392 2 14758782 14758787 13 0 1 20 1  0
10.153 14762517 907.009 5 1808 136.804 2 14762517 14762520 13 0 1 20 1  0
10.5764 14762067 906.981 4 1824 140.754 1 14760222 14760232 13 0 1 20 1  0
12.3847 14761821 906.966 5 1833 143.025 5 14756507 14756516 13 0 1 20 1  0
13.8548 14710182 903.794 12 2601 559.088 23 14707818 14712862 13 0 1 20 1  0
13.1736 14694003 902.799 11 2726 697.849 4 14691192 14697393 13 0 1 20 1  0
15.5636 14967793 919.621 3 0 0 3 14967788 14967798 13 0 1 20 1  0
16.218 14969258 919.711 8 0 0 1 14967790 14967795 13 0 1 20 1  0
0 14940160 917.923 8 0 0 143 14969257 14969259 13 0 1 20 1  0
19.8792 14969258 919.711 1 0 0 2 14967625 14967627 13 0 1 20 1  0
19.8232 15116003 928.727 5 2 0.0394922 110 15115952 15116024 13 0 1 20 1  0
11.0968 14967962 919.632 2 1 0.0197462 1 14967962 14967963 13 0 1 20 1  0
10.6056 15116307 928.746 3 13 0.256698 1 15116307 15116308 13 0 1 20 1  0
10.9324 15117918 928.845 4 28 0.553 16 15115979 15115982 13 0 1 20 1  0
10.3603 15194684 933.561 3 30 0.592527 1 15194684 15194685 13 0 1 20 1  0
41.8339 15289026 939.358 3 0 0 367 15289020 15289037 13 0 1 20 1  0
0 15202304 934.03 8 0 0 926 15292920 15292921 13 0 1 20 1  0
22.1664 15429561 947.992 6 0 0 335 15288999 15289057 13 0 1 20 1  0
10.0582 15342972 942.672 7 2 0.0394922 1 15342972 15342973 13 0 1 20 1  0
13.5583 15438323 948.531 5 69 1.36517 24 15288860 15288910 13 0 1 20 1  0
13.4701 15436037 948.39 5 66 1.30557 25 15288867 15288916 13 0 1 20 1  0
10.205 15202311 934.03 11 1811 137.536 1 15202304 15202412 13 0 1 20 1  0
10.0941 15504200 952.578 1 0 0 1 15504200 15504201 13 0 1 20 1  0
11.6861 15521008 953.611 1 0 0 1 15520687 15520688 13 0 1 20 1  0
0 15464448 950.136 1 0 0 1734 15520698 15520699 13 0 1 20 1  0
23.5892 15587497 957.696 11 176 3.52783 2944 15586188 15589141 13 0 1 20 1  0
16.5115 15520678 953.59 6 2 0.0394922 202 15520649 15520700 13 0 1 20 1  0
14.4159 15588859 957.779 4 2 0.0394922 1 15465141 15465149 13 0 1 20 1  0
10.0051 15465140 950.178 4 6 0.118475 1 15465140 15465141 13 0 1 20 1  0
0 15464448 950.136 10 1329 58.0787 9 15586646 15587291 13 0 1 20 1  0
10.4332 15581710 957.34 12 2386 381.815 3 15580984 15582082 13 0 1 20 1  0
10.5618 15546078 955.151 11 2335 348.786 1 15545934 15546209 13 0 1 20 1  0
10.435 15771153 968.98 8 0 0 1 15771153 15771154 13 0 1 20 1  0
11.2166 15842608 973.37 8 0 0 1 15842608 15842609 13 0 1 20 1  0
11.6872 15883818 975.902 1 0 0 1 15726726 15726728 13 0 1 20 1  0
10.3442 15726717 966.249 4 4 0.0789836 745 15726717 15726718 13 0 1 20 1  0
14.0439 15777013 969.34 2 0 0 1 15726713 15726729 13 0 1 20 1  0
23.5219 15833824 972.83 6 0 0 42 15775994 15776065 13 0 1 20 1  0
16.3851 15789416 970.102 4 1 0.0197462 2 15726716 15726734 13 0 1 20 1  0
14.2625 15775969 969.276 6 74 1.46459 262 15775944 15775996 13 0 1 20 1  0
11.2471 15884749 975.959 3 2 0.0394922 1 15726724 15726726 13 0 1 20 1  0
12.1929 15774074 969.159 4 3 0.059238 2 15726718 15726721 13 0 1 20 1  0
10.8882 15784831 969.82 4 4 0.0789836 1 15774071 15774075 13 0 1 20 1  0
10.4801 15782562 969.681 4 5 0.0987291 1 15776032 15776036 13 0 1 20 1  0
11.459 16080655 987.995 1 0 0 1 16010121 16010124 13 0 1 20 1  0
0 15988736 982.348 1 0 0 197 16014682 16014684 13 0 1 20 1  0
14.5381 16010122 983.662 2 0 0 1 15991532 15991535 13 0 1 20 1  0
18.3746 16151823 992.368 4 0 0 8 15991527 15991540 13 0 1 20 1  0
18.1373 16088508 988.478 5 0 0 85 15991534 15991537 13 0 1 20 1  0
10.3033 16014684 983.942 3 1 0.0197462 1 16014684 16014685 13 0 1 20 1  0
13.7823 16213578 996.162 3 1 0.0197462 1 16040166 16040167 13 0 1 20 1  0
10.064 15991536 982.52 4 1 0.0197462 1 15991536 15991537 13 0 1 20 1  0
10.4644 16071849 987.454 3 2 0.0394922 1 16071849 16071850 13 0 1 20 1  0
10.7726 16214848 996.24 3 2 0.0394922 1 16151825 16151828 13 0 1 20 1  0
10.1492 16055454 986.447 4 82 1.6239 3 16055454 16055455 13 0 1 20 1  0
13.1963 16236702 997.583 12 1797 134.153 59 16234072 16239554 13 0 1 20 1  0
10.6813 16226138 996.934 12 2127 241.13 1 16225178 16226404 13 0 1 20 1  0
14.2445 16221606 996.655 12 2653 613.103 15 16218618 16224022 13 0 1 20 1  0
12.2786 16188586 994.627 12 2790 781.727 7 16186540 16190762 13 0 1 20 1  0
11.5091 16156146 992.634 12 2963 1062.42 1 16153652 16157652 13 0 1 20 1  0
10.2783 16273669 999.854 8 0 0 1 16273669 16273670 13 0 1 20 1  0
20.8147 16412632 1008.39 8 0 0 1 16412593 16412595 13 0 1 20 1  0
0 16250880 998.454 8 0 0 474 16412630 16412642 13 0 1 20 1  0
35.8985 16412632 1008.39 2 0 0 40 16279163 16279166 13 0 1 20 1  0
19.0991 16422537 1009 5 1 0.0197462 18 16256741 16256744 13 0 1 20 1  0
21.0937 16328170 1003.2 6 1 0.0197462 88 16328131 16328208 13 0 1 20 1  0
10.1606 16303998 1001.72 3 1 0.0197462 1 16303998 16303999 13 0 1 20 1  0
15.0762 16378796 1006.31 4 2 0.0394922 3 16327867 16327876 13 0 1 20 1  0
12.6066 16384666 1006.67 5 5 0.0987291 4 16328150 16328191 13 0 1 20 1  0
10.0957 16349389 1004.51 4 5 0.0987291 1 16349389 16349390 13 0 1 20 1  0
10.7094 16288270 1000.75 11 6 0.118475 1 16286937 16288652 13 0 1 20 1  0
12.5531 16380674 1006.43 6 78 1.54421 81 16328088 16328119 13 0 1 20 1  0
11.2763 16252800 998.572 12 359 7.56274 2 16250880 16253168 13 0 1 20 1  0
11.9934 16295529 1001.2 10 1079 36.8007 15 16295002 16295772 13 0 1 20 1  0
12.3249 16258260 998.907 12 2187 268.228 7 16255976 16259548 13 0 1 20 1  0
17.4886 16590308 1019.31 6 0 0 108 16590281 16590335 13 0 1 20 1  0
10.6165 16693010 1025.62 8 0 0 1 16693010 16693011 13 0 1 20 1  0
13.9957 16590571 1019.32 1 0 0 2 16590570 16590572 13 0 1 20 1  0
0 16513024 1014.56 1 0 0 67 16593594 16593596 13 0 1 20 1  0
15.8581 16593593 1019.51 4 1 0.0197462 12 16568419 16568423 13 0 1 20 1  0
10.642 16589639 1019.27 4 3 0.059238 1 16589639 16589640 13 0 1 20 1  0
11.1864 16734248 1028.15 3 4 0.0789836 2 16593591 16593593 13 0 1 20 1  0
10.3753 16514104 1014.63 12 160 3.19842 3 16514056 16514142 13 0 1 20 1  0
10.9134 16513554 1014.59 12 532 12.1053 2 16513112 16513734 13 0 1 20 1  0
10.7708 16775154 1030.67 12 3016 1167.12 3 16774340 16775170 13 0 1 20 1  0
19.1452 16807427 1032.65 8 0 0 1 16807427 16807428 13 0 1 20 1  0
18.1926 16920559 1039.6 8 0 0 1 16842857 16842858 13 0 1 20 1  0
0 16775168 1030.67 8 0 0 384 16911043 16911044 13 0 1 20 1  0
15.9343 16920559 1039.6 1 0 0 3 16807427 16807429 13 0 1 20 1  0
17.9169 16946928 1041.22 3 0 0 88 16781185 16781188 13 0 1 20 1  0
12.2565 17003907 1044.72 2 1 0.0197462 2 16911044 16911046 13 0 1 20 1  0
10.7279 16842856 1034.83 3 1 0.0197462 1 16842856 16842857 13 0 1 20 1  0
10.7145 16878407 1037.01 3 2 0.0394922 1 16878407 16878408 13 0 1 20 1  0
10.0349 16911028 1039.01 6 2 0.0394922 1 16911028 16911029 13 0 1 20 1  0
10.4653 16921491 1039.66 3 4 0.0789836 1 16921491 16921492 13 0 1 20 1  0
12.5985 16947904 1041.28 3 5 0.0987291 13 16921489 16921491 13 0 1 20 1  0
10.0557 16847741 1035.13 5 4 0.0789836 1 16847741 16847742 13 0 1 20 1  0
10.013 16880362 1037.13 5 11 0.217204 1 16880362 16880363 13 0 1 20 1  0
11.916 17074495 1049.06 8 0 0 2 17074495 17074496 13 0 1 20 1  0
12.1582 17151028 1053.76 8 0 0 1 17079258 17079260 13 0 1 20 1  0
0 17037312 1046.77 8 0 0 321 17092415 17092416 13 0 1 20 1  0
11.6702 17074496 1049.06 1 0 0 1 17074496 17074497 13 0 1 20 1  0
15.3571 17079259 1049.35 3 0 0 3 17074497 17074499 13 0 1 20 1  0
10.7943 17058884 1048.1 2 0 0 1 17058884 17058885 13 0 1 20 1  0
16.3628 17092100 1050.14 4 1 0.0197462 165 17075789 17075802 13 0 1 20 1  0
12.1096 17092411 1050.16 3 12 0.236951 10 17092088 17092093 13 0 1 20 1  0
10.9391 17111688 1051.34 2 1 0.0197462 1 17093070 17093071 13 0 1 20 1  0
10.0162 17075793 1049.14 5 1 0.0197462 1 17075793 17075794 13 0 1 20 1  0
10.0745 17089797 1050 3 8 0.157966 1 17089797 17089798 13 0 1 20 1  0
10.4268 17075680 1049.13 5 302 6.24154 5 17075679 17075683 13 0 1 20 1  0
51.5634 972750 59.7658 8 2825 831.787 324 972529 972975 13 0 1 20 1 1
