0 119941 73.8304
1 119944 74.2985
2 119944 74.3442
3 119945 74.0166
4 119944 73.7638
5 119943 73.4222
6 119943 73.2035
7 119942 72.8839
8 119942 72.6308
9 119942 72.4321
10 119942 72.8672
11 119942 72.8181
12 119942 72.7594
13 119943 72.8828
14 119943 73.2301
15 119944 73.6746
16 119946 73.959
17 119947 75.4837
18 119948 76.8638
19 119950 77.2112
20 119951 77.4196
21 119952 77.6932
22 119953 77.9498
23 119955 78.2935
24 119956 78.5222
25 119958 78.5551
26 119958 79.1738
27 119959 79.1004
28 119960 78.9459
29 119962 78.4205
30 119962 78.2869
31 119964 78.5407
32 119968 79.8995
33 119968 80.0817
34 119969 80.963
35 119969 81.0998
36 119970 81.6693
37 119972 82.3373
38 119974 83.3646
39 119977 84.5978
40 119978 85.2029
41 119979 85.7108
42 119980 85.2934
43 119981 85.4323
44 119982 85.7396
45 119983 86.147
46 119983 86.0358
47 119983 85.7717
48 119982 85.7855
49 119981 84.2922
50 119980 82.9509
51 119980 82.66
52 119979 82.4841
53 119979 82.439
54 119978 82.8753
55 119978 82.6535
56 119977 82.8093
57 119976 82.4146
58 119975 81.6993
59 119974 81.4982
60 119973 81.7676
61 119972 81.8458
62 119974 82.1933
63 119973 82.2851
64 119970 80.948
65 119969 80.8483
66 119969 80.1671
67 119970 80.4502
68 119970 80.6788
69 119970 80.3379
70 119968 79.8452
71 119966 78.7773
72 119964 78.3247
73 119963 78.0959
74 119962 78.0099
75 119961 77.7444
76 119959 77.3071
77 119957 76.7047
78 119956 76.3083
79 119956 76.1371
80 119955 75.7964
81 119954 75.7106
82 119954 75.7067
83 119954 76.2106
84 119953 76.97
85 119953 77.0319
86 119953 76.6345
87 119954 79.0255
88 119957 80.5182
89 119956 81.2523
90 119958 81.7522
91 119959 82.562
92 119958 82.4775
93 119956 82.2321
94 119954 81.8735
95 119953 82.0868
96 119952 82.212
97 119952 81.9659
98 119954 83.6921
99 119955 84.7715
100 119954 84.7142
101 119956 86.1199
102 119961 88.1387
103 119964 89.7872
104 119964 90.0215
105 119965 89.8913
106 119969 91.7547
107 119972 94.4264
108 119974 95.956
109 119975 96.2741
110 119976 97.1485
111 119977 97.2153
112 119980 98.0291
113 119983 99.2032
114 119986 101.043
115 119986 100.727
116 119987 100.465
117 119986 100.721
118 119987 101.932
119 119987 100.632
120 119988 100.068
121 119990 100.415
122 119989 100.608
123 119990 100.447
124 119990 100.29
125 119993 101.164
126 119993 101.311
127 119994 100.944
128 119994 101.207
129 119995 101.363
130 119994 99.7419
131 119994 99.9591
132 119998 101.221
133 120000 101.205
134 119997 100.198
135 119998 99.7575
136 120000 100.557
137 120001 100.878
138 119999 100.453
139 119999 98.3662
140 119998 97.5188
141 120001 98.3932
142 120004 99.9343
143 120004 100.421
144 120006 100.939
145 120009 101.85
146 120009 101.613
147 120012 104.919
148 120014 106.297
149 120015 106.095
150 120015 104.941
151 120014 104.135
152 120012 104.036
153 120011 103.025
154 120011 102.855
155 120013 102.896
156 120015 103.307
157 120014 104.365
158 120014 104.283
159 120013 104.251
160 120012 103.793
161 120015 107.231
162 120012 106.857
163 120009 105.248
164 120004 103.384
165 119999 102.023
166 119996 100.923
167 119992 99.626
168 119990 98.7048
169 119988 98.2311
170 119985 96.785
171 119983 96.383
172 119981 95.8314
173 119978 94.5737
174 119975 92.4093
175 119974 91.9845
176 119970 90.9729
177 119965 89.043
178 119962 87.8144
179 119959 84.6195
180 119958 83.6953
181 119958 84.0802
182 119958 84.856
183 119959 85.2695
184 119959 84.5936
185 119959 84.5861
186 119959 84.2762
187 119958 84.176
188 119957 84.0982
189 119956 82.5011
190 119957 82.7593
191 119958 83.512
192 119960 84.6211
193 119958 81.5857
194 119959 82.1355
195 119960 82.3603
196 119961 82.7106
197 119961 83.5506
198 119961 83.7164
199 119960 83.6433
200 119960 83.3555
201 119960 83.2938
202 119959 83.251
203 119959 83.0661
204 119960 83.4624
205 119960 83.5989
206 119959 83.6958
207 119960 84.9919
208 119964 86.2155
209 119966 88.0008
210 119969 89.256
211 119968 89.2968
212 119968 90.2381
213 119968 91.5774
214 119966 90.362
215 119964 89.868
216 119963 90.1596
217 119962 90.6282
218 119963 91.8564
219 119962 91.361
220 119963 93.4325
221 119964 94.3151
222 119965 95.4569
223 119965 96.3776
224 119964 95.6204
225 119964 95.899
226 119965 95.5691
227 119965 95.473
228 119968 97.0977
229 119975 98.6744
230 119978 99.3908
231 119982 100.981
232 119986 102.95
233 119989 104.06
234 119992 105.623
235 119997 107.566
236 120000 108.555
237 120004 110.047
238 120009 112.261
239 120010 111.923
240 120010 111.673
241 120009 110.162
242 120006 109.217
243 120008 110.24
244 120007 108.648
245 120006 108.089
246 120007 108.417
247 120008 109.388
248 120010 109.478
249 120011 109.167
250 120009 108.04
251 120010 108.383
252 120009 106.66
253 120007 105.305
254 120005 103.643
255 120004 101.793
256 120005 101.846
257 120003 101.173
258 120002 103.007
259 120005 104.226
260 120003 103.004
261 119998 100.488
262 119996 99.467
263 119995 98.304
264 119994 97.3388
265 119993 96.5029
266 119991 95.1098
267 119987 93.3725
268 119985 92.4224
269 119984 91.0165
270 119981 88.7011
271 119980 88.2206
272 119977 86.9679
273 119978 86.8192
274 119977 86.4226
275 119975 85.0986
276 119976 84.7304
277 119975 85.9737
278 119977 86.5981
279 119975 85.5843
280 119974 84.7184
281 119973 84.3538
282 119974 84.5158
283 119972 84.4544
284 119970 84.5187
285 119970 84.3816
286 119969 84.3725
287 119970 86.2306
288 119969 86.1333
289 119969 86.0753
290 119970 84.0138
291 119969 83.24
292 119967 82.5549
293 119967 82.4474
294 119967 82.6244
295 119968 82.8112
296 119967 82.2271
297 119968 82.4962
298 119969 82.8555
299 119969 82.7747
300 119968 82.3668
301 119968 82.3744
302 119967 82.414
303 119965 81.7913
304 119964 81.7343
305 119962 81.5358
306 119962 81.2886
307 119963 81.3923
308 119963 81.5014
309 119962 79.0535
310 119962 78.4109
311 119963 78.7528
312 119964 78.8528
313 119966 79.6256
314 119965 79.6276
315 119968 80.4135
316 119970 80.4158
317 119972 81.967
318 119973 82.0995
319 119973 80.5128
320 119974 80.6392
321 119974 80.6182
322 119974 80.6446
323 119973 80.1062
324 119973 80.0502
325 119975 81.5104
326 119976 83.1927
327 119975 83.092
328 119977 85.3044
329 119975 85.6311
330 119975 85.5772
331 119975 86.6229
332 119976 87.8437
333 119977 88.5861
334 119978 89.1175
335 119981 90.6283
336 119983 91.4405
337 119984 92.8381
338 119985 93.7189
339 119986 95.9999
340 119987 97.6035
341 119990 98.6944
342 119990 100.272
343 119988 101.16
344 119987 101.336
345 119987 102.761
346 119988 104.883
347 119987 105.26
348 119987 105.161
349 119988 106.572
350 119989 108.858
351 119990 111.538
352 119990 111.357
353 119990 111.75
354 119990 112.499
355 119988 112.43
356 119988 112.555
357 119987 112.22
358 119986 113.042
359 119990 115.219
360 119988 115.643
361 119988 115.105
362 119987 115.172
363 119987 114.051
364 119986 115.876
365 119984 115.588
366 119988 117.783
367 119986 118.566
368 119986 120.768
369 119987 121.347
370 119989 122.854
371 119990 121.984
372 119990 121.457
373 119988 121.016
374 119989 120.177
375 119991 119.881
376 119991 119.636
377 119990 117.633
378 119989 120.567
379 119988 120.606
380 119987 120.835
381 119987 119.625
382 119989 119.544
383 119988 117.483
384 119989 118.677
385 119991 122.146
386 119991 122.463
387 119992 125.152
388 119992 125.146
389 119992 125.986
390 119995 126.374
391 119993 126.88
392 119993 124.22
393 119995 127.047
394 119997 129.431
395 119998 131.176
396 119998 128.338
397 120000 128.126
398 119996 126.981
399 119996 124.846
400 119997 124.737
401 119996 123.757
402 119994 123.296
403 119992 122.681
404 119993 123.785
405 119992 123.751
406 119989 122.936
407 119989 122.094
408 119990 122.315
409 119990 122.942
410 119990 118.19
411 119992 117.855
412 119991 118.366
413 119993 119.148
414 119993 118.931
415 119994 120.005
416 119993 119.664
417 119992 116.191
418 119993 115.933
419 119995 114.762
420 119996 116.012
421 119996 115.415
422 119993 112.923
423 119991 110.061
424 119991 110.954
425 119988 109.401
426 119987 107.33
427 119986 106.244
428 119987 107.396
429 119986 107.257
430 119985 106.363
431 119988 107.459
432 119988 105.768
433 119987 105.501
434 119987 105.466
435 119990 107.791
436 119991 106.798
437 119990 106.189
438 119992 107.194
439 119993 108.49
440 119992 109.004
441 119991 108.489
442 119990 108.948
443 119992 109.817
444 119995 109.385
445 119993 107.515
446 119991 105.854
447 119989 104.141
448 119991 103.913
449 119994 105.431
450 119994 105.514
451 119994 105.748
452 119992 105.235
453 119991 104.22
454 119990 103.683
455 119991 103.728
456 119990 102.915
457 119991 104.818
458 119991 104.266
459 119992 104.867
460 119993 108.38
461 119995 111.395
462 119998 112.61
463 119994 112.981
464 119994 116.085
465 119994 117.766
466 119993 117.126
467 119990 114.409
468 119990 113.715
469 119991 114.919
470 119990 114.358
471 119991 113.118
472 119992 112.679
473 119992 112.674
474 119993 111.547
475 119991 109.756
476 119989 109.36
477 119988 109.107
478 119988 109.854
479 119989 110.579
480 119987 110.197
481 119983 108.601
482 119983 108.242
483 119981 106.783
484 119982 106.481
485 119981 106.992
486 119982 107.916
487 119984 109.254
488 119983 109.065
489 119983 105.832
490 119983 107.215
491 119983 106.981
492 119980 103.104
493 119980 100.605
494 119979 99.0853
495 119978 98.5021
496 119978 94.8383
497 119979 93.1287
498 119979 92.5409
499 119979 92.7874
500 119979 92.995
501 119978 92.1915
502 119978 92.2769
503 119978 92.7937
504 119978 93.366
505 119978 94.0437
506 119978 94.7916
507 119978 95.5768
508 119979 95.6352
509 119980 96.383
510 119978 95.8434
511 119978 95.5834
