0 120798 128.818
1 120799 128.934
2 120799 128.65
3 120798 129.183
4 120799 129.4
5 120800 130.014
6 120800 130.094
7 120800 130.15
8 120801 130.253
9 120801 130.466
10 120802 130.498
11 120802 130.996
12 120800 131.424
13 120801 131.884
14 120799 131.924
15 120799 133.054
16 120799 133.856
17 120799 135.026
18 120798 135.018
19 120798 134.945
20 120798 134.776
21 120799 134.702
22 120799 134.662
23 120799 134.455
24 120797 134.073
25 120795 133.597
26 120794 133.002
27 120794 132.911
28 120793 133.474
29 120792 133.328
30 120790 133.038
31 120789 132.814
32 120788 132.622
33 120787 132.164
34 120786 132.008
35 120786 131.286
36 120784 130.71
37 120782 129.948
38 120779 129.764
39 120778 129.321
40 120777 128.879
41 120775 128.261
42 120774 127.816
43 120773 127.18
44 120774 126.435
45 120772 125.596
46 120772 125.103
47 120771 123.658
48 120771 122.438
49 120770 120.855
50 120768 120.558
51 120768 119.89
52 120767 119.465
53 120764 119.158
54 120763 118.982
55 120763 118.84
56 120763 118.815
57 120763 118.828
58 120764 118.856
59 120763 118.747
60 120764 118.048
61 120764 118.034
62 120764 117.994
63 120765 117.835
64 120764 117.723
65 120764 117.759
66 120764 117.68
67 120764 117.684
68 120764 117.672
69 120763 117.721
70 120766 117.423
71 120766 117.34
72 120766 117.191
73 120767 117.15
74 120766 117.266
75 120764 117.031
76 120764 117.395
77 120762 117.477
78 120762 117.968
79 120761 117.828
80 120760 117.719
81 120757 117.787
82 120757 117.473
83 120756 118.385
84 120755 118.376
85 120756 118.382
86 120755 118.048
87 120754 117.782
88 120752 117.659
89 120752 117.565
90 120751 117.222
91 120749 117.33
92 120750 117.337
93 120749 117.443
94 120748 117.56
95 120748 117.787
96 120747 117.609
97 120745 117.488
98 120745 118.46
99 120744 118.426
100 120743 118.311
101 120743 118.092
102 120742 118.188
103 120741 118.263
104 120741 118.466
105 120740 118.356
106 120740 118.053
107 120741 118.09
108 120739 117.613
109 120740 117.374
110 120740 116.815
111 120741 116.61
112 120740 116.443
113 120742 116.152
114 120741 116.116
115 120741 115.652
116 120743 115.711
117 120742 115.306
118 120742 115.52
119 120741 115.485
120 120742 115.496
121 120742 115.532
122 120742 115.671
123 120743 115.456
124 120741 115.142
125 120741 114.963
126 120742 114.703
127 120740 114.504
128 120741 115.224
129 120742 115.426
130 120743 114.633
131 120743 114.553
132 120742 114.474
133 120742 114.361
134 120741 114.066
135 120740 113.717
136 120739 113.295
137 120738 113.25
138 120738 113.473
139 120738 113.503
140 120738 113.278
141 120738 113.714
142 120738 113.494
143 120737 113.576
144 120736 114.048
145 120737 114.434
146 120737 114.843
147 120737 114.252
148 120736 113.889
149 120735 113.897
150 120734 113.997
151 120735 114.739
152 120734 114.976
153 120734 115.193
154 120735 115.281
155 120735 115.856
156 120735 115.817
157 120734 115.632
158 120734 115.481
159 120735 115.237
160 120734 114.799
161 120733 114.33
162 120731 113.88
163 120731 113.696
164 120731 113.615
165 120731 113.477
166 120731 113.323
167 120731 113.347
168 120731 113.312
169 120731 113.222
170 120731 112.815
171 120730 112.455
172 120730 112.377
173 120729 111.732
174 120729 111.687
175 120729 111.486
176 120730 110.856
177 120728 110.349
178 120728 109.714
179 120728 109.589
180 120727 109.527
181 120727 109.509
182 120728 109.177
183 120728 108.384
184 120727 108.644
185 120726 109.4
186 120727 109.874
187 120727 109.529
188 120727 109.47
189 120727 109.457
190 120726 109.434
191 120726 109.313
192 120726 108.906
193 120726 109.03
194 120725 108.937
195 120724 108.909
196 120725 108.969
197 120725 109.01
198 120725 109.078
199 120725 109.047
200 120725 109.094
201 120725 109.053
202 120725 109.068
203 120726 109.071
204 120726 109.063
205 120726 109.099
206 120726 109.082
207 120726 109.062
208 120726 109.021
209 120726 109.033
210 120727 109.082
211 120727 109.16
212 120727 109.294
213 120728 109.322
214 120727 109.27
215 120727 109.25
216 120728 108.523
217 120728 107.273
218 120727 106.554
219 120725 106.193
220 120726 106.2
221 120726 106.24
222 120727 106.279
223 120727 106.32
224 120728 106.36
225 120728 106.284
226 120729 106.338
227 120729 106.399
228 120729 106.405
229 120729 106.446
230 120730 106.5
231 120730 106.565
232 120730 106.616
233 120730 106.67
234 120729 106.674
235 120729 106.729
236 120728 106.75
237 120727 106.684
238 120727 106.676
239 120727 106.743
240 120727 106.798
241 120727 106.84
242 120727 106.86
243 120727 107.011
244 120727 106.876
245 120726 106.862
246 120726 106.954
247 120726 106.966
248 120727 107.08
249 120727 107.182
250 120727 107.176
251 120726 107.143
252 120726 107.214
253 120725 107.224
254 120725 107.227
255 120724 107.207
256 120723 107.185
257 120723 107.205
258 120723 107.253
259 120722 107.252
260 120722 107.247
261 120722 107.185
262 120721 107.1
263 120721 107.031
264 120721 107.031
265 120721 107.114
266 120722 107.146
267 120722 107.122
268 120723 107.281
269 120724 107.409
270 120724 107.424
271 120725 107.374
272 120724 107.372
273 120724 107.348
274 120724 107.297
275 120724 107.123
276 120724 107.144
277 120725 107.108
278 120724 107.113
279 120724 107.093
280 120724 107.14
281 120725 107.194
282 120726 107.32
283 120727 107.325
284 120727 107.26
285 120728 107.295
286 120728 107.362
287 120729 107.378
288 120730 107.393
289 120729 107.361
290 120729 107.294
291 120730 107.327
292 120730 107.33
293 120730 107.411
294 120731 107.448
295 120731 107.488
296 120731 107.511
297 120733 107.58
298 120733 107.681
299 120733 107.716
300 120734 107.62
301 120734 107.583
302 120734 107.659
303 120734 107.691
304 120734 107.73
305 120734 107.797
306 120734 107.808
307 120735 107.769
308 120735 107.77
309 120735 107.817
310 120735 107.717
311 120735 107.71
312 120735 107.6
313 120734 107.502
314 120733 107.421
315 120733 107.335
316 120733 107.302
317 120733 107.247
318 120732 107.228
319 120732 107.286
320 120731 107.369
321 120731 107.429
322 120731 107.467
323 120731 107.455
324 120732 107.436
325 120732 107.423
326 120731 107.455
327 120731 107.405
328 120730 107.279
329 120729 107.143
330 120728 106.952
331 120728 106.87
332 120727 106.807
333 120727 106.762
334 120726 106.682
335 120726 106.725
336 120726 106.652
337 120725 106.55
338 120725 106.535
339 120725 106.576
340 120725 106.623
341 120725 106.633
342 120725 106.681
343 120725 106.683
344 120724 106.647
345 120724 106.711
346 120724 106.665
347 120723 106.617
348 120723 106.572
349 120723 106.568
350 120723 106.58
351 120723 106.514
352 120723 106.408
353 120724 106.33
354 120723 106.293
355 120723 106.225
356 120723 106.167
357 120723 106.137
358 120722 106.055
359 120723 106.117
360 120723 106.365
361 120723 106.391
362 120725 107.363
363 120726 108.115
364 120727 108.574
365 120730 109.211
366 120731 109.952
367 120731 110.616
368 120734 111.072
369 120735 111.535
370 120737 111.986
371 120740 112.724
372 120741 112.936
373 120742 113.284
374 120745 113.565
375 120746 113.867
376 120748 114.263
377 120750 114.639
378 120751 114.939
379 120753 115.36
380 120756 115.76
381 120757 116.092
382 120759 116.34
383 120760 116.676
384 120762 117.049
385 120762 117.378
386 120763 117.715
387 120764 117.965
388 120765 118.26
389 120766 118.656
390 120768 119.011
391 120767 119.488
392 120768 119.598
393 120768 119.675
394 120766 119.011
395 120764 118.7
396 120763 119.137
397 120762 119.119
398 120760 118.407
399 120759 117.825
400 120757 117.541
401 120756 117.269
402 120752 117.394
403 120751 117.012
404 120749 116.751
405 120747 116.569
406 120744 116.197
407 120741 116.326
408 120739 116.973
409 120737 117.214
410 120735 117.092
411 120733 116.974
412 120731 117.283
413 120729 117.59
414 120727 117.504
415 120725 117.692
416 120723 117.811
417 120724 117.749
418 120721 117.809
419 120721 118.148
420 120720 118.021
421 120718 117.756
422 120716 117.773
423 120716 117.628
424 120715 117.564
425 120716 117.877
426 120716 118.277
427 120716 118.182
428 120717 117.619
429 120714 117.007
430 120714 117.067
431 120713 116.898
432 120712 116.824
433 120711 117.034
434 120712 116.981
435 120712 116.978
436 120712 117.209
437 120712 117.774
438 120714 118.554
439 120715 118.436
440 120715 118.245
441 120715 118.251
442 120714 118.352
443 120714 118.176
444 120714 117.564
445 120714 117.024
446 120713 117.623
447 120713 117.386
448 120712 117.528
449 120712 117.499
450 120712 117.172
451 120712 116.661
452 120711 117.337
453 120711 118.05
454 120712 118.629
455 120711 119.643
456 120711 119.816
457 120711 119.82
458 120712 119.6
459 120712 119.63
460 120711 120.278
461 120713 120.926
462 120714 121.038
463 120714 121.06
464 120714 121.042
465 120714 120.751
466 120714 120.715
467 120712 120.449
468 120711 120.322
469 120710 119.844
470 120711 119.326
471 120710 119.172
472 120710 118.924
473 120710 118.706
474 120712 119.064
475 120712 119.608
476 120712 119.964
477 120713 120.161
478 120712 120.044
479 120713 120.123
480 120714 119.887
481 120713 120.661
482 120714 121.201
483 120714 121.772
484 120715 121.461
485 120716 121.027
486 120714 120.343
487 120714 119.076
488 120712 118.92
489 120712 118.612
490 120711 118.182
491 120710 117.96
492 120710 117.649
493 120710 117.683
494 120710 117.973
495 120712 118.451
496 120713 118.823
497 120714 119.164
498 120714 119.096
499 120716 119.414
500 120716 119.755
501 120717 119.926
502 120716 120.202
503 120717 120.59
504 120717 120.434
505 120716 120.382
506 120715 120.104
507 120717 119.835
508 120716 119.869
509 120715 120.111
510 120718 119.663
511 120716 119.792
