0 120502 99.9352
1 120501 99.5864
2 120501 99.3231
3 120500 98.9738
4 120500 98.7568
5 120500 98.4802
6 120499 98.2681
7 120499 98.2816
8 120499 98.2091
9 120498 98.0153
10 120498 97.9015
11 120498 97.749
12 120498 97.8913
13 120497 97.7623
14 120497 97.6362
15 120497 97.5108
16 120497 97.3848
17 120497 97.3265
18 120497 97.2973
19 120497 97.2952
20 120497 97.2558
21 120497 97.1662
22 120496 96.1066
23 120496 95.4026
24 120495 95.2923
25 120495 95.2301
26 120494 95.1328
27 120494 95.0664
28 120493 94.9559
29 120493 94.8907
30 120493 94.8307
31 120493 94.3228
32 120492 94.3236
33 120493 94.3038
34 120493 94.2729
35 120493 94.3374
36 120493 94.3148
37 120493 94.2991
38 120493 94.3296
39 120493 94.1629
40 120492 94.0767
41 120493 94.182
42 120493 94.2007
43 120493 94.2444
44 120493 93.9738
45 120492 93.9307
46 120493 93.9287
47 120492 93.8957
48 120493 93.9047
49 120492 93.8622
50 120492 93.8281
51 120492 94.0565
52 120493 94.3724
53 120493 94.5336
54 120496 95.8361
55 120499 96.7592
56 120503 97.4493
57 120508 98.7018
58 120512 99.6603
59 120516 100.973
60 120521 101.766
61 120522 102.092
62 120522 102.956
63 120523 103.18
64 120524 103.332
65 120524 103.416
66 120524 103.659
67 120524 103.785
68 120525 105.509
69 120526 105.767
70 120527 106.148
71 120528 106.434
72 120529 106.941
73 120530 107.255
74 120531 107.304
75 120533 107.779
76 120537 108.523
77 120542 109.374
78 120547 110.551
79 120554 111.949
80 120562 113.313
81 120567 114.288
82 120570 115.036
83 120574 115.498
84 120577 115.779
85 120580 116.162
86 120581 115.34
87 120581 114.909
88 120577 114.599
89 120575 113.71
90 120570 112.896
91 120567 111.624
92 120562 110.91
93 120562 110.631
94 120562 109.792
95 120561 109.626
96 120561 109.471
97 120560 109.514
98 120561 109.376
99 120561 109.303
100 120560 107.637
101 120560 107.545
102 120560 107.624
103 120562 108.033
104 120564 108.088
105 120565 108.328
106 120566 108.911
107 120567 109.179
108 120564 109.111
109 120562 108.557
110 120557 107.73
111 120551 106.501
112 120544 105.313
113 120540 104.483
114 120537 103.812
115 120535 103.385
116 120532 103.245
117 120530 102.949
118 120529 102.725
119 120527 102.429
120 120527 102.137
121 120526 101.931
122 120526 102.04
123 120526 102.305
124 120525 102.444
125 120526 102.555
126 120526 102.923
127 120526 103.045
128 120525 103.359
129 120526 103.373
130 120526 103.435
131 120526 103.609
132 120525 103.671
133 120525 103.634
134 120525 103.355
135 120522 103.033
136 120519 102.66
137 120517 102.369
138 120517 102.017
139 120514 101.56
140 120514 101.032
141 120512 100.846
142 120513 100.885
143 120513 101.101
144 120512 100.948
145 120511 100.891
146 120511 100.916
147 120509 100.718
148 120508 100.406
149 120506 100.318
150 120505 100.158
151 120504 100.083
152 120504 100.133
153 120503 100.014
154 120502 99.8881
155 120502 99.6736
156 120502 99.5418
157 120502 99.4373
158 120501 99.1831
159 120501 99.0958
160 120501 98.9535
161 120500 99.1595
162 120500 99.3171
163 120501 99.3638
164 120501 99.6706
165 120501 99.9442
166 120502 100.008
167 120504 100.164
168 120505 100.293
169 120505 100.169
170 120505 100.063
171 120505 100.044
172 120506 100.202
173 120507 100.39
174 120507 100.138
175 120505 99.8669
176 120506 100.055
177 120506 100.167
178 120507 100.117
179 120507 100.083
180 120507 99.9734
181 120507 99.8759
182 120507 99.7899
183 120507 99.6952
184 120507 99.6342
185 120507 99.6716
186 120508 99.6638
187 120508 99.7562
188 120508 99.8292
189 120508 99.7964
190 120509 99.6981
191 120509 99.6355
192 120510 99.556
193 120511 99.3418
194 120510 99.1159
195 120510 98.9074
196 120510 98.5383
197 120510 98.2705
198 120509 98.027
199 120508 97.5973
200 120509 97.6972
201 120508 97.7274
202 120508 97.7042
203 120508 97.6192
204 120507 97.4937
205 120507 97.4746
206 120507 97.4264
207 120507 97.4146
208 120507 97.3271
209 120507 97.3709
210 120507 97.4631
211 120508 97.5486
212 120508 97.6428
213 120507 97.6696
214 120507 97.73
215 120507 97.758
216 120506 97.824
217 120507 97.8671
218 120506 97.8288
219 120506 97.6975
220 120506 97.582
221 120505 97.8398
222 120506 98.1408
223 120506 98.4796
224 120506 98.5305
225 120505 98.5535
226 120506 98.7355
227 120506 99.0463
228 120507 99.2748
229 120506 99.6735
230 120506 99.82
231 120506 99.925
232 120506 99.7303
233 120506 99.6022
234 120506 99.5841
235 120504 99.4959
236 120504 99.5133
237 120504 99.4665
238 120503 99.4117
239 120502 99.4002
240 120502 99.4259
241 120501 99.4412
242 120502 99.4213
243 120501 99.2794
244 120501 99.2405
245 120502 99.3287
246 120503 99.4965
247 120503 99.6915
248 120503 99.7874
249 120503 99.7662
250 120504 99.8296
251 120504 99.8729
252 120504 99.8941
253 120505 99.6993
254 120504 99.4813
255 120503 99.179
256 120503 99.4483
257 120504 99.5619
258 120504 99.4812
259 120503 99.3281
260 120502 99.2968
261 120504 99.081
262 120504 99.1114
263 120504 99.2092
264 120503 99.104
265 120503 99.0898
266 120503 99.0419
267 120504 99.0219
268 120505 99.0952
269 120504 99.2558
270 120505 99.3723
271 120505 99.4403
272 120504 99.4366
273 120505 99.5178
274 120505 99.6071
275 120505 99.7656
276 120505 99.828
277 120506 99.824
278 120506 100.336
279 120508 100.814
280 120509 101.003
281 120511 101.599
282 120511 102.088
283 120511 102.282
284 120512 102.535
285 120511 102.618
286 120512 102.77
287 120512 102.8
288 120511 102.641
289 120513 102.977
290 120514 103.85
291 120516 104.127
292 120517 104.726
293 120518 104.948
294 120519 105.5
295 120521 105.99
296 120521 106.321
297 120521 106.426
298 120521 106.571
299 120522 106.88
300 120521 106.774
301 120521 106.527
302 120522 106.613
303 120523 106.631
304 120524 106.823
305 120526 106.917
306 120526 107.024
307 120526 107.022
308 120526 107.091
309 120527 107.089
310 120525 106.585
311 120523 106.078
312 120523 105.76
313 120522 105.14
314 120522 104.646
315 120522 104.483
316 120521 104.253
317 120522 104.345
318 120523 104.364
319 120525 104.369
320 120525 104.261
321 120524 104.11
322 120523 103.174
323 120522 102.74
324 120519 102.121
325 120518 101.773
326 120516 101.334
327 120515 100.743
328 120515 100.461
329 120515 100.402
330 120515 100.32
331 120513 99.986
332 120513 99.9249
333 120513 99.9082
334 120513 99.9376
335 120513 99.862
336 120512 99.642
337 120511 99.5573
338 120510 99.4549
339 120511 99.5468
340 120512 99.5518
341 120512 99.5656
342 120512 99.4802
343 120512 99.3426
344 120513 99.3987
345 120516 101.461
346 120516 101.89
347 120517 102.115
348 120517 102.348
349 120516 102.191
350 120516 102.13
351 120517 102.221
352 120517 102.195
353 120516 101.947
354 120517 102.417
355 120520 103.207
356 120523 103.478
357 120525 104.147
358 120527 104.231
359 120531 104.631
360 120532 105.147
361 120532 105.308
362 120534 105.567
363 120535 105.646
364 120536 105.729
365 120536 105.879
366 120536 105.836
367 120535 105.948
368 120535 106.056
369 120534 105.999
370 120535 106.123
371 120533 106.107
372 120534 106.811
373 120535 107.12
374 120536 107.931
375 120536 108.738
376 120537 109.232
377 120534 107.4
378 120534 107.254
379 120535 107.428
380 120535 107.799
381 120536 107.776
382 120534 107.736
383 120534 107.72
384 120532 107.677
385 120532 107.512
386 120530 106.904
387 120526 105.987
388 120523 105.553
389 120519 104.772
390 120516 104.475
391 120512 103.905
392 120510 103.211
393 120508 102.897
394 120505 102.437
395 120505 102.277
396 120503 102.169
397 120502 101.968
398 120501 101.731
399 120500 101.594
400 120500 101.372
401 120499 101.152
402 120498 100.815
403 120498 100.806
404 120495 99.9839
405 120493 99.5529
406 120490 98.6586
407 120488 97.803
408 120486 97.1639
409 120484 96.8439
410 120483 96.4371
411 120481 95.9696
412 120478 95.2808
413 120477 95.4507
414 120476 95.7904
415 120475 96.0739
416 120474 96.1125
417 120474 96.1742
418 120473 96.2555
419 120473 96.3045
420 120473 96.3375
421 120473 96.5123
422 120472 97.1193
423 120472 97.4623
424 120471 97.798
425 120471 98.0899
426 120471 98.5298
427 120470 99.4433
428 120468 99.9438
429 120468 101.255
430 120466 102.48
431 120467 102.599
432 120465 103.139
433 120465 103.73
434 120466 104.488
435 120465 104.609
436 120463 105.228
437 120464 105.508
438 120464 106.746
439 120463 107.208
440 120462 107.38
441 120463 108.049
442 120463 108.142
443 120462 108.297
444 120463 108.402
445 120463 108.285
446 120462 108.602
447 120461 108.449
448 120462 108.506
449 120460 108.836
450 120460 109.025
451 120460 109.356
452 120461 109.339
453 120461 109.28
454 120462 109.836
455 120462 109.875
456 120464 109.682
457 120463 109.579
458 120463 109.349
459 120464 108.66
460 120466 108.296
461 120466 107.013
462 120468 105.796
463 120467 105.605
464 120468 105.023
465 120468 104.525
466 120467 103.993
467 120468 103.781
468 120468 103.245
469 120468 102.99
470 120468 101.828
471 120467 101.568
472 120467 101.844
473 120466 102.13
474 120464 104.404
475 120462 105.667
476 120462 106.718
477 120460 110.073
478 120458 112.46
479 120456 114.772
480 120456 115.964
481 120454 120.746
482 120448 125.087
483 120446 129.469
484 120444 134.897
485 120441 140.535
486 120437 141.551
487 120436 143.058
488 120434 148.79
489 120432 154.673
490 120429 157.878
491 120430 159.223
492 120428 162.471
493 120425 165.083
494 120425 168.013
495 120422 173.396
496 120419 178.687
497 120418 181.29
498 120417 183.978
499 120414 186.922
500 120413 190.024
501 120411 193.499
502 120409 197.17
503 120408 200.981
504 120406 204.832
505 120404 208.35
506 120404 210.15
507 120405 213.475
508 120402 217.619
509 120402 218.269
510 120402 219.422
511 120403 221.878
