10.9462 711000 43.6838 8 0 0 1 529481 529485 13 0 1 20 1  0
0 522240 32.0864 8 0 0 12049 541353 541354 13 0 1 20 1  0
11.0772 717265 44.0688 1 0 0 1 529482 529485 13 0 1 20 1  0
10.3644 529483 32.5314 2 0 0 1 529483 529484 13 0 1 20 1  0
22.9057 721096 44.3041 8 2 0.0394922 1065 564533 564596 13 0 1 20 1  0
10.1025 710865 43.6755 2 1 0.0197462 1 710865 710866 13 0 1 20 1  0
10.029 719733 44.2204 2 1 0.0197462 1 719733 719734 13 0 1 20 1  0
18.8595 562238 34.5439 12 206 4.15321 2041 556852 573636 13 0 1 20 1  0
14.0492 583659 35.86 10 497 11.109 1360 556796 557019 13 0 1 20 1  0
10.022 554207 34.0505 5 327 6.81241 3 554207 554208 13 0 1 20 1  0
10.1855 550638 33.8312 3 331 6.90496 7 550638 550639 13 0 1 20 1  0
12.4722 578149 35.5215 7 388 8.26363 13 550445 550579 13 0 1 20 1  0
10.1179 577699 35.4938 3 527 11.9602 1 577699 577700 13 0 1 20 1  0
11.3096 577547 35.4845 2 560 12.9357 3 577545 577550 13 0 1 20 1  0
10.0876 556486 34.1905 3 574 13.3628 1 556486 556487 13 0 1 20 1  0
11.158 719949 44.2337 3 582 13.6105 1 560581 560600 13 0 1 20 1  0
11.4238 554674 34.0792 7 1152 42.0986 173 553921 554042 13 0 1 20 1  0
10.5702 577336 35.4715 2 621 14.8581 1 560434 560445 13 0 1 20 1  0
11.431 583212 35.8325 2 632 15.2226 4 560594 560634 13 0 1 20 1  0
10.6423 577286 35.4685 2 636 15.3566 2 560376 560377 13 0 1 20 1  0
11.2661 577217 35.4642 2 660 16.1769 9 560268 560287 13 0 1 20 1  0
10.1314 577149 35.46 2 666 16.3865 7 577149 577150 13 0 1 20 1  0
10.2603 557307 34.2409 2 664 16.3164 2 557307 557308 13 0 1 20 1  0
10.3148 583039 35.8219 2 678 16.8112 5 583039 583041 13 0 1 20 1  0
11.0434 583254 35.8351 2 677 16.7755 1 560374 560376 13 0 1 20 1  0
11.4351 577082 35.4559 3 687 17.1348 4 560043 560072 13 0 1 20 1  0
10.2022 582829 35.809 2 691 17.28 1 582829 582830 13 0 1 20 1  0
10.7824 583001 35.8196 3 747 19.4074 5 560070 560264 13 0 1 20 1  0
10.0748 556913 34.2167 3 756 19.7666 1 556913 556914 13 0 1 20 1  0
10.1572 556839 34.2122 2 760 19.9278 3 556839 556840 13 0 1 20 1  0
10.2381 556780 34.2086 2 761 19.9683 2 556780 556781 13 0 1 20 1  0
10.5362 556730 34.2055 2 764 20.0901 1 556730 556731 13 0 1 20 1  0
10.6935 569189 34.971 2 930 27.8192 5 569189 569190 13 0 1 20 1  0
10.0592 582134 35.7663 2 896 26.0632 1 582134 582135 13 0 1 20 1  0
10.7728 569721 35.0037 2 906 26.5695 1 559259 559261 13 0 1 20 1  0
10.8555 554796 34.0867 3 1137 40.9554 12 554083 554099 13 0 1 20 1  0
10.2498 555936 34.1567 2 920 27.2925 4 555936 555937 13 0 1 20 1  0
10.3447 569929 35.0164 2 916 27.0843 1 559234 559235 13 0 1 20 1  0
10.0253 555835 34.1505 2 939 28.3007 1 555835 555836 13 0 1 20 1  0
10.0717 569621 34.9975 2 953 29.0641 1 569621 569622 13 0 1 20 1  0
11.8994 568870 34.9514 6 1048 34.7425 45 554803 555178 13 0 1 20 1  0
10.0165 569417 34.985 4 1002 31.8801 1 569417 569418 13 0 1 20 1  0
10.1402 581289 35.7144 2 1016 32.7279 1 581289 581290 13 0 1 20 1  0
10.0167 555179 34.1102 2 1023 33.1594 1 555179 555180 13 0 1 20 1  0
14.122 564506 34.6832 5 1426 69.1606 1130 564113 565687 13 0 1 20 1  0
10.4664 568526 34.9302 3 1049 34.8072 1 568525 568528 13 0 1 20 1  0
10.4277 554802 34.087 3 1055 35.1978 1 554801 554804 13 0 1 20 1  0
10.4544 581088 35.702 2 1060 35.5264 1 581088 581089 13 0 1 20 1  0
10.051 568669 34.939 3 1086 37.2806 1 568669 568670 13 0 1 20 1  0
10.8832 580721 35.6795 3 1091 37.6269 2 554936 554939 13 0 1 20 1  0
10.6814 580652 35.6753 3 1118 39.5489 1 555036 555039 13 0 1 20 1  0
11.102 568329 34.9181 2 1151 42.0215 1 568003 568006 13 0 1 20 1  0
10.0778 580208 35.648 3 1169 43.4303 1 580208 580209 13 0 1 20 1  0
10.2004 567228 34.8505 4 1181 44.394 1 567228 567229 13 0 1 20 1  0
10.0886 567150 34.8457 3 1189 45.0476 1 567150 567151 13 0 1 20 1  0
10.9175 566837 34.8265 3 1192 45.2951 3 553639 553642 13 0 1 20 1  0
10.2371 579723 35.6182 2 1198 45.7938 1 579723 579724 13 0 1 20 1  0
11.1682 567451 34.8642 4 1213 47.0634 10 553714 553748 13 0 1 20 1  0
10.1188 567558 34.8708 3 1210 46.8068 1 567558 567559 13 0 1 20 1  0
10.21 567350 34.858 4 1215 47.2352 2 567350 567351 13 0 1 20 1  0
10.3155 567056 34.8399 3 1235 48.986 5 567056 567059 13 0 1 20 1  0
11.4875 566966 34.8344 4 1247 50.0659 1 566833 566847 13 0 1 20 1  0
10.1635 553618 34.0143 3 1266 51.8223 1 553618 553619 13 0 1 20 1  0
10.0785 566875 34.8288 3 1266 51.8223 1 566875 566876 13 0 1 20 1  0
10.4225 578933 35.5696 4 1267 51.9164 1 578932 578935 13 0 1 20 1  0
10.9798 566386 34.7988 4 1289 54.0274 8 566106 566160 13 0 1 20 1  0
10.4896 566642 34.8145 4 1286 53.7348 2 566003 566005 13 0 1 20 1  0
10.1467 564594 34.6887 3 1376 63.2142 2 564594 564595 13 0 1 20 1  0
10.1223 554468 34.0665 3 1384 64.131 2 554468 554469 13 0 1 20 1  0
10.1302 553367 33.9989 2 1448 71.9465 2 553367 553368 13 0 1 20 1  0
10.2759 563980 34.6509 2 1454 72.7251 1 563980 563981 13 0 1 20 1  0
10.0545 563196 34.6028 3 1464 74.0411 1 563196 563197 13 0 1 20 1  0
10.2366 563601 34.6276 3 1477 75.7868 1 563601 563602 13 0 1 20 1  0
10.0472 563531 34.6233 4 1479 76.0589 1 563531 563532 13 0 1 20 1  0
10.4273 563376 34.6138 4 1489 77.434 2 563373 563378 13 0 1 20 1  0
10.4458 554328 34.0579 3 1503 79.4 1 554328 554330 13 0 1 20 1  0
10.0868 554041 34.0403 6 1526 82.7367 3 554041 554042 13 0 1 20 1  0
10.6133 553660 34.0169 6 1554 86.9852 4 553526 553671 13 0 1 20 1  0
10.7074 562390 34.5532 3 1565 88.7123 3 562141 562144 13 0 1 20 1  0
10.02 552069 33.9191 3 1624 98.569 1 552069 552070 13 0 1 20 1  0
10.643 563881 34.6448 3 1624 98.569 1 562194 562195 13 0 1 20 1  0
10.2147 562227 34.5432 4 1638 101.062 1 562227 562228 13 0 1 20 1  0
10.1143 562063 34.5331 4 1644 102.15 3 562063 562064 13 0 1 20 1  0
10.5413 537444 33.0206 6 2213 280.895 1 528509 528511 13 0 1 20 1  0
0 522240 32.0864 6 2213 280.895 3 536841 536880 13 0 1 20 1  0
11.2192 537242 33.0081 6 2216 282.394 1 536796 536829 13 0 1 20 1  0
10.257 784378 48.1922 9 2456 432.297 1 784256 784385 13 0 1 20 1  0
10.1366 832659 51.1586 6 1 0.0197462 1 832653 832661 13 0 1 20 1  0
10.3227 974195 59.8545 7 1 0.0197462 1 974185 974205 13 0 1 20 1  0
11.2216 1296613 79.6639 8 0 0 1 1057343 1057346 13 0 1 20 1  0
0 1046528 64.2987 8 0 0 39 1058239 1058241 13 0 1 20 1  0
10.3283 1150096 70.6619 1 0 0 2 1057344 1057346 13 0 1 20 1  0
0 1046528 64.2987 1 0 0 23 1058240 1058241 13 0 1 20 1  0
11.134 1321243 81.1772 8 0 0 1 1321243 1321244 13 0 1 20 1  0
12.2602 1449245 89.0416 8 0 0 1 1329782 1329783 13 0 1 20 1  0
0 1308672 80.4048 8 0 0 2311 1329786 1329787 13 0 1 20 1  0
10.3385 1329782 81.7018 1 0 0 1 1329782 1329783 13 0 1 20 1  0
12.5202 1414877 86.93 1 0 0 2 1331214 1331216 13 0 1 20 1  0
13.4834 1412630 86.792 2 1 0.0197462 6 1334381 1334399 13 0 1 20 1  0
13.2742 1401931 86.1346 3 1 0.0197462 6 1334382 1334398 13 0 1 20 1  0
20.8422 1362887 83.7358 10 15 0.296194 1115 1317028 1317172 13 0 1 20 1  0
11.5599 1331214 81.7898 2 1 0.0197462 1 1331214 1331215 13 0 1 20 1  0
11.7323 1334385 81.9846 4 6 0.118475 2 1334381 1334389 13 0 1 20 1  0
10.4635 1471346 90.3995 3 8 0.157966 1 1334378 1334386 13 0 1 20 1  0
16.2001 1398170 85.9036 8 252 5.13532 647 1329680 1329805 13 0 1 20 1  0
11.7705 1392598 85.5612 8 625 14.99 33 1361415 1361592 13 0 1 20 1  0
10.7531 1392988 85.5852 3 399 8.53508 5 1361997 1362000 13 0 1 20 1  0
10.0846 1361995 83.681 3 409 8.78467 1 1361995 1361996 13 0 1 20 1  0
10.0902 1361590 83.6561 2 597 14.0823 1 1361590 1361591 13 0 1 20 1  0
10.0268 1392885 85.5788 1 637 15.3902 1 1392885 1392886 13 0 1 20 1  0
10.1001 1392633 85.5634 2 650 15.8316 1 1392633 1392634 13 0 1 20 1  0
11.438 1497773 92.0232 4 656 16.0382 21 1392479 1392591 13 0 1 20 1  0
10.024 1392831 85.5755 1 667 16.4216 1 1392831 1392832 13 0 1 20 1  0
10.5209 1502955 92.3416 1 667 16.4216 1 1497740 1497741 13 0 1 20 1  0
10.4287 1316889 80.9097 1 669 16.4919 1 1316889 1316890 13 0 1 20 1  0
10.7895 1392448 85.552 1 689 17.2073 5 1392448 1392449 13 0 1 20 1  0
10.0384 1397334 85.8522 1 674 16.6688 1 1397334 1397335 13 0 1 20 1  0
10.0558 1392385 85.5481 1 842 23.4665 2 1392385 1392386 13 0 1 20 1  0
10.0929 1392362 85.5467 2 842 23.4665 1 1392362 1392363 13 0 1 20 1  0
10.1805 1392279 85.5416 2 881 25.3189 2 1392268 1392280 13 0 1 20 1  0
10.3054 1392248 85.5397 3 895 26.013 2 1392247 1392250 13 0 1 20 1  0
11.2764 1396486 85.8001 3 1231 48.6309 6 1391330 1391331 13 0 1 20 1  0
0 1308672 80.4048 2 1228 48.3663 2 1396516 1396517 13 0 1 20 1  0
10.0846 1391294 85.4811 3 1231 48.6309 1 1391294 1391295 13 0 1 20 1  0
10.5949 1390526 85.4339 3 1253 50.6143 1 1390525 1390528 13 0 1 20 1  0
10.0056 1391102 85.4693 2 1266 51.8223 1 1391102 1391103 13 0 1 20 1  0
12.4714 1389121 85.3476 3 1455 72.8557 23 1388621 1389275 13 0 1 20 1  0
10.3437 1388776 85.3264 3 1470 74.8419 6 1388775 1388778 13 0 1 20 1  0
0 1308672 80.4048 3 1454 72.7251 86 1388794 1388797 13 0 1 20 1  0
10.551 1388781 85.3267 2 1455 72.8557 1 1388781 1388782 13 0 1 20 1  0
11.455 1545900 94.9801 2 1456 72.9865 1 1388701 1388713 13 0 1 20 1  0
10.0063 1388661 85.3193 3 1457 73.1175 1 1388661 1388662 13 0 1 20 1  0
10.2273 1542167 94.7507 4 1664 105.859 1 1542162 1542168 13 0 1 20 1  0
10.0669 1542331 94.7608 3 1703 113.479 1 1542331 1542332 13 0 1 20 1  0
10.1969 1544196 94.8754 3 1703 113.479 1 1544196 1544197 13 0 1 20 1  0
17.8057 1570812 96.5107 12 2877 912.142 121 1568172 1570818 13 0 1 20 1  0
0 1308672 80.4048 6 2868 897.699 4 1570675 1570710 13 0 1 20 1  0
12.9238 1355725 83.2957 10 2997 1128.45 4 1353389 1359245 13 0 1 20 1  0
10.0379 1577548 96.9245 8 0 0 1 1577548 1577549 13 0 1 20 1  0
11.4465 1831123 112.504 8 0 0 1 1577552 1577555 13 0 1 20 1  0
0 1570816 96.5109 8 0 0 738 1577765 1577766 13 0 1 20 1  0
10.4892 1649185 101.326 1 0 0 1 1649185 1649186 13 0 1 20 1  0
10.8341 1831123 112.504 1 0 0 1 1649216 1649217 13 0 1 20 1  0
10.4585 1652261 101.515 2 0 0 1 1652261 1652262 13 0 1 20 1  0
10.5471 1657240 101.821 2 0 0 1 1652597 1652600 13 0 1 20 1  0
11.7813 1655745 101.729 4 0 0 13 1655734 1655756 13 0 1 20 1  0
21.2207 1794460 110.252 8 2 0.0394922 1292 1652344 1652568 13 0 1 20 1  0
13.6343 1651460 101.466 11 282 5.79369 93 1650361 1653128 13 0 1 20 1  0
10.2415 1650301 101.394 2 1 0.0197462 1 1650301 1650302 13 0 1 20 1  0
11.1803 1796619 110.384 3 2 0.0394922 3 1589128 1589131 13 0 1 20 1  0
10.0028 1652471 101.528 3 4 0.0789836 1 1652471 1652472 13 0 1 20 1  0
10.0304 1793182 110.173 4 604 14.3059 1 1793139 1793212 13 0 1 20 1  0
10.0328 1609690 98.8994 1 1489 77.434 1 1609690 1609691 13 0 1 20 1  0
12.5459 1604608 98.5871 7 2696 661.69 53 1602325 1606421 13 0 1 20 1  0
0 1570816 96.5109 5 2694 659.347 73 1604815 1604821 13 0 1 20 1  0
11.1209 1614559 99.1985 9 2975 1085.28 5 1614318 1616283 13 0 1 20 1  0
10.7548 1570820 96.5112 12 3287 1887.24 1 1570816 1571452 13 0 1 20 1  0
10.5645 1839473 113.017 8 0 0 1 1839473 1839474 13 0 1 20 1  0
10.9963 1860057 114.282 8 0 0 1 1860057 1860059 13 0 1 20 1  0
0 1832960 112.617 8 0 0 7878 1861614 1861615 13 0 1 20 1  0
10.79 1860058 114.282 1 0 0 2 1860058 1860059 13 0 1 20 1  0
11.1125 1875102 115.206 2 0 0 3 1875102 1875103 13 0 1 20 1  0
11.7647 1896448 116.518 2 1 0.0197462 6 1896448 1896453 13 0 1 20 1  0
10.7516 1907796 117.215 3 3 0.059238 2 1905883 1905892 13 0 1 20 1  0
12.0068 1905893 117.098 4 0 0 9 1905889 1905903 13 0 1 20 1  0
41.5275 1982758 121.821 12 395 8.436 5545 1979638 1985032 13 0 1 20 1  0
22.3018 2006506 123.28 10 213 4.30073 24 2003907 2007204 13 0 1 20 1  0
10.9317 1920455 117.993 4 4 0.0789836 2 1905884 1905895 13 0 1 20 1  0
10.566 1982093 121.78 2 572 13.3013 1 1980627 1980684 13 0 1 20 1  0
12.2172 2005561 123.222 11 627 15.0562 2 2003446 2005973 13 0 1 20 1  0
10.1274 1979771 121.637 2 935 28.0858 3 1979744 1979746 13 0 1 20 1  0
10.2675 1979462 121.618 3 963 29.6203 4 1979462 1979463 13 0 1 20 1  0
10.3665 1979954 121.648 2 1039 34.1649 1 1979954 1979955 13 0 1 20 1  0
10.0224 1979125 121.597 3 1039 34.1649 1 1979125 1979126 13 0 1 20 1  0
14.1862 2002334 123.023 12 1133 40.6555 213 1978596 1981066 13 0 1 20 1  0
10.0178 1999183 122.83 3 1463 73.9085 1 1999183 1999184 13 0 1 20 1  0
10.3831 1999220 122.832 3 1463 73.9085 2 1999220 1999225 13 0 1 20 1  0
0 1832960 112.617 3 1463 73.9085 1 2000538 2000539 13 0 1 20 1  0
10.1982 1996032 122.636 3 1672 107.379 1 1996032 1996033 13 0 1 20 1  0
10.0799 2095104 128.723 12 3106 1369.09 1 2094996 2095106 13 0 1 20 1  0
10.4671 2101234 129.1 8 0 0 2397 2101234 2101235 13 0 1 20 1  0
10.7759 2116777 130.055 8 0 0 1 2102177 2102180 13 0 1 20 1  0
10.322 2116778 130.055 1 0 0 1 2102178 2102180 13 0 1 20 1  0
10.4038 2104274 129.287 2 0 0 1 2104274 2104275 13 0 1 20 1  0
11.0271 2243680 137.852 2 1 0.0197462 2 2102179 2102181 13 0 1 20 1  0
11.2394 2196214 134.935 3 0 0 1 2193004 2193013 13 0 1 20 1  0
24.5853 2290676 140.739 8 1 0.0197462 522 2290416 2290859 13 0 1 20 1  0
28.0506 2313606 142.148 9 31 0.612292 3781 2227684 2227881 13 0 1 20 1  0
10.1381 2102179 129.158 3 2 0.0394922 1 2102179 2102180 13 0 1 20 1  0
11.9299 2320060 142.544 7 31 0.612292 3 2313438 2313822 13 0 1 20 1  0
0 2095104 128.723 4 588 13.798 248 2312698 2312835 13 0 1 20 1  0
10.0202 2287135 140.522 3 957 29.2854 1 2287135 2287136 13 0 1 20 1  0
10.2538 2310641 141.966 2 1009 32.3015 1 2310641 2310643 13 0 1 20 1  0
10.8355 2310597 141.963 3 1043 34.4205 4 2310457 2310477 13 0 1 20 1  0
10.2431 2310182 141.938 3 1066 35.9244 1 2310182 2310183 13 0 1 20 1  0
10.2466 2310283 141.944 2 1073 36.3938 1 2310283 2310285 13 0 1 20 1  0
10.2829 2310145 141.935 3 1106 38.6837 1 2310142 2310148 13 0 1 20 1  0
11.1262 2310062 141.93 2 1115 39.3309 7 2309653 2309654 13 0 1 20 1  0
10.523 2309636 141.904 2 1115 39.3309 5 2309636 2309637 13 0 1 20 1  0
10.8601 2309776 141.913 2 1120 39.6948 2 2309776 2309777 13 0 1 20 1  0
10.1819 2309810 141.915 3 1124 39.9881 1 2309810 2309811 13 0 1 20 1  0
10.1488 2309991 141.926 3 1124 39.9881 1 2309991 2309992 13 0 1 20 1  0
10.0248 2309956 141.924 2 1181 44.394 2 2309956 2309957 13 0 1 20 1  0
10.5053 2309904 141.921 3 1130 40.4319 1 2309791 2309794 13 0 1 20 1  0
10.0795 2309740 141.91 2 1139 41.1061 1 2309740 2309742 13 0 1 20 1  0
10.0819 2309425 141.891 2 1158 42.5642 2 2309425 2309426 13 0 1 20 1  0
10.0996 2309182 141.876 2 1213 47.0634 1 2309182 2309183 13 0 1 20 1  0
10.1175 2309578 141.9 2 1213 47.0634 1 2309578 2309579 13 0 1 20 1  0
10.0068 2308527 141.836 3 1300 55.1136 1 2308527 2308528 13 0 1 20 1  0
10.2011 2308600 141.84 3 1300 55.1136 1 2308600 2308602 13 0 1 20 1  0
10.1705 2309381 141.888 4 1473 75.2454 1 2309381 2309384 13 0 1 20 1  0
10.451 2309231 141.879 3 1482 76.4689 1 2306761 2306769 13 0 1 20 1  0
0 2095104 128.723 3 1482 76.4689 5 2306805 2306806 13 0 1 20 1  0
10.671 2306691 141.723 4 1486 77.0189 2 2306688 2306697 13 0 1 20 1  0
10.665 2368902 145.545 1 0 0 1 2368902 2368903 13 0 1 20 1  0
10.7906 2504400 153.87 1 0 0 1 2371984 2371986 13 0 1 20 1  0
0 2357248 144.829 1 0 0 103 2386000 2386010 13 0 1 20 1  0
10.3271 2526919 155.254 2 0 0 1 2386001 2386009 13 0 1 20 1  0
15.6934 2444164 150.169 8 3 0.059238 300 2443996 2444235 13 0 1 20 1  0
10.139 2524836 155.126 2 1 0.0197462 1 2386003 2386005 13 0 1 20 1  0
10.4562 2409796 148.058 8 289 5.94958 10 2409773 2409818 13 0 1 20 1  0
10.267 2409045 148.012 8 565 13.0873 3 2409018 2409081 13 0 1 20 1  0
12.1702 2457062 150.962 7 2182 265.858 74 2455323 2458081 13 0 1 20 1  0
0 2357248 144.829 6 2182 265.858 32 2457514 2457534 13 0 1 20 1  0
10.0863 2449071 150.471 8 2323 341.438 1 2449069 2449081 13 0 1 20 1  0
10.2768 2441662 150.016 11 2413 400.548 1 2441186 2441903 13 0 1 20 1  0
13.5923 2707626 166.357 7 9 0.177712 52 2705239 2705249 13 0 1 20 1  0
0 2619392 160.935 7 9 0.177712 18 2707594 2707665 13 0 1 20 1  0
10.563 2808060 172.527 8 30 0.592527 2 2807996 2808090 13 0 1 20 1  0
19.2907 2967435 182.319 9 31 0.612292 1934 2967146 2968792 13 0 1 20 1  0
10.6622 2971772 182.586 4 2 0.0394922 5 2954899 2954904 13 0 1 20 1  0
0 2881536 177.042 4 2 0.0394922 152 2967227 2967239 13 0 1 20 1  0
10.046 2969595 182.452 5 2 0.0394922 1 2969595 2969596 13 0 1 20 1  0
10.5432 2911343 178.873 3 3 0.059238 2 2911340 2911346 13 0 1 20 1  0
11.4652 2954882 181.548 5 8 0.157966 4 2954874 2954890 13 0 1 20 1  0
10.0004 3258093 200.177 3 748 19.4471 1 3258093 3258094 13 0 1 20 1  0
10.7433 3256292 200.067 4 1490 77.5728 1 3256290 3256297 13 0 1 20 1  0
10.0888 3194116 196.246 6 1885 156.881 1 3194116 3194118 13 0 1 20 1  0
10.1972 3192730 196.161 5 1974 183.763 1 3192730 3192731 13 0 1 20 1  0
12.103 3143689 193.148 11 2283 318.046 34 3143680 3144433 13 0 1 20 1  0
10.3211 3144440 193.194 4 2226 287.45 1 3144438 3144443 13 0 1 20 1  0
10.2043 3143746 193.152 12 2994 1122.47 1 3143680 3144164 13 0 1 20 1  0
36.7115 3522119 216.399 8 3 0.059238 9602 3472682 3473654 13 0 1 20 1  0
0 3405824 209.254 5 0 0 45499 3500071 3500144 13 0 1 20 1  0
10.5524 3524552 216.548 3 2 0.0394922 1 3468151 3468154 13 0 1 20 1  0
10.0344 3470241 213.212 4 2 0.0394922 1 3470241 3470242 13 0 1 20 1  0
10.3426 3525122 216.583 3 3 0.059238 1 3468149 3468151 13 0 1 20 1  0
13.8277 3641023 223.704 9 183 3.6728 3 3499589 3500042 13 0 1 20 1  0
13.7133 3473156 213.391 10 52 1.02784 1 3472688 3473329 13 0 1 20 1  0
25.9173 3471100 213.264 8 692 17.3164 1939 3470899 3472479 13 0 1 20 1  0
10.0084 3499771 215.026 6 251 5.11363 2 3499771 3499772 13 0 1 20 1  0
10.7447 3517092 216.09 3 336 7.02113 5 3472089 3472170 13 0 1 20 1  0
11.2985 3517013 216.085 2 649 15.7974 5 3471195 3471198 13 0 1 20 1  0
10.3108 3471522 213.29 2 559 12.9055 2 3471522 3471523 13 0 1 20 1  0
10.136 3516889 216.078 2 582 13.6105 2 3516889 3516890 13 0 1 20 1  0
10.0518 3516959 216.082 2 586 13.7353 1 3516959 3516960 13 0 1 20 1  0
10.1583 3472049 213.323 2 591 13.8924 1 3472049 3472050 13 0 1 20 1  0
10.5296 3516944 216.081 2 597 14.0823 1 3471425 3471426 13 0 1 20 1  0
21.079 3638696 223.561 12 673 16.6333 5 3498444 3500388 13 0 1 20 1  0
11.6141 3516561 216.057 2 737 19.0141 2 3470878 3471011 13 0 1 20 1  0
11.6353 3520223 216.282 3 790 21.1698 1 3471490 3471617 13 0 1 20 1  0
10.082 3469949 213.194 2 928 27.7132 1 3469949 3469950 13 0 1 20 1  0
10.0145 3469963 213.195 2 938 28.2469 1 3469963 3469964 13 0 1 20 1  0
12.4242 3469392 213.159 3 1029 33.5333 5 3469373 3469410 13 0 1 20 1  0
10.4236 3520360 216.291 2 1013 32.5446 1 3516026 3516027 13 0 1 20 1  0
10.7388 3469392 213.159 2 1029 33.5333 1 3469391 3469395 13 0 1 20 1  0
10.4437 3469465 213.164 2 1038 34.1012 2 3469465 3469466 13 0 1 20 1  0
10.6002 3469345 213.157 2 1056 35.2633 6 3469345 3469346 13 0 1 20 1  0
10.0594 3469255 213.151 3 1039 34.1649 1 3469255 3469256 13 0 1 20 1  0
10.4908 3469291 213.153 3 1042 34.3564 4 3469291 3469292 13 0 1 20 1  0
10.3709 3469147 213.144 3 1059 35.4605 2 3469147 3469148 13 0 1 20 1  0
10.2831 3469071 213.14 3 1060 35.5264 2 3469071 3469072 13 0 1 20 1  0
10.1204 3469025 213.137 3 1066 35.9244 2 3469025 3469026 13 0 1 20 1  0
12.5031 3520156 216.278 5 1079 36.8007 1 3470589 3470682 13 0 1 20 1  0
10.5036 3468865 213.127 3 1106 38.6837 2 3468865 3468866 13 0 1 20 1  0
10.043 3468893 213.129 3 1103 38.4702 1 3468893 3468894 13 0 1 20 1  0
10.3481 3468796 213.123 4 1105 38.6124 3 3468796 3468797 13 0 1 20 1  0
10.1288 3468740 213.119 3 1117 39.4761 1 3468740 3468741 13 0 1 20 1  0
10.2519 3468707 213.117 3 1124 39.9881 1 3468707 3468708 13 0 1 20 1  0
10.1014 3468660 213.114 3 1129 40.3576 1 3468660 3468661 13 0 1 20 1  0
10.0041 3468541 213.107 3 1145 41.5615 1 3468541 3468542 13 0 1 20 1  0
14.4065 3634722 223.317 12 1291 54.2234 18 3468090 3468536 13 0 1 20 1  0
10.2158 3465927 212.947 5 1436 70.4136 2 3465922 3465928 13 0 1 20 1  0
12.0323 3463496 212.797 8 1584 91.7754 62 3463272 3463822 13 0 1 20 1  0
10.045 3667951 225.359 11 2702 668.768 1 3667934 3667969 13 0 1 20 1  0
0 3405824 209.254 7 2886 926.817 717 3591177 3591248 13 0 1 20 1  0
16.0805 3589443 220.535 3 2911 968.832 3 3587995 3589588 13 0 1 20 1  0
10.6106 3590012 220.57 3 2905 958.578 1 3588180 3588182 13 0 1 20 1  0
16.1227 3590118 220.577 4 2908 963.691 2 3588041 3590231 13 0 1 20 1  0
11.6608 3589036 220.51 2 2913 972.274 1 3587989 3588523 13 0 1 20 1  0
11.8455 3586367 220.346 2 2926 994.95 1 3586268 3586275 13 0 1 20 1  0
10.0317 3583314 220.159 5 2947 1032.7 1 3583314 3583315 13 0 1 20 1  0
10.0045 3581905 220.072 6 2954 1045.6 1 3581905 3581906 13 0 1 20 1  0
10.865 3723486 228.771 8 0 0 1 3668286 3668289 13 0 1 20 1  0
0 3667968 225.36 8 0 0 397 3669100 3669104 13 0 1 20 1  0
11.4707 3775125 231.944 1 0 0 1 3668287 3668290 13 0 1 20 1  0
10.2134 3668288 225.38 2 0 0 1 3668288 3668289 13 0 1 20 1  0
11.7391 3774821 231.925 3 0 0 6 3679955 3679957 13 0 1 20 1  0
10.6599 3671031 225.548 3 0 0 1 3671031 3671032 13 0 1 20 1  0
15.3664 3711890 228.059 9 206 4.15321 447 3678391 3678722 13 0 1 20 1  0
10.0438 3913439 240.442 2 2 0.0394922 1 3774815 3774820 13 0 1 20 1  0
10.1623 3684736 226.39 4 2 0.0394922 1 3684736 3684737 13 0 1 20 1  0
10.0761 3679951 226.096 6 8 0.157966 2 3679951 3679952 13 0 1 20 1  0
10.1012 3716959 228.37 4 6 0.118475 1 3716959 3716962 13 0 1 20 1  0
10.0405 3711458 228.032 11 613 14.5966 1 3711417 3711475 13 0 1 20 1  0
10.1221 3708424 227.846 12 1201 46.0451 1 3708314 3708516 13 0 1 20 1  0
12.7455 3667970 225.36 12 1919 166.654 5 3667968 3669536 13 0 1 20 1  0
10.6874 4098408 251.806 8 0 0 1 3935775 3935777 13 0 1 20 1  0
0 3930112 241.466 8 0 0 166 3938602 3938610 13 0 1 20 1  0
10.4265 3935776 241.814 1 0 0 1 3935776 3935777 13 0 1 20 1  0
11.2476 4098410 251.806 2 0 0 5 3938604 3938610 13 0 1 20 1  0
11.149 3938606 241.988 3 0 0 2 3938605 3938610 13 0 1 20 1  0
12.1215 3975255 244.24 5 3 0.059238 8 3975245 3975270 13 0 1 20 1  0
15.794 4158763 255.514 7 0 0 115 3975226 3975266 13 0 1 20 1  0
11.0444 4161569 255.687 3 1 0.0197462 4 3938603 3938606 13 0 1 20 1  0
10.1845 4076763 250.476 2 2 0.0394922 1 4076763 4076764 13 0 1 20 1  0
10.0709 4166451 255.987 3 5 0.0987291 1 4161564 4161567 13 0 1 20 1  0
10.6006 4170989 256.266 5 5 0.0987291 1 4170982 4170994 13 0 1 20 1  0
14.7719 4305009 264.5 7 8 0.157966 241 4194573 4194602 13 0 1 20 1  0
0 4192256 257.572 6 0 0 14594 4304984 4305079 13 0 1 20 1  0
24.6141 4389576 269.696 12 225 4.55518 8016 4305378 4312402 13 0 1 20 1  0
10.0139 4194560 257.714 6 8 0.157966 1 4194560 4194561 13 0 1 20 1  0
10.0016 4306316 264.58 12 294 6.06149 1 4306316 4306318 13 0 1 20 1  0
10.2864 4303605 264.413 2 727 18.6267 7 4303602 4303606 13 0 1 20 1  0
12.5755 4387470 269.566 3 980 30.5873 64 4386342 4386369 13 0 1 20 1  0
11.7685 4387407 269.562 2 997 31.5821 26 4387198 4387199 13 0 1 20 1  0
10.5626 4386595 269.512 2 1094 37.8361 19 4386595 4386596 13 0 1 20 1  0
11.1581 4387212 269.55 2 1033 33.7846 33 4387180 4387194 13 0 1 20 1  0
10.2764 4386335 269.496 3 1125 40.0618 11 4386335 4386336 13 0 1 20 1  0
10.4111 4387117 269.544 2 1054 35.1325 13 4387117 4387118 13 0 1 20 1  0
10.2942 4387268 269.554 3 981 30.645 1 4387268 4387269 13 0 1 20 1  0
10.3418 4387140 269.546 3 1010 32.3621 1 4387140 4387141 13 0 1 20 1  0
10.5026 4385910 269.47 3 1142 41.3332 9 4385910 4385911 13 0 1 20 1  0
10.0863 4386961 269.535 2 1033 33.7846 2 4386961 4386962 13 0 1 20 1  0
10.0747 4386076 269.48 3 1068 36.058 3 4386076 4386077 13 0 1 20 1  0
10.0019 4303671 264.418 4 1062 35.6586 1 4303671 4303672 13 0 1 20 1  0
10.054 4386035 269.478 3 1070 36.192 1 4386035 4386036 13 0 1 20 1  0
10.0764 4386991 269.537 2 1078 36.7326 1 4386991 4386992 13 0 1 20 1  0
10.1187 4385756 269.461 3 1140 41.1817 4 4385756 4385757 13 0 1 20 1  0
10.712 4386578 269.511 2 1101 38.3285 4 4386578 4386579 13 0 1 20 1  0
10.631 4386510 269.507 2 1112 39.1141 5 4386510 4386511 13 0 1 20 1  0
10.4394 4386459 269.504 2 1109 38.8984 6 4386459 4386460 13 0 1 20 1  0
10.1407 4303316 264.396 4 1112 39.1141 1 4303316 4303317 13 0 1 20 1  0
10.3088 4385831 269.465 3 1117 39.4761 1 4385831 4385832 13 0 1 20 1  0
10.0996 4385458 269.443 3 1135 40.8052 1 4385458 4385459 13 0 1 20 1  0
10.2476 4386179 269.487 3 1200 45.9612 3 4386179 4386180 13 0 1 20 1  0
10.012 4386137 269.484 3 1205 46.3822 1 4386137 4386138 13 0 1 20 1  0
10.2825 4385310 269.433 3 1226 48.1906 1 4385310 4385311 13 0 1 20 1  0
10.0446 4384882 269.407 3 1240 49.4332 1 4384882 4384883 13 0 1 20 1  0
10.583 4391379 269.806 5 1451 72.3348 2 4391364 4391382 13 0 1 20 1  0
12.4529 4299622 264.169 5 1461 73.6439 304 4298937 4298964 13 0 1 20 1  0
10.1732 4300644 264.232 3 1338 59.0298 1 4300644 4300645 13 0 1 20 1  0
11.9798 4634683 284.755 8 0 0 1 4455354 4455357 13 0 1 20 1  0
0 4454400 273.678 8 0 0 1451 4455694 4455696 13 0 1 20 1  0
12.1225 4639803 285.069 1 0 0 2 4455355 4455357 13 0 1 20 1  0
11.907 4648625 285.612 2 0 0 2 4467927 4467933 13 0 1 20 1  0
26.3963 4534280 278.586 8 5 0.0987291 3112 4527158 4527840 13 0 1 20 1  0
15.0757 4530294 278.341 6 0 0 11 4527228 4527495 13 0 1 20 1  0
10.0043 4516027 277.465 3 2 0.0394922 1 4516027 4516028 13 0 1 20 1  0
10.0467 4526609 278.115 3 354 7.44396 3 4526609 4526610 13 0 1 20 1  0
10.0345 4529306 278.281 3 748 19.4471 1 4529306 4529307 13 0 1 20 1  0
10.3604 4532438 278.473 3 755 19.7264 2 4532437 4532439 13 0 1 20 1  0
10.0216 4529117 278.269 7 763 20.0494 1 4529115 4529127 13 0 1 20 1  0
11.6519 4533776 278.555 6 2035 204.791 5 4533582 4533815 13 0 1 20 1  0
10.3004 4521205 277.783 5 2323 341.438 1 4521202 4521206 13 0 1 20 1  0
11.1348 4519895 277.702 7 2323 341.438 1 4518458 4518661 13 0 1 20 1  0
0 4454400 273.678 7 2323 341.438 2 4519534 4520447 13 0 1 20 1  0
10.3121 4454518 273.686 10 3098 1349.8 3 4454400 4454563 13 0 1 20 1  0
10.4837 4720751 290.043 8 0 0 1702 4720751 4720752 13 0 1 20 1  0
10.4863 4730035 290.613 8 0 0 1 4723482 4723496 13 0 1 20 1  0
11.5932 4723481 290.211 4 4 0.0789836 7 4723478 4723484 13 0 1 20 1  0
10.8711 4778250 293.576 4 0 0 1 4723488 4723493 13 0 1 20 1  0
28.1019 4841085 297.436 8 5 0.0987291 3514 4778161 4778466 13 0 1 20 1  0
11.9765 4782723 293.85 4 2 0.0394922 4 4723482 4723489 13 0 1 20 1  0
10.9601 4940916 303.57 3 2 0.0394922 1 4723480 4723490 13 0 1 20 1  0
10.4905 4762890 292.632 3 3 0.059238 1 4723479 4723488 13 0 1 20 1  0
10.0137 4779044 293.624 11 74 1.46459 1 4779040 4779048 13 0 1 20 1  0
10.5055 4777972 293.559 6 256 5.22223 18 4777956 4777992 13 0 1 20 1  0
10.204 4952571 304.286 5 925 27.5548 1 4952562 4952572 13 0 1 20 1  0
10.4234 4952355 304.273 5 973 30.1858 1 4952351 4952369 13 0 1 20 1  0
10.3478 4776081 293.442 8 1176 43.99 1 4776001 4776104 13 0 1 20 1  0
0 4716544 289.784 8 1176 43.99 4 4838477 4838577 13 0 1 20 1  0
0 4716544 289.784 12 1192 45.2951 8 4836452 4840204 13 0 1 20 1  0
11.2441 4773369 293.276 10 1534 83.9293 4 4772994 4773696 13 0 1 20 1  0
10.0261 4899762 301.041 12 2897 945.074 1 4899758 4899860 13 0 1 20 1  0
10.0388 5014058 308.064 1 0 0 1 5014058 5014059 13 0 1 20 1  0
10.0258 5017990 308.305 1 0 0 1 5017990 5017991 13 0 1 20 1  0
0 4978688 305.891 1 0 0 14 5018220 5018222 13 0 1 20 1  0
10.3978 5056767 310.688 3 3 0.059238 3 5056766 5056768 13 0 1 20 1  0
10.2238 5091708 312.835 3 0 0 4 5091708 5091713 13 0 1 20 1  0
10.5961 5057577 310.738 3 2 0.0394922 2 5056768 5056770 13 0 1 20 1  0
10.5544 5173619 317.867 4 1 0.0197462 1 5173618 5173620 13 0 1 20 1  0
10.1344 5058656 310.804 4 5 0.0987291 2 5058656 5058658 13 0 1 20 1  0
10.5511 4990024 306.587 5 5 0.0987291 2 4990018 4990027 13 0 1 20 1  0
10.1667 5062191 311.021 7 14 0.276446 1 5062187 5062194 13 0 1 20 1  0
12.2089 5121097 314.64 10 3200 1617.43 9 5120760 5121315 13 0 1 20 1  0
10.4684 5112252 314.097 9 3229 1702.78 1 5112221 5112272 13 0 1 20 1  0
10.2177 5105215 313.664 8 3251 1770.53 1 5105207 5105241 13 0 1 20 1  0
10.2308 5094668 313.016 9 3283 1873.9 1 5094635 5094690 13 0 1 20 1  0
11.6489 5090154 312.739 9 3296 1917.6 2 5089956 5090253 13 0 1 20 1  0
12.3198 5082644 312.278 9 3317 1990.36 9 5082502 5082835 13 0 1 20 1  0
11.7875 5242218 322.082 8 0 0 641 5242218 5242219 13 0 1 20 1  0
11.9333 5422196 333.14 8 0 0 1 5253758 5253766 13 0 1 20 1  0
12.2549 5422198 333.14 2 0 0 2 5253759 5253767 13 0 1 20 1  0
13.4351 5362649 329.481 3 1 0.0197462 11 5253758 5253763 13 0 1 20 1  0
16.0943 5303933 325.874 5 3 0.059238 52 5257546 5257579 13 0 1 20 1  0
13.5838 5447497 334.694 8 7 0.13822 20 5257524 5257678 13 0 1 20 1  0
12.9295 5312639 326.409 4 3 0.059238 3 5257565 5257568 13 0 1 20 1  0
13.0927 5313189 326.442 9 8 0.157966 75 5313031 5313379 13 0 1 20 1  0
12.0706 5257608 323.027 8 14 0.276446 21 5257533 5257658 13 0 1 20 1  0
0 5240832 321.997 10 432 9.36931 1 5379819 5379932 13 0 1 20 1  0
10.4527 5378901 330.48 11 713 18.0943 1 5378719 5379115 13 0 1 20 1  0
10.0411 5706760 350.623 2 0 0 1 5706760 5706761 13 0 1 20 1  0
10.8185 5716321 351.211 2 1 0.0197462 2 5575045 5575049 13 0 1 20 1  0
0 5502976 338.103 2 0 0 4124 5738324 5738325 13 0 1 20 1  0
11.0314 5742925 352.845 3 1 0.0197462 3 5565797 5565919 13 0 1 20 1  0
11.1904 5699256 350.162 4 1 0.0197462 4 5565796 5565923 13 0 1 20 1  0
10.523 5567759 342.083 5 0 0 1 5565806 5565945 13 0 1 20 1  0
25.1408 5565622 341.952 9 211 4.25852 7407 5565259 5567511 13 0 1 20 1  0
10.733 5744870 352.965 3 2 0.0394922 1 5509229 5509231 13 0 1 20 1  0
18.3057 5694538 349.872 12 211 4.25852 114 5565070 5567648 13 0 1 20 1  0
10.3374 5691572 349.69 3 1040 34.2286 1 5691572 5691573 13 0 1 20 1  0
11.8207 5691027 349.657 6 1361 61.5292 240 5560290 5560390 13 0 1 20 1  0
10.2735 5560087 341.612 5 1382 63.9006 1 5560087 5560089 13 0 1 20 1  0
12.056 5685314 349.306 6 1561 88.0804 25 5684988 5686078 13 0 1 20 1  0
12.198 5770244 354.524 8 0 0 1 5769224 5769227 13 0 1 20 1  0
0 5765120 354.209 8 0 0 73 5770082 5770083 13 0 1 20 1  0
11.6534 5770244 354.524 2 0 0 3 5770243 5770247 13 0 1 20 1  0
0 5765120 354.209 1 0 0 68 5788733 5788735 13 0 1 20 1  0
12.3086 6005755 368.994 3 1 0.0197462 3 5770241 5770245 13 0 1 20 1  0
10.3466 5855043 359.734 4 0 0 1 5855042 5855045 13 0 1 20 1  0
10.3762 5823431 357.792 7 180 3.6106 1 5823420 5823451 13 0 1 20 1  0
11.232 5845664 359.158 8 261 5.33123 33 5845627 5845719 13 0 1 20 1  0
10.31 5844376 359.078 8 704 17.7579 5 5844334 5844416 13 0 1 20 1  0
10.4219 5962496 366.336 12 2771 755.825 1 5961354 5963374 13 0 1 20 1  0
10.0841 6290260 386.474 8 0 0 1 6290260 6290261 13 0 1 20 1  0
10.1165 6429511 395.029 8 0 0 1 6417099 6417100 13 0 1 20 1  0
0 6289408 386.421 8 0 0 17 6417112 6417113 13 0 1 20 1  0
10.0458 6417626 394.299 1 0 0 1 6417626 6417627 13 0 1 20 1  0
10.6456 6429513 395.029 2 0 0 2 6330673 6330675 13 0 1 20 1  0
0 6289408 386.421 1 0 0 22 6429512 6429515 13 0 1 20 1  0
10.5239 6436801 395.477 3 0 0 1 6436801 6436803 13 0 1 20 1  0
10.0616 6442267 395.813 3 1 0.0197462 1 6442267 6442268 13 0 1 20 1  0
10.2444 6482535 398.287 5 2 0.0394922 2 6482534 6482538 13 0 1 20 1  0
10.7336 6478736 398.054 4 3 0.059238 1 6478736 6478742 13 0 1 20 1  0
10.1994 6457611 396.756 4 5 0.0987291 1 6330659 6330662 13 0 1 20 1  0
10.0717 6448888 396.22 8 1128 40.2834 1 6448830 6448905 13 0 1 20 1  0
10.2358 6557947 402.92 8 0 0 1 6557947 6557948 13 0 1 20 1  0
11.0672 6810992 418.467 8 0 0 1 6558820 6558824 13 0 1 20 1  0
0 6551552 402.527 8 0 0 836 6562831 6562832 13 0 1 20 1  0
12.274 6810986 418.467 3 3 0.059238 8 6555182 6555184 13 0 1 20 1  0
12.2043 6728490 413.398 3 1 0.0197462 2 6563944 6563947 13 0 1 20 1  0
10.2759 6569647 403.639 4 0 0 1 6569647 6569653 13 0 1 20 1  0
13.3439 6569000 403.599 8 479 10.6135 973 6568894 6569093 13 0 1 20 1  0
12.1724 6745887 414.467 3 2 0.0394922 3 6563293 6563298 13 0 1 20 1  0
10.4864 6555182 402.75 3 4 0.0789836 1 6555182 6555183 13 0 1 20 1  0
10.0898 6556161 402.811 4 4 0.0789836 2 6556161 6556162 13 0 1 20 1  0
12.3369 6719361 412.838 4 5 0.0987291 8 6556160 6556163 13 0 1 20 1  0
11.089 6684166 410.675 5 11 0.217204 2 6569760 6569763 13 0 1 20 1  0
0 6551552 402.527 4 573 13.332 23 6568776 6568781 13 0 1 20 1  0
10.8703 6566085 403.42 4 1131 40.5063 8 6566084 6566093 13 0 1 20 1  0
10.6667 6560776 403.094 5 1585 91.9395 1 6560593 6560862 13 0 1 20 1  0
10.3943 6560307 403.065 4 1614 96.8254 1 6560307 6560309 13 0 1 20 1  0
0 6551552 402.527 4 1614 96.8254 1 6560376 6560378 13 0 1 20 1  0
10.1511 6560182 403.058 5 1623 98.3932 1 6560181 6560183 13 0 1 20 1  0
13.3012 6813696 418.633 12 2352 359.465 7 6811706 6813698 13 0 1 20 1  0
11.2541 6753461 414.933 11 3118 1398.53 3 6752792 6754648 13 0 1 20 1  0
10.2658 6818469 418.927 8 0 0 1 6818469 6818470 13 0 1 20 1  0
12.973 6855666 421.212 8 0 0 1 6829074 6829075 13 0 1 20 1  0
0 6813696 418.633 8 0 0 357 6829379 6829381 13 0 1 20 1  0
10.1069 6829075 419.578 1 0 0 1 6829075 6829076 13 0 1 20 1  0
13.5973 6977168 428.677 1 0 0 1 6829379 6829381 13 0 1 20 1  0
14.2076 6941136 426.463 2 0 0 2 6829398 6829408 13 0 1 20 1  0
13.6236 6995900 429.828 3 0 0 1 6829398 6829406 13 0 1 20 1  0
14.2181 7008944 430.63 4 1 0.0197462 7 6829397 6829404 13 0 1 20 1  0
13.7387 7013789 430.927 5 3 0.059238 16 6833606 6833624 13 0 1 20 1  0
13.3938 6833661 419.86 7 2 0.0394922 70 6833603 6833691 13 0 1 20 1  0
12.8032 6966324 428.011 2 1 0.0197462 1 6829400 6829404 13 0 1 20 1  0
10.058 6962698 427.788 2 2 0.0394922 1 6941132 6941135 13 0 1 20 1  0
10.4124 6829397 419.598 3 4 0.0789836 3 6829397 6829398 13 0 1 20 1  0
10.2852 6924898 425.466 3 3 0.059238 1 6924898 6924899 13 0 1 20 1  0
10.3714 6966028 427.993 8 171 3.4246 2 6833325 6833377 13 0 1 20 1  0
11.9404 7076685 434.792 8 0 0 631 7076685 7076686 13 0 1 20 1  0
16.1835 7143939 438.924 7 1 0.0197462 471 7141319 7141349 13 0 1 20 1  0
13.0833 7144203 438.94 1 0 0 2 7079950 7079958 13 0 1 20 1  0
13.301 7144075 438.932 2 0 0 1 7079950 7079957 13 0 1 20 1  0
13.625 7142589 438.841 4 1 0.0197462 3 7141288 7141308 13 0 1 20 1  0
10.8052 7101896 436.34 3 2 0.0394922 2 7101896 7101897 13 0 1 20 1  0
10.2511 7249845 445.43 10 199 4.00631 2 7249824 7249873 13 0 1 20 1  0
10.6444 7239424 444.79 8 284 5.83814 5 7143389 7143421 13 0 1 20 1  0
15.2023 7310444 449.154 12 1347 59.9959 283 7203022 7205672 13 0 1 20 1  0
11.206 7312561 449.284 5 998 31.6415 35 7312543 7312579 13 0 1 20 1  0
0 7075840 434.74 5 971 30.0719 1 7312643 7312692 13 0 1 20 1  0
0 7075840 434.74 11 1329 58.0787 36 7309332 7312094 13 0 1 20 1  0
12.1983 7188148 441.64 12 2076 220.257 7 7185938 7192782 13 0 1 20 1  0
0 7075840 434.74 7 2027 201.902 2 7190745 7190748 13 0 1 20 1  0
10.1498 7188375 441.654 5 2082 222.616 1 7188373 7188376 13 0 1 20 1  0
12.9669 7126202 437.834 11 2882 920.266 6 7123518 7129420 13 0 1 20 1  0
12.9858 7546194 463.638 8 0 0 1 7352798 7352802 13 0 1 20 1  0
0 7337984 450.846 8 0 0 4300 7362892 7362898 13 0 1 20 1  0
14.6766 7543526 463.474 1 0 0 1 7352798 7352802 13 0 1 20 1  0
14.6865 7391207 454.116 2 0 0 4 7352798 7352802 13 0 1 20 1  0
15.3682 7515122 461.729 3 1 0.0197462 8 7352797 7352799 13 0 1 20 1  0
24.9083 7566176 464.866 11 330 6.88179 10134 7565109 7567696 13 0 1 20 1  0
12.9899 7509475 461.382 2 1 0.0197462 1 7352796 7352798 13 0 1 20 1  0
10.5432 7352795 451.756 2 2 0.0394922 1 7352795 7352796 13 0 1 20 1  0
10.8009 7571691 465.205 2 2 0.0394922 1 7362891 7362892 13 0 1 20 1  0
15.3918 7570729 465.146 4 2 0.0394922 6 7402940 7402946 13 0 1 20 1  0
12.3078 7411017 455.333 3 3 0.059238 2 7362889 7362892 13 0 1 20 1  0
10.2954 7550594 463.908 5 1850 147.416 1 7550594 7550596 13 0 1 20 1  0
11.6156 7861923 483.037 8 0 0 1 7600163 7600166 13 0 1 20 1  0
10.5771 7600165 466.954 2 0 0 465 7600165 7600166 13 0 1 20 1  0
12.9123 7861923 483.037 1 0 0 5 7600164 7600166 13 0 1 20 1  0
13.9675 7847850 482.172 4 2 0.0394922 9 7674139 7674154 13 0 1 20 1  0
20.1648 7723038 474.503 10 24 0.473963 2095 7722365 7723506 13 0 1 20 1  0
12.5571 7787619 478.471 3 2 0.0394922 1 7613278 7613280 13 0 1 20 1  0
10.6567 7859027 482.859 3 4 0.0789836 1 7716383 7716385 13 0 1 20 1  0
11.8148 7843144 481.883 6 6 0.118475 2 7722591 7722627 13 0 1 20 1  0
10.5475 7719544 474.289 8 1163 42.9558 1 7719426 7719592 13 0 1 20 1  0
11.6861 7862365 483.064 8 0 0 436 7862365 7862366 13 0 1 20 1  0
14.5447 8096745 497.464 8 0 0 1 7863488 7863489 13 0 1 20 1  0
16.0364 8096746 497.464 1 0 0 1 7863488 7863490 13 0 1 20 1  0
17.3728 8097179 497.491 2 0 0 4 7864838 7864840 13 0 1 20 1  0
18.1332 7888220 484.652 3 1 0.0197462 21 7869624 7869629 13 0 1 20 1  0
15.0085 7948287 488.343 7 3 0.059238 41 7948227 7948365 13 0 1 20 1  0
10.0175 8096808 497.468 2 3 0.059238 1 8096808 8096809 13 0 1 20 1  0
10.3715 7883346 484.353 3 4 0.0789836 1 7883346 7883347 13 0 1 20 1  0
12.113 8047374 494.431 3 4 0.0789836 3 7883975 7883979 13 0 1 20 1  0
10.5652 7883972 484.391 4 6 0.118475 2 7883970 7883974 13 0 1 20 1  0
12.4056 8126448 499.289 8 0 0 1 8126448 8126452 13 0 1 20 1  0
0 8124416 499.164 8 0 0 99 8137266 8137267 13 0 1 20 1  0
13.8622 8126450 499.289 2 0 0 3 8126448 8126452 13 0 1 20 1  0
0 8124416 499.164 1 0 0 157 8141270 8141274 13 0 1 20 1  0
13.8465 8339060 512.352 3 0 0 2 8126450 8126452 13 0 1 20 1  0
14.0117 8303029 510.138 4 0 0 11 8303022 8303042 13 0 1 20 1  0
11.6892 8156549 501.138 2 1 0.0197462 1 8126447 8126449 13 0 1 20 1  0
10.2393 8141267 500.199 2 2 0.0394922 1 8141267 8141268 13 0 1 20 1  0
10.0115 8176118 502.341 3 2 0.0394922 1 8176118 8176119 13 0 1 20 1  0
13.5601 8296552 509.74 12 792 21.2547 9 8180656 8181316 13 0 1 20 1  0
0 8124416 499.164 12 792 21.2547 1 8294854 8297352 13 0 1 20 1  0
13.8223 8513051 523.042 8 0 0 1 8407829 8407831 13 0 1 20 1  0
0 8386560 515.27 8 0 0 10043 8414375 8414379 13 0 1 20 1  0
12.8239 8407830 516.577 1 0 0 1 8407830 8407831 13 0 1 20 1  0
15.3735 8513055 523.042 3 0 0 5 8414377 8414379 13 0 1 20 1  0
14.6855 8576255 526.925 3 1 0.0197462 7 8429091 8429092 13 0 1 20 1  0
32.9899 8436328 518.328 10 141 2.81052 7209 8429666 8436982 13 0 1 20 1  0
13.636 8517735 523.33 2 1 0.0197462 1 8414374 8414377 13 0 1 20 1  0
10.1606 8414375 516.979 3 1 0.0197462 1 8414375 8414376 13 0 1 20 1  0
15.6214 8559747 525.911 4 1 0.0197462 8 8430904 8430912 13 0 1 20 1  0
11.5603 8607746 528.86 2 2 0.0394922 3 8414372 8414375 13 0 1 20 1  0
11.9983 8580851 527.207 3 3 0.059238 1 8414371 8414373 13 0 1 20 1  0
12.1637 8483563 521.23 3 4 0.0789836 2 8391677 8391680 13 0 1 20 1  0
10.1189 8391677 515.585 3 5 0.0987291 1 8391677 8391678 13 0 1 20 1  0
10.0197 8497750 522.102 3 8 0.157966 1 8497750 8497751 13 0 1 20 1  0
10.1463 8543274 524.899 3 8 0.157966 1 8543273 8543275 13 0 1 20 1  0
14.1 8451426 519.256 12 131 2.60765 1 8429602 8435892 13 0 1 20 1  0
11.2235 8430329 517.959 3 332 6.92815 10 8430324 8430350 13 0 1 20 1  0
10.2448 8429969 517.937 3 531 12.0762 19 8429969 8429970 13 0 1 20 1  0
10.166 8429818 517.928 3 640 15.4913 1 8429818 8429819 13 0 1 20 1  0
10.6909 8429467 517.906 3 753 19.6463 22 8429467 8429468 13 0 1 20 1  0
11.3957 8447723 519.028 8 1156 42.4085 50 8433004 8433406 13 0 1 20 1  0
10.0665 8427206 517.768 5 1113 39.1862 1 8427206 8427207 13 0 1 20 1  0
10.0355 8426657 517.734 5 1295 54.6173 1 8426657 8426658 13 0 1 20 1  0
10.5486 8650822 531.506 8 0 0 1 8650822 8650823 13 0 1 20 1  0
13.9172 8689157 533.862 8 0 0 1 8650917 8650918 13 0 1 20 1  0
0 8648704 531.376 8 0 0 531 8651861 8651862 13 0 1 20 1  0
10.0845 8650918 531.512 1 0 0 1 8650918 8650919 13 0 1 20 1  0
13.6304 8702128 534.659 1 0 0 1 8654753 8654758 13 0 1 20 1  0
14.3748 8708561 535.054 2 0 0 2 8654753 8654758 13 0 1 20 1  0
10.1889 8654755 531.748 3 0 0 2 8654755 8654756 13 0 1 20 1  0
14.8542 8744110 537.238 3 1 0.0197462 4 8654752 8654754 13 0 1 20 1  0
14.394 8885377 545.918 4 1 0.0197462 6 8744106 8744115 13 0 1 20 1  0
10.1486 8689156 533.862 1 1 0.0197462 1 8673737 8673739 13 0 1 20 1  0
13.0388 8676421 533.079 2 1 0.0197462 1 8654751 8654755 13 0 1 20 1  0
11.5936 8843239 543.329 8 2 0.0394922 3 8843185 8843298 13 0 1 20 1  0
11.0206 8838700 543.05 5 2 0.0394922 3 8838694 8838708 13 0 1 20 1  0
10.6189 8657820 531.936 3 4 0.0789836 3 8657820 8657821 13 0 1 20 1  0
10.7657 8679696 533.281 2 3 0.059238 1 8673734 8673736 13 0 1 20 1  0
13.1621 8859826 544.348 3 3 0.059238 2 8673734 8673737 13 0 1 20 1  0
11.0774 8839668 543.109 5 3 0.059238 4 8838694 8838702 13 0 1 20 1  0
11.1854 8719761 535.742 3 5 0.0987291 3 8663855 8663856 13 0 1 20 1  0
10.6839 8717480 535.602 4 6 0.118475 1 8716181 8716183 13 0 1 20 1  0
10.1402 8663852 532.307 4 8 0.157966 1 8663852 8663853 13 0 1 20 1  0
10.3382 8718128 535.642 4 8 0.157966 1 8716180 8716181 13 0 1 20 1  0
15.41 8844382 543.399 12 308 6.37739 7 8836700 8845596 13 0 1 20 1  0
10.3668 8840832 543.181 8 961 29.5083 1 8840762 8840895 13 0 1 20 1  0
10.5912 8648708 531.377 12 2974 1083.35 2 8648704 8649174 13 0 1 20 1  0
12.4725 8910684 547.472 12 3230 1705.81 2 8908978 8910850 13 0 1 20 1  0
12.0656 8971969 551.238 8 0 0 1 8911965 8911968 13 0 1 20 1  0
11.7331 9172939 563.585 8 0 0 1 8922405 8922408 13 0 1 20 1  0
0 8910848 547.482 8 0 0 4821 8923479 8923481 13 0 1 20 1  0
13.917 8962370 550.648 2 0 0 6 8922406 8922408 13 0 1 20 1  0
14.6946 8979667 551.711 4 0 0 9 8979660 8979682 13 0 1 20 1  0
66.5107 9122948 560.514 12 156 3.11648 8927 9115570 9129840 13 0 1 20 1  0
10.1825 8911964 547.551 2 1 0.0197462 1 8911964 8911965 13 0 1 20 1  0
10.5184 8925016 548.353 3 1 0.0197462 1 8925016 8925017 13 0 1 20 1  0
10.3563 8933475 548.873 3 3 0.059238 2 8933475 8933476 13 0 1 20 1  0
13.7201 9130429 560.974 4 3 0.059238 2 8979656 8979673 13 0 1 20 1  0
11.0553 9130183 560.958 4 5 0.0987291 1 8979657 8979665 13 0 1 20 1  0
10.8359 9118411 560.235 4 7 0.13822 1 8979654 8979659 13 0 1 20 1  0
0 8910848 547.482 8 1317 56.8336 9514 9121069 9121136 13 0 1 20 1  0
10.513 9107082 559.539 3 1967 181.491 8 9106420 9106422 13 0 1 20 1  0
10.1781 9106425 559.499 3 1862 150.595 3 9106425 9106426 13 0 1 20 1  0
10.4296 9111479 559.809 2 1889 158 1 9107155 9107157 13 0 1 20 1  0
11.3028 9112137 559.85 3 1889 158 1 9105694 9105696 13 0 1 20 1  0
10.3416 9104938 559.407 3 1896 159.978 4 9104938 9104939 13 0 1 20 1  0
10.4843 9113579 559.938 5 1898 160.548 1 9105246 9113389 13 0 1 20 1  0
10.1259 9111119 559.787 2 1904 162.27 1 9107048 9107058 13 0 1 20 1  0
10.3312 9110884 559.773 2 1906 162.847 2 9107048 9107057 13 0 1 20 1  0
11.2924 9111975 559.84 3 1917 166.062 1 9106053 9106057 13 0 1 20 1  0
10.2008 9104857 559.402 3 1937 172.071 3 9104857 9104858 13 0 1 20 1  0
10.5186 9104748 559.396 3 1919 166.654 4 9104748 9104749 13 0 1 20 1  0
10.4327 9110776 559.766 2 1921 167.247 1 9106768 9106770 13 0 1 20 1  0
10.1798 9103812 559.338 5 1923 167.843 9 9103812 9103813 13 0 1 20 1  0
10.159 9110500 559.749 2 1937 172.071 1 9107583 9107585 13 0 1 20 1  0
10.3406 9103159 559.298 4 2058 213.329 1 9103159 9103160 13 0 1 20 1  0
10.1952 9089246 558.443 12 2361 365.251 3 9088762 9089762 13 0 1 20 1  0
10.2831 9447435 580.45 1 0 0 2 9447435 9447439 13 0 1 20 1  0
0 9435136 579.695 1 0 0 29 9453358 9453371 13 0 1 20 1  0
10.5188 9493766 583.297 3 1 0.0197462 1 9453359 9453366 13 0 1 20 1  0
10.7783 9453361 580.814 4 1 0.0197462 4 9453359 9453367 13 0 1 20 1  0
10.0903 9437432 579.836 3 3 0.059238 1 9437432 9437433 13 0 1 20 1  0
11.2997 9458901 581.155 5 3 0.059238 2 9449531 9449546 13 0 1 20 1  0
11.2382 9662822 593.684 12 2782 770.715 3 9661412 9664840 13 0 1 20 1  0
10.0467 9661108 593.578 8 2803 799.959 1 9661108 9661110 13 0 1 20 1  0
10.5484 9633906 591.907 12 2910 967.115 4 9632274 9636024 13 0 1 20 1  0
0 9435136 579.695 9 2906 960.279 1 9635849 9635887 13 0 1 20 1  0
14.942 9759584 599.629 9 11 0.217204 563 9759370 9760781 13 0 1 20 1  0
0 9697280 595.801 8 0 0 29 9760689 9760812 13 0 1 20 1  0
10.4346 9756754 599.455 4 1141 41.2574 2 9756579 9756851 13 0 1 20 1  0
10.5402 10221268 627.995 6 2350 358.192 1 10221256 10221275 13 0 1 20 1  0
10.4613 9972168 612.69 12 2772 757.167 1 9971408 9973376 13 0 1 20 1  0
15.6514 10206782 627.105 12 2911 968.832 46 10202470 10210904 13 0 1 20 1  0
0 9959424 611.907 7 2895 941.728 13 10208161 10209615 13 0 1 20 1  0
10.5236 10316748 633.861 10 639 15.4576 7 10316645 10316905 13 0 1 20 1  0
10.4935 10280063 631.607 10 2353 360.104 2 10279835 10280675 13 0 1 20 1  0
11.3418 10484053 644.14 8 0 0 652 10484053 10484054 13 0 1 20 1  0
12.6628 10737608 659.719 8 0 0 1 10484310 10484333 13 0 1 20 1  0
13.2278 10700260 657.424 1 0 0 2 10484310 10484334 13 0 1 20 1  0
12.6334 10667501 655.411 3 0 0 4 10484312 10484332 13 0 1 20 1  0
14.9172 10663072 655.139 6 0 0 11 10568882 10568943 13 0 1 20 1  0
14.5752 10658849 654.88 5 0 0 6 10484311 10484330 13 0 1 20 1  0
17.1811 10568924 649.355 7 5 0.0987291 398 10568851 10569002 13 0 1 20 1  0
12.3224 10706112 657.784 2 1 0.0197462 1 10484309 10484330 13 0 1 20 1  0
10.6773 10687113 656.616 2 2 0.0394922 1 10484308 10484328 13 0 1 20 1  0
10.479 10574162 649.677 9 19 0.375194 2 10574145 10574176 13 0 1 20 1  0
11.3977 10576603 649.826 5 5 0.0987291 2 10484306 10484317 13 0 1 20 1  0
10.6439 10573881 649.659 10 246 5.00544 2 10573722 10573994 13 0 1 20 1  0
11.2073 10745842 660.224 12 3234 1717.95 1 10745004 10745858 13 0 1 20 1  0
10.1216 10771416 661.796 1 0 0 1 10771416 10771419 13 0 1 20 1  0
0 10745856 660.225 1 0 0 4 10772648 10772650 13 0 1 20 1  0
12.9314 10989802 675.213 7 10 0.197458 41 10989774 10989834 13 0 1 20 1  0
25.5068 10959732 673.366 12 85 1.68372 490 10841180 10849798 13 0 1 20 1  0
0 10745856 660.225 12 23 0.454207 1160 10989366 10991224 13 0 1 20 1  0
28.2464 10990054 675.229 12 47 0.928807 64 10834962 10850228 13 0 1 20 1  0
22.9344 10847474 666.469 12 78 1.54421 371 10840532 10850060 13 0 1 20 1  0
15.7431 10871530 667.947 12 73 1.4447 2 10842526 10848460 13 0 1 20 1  0
19.3849 10989632 675.203 12 632 15.2226 54 10841638 10847452 13 0 1 20 1  0
10.412 10845198 666.329 5 858 24.2124 1 10845190 10845210 13 0 1 20 1  0
10.3689 10842820 666.183 6 872 24.881 3 10842815 10842867 13 0 1 20 1  0
18.6518 10989322 675.184 12 1329 58.0787 165 10840034 10843366 13 0 1 20 1  0
15.7027 10952610 672.928 12 2159 255.223 24 10836778 10842004 13 0 1 20 1  0
0 10745856 660.225 12 2133 243.712 101 10951230 10955374 13 0 1 20 1  0
17.885 10982378 674.757 12 2187 268.228 41 10834176 10842110 13 0 1 20 1  0
13.5966 10838434 665.913 12 2196 272.547 14 10834822 10840846 13 0 1 20 1  0
13.0405 11139028 684.382 12 515 11.6158 5 11138350 11140688 13 0 1 20 1  0
10.2642 11144708 684.731 10 764 20.0901 2 11144619 11144766 13 0 1 20 1  0
10.2963 11143942 684.684 6 1167 43.2716 2 11143918 11144037 13 0 1 20 1  0
11.0719 11144214 684.701 4 1166 43.1925 3 11143856 11143861 13 0 1 20 1  0
0 11008000 676.331 4 1166 43.1925 3 11143917 11143953 13 0 1 20 1  0
10.27 11107876 682.468 12 2190 269.66 1 11106982 11108524 13 0 1 20 1  0
10.8076 11106568 682.388 7 2253 301.558 3 11104732 11104744 13 0 1 20 1  0
10.0379 11105605 682.328 7 2251 300.49 1 11105605 11105606 13 0 1 20 1  0
10.7688 11108524 682.508 6 2256 303.168 3 11105798 11105812 13 0 1 20 1  0
0 11008000 676.331 7 2253 301.558 8 11106485 11106840 13 0 1 20 1  0
14.5442 11270142 692.438 12 2569 528.239 15 11221296 11226352 13 0 1 20 1  0
0 11008000 676.331 12 2569 528.239 5 11267800 11270146 13 0 1 20 1  0
10.1767 11268765 692.353 6 2580 538.647 1 11268764 11268767 13 0 1 20 1  0
10.3081 11223520 689.573 12 2583 541.52 1 11222620 11224082 13 0 1 20 1  0
10.7366 11224950 689.661 7 2585 543.445 1 11224928 11224975 13 0 1 20 1  0
11.7125 11270130 692.437 12 3176 1550.04 3 11268998 11270146 13 0 1 20 1  0
11.1314 11238364 690.485 12 3272 1837.7 1 11172814 11174246 13 0 1 20 1  0
0 11008000 676.331 12 3272 1837.7 1 11237424 11240232 13 0 1 20 1  0
10.3389 11401454 700.505 7 8 0.157966 1 11401446 11401461 13 0 1 20 1  0
10.2092 11487358 705.783 12 331 6.90496 1 11487164 11487438 13 0 1 20 1  0
16.4759 11655460 716.111 12 420 9.0624 113 11639186 11669092 13 0 1 20 1  0
0 11532288 708.544 12 207 4.17424 32 11655068 11656234 13 0 1 20 1  0
14.2795 11639700 715.143 12 506 11.361 53 11638578 11656596 13 0 1 20 1  0
10.001 11654547 716.055 10 758 19.8471 1 11654546 11654548 13 0 1 20 1  0
10.0681 11630081 714.552 4 2286 319.743 1 11630081 11630082 13 0 1 20 1  0
13.1706 11627515 714.394 7 2354 360.743 203 11624887 11631191 13 0 1 20 1  0
10.3297 11629815 714.536 3 2294 324.314 1 11629814 11629816 13 0 1 20 1  0
0 11532288 708.544 3 2301 328.367 577 11628331 11628332 13 0 1 20 1  0
11.072 11628883 714.479 3 2310 333.653 2 11628275 11628281 13 0 1 20 1  0
10.26 11625819 714.29 3 2334 348.167 2 11625819 11625820 13 0 1 20 1  0
10.1247 11625077 714.245 4 2349 357.557 6 11625077 11625078 13 0 1 20 1  0
10.8937 11628775 714.472 3 2347 356.291 1 11626611 11626613 13 0 1 20 1  0
10.0897 11625589 714.276 6 2394 387.273 2 11625589 11625610 13 0 1 20 1  0
10.4954 11629529 714.518 5 2354 360.743 1 11625567 11625597 13 0 1 20 1  0
12.476 11623082 714.122 11 3245 1751.79 11 11621470 11624564 13 0 1 20 1  0
53.7644 12153666 746.721 12 284 5.83814 3163 12149686 12161202 13 0 1 20 1  0
0 12056576 740.756 6 0 0 382 12152988 12153042 13 0 1 20 1  0
10.0176 12148805 746.423 3 1022 33.0974 1 12148805 12148806 13 0 1 20 1  0
10.6637 12210596 750.219 3 1024 33.2214 4 12148908 12149434 13 0 1 20 1  0
0 12056576 740.756 3 1022 33.0974 48 12148918 12150470 13 0 1 20 1  0
0 12056576 740.756 12 1120 39.6948 1 12209572 12210032 13 0 1 20 1  0
20.5962 12187694 748.812 12 3037 1211.41 14 12181128 12192938 13 0 1 20 1  0
0 12056576 740.756 9 3036 1209.26 2 12186247 12190901 13 0 1 20 1  0
10.6099 12365002 759.706 2 0 0 1 12350486 12350489 13 0 1 20 1  0
0 12318720 756.862 2 0 0 14 12359033 12359037 13 0 1 20 1  0
10.298 12359035 759.339 3 0 0 1 12359034 12359036 13 0 1 20 1  0
10.2216 12361894 759.515 5 0 0 4 12361889 12361896 13 0 1 20 1  0
10.7285 12319548 756.913 11 279 5.72715 2 12318720 12319858 13 0 1 20 1  0
11.8531 12382500 760.781 6 2007 194.857 53 12380244 12380857 13 0 1 20 1  0
0 12318720 756.862 5 1920 166.95 14 12383827 12383832 13 0 1 20 1  0
10.35 12381463 760.717 5 2024 200.83 1 12381443 12381467 13 0 1 20 1  0
12.5304 12366129 759.775 7 2684 647.756 33 12364102 12364819 13 0 1 20 1  0
0 12318720 756.862 7 2659 619.663 10 12366074 12368105 13 0 1 20 1  0
10.0306 12990766 798.153 8 0 0 1 12990766 12990767 13 0 1 20 1  0
10.0462 12994203 798.364 8 0 0 1 12992856 12992858 13 0 1 20 1  0
0 12843008 789.074 8 0 0 8 12993003 12993004 13 0 1 20 1  0
10.3452 12994204 798.364 1 0 0 1 12920893 12920895 13 0 1 20 1  0
0 12843008 789.074 1 0 0 35 12954513 12954514 13 0 1 20 1  0
10.0964 12920893 793.86 2 0 0 1 12920893 12920894 13 0 1 20 1  0
10.6502 12996160 798.484 2 0 0 1 12957293 12957305 13 0 1 20 1  0
11.0781 12957294 796.096 4 2 0.0394922 6 12957292 12957299 13 0 1 20 1  0
12.8266 13076645 803.429 7 0 0 27 13076594 13076682 13 0 1 20 1  0
12.5087 13091039 804.313 9 550 12.6356 116 13090863 13091169 13 0 1 20 1  0
0 12843008 789.074 9 411 8.83492 892 13091123 13091337 13 0 1 20 1  0
11.8141 13083449 803.847 11 411 8.83492 2 13083202 13083628 13 0 1 20 1  0
14.7677 13099102 804.809 10 720 18.3591 704 13090250 13090804 13 0 1 20 1  0
10.4948 13090012 804.25 5 839 23.3288 1 13090009 13090015 13 0 1 20 1  0
10.235 13089713 804.232 4 902 26.366 2 13089713 13089714 13 0 1 20 1  0
10.0773 13089593 804.225 4 974 30.2429 2 13089593 13089595 13 0 1 20 1  0
14.835 13082220 803.772 6 1264 51.6347 396 12854738 12855337 13 0 1 20 1  0
10.1205 12854872 789.803 4 1283 53.4436 1 12854872 12854873 13 0 1 20 1  0
10.1409 13081284 803.714 4 1382 63.9006 1 13081284 13081285 13 0 1 20 1  0
10.2957 13081748 803.743 3 1390 64.8271 1 13081748 13081749 13 0 1 20 1  0
10.4113 13081784 803.745 3 1390 64.8271 1 13081783 13081786 13 0 1 20 1  0
14.1979 12900582 792.612 12 1655 104.173 15 12898630 12902324 13 0 1 20 1  0
0 12843008 789.074 12 1655 104.173 2 12916856 12917866 13 0 1 20 1  0
18.3046 12893292 792.164 12 2216 282.394 120 12884696 12896620 13 0 1 20 1  0
0 12843008 789.074 12 2120 238.153 218 13058858 13058938 13 0 1 20 1  0
21.5167 13105152 805.18 12 2176 263.042 55 12885728 12896788 13 0 1 20 1  0
12.7655 12843008 789.074 12 2502 469.05 9 12843008 12844908 13 0 1 20 1  0
10.3445 13091440 804.338 10 2746 723.046 1 13091232 13091782 13 0 1 20 1  0
10.5383 13057816 802.272 7 2871 902.487 5 13057773 13057826 13 0 1 20 1  0
0 12843008 789.074 8 2871 902.487 1 13059894 13059935 13 0 1 20 1  0
10.2358 13130436 806.734 8 0 0 1 13130436 13130437 13 0 1 20 1  0
10.6398 13266375 815.086 8 0 0 1 13136377 13136388 13 0 1 20 1  0
0 13105152 805.18 8 0 0 2419 13136663 13136665 13 0 1 20 1  0
10.358 13267704 815.168 1 0 0 1 13209873 13209877 13 0 1 20 1  0
12.0029 13268099 815.192 5 0 0 6 13268086 13268116 13 0 1 20 1  0
23.6062 13347478 820.069 10 272 5.57252 2837 13298798 13301112 13 0 1 20 1  0
15.9542 13301252 817.229 12 856 24.1181 262 13299062 13302066 13 0 1 20 1  0
10.0043 13300482 817.182 8 477 10.5591 1 13300482 13300483 13 0 1 20 1  0
10.0597 13337965 819.485 3 938 28.2469 1 13337965 13337966 13 0 1 20 1  0
10.0028 13299712 817.134 12 1375 63.1005 1 13299708 13299718 13 0 1 20 1  0
11.4654 13339280 819.565 7 1479 76.0589 16 13338999 13339476 13 0 1 20 1  0
0 13105152 805.18 4 1473 75.2454 8 13339102 13339114 13 0 1 20 1  0
19.2512 13114024 805.726 12 1795 133.676 6935 13110666 13117136 13 0 1 20 1  0
10.6414 13335330 819.323 6 1664 105.859 1 13335093 13335345 13 0 1 20 1  0
10.0607 13334942 819.299 3 1673 107.571 1 13334942 13334943 13 0 1 20 1  0
10.5174 13113488 805.693 4 1705 113.884 1 13113486 13113492 13 0 1 20 1  0
10.0925 13112602 805.638 4 1761 125.827 11 13112602 13112603 13 0 1 20 1  0
11.9509 13333497 819.21 7 1779 129.924 32 13112124 13115923 13 0 1 20 1  0
10.2746 13113314 805.682 4 1773 128.544 7 13113311 13113316 13 0 1 20 1  0
10.2883 13112864 805.654 4 1896 159.978 2 13112864 13112865 13 0 1 20 1  0
10.5646 13115610 805.823 5 1779 129.924 1 13115606 13115614 13 0 1 20 1  0
18.0934 13353488 820.438 12 1990 189.061 2268 13348310 13357476 13 0 1 20 1  0
10.0394 13332060 819.122 3 1840 144.817 1 13332060 13332061 13 0 1 20 1  0
10.3287 13356420 820.618 3 1840 144.817 1 13332151 13332152 13 0 1 20 1  0
10.0384 13332155 819.128 4 1840 144.817 1 13332155 13332156 13 0 1 20 1  0
11.2732 13356302 820.611 3 1844 145.851 2 13113202 13113204 13 0 1 20 1  0
11.2057 13356096 820.599 3 1868 152.21 3 13113887 13113890 13 0 1 20 1  0
10.4416 13355980 820.591 3 1855 148.732 1 13114106 13114109 13 0 1 20 1  0
10.8253 13355762 820.578 3 1856 148.997 1 13114630 13114632 13 0 1 20 1  0
10.0042 13331856 819.109 8 1857 149.262 1 13331856 13331857 13 0 1 20 1  0
10.0811 13114324 805.744 4 1858 149.528 1 13114324 13114325 13 0 1 20 1  0
10.045 13114092 805.73 5 1859 149.794 2 13114092 13114093 13 0 1 20 1  0
10.0108 13331609 819.094 3 1860 150.06 1 13331609 13331610 13 0 1 20 1  0
10.1561 13113872 805.716 3 1875 154.116 1 13113872 13113873 13 0 1 20 1  0
10.0709 13112814 805.651 4 1894 159.411 1 13112814 13112815 13 0 1 20 1  0
10.0017 13113935 805.72 4 1912 164.593 1 13113935 13113936 13 0 1 20 1  0
10.3727 13351588 820.322 3 2005 194.166 3 13351588 13351589 13 0 1 20 1  0
10.0252 13349424 820.189 4 1978 185.073 1 13349424 13349425 13 0 1 20 1  0
10.1543 13348292 820.119 4 2039 206.251 3 13348292 13348293 13 0 1 20 1  0
10.1177 13348153 820.11 5 2053 211.443 2 13348153 13348154 13 0 1 20 1  0
10.0413 13347987 820.1 4 2066 216.381 1 13347987 13347988 13 0 1 20 1  0
10.0304 13271545 815.404 5 2083 223.012 1 13271545 13271546 13 0 1 20 1  0
10.0416 13272581 815.467 6 2091 226.202 1 13272581 13272582 13 0 1 20 1  0
10.0313 13319531 818.352 7 2113 235.211 2 13319531 13319532 13 0 1 20 1  0
10.783 13269090 815.253 12 2157 254.319 7 13267846 13271170 13 0 1 20 1  0
10.4793 13316749 818.181 5 2158 254.771 1 13269807 13269812 13 0 1 20 1  0
10.3486 13317226 818.21 5 2167 258.873 1 13317223 13317228 13 0 1 20 1  0
11.2031 13315992 818.135 11 2194 271.581 1 13267111 13269561 13 0 1 20 1  0
10.8247 13316174 818.146 5 2196 272.547 1 13316171 13316182 13 0 1 20 1  0
10.9439 13315163 818.084 5 2219 283.901 4 13314797 13314803 13 0 1 20 1  0
14.928 13367247 821.284 7 2294 324.314 191 13261332 13261343 13 0 1 20 1  0
12.8944 13286022 816.293 9 2641 600.193 91 13282538 13288731 13 0 1 20 1  0
10.6161 13302857 817.328 5 2401 392.112 2 13302070 13302083 13 0 1 20 1  0
10.7385 13304449 817.425 5 2398 390.03 1 13302203 13302208 13 0 1 20 1  0
10.0614 13305331 817.479 4 2401 392.112 1 13305331 13305332 13 0 1 20 1  0
10.0303 13302690 817.317 4 2417 403.401 1 13302690 13302692 13 0 1 20 1  0
10.1406 13290444 816.565 5 2577 535.788 1 13290444 13290445 13 0 1 20 1  0
10.472 13291457 816.627 5 2577 535.788 1 13291256 13291260 13 0 1 20 1  0
10.7668 13293363 816.744 6 2577 535.788 1 13290432 13290453 13 0 1 20 1  0
10.373 13284478 816.198 5 2652 612.017 1 13284471 13284484 13 0 1 20 1  0
10.003 13351989 820.346 8 2798 792.897 1 13351989 13351990 13 0 1 20 1  0
11.2046 13286653 816.332 8 2946 1030.87 6 13286005 13288211 13 0 1 20 1  0
0 13105152 805.18 8 2946 1030.87 48 13323843 13324739 13 0 1 20 1  0
15.3196 13320858 818.433 12 2971 1077.6 77 13283014 13289542 13 0 1 20 1  0
11.1439 13270042 815.311 8 3139 1451.6 2 13269973 13270070 13 0 1 20 1  0
11.6295 13251826 814.192 12 3295 1914.21 3 13249288 13254510 13 0 1 20 1  0
10.3779 13451885 826.484 8 18 0.355443 1 13451866 13451998 13 0 1 20 1  0
10.2284 13451250 826.445 12 75 1.48449 1 13450192 13452160 13 0 1 20 1  0
10.1201 13453609 826.59 11 363 7.65818 1 13453568 13453653 13 0 1 20 1  0
13.5845 13447772 826.231 12 2013 196.944 132 13444450 13450608 13 0 1 20 1  0
10.4255 13448572 826.28 4 1983 186.724 2 13447663 13447671 13 0 1 20 1  0
10.1807 13448928 826.302 3 1937 172.071 1 13448928 13448929 13 0 1 20 1  0
10.1165 13448110 826.252 3 1994 190.409 2 13448108 13448111 13 0 1 20 1  0
10.0744 13448388 826.269 2 1976 184.417 1 13448388 13448389 13 0 1 20 1  0
10.1762 13447951 826.242 3 1979 185.402 1 13447951 13447952 13 0 1 20 1  0
10.07 13448321 826.265 3 1979 185.402 1 13448321 13448322 13 0 1 20 1  0
0 13367296 821.287 3 1979 185.402 409 13448627 13448628 13 0 1 20 1  0
10.9223 13446731 826.167 3 2071 218.31 7 13445807 13445811 13 0 1 20 1  0
11.0562 13447616 826.221 3 1988 188.39 7 13446849 13446854 13 0 1 20 1  0
10.7135 13447010 826.184 3 2076 220.257 8 13446185 13446186 13 0 1 20 1  0
10.5959 13448212 826.258 2 1989 188.725 1 13447592 13447594 13 0 1 20 1  0
10.0865 13448468 826.274 4 1991 189.397 3 13448468 13448469 13 0 1 20 1  0
10.173 13449195 826.318 4 1991 189.397 1 13449194 13449197 13 0 1 20 1  0
10.4202 13446880 826.176 5 2081 222.221 2 13446320 13446323 13 0 1 20 1  0
10.0428 13446245 826.137 4 2071 218.31 1 13446245 13446246 13 0 1 20 1  0
10.4678 13447881 826.238 3 2075 219.866 1 13446195 13446199 13 0 1 20 1  0
10.4743 13446194 826.134 4 2075 219.866 3 13446188 13446196 13 0 1 20 1  0
10.15 13445976 826.121 3 2076 220.257 1 13445976 13445977 13 0 1 20 1  0
10.503 13445937 826.118 3 2151 251.625 1 13444587 13444590 13 0 1 20 1  0
15.5969 13759584 845.389 12 449 9.81138 11 13758438 13762482 13 0 1 20 1  0
0 13629440 837.393 12 245 4.98385 28 13888978 13889286 13 0 1 20 1  0
10.6269 13867063 851.992 10 391 8.33735 3 13866980 13867126 13 0 1 20 1  0
16.7517 13889072 853.345 12 450 9.83766 73 13758428 13762548 13 0 1 20 1  0
11.1272 13854876 851.244 10 826 22.7395 12 13854702 13855122 13 0 1 20 1  0
10.348 13855024 851.253 3 753 19.6463 1 13855023 13855025 13 0 1 20 1  0
0 13629440 837.393 10 786 21.0008 6 13890025 13890127 13 0 1 20 1  0
10.0119 13866567 851.962 10 851 23.8837 1 13866542 13866573 13 0 1 20 1  0
11.1413 13889537 853.373 4 963 29.6203 5 13889414 13889589 13 0 1 20 1  0
0 13629440 837.393 5 931 27.8724 437 13889668 13889670 13 0 1 20 1  0
10.3238 13866340 851.948 4 1004 32 1 13866338 13866342 13 0 1 20 1  0
13.1133 13853946 851.186 4 1232 48.7195 173 13758373 13758420 13 0 1 20 1  0
10.0876 13759206 845.366 3 1175 43.9097 1 13759206 13759207 13 0 1 20 1  0
10.2719 13759016 845.354 4 1206 46.4668 2 13759016 13759017 13 0 1 20 1  0
10.4531 13759361 845.375 3 1211 46.8922 1 13759358 13759362 13 0 1 20 1  0
10.2608 13854314 851.209 3 1223 47.9282 2 13853994 13853998 13 0 1 20 1  0
10.1856 13758754 845.338 3 1235 48.986 2 13758754 13758755 13 0 1 20 1  0
10.0223 13887789 853.266 3 1227 48.2784 1 13887789 13887790 13 0 1 20 1  0
10.0542 13758417 845.317 5 1230 48.5426 1 13758417 13758418 13 0 1 20 1  0
10.4091 13865737 851.911 3 1234 48.897 1 13758757 13758762 13 0 1 20 1  0
10.0468 13758932 845.349 12 1247 50.0659 1 13758688 13759046 13 0 1 20 1  0
10.1359 13759457 845.381 4 1257 50.9831 1 13759457 13759458 13 0 1 20 1  0
10.0513 13865765 851.913 3 1265 51.7284 1 13865765 13865766 13 0 1 20 1  0
10.1327 13852368 851.089 4 1381 63.7857 2 13852368 13852369 13 0 1 20 1  0
10.247 13759283 845.37 4 1298 54.9145 1 13759283 13759284 13 0 1 20 1  0
10.5122 13852907 851.123 3 1367 62.1979 1 13852905 13852911 13 0 1 20 1  0
10.1379 13852873 851.12 3 1380 63.671 1 13852872 13852874 13 0 1 20 1  0
10.288 13852742 851.112 4 1381 63.7857 1 13852733 13852744 13 0 1 20 1  0
10.8406 13851603 851.042 3 1417 68.0515 8 13851593 13851607 13 0 1 20 1  0
10.0824 13851550 851.039 3 1416 67.9294 2 13851550 13851551 13 0 1 20 1  0
10.4873 13853307 851.147 3 1416 67.9294 2 13851910 13851911 13 0 1 20 1  0
10.0034 13851190 851.017 3 1418 68.1739 1 13851190 13851191 13 0 1 20 1  0
10.2548 13849970 850.942 2 1599 94.2671 1 13849970 13849971 13 0 1 20 1  0
10.339 13851452 851.033 2 1599 94.2671 1 13850193 13850194 13 0 1 20 1  0
14.4409 13859484 851.527 12 2112 234.794 33 13857238 13861896 13 0 1 20 1  0
11.1347 13837437 850.172 6 2501 468.219 13 13836668 13837162 13 0 1 20 1  0
0 13629440 837.393 6 2501 468.219 5 13837390 13837458 13 0 1 20 1  0
10.0156 13877828 852.654 12 2617 575.181 1 13877802 13878074 13 0 1 20 1  0
11.0289 14082635 865.237 8 0 0 1 13908159 13908163 13 0 1 20 1  0
0 13891584 853.499 8 0 0 46 13909584 13909589 13 0 1 20 1  0
10.0373 14081314 865.156 2 0 0 1 14081314 14081315 13 0 1 20 1  0
10.3785 14081048 865.14 5 10 0.197458 1 14066349 14066357 13 0 1 20 1  0
10.3051 14076135 864.838 6 10 0.197458 2 14076133 14076139 13 0 1 20 1  0
10.3304 13979798 858.919 7 15 0.296194 1 13979792 13979806 13 0 1 20 1  0
10.5925 13980281 858.948 11 203 4.09018 1 13980197 13980333 13 0 1 20 1  0
10.101 13899466 853.983 7 258 5.26578 2 13899461 13899471 13 0 1 20 1  0
10.9902 13898909 853.949 10 614 14.6291 6 13898706 13899077 13 0 1 20 1  0
11.131 13956778 857.504 10 603 14.2738 7 13898736 13899090 13 0 1 20 1  0
0 13891584 853.499 10 601 14.2098 6 13956738 13956937 13 0 1 20 1  0
10.0053 13955762 857.442 3 1079 36.8007 1 13955762 13955763 13 0 1 20 1  0
10.102 13896836 853.822 4 1207 46.5516 1 13896836 13896837 13 0 1 20 1  0
10.4583 13955558 857.429 4 1207 46.5516 1 13955553 13955561 13 0 1 20 1  0
10.0132 13897150 853.841 3 1212 46.9777 1 13897150 13897151 13 0 1 20 1  0
11.7779 13955351 857.417 4 1220 47.6672 5 13897078 13897128 13 0 1 20 1  0
0 13891584 853.499 4 1220 47.6672 16 13897232 13897237 13 0 1 20 1  0
10.5236 13897200 853.844 3 1234 48.897 1 13897200 13897203 13 0 1 20 1  0
10.4684 13897029 853.833 3 1294 54.5185 1 13897028 13897031 13 0 1 20 1  0
10.0636 13954860 857.387 3 1298 54.9145 1 13954860 13954861 13 0 1 20 1  0
10.1324 13897090 853.837 3 1359 61.3079 1 13897090 13897091 13 0 1 20 1  0
10.2115 13896960 853.829 3 1389 64.7106 1 13896960 13896961 13 0 1 20 1  0
10.46 13896815 853.82 4 1428 69.4095 1 13896809 13896817 13 0 1 20 1  0
10.0175 13947718 856.948 3 1441 71.0484 1 13947718 13947719 13 0 1 20 1  0
10.6576 13896727 853.815 4 1446 71.6888 1 13896723 13896731 13 0 1 20 1  0
10.2495 13896320 853.79 3 1493 77.9907 4 13896320 13896322 13 0 1 20 1  0
0 13891584 853.499 3 1493 77.9907 12 13922168 13922172 13 0 1 20 1  0
10.1207 13896222 853.784 4 1514 80.979 1 13896222 13896223 13 0 1 20 1  0
10.7559 13895482 853.738 5 1593 93.2625 4 13895468 13895510 13 0 1 20 1  0
10.3159 13896129 853.778 4 1588 92.4334 1 13895855 13895857 13 0 1 20 1  0
11.4951 13894740 853.693 6 1738 120.779 13 13893936 13894879 13 0 1 20 1  0
10.0498 13894244 853.662 5 1725 118.014 1 13894243 13894245 13 0 1 20 1  0
18.4189 13891605 853.5 7 2172 261.181 3823 13891584 13893670 13 0 1 20 1  0
12.0939 13893307 853.605 4 1959 178.93 1 13891585 13891775 13 0 1 20 1  0
11.5355 13893082 853.591 4 1986 187.722 1 13891592 13891622 13 0 1 20 1  0
11.7579 13940539 856.507 4 2184 266.803 4 13891604 13891720 13 0 1 20 1  0
18.2311 13937191 856.301 7 2374 373.773 1123 13934162 13939021 13 0 1 20 1  0
10.8759 13940034 856.476 4 2173 261.645 3 13891602 13891675 13 0 1 20 1  0
10.0479 13940932 856.531 3 2174 262.11 1 13940932 13940933 13 0 1 20 1  0
11.0155 13940646 856.513 4 2206 277.427 1 13891851 13891852 13 0 1 20 1  0
17.3213 13924450 855.518 11 2678 640.9 259 13891584 13892056 13 0 1 20 1  0
18.269 14153555 869.594 9 2963 1062.42 179 13904384 13910651 13 0 1 20 1  0
13.887 13905304 854.342 11 3034 1204.98 34 13903472 13912453 13 0 1 20 1  0
13.7126 14670682 901.367 9 401 8.58478 732 14584632 14584901 13 0 1 20 1  0
0 14415872 885.711 9 262 5.35308 1197 14670772 14670884 13 0 1 20 1  0
17.1944 14584526 896.073 11 714 18.1319 2932 14576218 14585309 13 0 1 20 1  0
12.4191 14622882 898.43 12 578 13.4863 20 14622216 14624590 13 0 1 20 1  0
10.2617 14670299 901.343 3 744 19.2888 2 14670299 14670300 13 0 1 20 1  0
10.0653 14580066 895.799 5 830 22.9195 1 14580066 14580067 13 0 1 20 1  0
17.9423 14621918 898.371 12 1203 46.2133 169 14582098 14584448 13 0 1 20 1  0
10.0334 14576182 895.561 3 926 27.6075 1 14576182 14576183 13 0 1 20 1  0
10.1164 14576049 895.552 4 931 27.8724 1 14576049 14576050 13 0 1 20 1  0
10.8409 14652223 900.233 6 1492 77.8512 3 14652205 14652272 13 0 1 20 1  0
10.3422 14581761 895.903 5 1466 74.3071 1 14581761 14581764 13 0 1 20 1  0
11.1431 14619647 898.231 5 1723 117.595 13 14581283 14581287 13 0 1 20 1  0
10.3317 14620664 898.294 4 1624 98.569 1 14620660 14620665 13 0 1 20 1  0
12.7551 14620414 898.278 12 1640 101.423 21 14582976 14584682 13 0 1 20 1  0
0 14415872 885.711 12 1640 101.423 9 14618622 14622520 13 0 1 20 1  0
10.8328 14620580 898.288 4 1649 103.065 1 14620287 14620297 13 0 1 20 1  0
0 14415872 885.711 4 1649 103.065 1489 14620572 14620586 13 0 1 20 1  0
11.562 14620107 898.259 4 1726 118.225 11 14581742 14581748 13 0 1 20 1  0
11.4256 14581680 895.898 5 1739 120.994 11 14580814 14580825 13 0 1 20 1  0
16.7697 14578697 895.715 5 1883 156.324 535 14577559 14583058 13 0 1 20 1  0
10.8326 14582907 895.974 6 1745 122.293 12 14581985 14582006 13 0 1 20 1  0
10.0686 14583031 895.981 5 1727 118.436 1 14583031 14583032 13 0 1 20 1  0
10.1239 14619090 898.197 3 1730 119.07 1 14583229 14583233 13 0 1 20 1  0
10.8446 14581482 895.886 3 1815 138.518 3 14579559 14579565 13 0 1 20 1  0
10.6113 14582879 895.972 4 1736 120.349 1 14581679 14581688 13 0 1 20 1  0
10.1648 14619378 898.215 3 1742 121.642 1 14619378 14619379 13 0 1 20 1  0
10.1243 14582165 895.928 3 1743 121.859 1 14582163 14582166 13 0 1 20 1  0
10.6854 14582249 895.933 3 1766 126.952 1 14582248 14582251 13 0 1 20 1  0
10.0844 14579895 895.789 3 1795 133.676 1 14579895 14579896 13 0 1 20 1  0
10.3606 14581546 895.89 3 1812 137.781 2 14581546 14581547 13 0 1 20 1  0
10.9858 14581921 895.913 4 1806 136.318 1 14579269 14579274 13 0 1 20 1  0
10.5945 14580912 895.851 3 1825 141.005 1 14579091 14579094 13 0 1 20 1  0
10.9847 14580525 895.827 2 1883 156.324 1 14578598 14578600 13 0 1 20 1  0
10.9251 14577482 895.64 5 2030 202.981 4 14577348 14577503 13 0 1 20 1  0
10.0444 14577046 895.614 4 2006 194.511 1 14577046 14577047 13 0 1 20 1  0
10.3621 14577191 895.623 5 2041 206.985 3 14576971 14576975 13 0 1 20 1  0
10.0298 14576834 895.601 3 2023 200.473 1 14576834 14576835 13 0 1 20 1  0
10.079 14575884 895.542 4 2023 200.473 1 14575884 14575885 13 0 1 20 1  0
11.0502 14613720 897.867 12 2199 274.001 13 14612018 14615798 13 0 1 20 1  0
11.6747 14614346 897.905 5 2133 243.712 13 14614055 14614515 13 0 1 20 1  0
10.7127 14614814 897.934 4 2115 236.048 2 14614393 14614400 13 0 1 20 1  0
10.6389 14616051 898.01 4 2126 240.703 1 14614417 14614420 13 0 1 20 1  0
10.0672 14615591 897.982 4 2135 244.579 1 14615591 14615592 13 0 1 20 1  0
10.1773 14615819 897.996 4 2136 245.014 1 14615819 14615820 13 0 1 20 1  0
10.921 14615241 897.96 5 2136 245.014 1 14614312 14614332 13 0 1 20 1  0
11.4583 14594165 896.665 7 2502 469.05 1 14593616 14594773 13 0 1 20 1  0
16.0076 14597746 896.885 12 2783 772.083 22 14576564 14579532 13 0 1 20 1  0
11.2743 14577932 895.668 12 2729 701.572 1 14576136 14579626 13 0 1 20 1  0
0 14415872 885.711 12 2750 728.194 4 14596250 14601260 13 0 1 20 1  0
11.2464 14565954 894.932 12 3291 1900.68 1 14562576 14567560 13 0 1 20 1  0
11.0368 14936622 917.706 12 107 2.12388 2 14935926 14939594 13 0 1 20 1  0
12.8659 14734878 905.311 12 475 10.5048 10 14733576 14735494 13 0 1 20 1  0
0 14678016 901.817 12 475 10.5048 1 14876390 14876744 13 0 1 20 1  0
10.0413 14733752 905.242 12 766 20.1716 1 14733302 14733772 13 0 1 20 1  0
10.9936 14799722 909.295 10 3006 1146.61 1 14798874 14800077 13 0 1 20 1  0
10.0737 14792947 908.879 8 3029 1194.34 1 14792945 14792950 13 0 1 20 1  0
17.4466 15192428 933.423 9 3 0.059238 1273 15191784 15193150 13 0 1 20 1  0
14.4332 15202302 934.029 12 2686 650.058 17 15200556 15202306 13 0 1 20 1  0
10.0308 15224412 935.388 5 1744 122.076 1 15224412 15224413 13 0 1 20 1  0
16.9224 15216838 934.922 12 2146 249.402 177 15212418 15221812 13 0 1 20 1  0
10.068 15215912 934.866 4 2101 230.254 1 15215912 15215913 13 0 1 20 1  0
10.1836 15216043 934.874 4 2101 230.254 1 15216043 15216044 13 0 1 20 1  0
0 15202304 934.03 4 2101 230.254 614 15216194 15216233 13 0 1 20 1  0
10.8058 15216772 934.918 4 2103 231.073 2 15215691 15215695 13 0 1 20 1  0
10.011 15216176 934.882 5 2103 231.073 1 15216176 15216177 13 0 1 20 1  0
11.3489 15215683 934.852 6 2147 249.845 1 15214209 15219184 13 0 1 20 1  0
12.179 15215316 934.829 4 2169 259.794 5 15213856 15213862 13 0 1 20 1  0
12.7655 15214950 934.807 5 2166 258.414 6 15213858 15213869 13 0 1 20 1  0
10.0884 15214407 934.773 4 2160 255.677 2 15214407 15214408 13 0 1 20 1  0
10.1082 15214500 934.779 4 2170 260.255 2 15214500 15214501 13 0 1 20 1  0
10.0389 15213901 934.742 5 2164 257.499 1 15213901 15213902 13 0 1 20 1  0
10.275 15215184 934.821 3 2166 258.414 1 15215182 15215185 13 0 1 20 1  0
10.117 15214036 934.75 3 2172 261.181 2 15214036 15214037 13 0 1 20 1  0
11.2343 15452446 949.398 6 2426 409.893 20 15451211 15452640 13 0 1 20 1  0
0 15202304 934.03 6 2420 405.553 8 15452711 15452759 13 0 1 20 1  0
10.5466 15202304 934.03 12 2767 750.482 2 15202304 15202600 13 0 1 20 1  0
13.0902 15434782 948.313 12 2822 827.374 3 15215350 15217750 13 0 1 20 1  0
10.1718 15435281 948.344 7 2828 836.225 1 15433865 15433881 13 0 1 20 1  0
0 15202304 934.03 7 2828 836.225 1 15435274 15435285 13 0 1 20 1  0
12.5696 15464333 950.129 10 3059 1259.6 12 15463355 15464449 13 0 1 20 1  0
11.1 15610739 959.124 4 2103 231.073 6 15608587 15608590 13 0 1 20 1  0
0 15464448 950.136 4 2071 218.31 73 15610045 15610060 13 0 1 20 1  0
10.1817 15610217 959.092 6 2149 250.733 4 15610215 15610228 13 0 1 20 1  0
10.0442 15608927 959.012 4 2106 232.307 2 15608927 15608928 13 0 1 20 1  0
10.6578 15610534 959.111 4 2141 247.198 2 15608043 15608045 13 0 1 20 1  0
10.0533 15609816 959.067 5 2127 241.13 1 15609816 15609817 13 0 1 20 1  0
10.0896 15745084 967.378 3 0 0 1 15745084 15745085 13 0 1 20 1  0
10.7755 15953270 980.169 3 0 0 2 15853649 15853652 13 0 1 20 1  0
0 15726592 966.242 3 0 0 4 15855757 15855772 13 0 1 20 1  0
11.2365 15855768 974.178 5 0 0 1 15855762 15855773 13 0 1 20 1  0
10.6691 15863828 974.674 12 2452 429.241 7 15863070 15864782 13 0 1 20 1  0
10.0927 15988347 982.324 7 2608 566.072 2 15988346 15988348 13 0 1 20 1  0
16.4925 15988736 982.348 12 3274 1844.23 12 15985974 15988738 13 0 1 20 1  0
10.0186 15991413 982.512 1 0 0 1 15991413 15991414 13 0 1 20 1  0
10.282 16039664 985.477 2 0 0 3 16039664 16039665 13 0 1 20 1  0
11.6742 16157658 992.727 3 1 0.0197462 3 16121015 16121017 13 0 1 20 1  0
10.2653 16085201 988.275 3 0 0 1 16085201 16085202 13 0 1 20 1  0
0 15988736 982.348 3 0 0 4 16186821 16186824 13 0 1 20 1  0
12.6768 16225421 996.89 8 0 0 16 16225362 16225459 13 0 1 20 1  0
11.6885 16207224 995.772 8 339 7.09109 20 16207160 16207282 13 0 1 20 1  0
0 15988736 982.348 8 336 7.02113 11 16212073 16212132 13 0 1 20 1  0
12.2554 16213955 996.185 9 1021 33.0356 49 16213480 16214319 13 0 1 20 1  0
0 15988736 982.348 4 998 31.6415 6 16214111 16214117 13 0 1 20 1  0
11.2551 16213113 996.134 4 1315 56.6286 15 16069827 16069832 13 0 1 20 1  0
0 15988736 982.348 4 1296 54.7162 11 16213175 16213177 13 0 1 20 1  0
60.4199 3588153 220.456 8 2917 979.196 639 3587744 3588419 13 0 1 20 1 1
