0 119926 81.0232
1 119923 88.8546
2 119922 87.7765
3 119920 89.3201
4 119919 88.3143
5 119920 95.5245
6 119920 94.5969
7 119921 93.806
8 119921 93.3667
9 119921 92.6165
10 119921 92.1694
11 119921 91.4182
12 119921 90.8018
13 119922 90.5676
14 119923 90.5243
15 119923 90.0027
16 119922 89.2853
17 119922 89.2683
18 119923 89.3562
19 119922 89.1934
20 119922 89.2221
21 119923 91.9118
22 119924 94.0493
23 119924 94.2435
24 119924 94.3388
25 119924 94.4557
26 119923 94.2754
27 119922 93.6553
28 119921 93.6932
29 119921 93.5832
30 119920 93.3058
31 119918 93.0427
32 119914 88.6839
33 119915 84.5596
34 119914 84.7356
35 119915 83.3512
36 119915 83.4689
37 119914 79.3122
38 119914 79.1515
39 119913 78.8788
40 119913 78.6312
41 119912 78.4404
42 119912 78.4436
43 119911 78.3682
44 119911 78.2071
45 119909 77.7052
46 119908 77.0279
47 119907 76.8258
48 119907 77.0037
49 119906 77.0761
50 119906 77.0527
51 119905 77.0644
52 119905 76.9116
53 119903 74.1555
54 119902 72.0369
55 119902 72.0844
56 119901 71.696
57 119901 71.4408
58 119900 71.4611
59 119900 71.6317
60 119900 71.4867
61 119900 71.7579
62 119901 71.8357
63 119901 72.0786
64 119901 72.2593
65 119901 72.0543
66 119903 72.0224
67 119904 71.962
68 119906 72.2139
69 119907 71.3631
70 119909 71.6027
71 119911 71.9296
72 119912 72.1615
73 119915 72.5465
74 119916 72.408
75 119917 73.1054
76 119918 73.3683
77 119920 73.9568
78 119921 74.3682
79 119922 74.6163
80 119923 74.6015
81 119925 74.9427
82 119926 75.9285
83 119927 76.2628
84 119928 76.4614
85 119929 76.6189
86 119929 76.6484
87 119931 76.7592
88 119932 77.0417
89 119934 77.4682
90 119934 77.8035
91 119934 77.8053
92 119934 78.0622
93 119934 77.9273
94 119935 78.1819
95 119936 78.2727
96 119938 78.8841
97 119938 79.2583
98 119939 79.7937
99 119939 80.0847
100 119938 79.7663
101 119939 79.9841
102 119936 79.9928
103 119935 79.9844
104 119933 79.664
105 119931 79.3804
106 119929 79.2082
107 119928 78.6262
108 119927 78.8656
109 119925 78.742
110 119927 83.1547
111 119925 84.6589
112 119925 84.7141
113 119924 84.5987
114 119924 83.8767
115 119924 85.8507
116 119924 86.0961
117 119924 86.7055
118 119925 87.3957
119 119925 87.5174
120 119926 87.7057
121 119927 87.984
122 119929 88.2156
123 119931 88.562
124 119933 88.8402
125 119934 89.1113
126 119934 89.1467
127 119933 89.0348
128 119933 88.5085
129 119933 88.1442
130 119931 87.6806
131 119930 87.5543
132 119929 87.6117
133 119928 87.5203
134 119930 87.6784
135 119929 87.6752
136 119931 88.753
137 119933 89.3046
138 119935 89.9464
139 119937 90.9085
140 119939 90.8777
141 119940 91.3419
142 119939 87.2341
143 119943 86.4149
144 119944 87.1125
145 119945 87.9178
146 119943 87.677
147 119943 85.6572
148 119943 87.2456
149 119944 90.2075
150 119943 89.5995
151 119942 89.3007
152 119941 89.0717
153 119940 88.6825
154 119940 88.3162
155 119939 87.9851
156 119937 87.6832
157 119937 87.3298
158 119937 87.3208
159 119937 87.4039
160 119938 87.4759
161 119939 88.353
162 119940 88.5496
163 119941 88.6056
164 119943 88.8563
165 119943 88.8299
166 119943 88.7227
167 119945 92.2314
168 119943 92.0342
169 119943 93.215
170 119942 92.9799
171 119941 92.3695
172 119940 92.6168
173 119939 91.8772
174 119937 91.4107
175 119936 90.6689
176 119936 90.0249
177 119935 89.593
178 119936 89.7708
179 119936 89.8746
180 119935 88.3811
181 119936 84.997
182 119937 85.1292
183 119937 85.1718
184 119937 85.2591
185 119936 85.317
186 119936 85.8327
187 119937 86.3001
188 119940 86.8504
189 119942 87.5436
190 119943 87.3689
191 119943 87.5192
192 119942 88.0665
193 119941 87.301
194 119940 86.9151
195 119938 86.7982
196 119938 87.7251
197 119939 88.2267
198 119938 88.4035
199 119937 85.1682
200 119937 84.3722
201 119936 82.8182
202 119936 82.8437
203 119934 82.4831
204 119934 81.8255
205 119933 82.0397
206 119933 82.1414
207 119932 82.2297
208 119931 82.3385
209 119931 82.2907
210 119931 82.4661
211 119931 82.373
212 119930 82.0625
213 119929 81.9201
214 119928 82.0467
215 119928 82.0707
216 119927 81.8081
217 119927 81.6541
218 119926 81.1578
219 119924 80.6812
220 119921 80.0962
221 119918 79.5729
222 119917 79.5075
223 119915 79.5847
224 119919 84.7394
225 119926 86.7629
226 119929 90.5418
227 119930 90.7354
228 119928 89.5376
229 119927 89.3724
230 119927 90.0422
231 119927 89.841
232 119927 89.9687
233 119926 90.0004
234 119926 89.7584
235 119927 90.0901
236 119929 91.5012
237 119930 91.5561
238 119931 91.6874
239 119932 92.0347
240 119932 91.9286
241 119931 91.609
242 119930 91.3402
243 119930 91.1667
244 119931 92.0159
245 119930 92.4152
246 119930 92.4901
247 119930 92.4223
248 119930 92.8265
249 119929 92.9046
250 119929 92.7759
251 119929 93.3698
252 119929 93.372
253 119929 93.3941
254 119929 93.3655
255 119930 92.9257
256 119926 87.0662
257 119918 85.0621
258 119916 81.427
259 119916 81.7112
260 119917 82.235
261 119917 81.9214
262 119917 82.2533
263 119917 82.7713
264 119916 82.65
265 119916 82.6127
266 119917 83.3086
267 119916 83.2187
268 119915 82.4014
269 119915 83.0803
270 119915 82.8856
271 119914 82.7557
272 119914 82.7834
273 119914 82.8834
274 119915 83.2303
275 119916 83.4573
276 119917 83.284
277 119918 83.2923
278 119919 83.2272
279 119919 83.383
280 119921 83.2142
281 119922 83.5742
282 119924 84.2929
283 119924 84.0381
284 119925 84.3923
285 119926 84.527
286 119929 84.5721
287 119932 86.7188
288 119931 88.7122
289 119932 91.1041
290 119934 92.1449
291 119934 92.1969
292 119934 92.3956
293 119934 92.5357
294 119935 91.5829
295 119935 90.9546
296 119937 90.9147
297 119938 91.4599
298 119938 90.8594
299 119939 91.1976
300 119940 91.0358
301 119941 90.4291
302 119941 90.6412
303 119942 90.4909
304 119944 90.7154
305 119945 90.9331
306 119947 92.0082
307 119947 92.2317
308 119946 91.6921
309 119945 91.4918
310 119946 91.6761
311 119947 91.9949
312 119947 92.1988
313 119946 92.2018
314 119945 92.2626
315 119945 92.5205
316 119946 92.7807
317 119946 92.8499
318 119945 93.1356
319 119942 91.4796
320 119944 89.8336
321 119943 87.4636
322 119941 86.6584
323 119941 86.2097
324 119940 85.5949
325 119940 85.1789
326 119940 84.9293
327 119940 85.2972
328 119939 85.2814
329 119937 84.5175
330 119936 84.3677
331 119937 85.067
332 119938 86.3589
333 119938 86.9518
334 119938 87.1571
335 119936 87.2557
336 119934 86.9432
337 119932 86.2753
338 119930 84.8567
339 119929 84.6384
340 119931 85.0559
341 119933 86.4806
342 119935 86.6909
343 119935 87.4905
344 119934 87.5254
345 119935 88.2558
346 119936 89.2219
347 119938 89.5445
348 119936 89.4752
349 119938 90.0432
350 119939 90.5061
351 119941 90.8822
352 119941 91.2638
353 119941 91.1159
354 119941 90.8811
355 119941 90.8452
356 119940 90.7059
357 119941 90.7766
358 119940 91.1726
359 119943 92.0891
360 119947 92.6351
361 119952 96.2679
362 119956 99.1905
363 119958 100.315
364 119960 99.9413
365 119966 104.538
366 119970 107.371
367 119975 108.831
368 119979 110.043
369 119983 111.496
370 119987 112.124
371 119990 112.585
372 119991 112.824
373 119992 112.764
374 119992 113.229
375 119994 113.217
376 119996 114.149
377 119996 114.157
378 120000 115.311
379 120004 116.618
380 120007 119
381 120004 118.357
382 120002 117.638
383 120000 116.707
384 120000 116.016
385 120000 116.056
386 120000 116.106
387 119999 117.095
388 120002 118.935
389 120002 119.708
390 120002 120.093
391 119999 118.688
392 119996 118.483
393 119991 115.018
394 119987 112.174
395 119984 109.884
396 119980 108.577
397 119973 102.922
398 119968 99.6338
399 119964 98.0621
400 119960 96.6921
401 119957 95.3113
402 119953 94.5844
403 119951 93.9907
404 119949 95.7308
405 119946 94.1636
406 119944 94.224
407 119944 93.8743
408 119941 94.4947
409 119941 94.0076
410 119935 92.7743
411 119935 92.8961
412 119934 91.5211
413 119940 94.6083
414 119939 95.579
415 119940 96.3021
416 119939 96.1911
417 119939 95.9768
418 119938 95.7257
419 119937 94.5514
420 119933 92.6534
421 119932 91.8953
422 119931 90.8154
423 119930 90.6272
424 119930 90.7232
425 119932 90.9039
426 119932 90.7358
427 119932 90.8516
428 119931 90.692
429 119931 90.6856
430 119930 90.5823
431 119929 90.3646
432 119929 90.4299
433 119930 91.0126
434 119930 91.1125
435 119931 91.2261
436 119931 89.032
437 119931 89.0861
438 119931 87.9948
439 119929 87.0847
440 119929 85.11
441 119929 84.3101
442 119929 82.796
443 119925 80.7556
444 119925 79.479
445 119919 76.392
446 119920 75.4833
447 119920 75.0851
448 119922 75.2683
449 119924 75.5051
450 119925 75.9787
451 119926 76.0903
452 119927 76.2397
453 119927 76.2726
454 119928 76.3404
455 119929 76.529
456 119928 76.9168
457 119926 76.5887
458 119926 76.6206
459 119927 76.3887
460 119928 76.5633
461 119929 76.6899
462 119930 76.8975
463 119930 76.9892
464 119931 77.2274
465 119931 76.8836
466 119931 77.0244
467 119931 77.5241
468 119930 77.3534
469 119930 77.8594
470 119930 77.8871
471 119931 77.9162
472 119931 78.6873
473 119930 78.7339
474 119930 79.0315
475 119930 78.9056
476 119929 79.0526
477 119929 78.8741
478 119929 78.9654
479 119928 78.6546
480 119926 78.353
481 119925 77.9916
482 119924 77.4835
483 119923 77.2464
484 119922 76.9869
485 119921 76.6379
486 119920 76.5034
487 119920 76.2637
488 119919 75.3869
489 119920 75.702
490 119919 75.5751
491 119918 75.5355
492 119917 75.3041
493 119916 75.049
494 119915 74.6615
495 119914 74.4477
496 119913 74.1112
497 119913 74.0137
498 119912 73.8147
499 119910 73.0783
500 119909 72.8638
501 119908 72.2047
502 119907 71.9731
503 119906 71.8766
504 119905 70.9003
505 119905 70.9252
506 119904 70.3544
507 119903 69.9742
508 119901 69.1879
509 119899 68.9078
510 119898 68.2433
511 119897 68.1858
