0 120070 79.5069
1 120070 79.145
2 120070 78.8262
3 120070 78.5178
4 120070 78.3214
5 120069 78.0937
6 120069 77.8473
7 120069 77.6551
8 120069 77.4346
9 120069 77.2725
10 120069 77.1394
11 120068 77.0307
12 120068 76.8536
13 120068 76.7026
14 120068 76.6013
15 120068 76.5483
16 120068 76.492
17 120068 74.696
18 120068 74.2714
19 120068 74.2217
20 120069 74.2706
21 120070 74.4354
22 120071 74.5227
23 120071 74.478
24 120071 74.747
25 120072 74.7202
26 120072 74.5738
27 120072 74.6214
28 120072 74.7512
29 120074 77.4314
30 120074 78.0567
31 120074 78.7051
32 120075 79.9919
33 120076 80.1313
34 120076 81.408
35 120077 81.4441
36 120077 81.4292
37 120077 81.4013
38 120078 81.4159
39 120077 81.4023
40 120077 81.416
41 120077 81.5079
42 120077 81.5319
43 120078 81.5643
44 120078 81.559
45 120078 81.6741
46 120078 81.7906
47 120078 81.9555
48 120078 82.1655
49 120078 82.078
50 120077 81.7737
51 120077 82.0713
52 120077 82.6964
53 120076 82.9229
54 120077 83.2624
55 120077 83.655
56 120076 83.6926
57 120076 84.3372
58 120077 85.0481
59 120077 85.5175
60 120078 85.8829
61 120076 83.5089
62 120077 83.2724
63 120077 82.9169
64 120076 81.9801
65 120077 82.1035
66 120077 81.3096
67 120077 81.6289
68 120077 82.1351
69 120078 82.5049
70 120078 82.8264
71 120079 82.9533
72 120079 83.0207
73 120079 83.0821
74 120079 83.2804
75 120079 83.2591
76 120079 83.3064
77 120079 83.2067
78 120079 83.0206
79 120078 82.7529
80 120078 82.4353
81 120077 82.3216
82 120077 82.3392
83 120077 82.0472
84 120076 81.3658
85 120076 80.9634
86 120075 80.5747
87 120075 80.2821
88 120075 80.0091
89 120075 79.468
90 120074 78.8124
91 120074 78.3467
92 120073 77.7985
93 120073 77.9047
94 120072 77.7994
95 120072 77.4793
96 120072 77.3088
97 120071 77.2654
98 120071 77.0209
99 120070 76.6943
100 120070 76.1929
101 120069 75.8371
102 120068 75.559
103 120067 75.384
104 120067 75.2907
105 120068 75.1946
106 120067 74.9976
107 120067 75.2896
108 120068 75.8406
109 120069 76.4364
110 120070 77.3593
111 120071 77.6056
112 120071 77.9138
113 120072 78.1225
114 120072 78.1258
115 120072 78.1799
116 120073 78.2432
117 120072 78.3128
118 120073 78.2672
119 120073 78.288
120 120073 78.2189
121 120073 78.0842
122 120073 77.993
123 120073 77.961
124 120073 77.9937
125 120073 77.6052
126 120073 77.5188
127 120073 77.4504
128 120072 77.2831
129 120072 77.1029
130 120071 76.8536
131 120071 76.9583
132 120071 76.9867
133 120071 76.9672
134 120071 76.9591
135 120071 77.1318
136 120071 77.2692
137 120071 77.2971
138 120072 77.3072
139 120071 76.9988
140 120070 76.3947
141 120068 75.8336
142 120068 74.9607
143 120067 74.7434
144 120066 74.6024
145 120066 74.6749
146 120067 75.1767
147 120068 75.4528
148 120068 75.476
149 120068 75.4536
150 120068 75.5496
151 120068 75.4508
152 120068 75.446
153 120068 75.4962
154 120068 75.5235
155 120068 75.6529
156 120068 75.6029
157 120068 75.5509
158 120068 75.4483
159 120068 75.5258
160 120069 75.5949
161 120069 75.6079
162 120069 75.6096
163 120069 75.7921
164 120069 75.9626
165 120070 75.9841
166 120070 76.0417
167 120070 76.6467
168 120071 77.0402
169 120071 76.9166
170 120070 76.907
171 120071 76.8957
172 120071 76.9808
173 120071 76.942
174 120071 77.1075
175 120073 78.2886
176 120074 78.2399
177 120073 77.9561
178 120073 77.3908
179 120072 77.0102
180 120072 76.9191
181 120071 76.9132
182 120071 76.835
183 120071 76.8451
184 120070 76.7807
185 120070 76.6983
186 120070 76.6786
187 120069 76.569
188 120069 76.5317
189 120069 76.5155
190 120069 76.488
191 120069 76.4033
192 120069 76.319
193 120069 76.358
194 120069 76.3396
195 120069 76.1209
196 120068 75.9228
197 120069 75.8758
198 120069 75.8043
199 120069 75.0874
200 120070 74.6312
201 120070 74.8627
202 120071 75.3938
203 120071 75.4047
204 120071 75.3868
205 120072 75.4946
206 120072 75.3259
207 120070 74.2101
208 120071 74.1187
209 120071 74.1641
210 120071 74.2021
211 120072 74.255
212 120072 74.2897
213 120072 74.316
214 120072 74.3893
215 120072 74.4158
216 120072 74.4884
217 120072 74.8805
218 120073 75.6404
219 120074 75.8365
220 120074 75.9191
221 120075 75.92
222 120074 75.8478
223 120074 75.8714
224 120074 75.8623
225 120074 75.7716
226 120075 76.034
227 120075 75.9652
228 120075 75.9507
229 120074 75.9849
230 120073 75.9246
231 120073 75.8871
232 120072 75.8459
233 120071 75.6196
234 120070 75.0167
235 120070 74.9813
236 120069 74.9402
237 120068 74.8159
238 120068 74.8004
239 120068 75.0177
240 120068 75.1555
241 120068 75.1666
242 120068 75.2633
243 120068 75.2646
244 120068 75.2854
245 120068 75.2528
246 120068 75.135
247 120068 75.235
248 120068 75.3894
249 120068 74.9689
250 120067 74.179
251 120066 73.9211
252 120066 73.8573
253 120066 73.8709
254 120066 73.8634
255 120066 73.8261
256 120065 73.738
257 120065 73.7304
258 120064 73.5973
259 120064 73.8605
260 120064 73.8966
261 120065 73.925
262 120065 73.9868
263 120065 73.9878
264 120065 73.996
265 120065 74.041
266 120065 74.0204
267 120065 74.0467
268 120065 74.3235
269 120065 75.6205
270 120066 76.3179
271 120065 76.0185
272 120065 75.9589
273 120065 75.9914
274 120064 75.8719
275 120063 75.8563
276 120063 75.8012
277 120063 75.7932
278 120063 75.8358
279 120063 75.7564
280 120063 75.5457
281 120063 75.653
282 120063 75.8719
283 120064 77.5518
284 120065 79.1259
285 120065 79.8854
286 120065 79.9403
287 120066 79.9954
288 120066 80.0213
289 120065 79.973
290 120065 79.8146
291 120065 79.492
292 120065 79.4042
293 120064 79.3486
294 120064 79.6002
295 120064 79.9925
296 120063 79.9812
297 120063 79.9852
298 120063 80.1099
299 120063 80.1948
300 120063 79.8681
301 120062 78.53
302 120061 77.7674
303 120061 77.7364
304 120061 77.6655
305 120061 77.6795
306 120061 77.656
307 120061 77.8835
308 120060 78.3432
309 120061 78.8003
310 120061 79.2125
311 120062 79.6932
312 120063 80.3179
313 120064 80.7749
314 120064 80.963
315 120064 79.7828
316 120064 78.7609
317 120063 78.4909
318 120063 78.6398
319 120063 78.7433
320 120063 78.7451
321 120063 78.702
322 120063 78.7383
323 120063 78.7921
324 120063 78.7754
325 120063 78.7654
326 120063 78.4487
327 120063 78.0702
328 120063 78.0623
329 120063 78.0348
330 120063 77.8953
331 120064 77.7714
332 120064 77.7751
333 120064 77.8442
334 120065 78.6681
335 120065 79.1591
336 120067 79.8465
337 120068 80.4872
338 120069 80.845
339 120070 80.9191
340 120070 80.6843
341 120070 80.5636
342 120071 80.5071
343 120070 80.2227
344 120069 79.8993
345 120069 79.5838
346 120069 79.2242
347 120068 78.7517
348 120067 78.1873
349 120066 77.759
350 120066 77.6676
351 120066 77.7223
352 120067 77.8724
353 120068 78.1333
354 120068 78.2084
355 120068 78.3341
356 120069 78.5298
357 120069 78.7376
358 120070 78.9536
359 120070 78.9733
360 120070 78.9731
361 120070 79.1106
362 120070 79.4855
363 120071 79.9537
364 120072 80.4154
365 120072 80.4538
366 120070 79.6863
367 120071 79.4616
368 120069 78.7656
369 120068 78.1194
370 120068 77.7929
371 120067 77.4882
372 120067 77.2721
373 120066 76.9579
374 120064 76.5926
375 120064 76.3553
376 120064 76.0041
377 120062 76.2694
378 120063 76.3118
379 120062 76.303
380 120063 76.7623
381 120064 77.3543
382 120063 77.2821
383 120063 77.1829
384 120063 77.1779
385 120062 77.0342
386 120062 76.9829
387 120061 76.7995
388 120060 76.6367
389 120060 76.5403
390 120059 76.3539
391 120058 76.2808
392 120059 76.2657
393 120059 76.094
394 120059 75.739
395 120058 75.2329
396 120056 74.7957
397 120056 74.6986
398 120056 74.7622
399 120056 74.6505
400 120056 74.7117
401 120055 74.6956
402 120055 74.6549
403 120054 74.6624
404 120054 74.8642
405 120054 74.9805
406 120055 75.1066
407 120055 75.4
408 120056 75.8024
409 120057 75.6621
410 120056 75.8101
411 120058 76.2388
412 120058 76.0341
413 120058 75.6972
414 120059 76.0456
415 120059 76.3867
416 120059 76.5029
417 120060 76.61
418 120060 76.6559
419 120060 76.7096
420 120061 76.7386
421 120061 76.7003
422 120061 76.9295
423 120062 77.1153
424 120062 77.1557
425 120062 77.1811
426 120062 77.2496
427 120063 77.394
428 120063 77.4892
429 120063 77.5744
430 120064 77.567
431 120065 77.4799
432 120065 77.5449
433 120066 77.5605
434 120066 77.6568
435 120067 77.7027
436 120067 77.5519
437 120067 77.4483
438 120067 77.3198
439 120067 76.978
440 120066 76.6358
441 120066 76.3336
442 120067 76.1255
443 120067 75.8308
444 120066 75.6183
445 120066 75.3425
446 120065 74.9689
447 120064 74.5759
448 120064 74.3443
449 120064 74.2092
450 120063 74.1427
451 120063 74.1393
452 120063 74.0842
453 120063 74.0255
454 120063 73.7742
455 120062 73.6027
456 120062 73.5205
457 120062 74.4452
458 120062 74.5439
459 120061 74.3796
460 120061 74.9635
461 120062 75.4423
462 120061 75.7302
463 120061 75.9132
464 120061 76.2563
465 120061 76.262
466 120061 76.1993
467 120061 76.1578
468 120061 76.1368
469 120061 76.0727
470 120061 76.182
471 120060 76.5703
472 120060 76.8468
473 120061 78.0415
474 120061 79.2478
475 120060 79.6262
476 120060 79.6141
477 120059 79.5692
478 120059 79.6781
479 120059 79.8085
480 120060 80.0083
481 120060 80.1654
482 120060 80.2566
483 120060 80.3417
484 120061 80.5443
485 120061 80.6534
486 120061 80.8409
487 120062 81.0285
488 120062 81.2615
489 120062 80.5821
490 120063 80.5163
491 120063 80.7945
492 120063 80.4857
493 120064 80.4098
494 120064 80.3033
495 120065 80.3427
496 120066 80.1205
497 120066 80.283
498 120066 80.5436
499 120066 80.8
500 120066 81.0685
501 120067 81.4171
502 120067 81.6167
503 120067 81.501
504 120068 81.4773
505 120068 80.1488
506 120067 78.7462
507 120067 78.2913
508 120068 78.5148
509 120069 78.8139
510 120069 78.9663
511 120070 78.9988
