0 120503 110.179
1 120503 110.035
2 120503 109.435
3 120503 109.414
4 120502 109.152
5 120502 109.519
6 120502 109.174
7 120502 109.044
8 120501 108.943
9 120501 108.941
10 120499 108.709
11 120498 108.273
12 120497 108.379
13 120495 107.86
14 120494 107.626
15 120493 107.88
16 120492 107.863
17 120489 107.699
18 120487 107.712
19 120485 107.471
20 120474 142.617
21 120474 151.826
22 120473 151.579
23 120471 150.853
24 120468 150.999
25 120467 150.88
26 120464 150.735
27 120462 150.525
28 120461 150.192
29 120461 149.367
30 120461 149.283
31 120458 148.835
32 120458 148.533
33 120459 148.703
34 120459 148.872
35 120458 148.584
36 120458 148.814
37 120458 148.604
38 120457 149.551
39 120456 149.412
40 120454 149.587
41 120452 149.225
42 120452 149.349
43 120451 149.715
44 120450 149.236
45 120449 149.214
46 120450 149.095
47 120448 148.637
48 120448 148.381
49 120448 148.244
50 120447 148.251
51 120446 148.086
52 120455 112.879
53 120452 103.337
54 120451 103.197
55 120452 102.729
56 120452 102.373
57 120453 102.382
58 120454 102.749
59 120455 103.208
60 120456 103.305
61 120456 103.367
62 120456 104.483
63 120458 104.394
64 120457 105.242
65 120457 106.213
66 120455 107.086
67 120455 107.264
68 120456 107.095
69 120456 107.172
70 120458 107.518
71 120458 108.707
72 120462 108.83
73 120463 108.991
74 120464 109.208
75 120465 109.174
76 120467 109.929
77 120470 110.462
78 120472 111.279
79 120474 112.459
80 120477 114.305
81 120478 114.681
82 120482 114.895
83 120485 115.658
84 120488 116.303
85 120489 116.88
86 120492 117.42
87 120493 117.686
88 120495 118.004
89 120495 118.259
90 120499 118.412
91 120502 118.524
92 120505 119.113
93 120510 119.82
94 120511 118.653
95 120512 119.05
96 120515 119.549
97 120516 119.043
98 120519 118.453
99 120521 118.961
100 120522 119.078
101 120526 119.564
102 120528 119.041
103 120530 118.268
104 120533 119.112
105 120536 119.863
106 120538 120.32
107 120539 120.516
108 120542 120.476
109 120542 120.688
110 120546 120.66
111 120547 119.889
112 120549 118.334
113 120552 118.912
114 120553 119.056
115 120553 118.839
116 120553 118.871
117 120555 118.606
118 120556 118.644
119 120558 118.749
120 120557 119.701
121 120558 119.671
122 120558 120.117
123 120556 120.362
124 120556 120.134
125 120556 120.274
126 120555 120.767
127 120556 121.018
128 120555 120.906
129 120553 120.424
130 120554 120.8
131 120552 121.523
132 120549 124.048
133 120548 125.053
134 120545 124.774
135 120546 125.52
136 120542 124.77
137 120540 124.396
138 120541 124.019
139 120544 124.847
140 120543 124.744
141 120546 124.768
142 120547 125.043
143 120550 125.718
144 120553 126.662
145 120554 126.449
146 120552 126.326
147 120552 126.027
148 120551 125.51
149 120551 125.315
150 120551 125.027
151 120551 125.475
152 120551 124.35
153 120552 124.309
154 120551 123.555
155 120552 123.49
156 120550 123.378
157 120547 122.738
158 120547 122.236
159 120545 121.807
160 120543 120.597
161 120543 120.159
162 120541 119.239
163 120540 117.862
164 120542 115.381
165 120539 113.637
166 120539 113.553
167 120537 112.438
168 120537 111.823
169 120537 111.463
170 120534 110.839
171 120530 109.507
172 120528 109.246
173 120524 108.808
174 120520 107.864
175 120515 106.869
176 120510 105.834
177 120507 105.381
178 120506 104.869
179 120506 105
180 120504 105.01
181 120502 104.76
182 120500 104.994
183 120498 104.349
184 120499 104.29
185 120498 103.895
186 120498 103.792
187 120497 103.929
188 120496 103.66
189 120496 103.515
190 120496 103.17
191 120496 103.014
192 120496 103.003
193 120496 102.95
194 120495 103.188
195 120497 103.482
196 120495 102.982
197 120495 103.159
198 120493 102.684
199 120492 102.489
200 120490 104.249
201 120488 104.07
202 120487 104.508
203 120489 107.367
204 120489 107.138
205 120485 109.328
206 120487 112.361
207 120486 112.157
208 120486 119.223
209 120485 120.177
210 120483 120.543
211 120482 129.059
212 120483 129.037
213 120479 133.408
214 120484 140.14
215 120483 140.595
216 120478 148.042
217 120481 153.106
218 120480 152.978
219 120479 165.477
220 120479 165.337
221 120476 168.789
222 120479 182.828
223 120479 183.023
224 120471 192.595
225 120479 202.213
226 120480 202.129
227 120474 224.207
228 120479 232.99
229 120478 235.255
230 120475 272.055
231 120474 272.793
232 120457 292.652
233 120467 324.004
234 120469 324.582
235 120444 352.471
236 120456 372.62
237 120458 370.15
238 120443 420.665
239 120443 420.656
240 120432 431.967
241 120430 487.896
242 120430 487.562
243 120393 518.014
244 120415 545.22
245 120419 540.904
246 120392 587.361
247 120402 609.954
248 120405 604.161
249 120390 660.704
250 120391 661.232
251 120371 676.34
252 120379 724.635
253 120383 721.356
254 120346 751.344
255 120366 779.897
256 120374 770.216
257 120349 818.739
258 120352 827.189
259 120352 816.963
260 120342 864.172
261 120344 861.942
262 120316 864.098
263 120338 897.678
264 120357 876.415
265 120320 892.808
266 120333 915.71
267 120355 886.11
268 120326 927.758
269 120328 927.894
270 120324 897.564
271 120327 949.909
272 120337 931.662
273 120306 912.006
274 120327 937.769
275 120363 899.691
276 120321 923.694
277 120327 938.252
278 120346 889.543
279 120325 918.515
280 120324 917.001
281 120308 889.472
282 120319 932.195
283 120338 903.67
284 120302 897.047
285 120314 920.351
286 120347 876.636
287 120313 908.169
288 120312 908.919
289 120317 871.461
290 120311 921.599
291 120315 909.484
292 120283 892.816
293 120304 919.92
294 120333 880.839
295 120290 896.789
296 120297 917.557
297 120324 871.599
298 120297 906.72
299 120298 906.54
300 120296 876.298
301 120305 928.658
302 120329 906.617
303 120296 901.584
304 120325 929.79
305 120365 894.914
306 120330 932.105
307 120332 939.614
308 120344 901.652
309 120328 946.814
310 120330 942.138
311 120308 927.453
312 120323 959.63
313 120350 925.853
314 120311 929.254
315 120322 951.74
316 120350 910.316
317 120320 944.599
318 120321 944.257
319 120319 908.485
320 120318 960.163
321 120329 939.385
322 120294 920.247
323 120315 946.717
324 120353 907.898
325 120312 935.464
326 120320 950.461
327 120339 908.365
328 120317 948.514
329 120318 947.182
330 120305 926.026
331 120317 968.108
332 120334 936.938
333 120292 929.801
334 120299 953.238
335 120330 906.418
336 120285 942.762
337 120278 940.272
338 120281 898.849
339 120276 952.577
340 120294 940.645
341 120266 924.818
342 120297 952.822
343 120336 917.375
344 120300 945.703
345 120309 970.842
346 120337 927.355
347 120311 971.841
348 120311 971.616
349 120306 946.691
350 120314 999.566
351 120329 975.805
352 120295 965.676
353 120315 992.472
354 120353 953.143
355 120314 986.264
356 120316 991.256
357 120328 949.172
358 120315 994.989
359 120317 987.664
360 120300 962.527
361 120315 993.055
362 120342 955.504
363 120305 957.559
364 120317 979.603
365 120349 934.712
366 120320 971.333
367 120320 970.908
368 120320 933.793
369 120327 991.334
370 120341 969.967
371 120309 945.83
372 120320 969.267
373 120358 925.506
374 120309 951.651
375 120306 964.773
376 120325 910.243
377 120305 944.93
378 120307 942.144
379 120298 912.515
380 120312 954.444
381 120334 921.706
382 120295 912.744
383 120311 938.41
384 120345 896.155
385 120310 931.052
386 120309 930.779
387 120314 892.127
388 120308 946.888
389 120314 933.979
390 120287 910.711
391 120309 936.238
392 120338 900.054
393 120298 923.695
394 120307 945.105
395 120330 903.272
396 120304 945.014
397 120303 944.566
398 120293 915.374
399 120299 966.721
400 120314 938.945
401 120272 925.289
402 120289 953.356
403 120322 915.076
404 120286 949.083
405 120286 954.079
406 120297 914.266
407 120285 958.998
408 120286 952.724
409 120263 929.365
410 120276 960.38
411 120300 923.79
412 120258 933.754
413 120270 958.507
414 120301 915.658
415 120271 951.828
416 120271 952.5
417 120269 915.618
418 120270 967.202
419 120281 946.233
420 120252 921.096
421 120271 945.191
422 120304 907.696
423 120264 934.936
424 120270 949.501
425 120288 902.243
426 120241 930.386
427 120231 980.598
428 120219 968.161
429 120215 1016.48
430 120206 1038.64
431 120185 1043.08
432 120164 1095.1
433 120189 1103.65
434 120144 1130.92
435 120122 1188.62
436 120154 1158.69
437 120154 1153.5
438 120135 1187.71
439 120112 1182.04
440 120115 1225.97
441 120123 1240.28
442 120101 1260.84
443 120071 1305.41
444 120108 1290.13
445 120071 1304.66
446 120072 1340.69
447 120068 1319.73
448 120074 1353
449 120067 1363.9
450 120072 1343.51
451 120059 1385.3
452 120086 1387.84
453 120047 1402.61
454 120045 1443.47
455 120043 1436.6
456 120031 1472.56
457 120014 1517.12
458 120031 1521.45
459 120030 1515.3
460 120039 1513.33
461 120023 1515.42
462 120030 1511.27
463 120054 1495.02
464 120076 1443.31
465 120060 1438.28
466 120056 1434.49
467 120087 1411.2
468 120039 1434.95
469 120027 1487.48
470 120027 1488.85
471 120063 1467.65
472 120030 1472.9
473 120042 1474.61
474 120024 1472.13
475 120051 1467.1
476 120012 1482.06
477 120020 1495.51
478 120001 1509.26
479 120011 1516.34
480 119979 1533.86
481 119982 1551.27
482 119966 1565.25
483 119961 1571.5
484 119947 1583.77
485 119938 1595.52
486 119934 1595.84
487 119928 1597.85
488 119919 1598
489 119907 1596.65
490 119926 1579.4
491 119907 1578.11
492 119913 1574.78
493 119901 1574.53
494 119927 1559.65
495 119881 1568.41
496 119869 1620.91
497 119877 1621.13
498 119889 1616.73
499 119860 1631.14
500 119874 1625.59
501 119866 1619.97
502 119877 1616.8
503 119848 1635.3
504 119864 1633.83
505 119856 1627.01
506 119861 1624.58
507 119838 1635.98
508 119856 1630.3
509 119851 1621.83
510 119848 1616.21
511 119828 1613.81
