10.475 3164 0.194396 8 0 0 1 3164 3165 13 0 1 20 1  0
13.5373 239894 14.7391 8 0 0 1 18845 18846 13 0 1 20 1  0
0 2048 0.125829 8 0 0 52 20447 20448 13 0 1 20 1  0
10.8077 4802 0.295035 1 0 0 1 4802 4803 13 0 1 20 1  0
14.3454 239895 14.7391 1 0 0 1 6110 6111 13 0 1 20 1  0
0 2048 0.125829 1 0 0 137 11807 11808 13 0 1 20 1  0
10.3806 97118 5.96693 2 0 0 1 97118 97119 13 0 1 20 1  0
11.6623 257796 15.839 2 0 0 1 163256 163259 13 0 1 20 1  0
10.5626 175977 10.812 5 1 0.0197462 2 175977 175978 13 0 1 20 1  0
10.0287 164264 10.0924 6 2 0.0394922 1 164264 164265 13 0 1 20 1  0
10.04 266632 16.3819 8 0 0 1 266632 266633 13 0 1 20 1  0
14.6893 378452 23.2521 8 0 0 1 267616 267617 13 0 1 20 1  0
0 260096 15.9803 8 0 0 74 269042 269043 13 0 1 20 1  0
10.7281 260244 15.9894 1 0 0 1 260244 260245 13 0 1 20 1  0
15.4238 378453 23.2522 1 0 0 1 260764 260765 13 0 1 20 1  0
0 260096 15.9803 1 0 0 281 261711 261713 13 0 1 20 1  0
11.9946 340629 20.9282 2 0 0 1 261711 261713 13 0 1 20 1  0
10.0692 261712 16.0796 3 0 0 1 261712 261713 13 0 1 20 1  0
13.317 339979 20.8883 4 0 0 3 303158 303160 13 0 1 20 1  0
10.1968 340599 20.9264 6 0 0 1 340598 340601 13 0 1 20 1  0
10.1607 346509 21.2895 5 3 0.059238 1 346509 346510 13 0 1 20 1  0
12.4444 521160 32.0201 12 525 11.9024 1 517540 522242 13 0 1 20 1  0
10.225 532471 32.715 8 0 0 1 532471 532472 13 0 1 20 1  0
13.4214 578557 35.5465 8 0 0 1 534103 534104 13 0 1 20 1  0
0 522240 32.0864 8 0 0 89 534746 534747 13 0 1 20 1  0
10.5863 522697 32.1145 1 0 0 1 522697 522698 13 0 1 20 1  0
14.2867 722102 44.3659 1 0 0 1 525293 525294 13 0 1 20 1  0
0 522240 32.0864 1 0 0 125 526962 526963 13 0 1 20 1  0
10.9971 621915 38.2105 2 0 0 1 603377 603379 13 0 1 20 1  0
12.349 607536 37.327 5 0 0 3 607520 607543 13 0 1 20 1  0
11.047 627428 38.5492 7 8 0.157966 7 627421 627431 13 0 1 20 1  0
11.0139 623485 38.3069 8 2 0.0394922 1 623477 623541 13 0 1 20 1  0
11.5796 790831 48.5887 8 0 0 1 790831 790832 13 0 1 20 1  0
13.1689 879915 54.062 8 0 0 1 793774 793775 13 0 1 20 1  0
0 784384 48.1926 8 0 0 69 798153 798154 13 0 1 20 1  0
11.8744 790832 48.5887 1 0 0 1 790832 790833 13 0 1 20 1  0
13.9843 904177 55.5526 1 0 0 1 792326 792327 13 0 1 20 1  0
0 784384 48.1926 1 0 0 126 793775 793776 13 0 1 20 1  0
12.2576 909553 55.8829 2 0 0 1 825205 825207 13 0 1 20 1  0
10.6981 1046460 64.2945 12 125 2.48631 2 1045360 1046512 13 0 1 20 1  0
11.6833 854492 52.5 12 470 10.3698 1 852702 855322 13 0 1 20 1  0
12.4578 1052054 64.6382 8 0 0 1 1052054 1052055 13 0 1 20 1  0
13.5955 1225199 75.2762 8 0 0 1 1062003 1062004 13 0 1 20 1  0
0 1046528 64.2987 8 0 0 71 1074029 1074030 13 0 1 20 1  0
10.9008 1046687 64.3084 1 0 0 1 1046687 1046688 13 0 1 20 1  0
15.8707 1262011 77.538 1 0 0 2 1050907 1050908 13 0 1 20 1  0
0 1046528 64.2987 1 0 0 211 1052054 1052056 13 0 1 20 1  0
10.5618 1308616 80.4014 12 236 4.79021 1 1308542 1308674 13 0 1 20 1  0
10.8068 1309083 80.4301 8 0 0 118 1309083 1309084 13 0 1 20 1  0
14.3494 1564827 96.143 8 0 0 2 1310210 1310211 13 0 1 20 1  0
10.0758 1308741 80.409 1 0 0 1 1308741 1308742 13 0 1 20 1  0
15.741 1504221 92.4193 1 0 0 1 1310211 1310212 13 0 1 20 1  0
0 1308672 80.4048 1 0 0 281 1311183 1311184 13 0 1 20 1  0
11.862 1529614 93.9795 2 0 0 1 1310211 1310213 13 0 1 20 1  0
12.1149 1564060 96.0958 12 309 6.4001 1 1561960 1567554 13 0 1 20 1  0
10.6631 1571991 96.5831 8 0 0 1 1571991 1571992 13 0 1 20 1  0
13.2021 1577501 96.9217 8 0 0 1 1575241 1575242 13 0 1 20 1  0
0 1570816 96.5109 8 0 0 65 1577501 1577502 13 0 1 20 1  0
10.5981 1571653 96.5624 1 0 0 1 1571653 1571654 13 0 1 20 1  0
14.6192 1692346 103.978 1 0 0 2 1571992 1571993 13 0 1 20 1  0
0 1570816 96.5109 1 0 0 187 1572631 1572632 13 0 1 20 1  0
10.3719 1579473 97.0428 2 0 0 1 1579473 1579474 13 0 1 20 1  0
11.0926 1832940 112.616 12 69 1.36517 1 1831594 1832962 13 0 1 20 1  0
10.4399 1848220 113.555 8 0 0 1 1848220 1848221 13 0 1 20 1  0
13.5409 1994307 122.53 8 0 0 1 1855574 1855575 13 0 1 20 1  0
0 1832960 112.617 8 0 0 44 1858476 1858477 13 0 1 20 1  0
10.0118 1841863 113.164 1 0 0 1 1841863 1841864 13 0 1 20 1  0
13.3017 2022324 124.252 1 0 0 1 1848221 1848222 13 0 1 20 1  0
0 1832960 112.617 1 0 0 105 1849682 1849683 13 0 1 20 1  0
10.1506 1939914 119.188 2 0 0 1 1939914 1939915 13 0 1 20 1  0
12.0155 1943984 119.438 2 0 0 1 1942521 1942523 13 0 1 20 1  0
10.0729 2071146 127.251 12 137 2.72927 1 2071146 2071258 13 0 1 20 1  0
12.0861 2095614 128.755 8 0 0 45 2095614 2095615 13 0 1 20 1  0
12.9543 2244442 137.899 8 0 0 1 2104885 2104886 13 0 1 20 1  0
11.0739 2097234 128.854 1 0 0 1 2097234 2097235 13 0 1 20 1  0
14.1736 2244443 137.899 1 0 0 1 2104886 2104887 13 0 1 20 1  0
0 2095104 128.723 1 0 0 82 2106378 2106379 13 0 1 20 1  0
10.3858 2158786 132.636 2 0 0 1 2158786 2158787 13 0 1 20 1  0
10.669 2208616 135.697 2 0 0 1 2208615 2208617 13 0 1 20 1  0
10.0359 2361054 145.063 8 0 0 1 2361054 2361055 13 0 1 20 1  0
15.4196 2380602 146.264 8 0 0 1 2362358 2362359 13 0 1 20 1  0
0 2357248 144.829 8 0 0 80 2364955 2364956 13 0 1 20 1  0
10.4645 2357470 144.843 1 0 0 1 2357470 2357471 13 0 1 20 1  0
17.9942 2379948 146.224 1 0 0 3 2358321 2358322 13 0 1 20 1  0
0 2357248 144.829 1 0 0 264 2359744 2359745 13 0 1 20 1  0
10.1709 2359774 144.985 2 0 0 1 2359774 2359775 13 0 1 20 1  0
10.9351 2505756 153.954 12 9 0.177712 1 2505408 2507140 13 0 1 20 1  0
11.0307 2619366 160.934 12 197 3.96445 1 2618806 2619394 13 0 1 20 1  0
10.6549 2625048 161.283 8 0 0 1 2625048 2625049 13 0 1 20 1  0
12.6152 2764402 169.845 8 0 0 1 2636927 2636928 13 0 1 20 1  0
0 2619392 160.935 8 0 0 157 2646184 2646185 13 0 1 20 1  0
10.271 2625015 161.281 1 0 0 1 2625015 2625016 13 0 1 20 1  0
13.5918 2870068 176.337 1 0 0 1 2629081 2629082 13 0 1 20 1  0
10.5817 2773511 170.405 2 0 0 1 2773511 2773512 13 0 1 20 1  0
11.1037 2799241 171.985 2 0 0 1 2799240 2799242 13 0 1 20 1  0
10.0321 2648211 162.706 3 0 0 2 2648211 2648212 13 0 1 20 1  0
13.1312 2648533 162.726 5 0 0 4 2648524 2648542 13 0 1 20 1  0
11.0148 2619406 160.936 12 234 4.74734 1 2619392 2620280 13 0 1 20 1  0
10.8537 2848722 175.025 12 486 10.8049 1 2848382 2848810 13 0 1 20 1  0
10.2604 2882946 177.128 8 0 0 1 2882946 2882947 13 0 1 20 1  0
14.7323 2984391 183.361 8 0 0 1 2886515 2886516 13 0 1 20 1  0
0 2881536 177.042 8 0 0 86 2887979 2887980 13 0 1 20 1  0
11.2009 2887003 177.377 1 0 0 1 2887003 2887004 13 0 1 20 1  0
15.0447 2984392 183.361 1 0 0 1 2887980 2887981 13 0 1 20 1  0
0 2881536 177.042 1 0 0 148 2888955 2888956 13 0 1 20 1  0
10.5731 2889448 177.528 2 0 0 1 2889448 2889449 13 0 1 20 1  0
11.5696 3027038 185.981 2 0 0 1 2891889 2891891 13 0 1 20 1  0
10.7589 3143310 193.125 12 242 4.91916 1 3142614 3143618 13 0 1 20 1  0
10.4214 3143328 193.126 12 2853 874.133 1 3143182 3143554 13 0 1 20 1  0
11.4826 3153395 193.745 8 0 0 1 3153395 3153396 13 0 1 20 1  0
13.9358 3384633 207.952 8 0 0 1 3158962 3158963 13 0 1 20 1  0
0 3143680 193.148 8 0 0 77 3184999 3185000 13 0 1 20 1  0
10.0597 3152413 193.684 1 0 0 1 3152413 3152414 13 0 1 20 1  0
13.773 3278776 201.448 1 0 0 1 3153396 3153397 13 0 1 20 1  0
0 3143680 193.148 1 0 0 121 3154370 3154371 13 0 1 20 1  0
11.836 3304824 203.048 2 0 0 1 3213639 3213641 13 0 1 20 1  0
10.0584 3367774 206.916 12 252 5.13532 1 3367772 3367790 13 0 1 20 1  0
10.353 3404936 209.199 12 370 7.82614 1 3404876 3405810 13 0 1 20 1  0
10.0756 3367088 206.874 12 942 28.4628 1 3366998 3367094 13 0 1 20 1  0
11.7547 3406110 209.271 8 0 0 68 3406110 3406111 13 0 1 20 1  0
12.565 3487892 214.296 8 0 0 1 3406143 3406144 13 0 1 20 1  0
12.6198 3406111 209.271 1 0 0 1 3406111 3406112 13 0 1 20 1  0
13.6978 3438084 211.236 1 0 0 1 3406143 3406144 13 0 1 20 1  0
0 3405824 209.254 1 0 0 161 3407089 3407090 13 0 1 20 1  0
10.8616 3452364 212.113 2 0 0 1 3411977 3411979 13 0 1 20 1  0
10.3155 3662122 225.001 11 84 1.66377 1 3661586 3663066 13 0 1 20 1  0
10.3061 3673987 225.73 8 0 0 1 3673987 3673988 13 0 1 20 1  0
13.6763 3834682 235.603 8 0 0 1 3674497 3674498 13 0 1 20 1  0
0 3667968 225.36 8 0 0 53 3692049 3692050 13 0 1 20 1  0
12.8654 3673988 225.73 1 0 0 1 3673988 3673989 13 0 1 20 1  0
14.7233 3754578 230.681 1 0 0 2 3674497 3674499 13 0 1 20 1  0
0 3667968 225.36 1 0 0 120 3678709 3678710 13 0 1 20 1  0
10.3962 3688800 226.64 2 0 0 1 3688800 3688801 13 0 1 20 1  0
11.304 3930022 241.461 12 8 0.157966 1 3928714 3930114 13 0 1 20 1  0
10.7224 3934677 241.747 8 0 0 1 3934677 3934678 13 0 1 20 1  0
13.9528 4039364 248.179 8 0 0 1 3935332 3935333 13 0 1 20 1  0
0 3930112 241.466 8 0 0 35 3943814 3943815 13 0 1 20 1  0
10.0709 3932386 241.606 1 0 0 1 3932386 3932387 13 0 1 20 1  0
12.9636 4039365 248.179 1 0 0 1 3934350 3934351 13 0 1 20 1  0
0 3930112 241.466 1 0 0 81 3934677 3934679 13 0 1 20 1  0
10.7978 3945738 242.426 2 0 0 1 3945737 3945739 13 0 1 20 1  0
10.2963 4193938 257.676 8 0 0 1 4193938 4193939 13 0 1 20 1  0
12.8856 4194920 257.736 8 0 0 1 4194396 4194397 13 0 1 20 1  0
0 4192256 257.572 8 0 0 62 4194920 4194921 13 0 1 20 1  0
10.4368 4194397 257.704 1 0 0 1 4194397 4194398 13 0 1 20 1  0
12.4104 4290493 263.608 1 0 0 1 4194921 4194922 13 0 1 20 1  0
0 4192256 257.572 1 0 0 89 4197342 4197343 13 0 1 20 1  0
11.1599 4262652 261.897 2 0 0 1 4262652 4262653 13 0 1 20 1  0
10.4101 4446198 273.174 2 0 0 1 4391632 4391633 13 0 1 20 1  0
11.5628 4427457 272.023 11 2689 653.526 1 4426140 4428059 13 0 1 20 1  0
0 4192256 257.572 9 2777 763.911 687 4407210 4408497 13 0 1 20 1  0
10.57 4407274 270.783 6 2814 815.718 1 4401668 4401670 13 0 1 20 1  0
10.0799 4406592 270.741 5 2819 822.984 1 4406592 4406593 13 0 1 20 1  0
10.1266 4402614 270.497 2 2840 854.211 1 4401796 4401797 13 0 1 20 1  0
11.9606 4401913 270.454 2 2843 858.768 1 4401172 4401228 13 0 1 20 1  0
10.0503 4398841 270.265 3 2861 886.624 1 4398841 4398842 13 0 1 20 1  0
11.3115 4398668 270.254 4 2866 894.52 2 4397905 4397958 13 0 1 20 1  0
12.2281 4457763 273.885 8 0 0 1 4457763 4457764 13 0 1 20 1  0
14.3851 4682568 287.697 8 0 0 1 4459744 4459745 13 0 1 20 1  0
0 4454400 273.678 8 0 0 63 4462185 4462186 13 0 1 20 1  0
10.5003 4456297 273.795 1 0 0 1 4456297 4456298 13 0 1 20 1  0
14.5581 4682569 287.697 1 0 0 2 4457763 4457765 13 0 1 20 1  0
0 4454400 273.678 1 0 0 57 4466068 4466069 13 0 1 20 1  0
10.1896 4457764 273.885 2 0 0 1 4457764 4457765 13 0 1 20 1  0
10.0544 4727692 290.469 8 0 0 1 4727692 4727693 13 0 1 20 1  0
13.2626 4895989 300.81 8 0 0 1 4728184 4728185 13 0 1 20 1  0
0 4716544 289.784 8 0 0 61 4728215 4728216 13 0 1 20 1  0
10.3961 4722345 290.141 1 0 0 1 4722345 4722346 13 0 1 20 1  0
13.1582 4930867 302.952 1 0 0 1 4725737 4725738 13 0 1 20 1  0
0 4716544 289.784 1 0 0 57 4728184 4728185 13 0 1 20 1  0
10.065 4790773 294.345 2 0 0 1 4790773 4790774 13 0 1 20 1  0
10.3919 4895990 300.81 2 0 0 1 4853295 4853296 13 0 1 20 1  0
10.6584 4944756 303.806 5 0 0 1 4944753 4944763 13 0 1 20 1  0
10.3715 4978732 305.893 8 0 0 12 4978732 4978733 13 0 1 20 1  0
11.9667 5143770 316.033 8 0 0 1 4983295 4983296 13 0 1 20 1  0
10.8842 4983296 306.174 1 0 0 1 4983296 4983297 13 0 1 20 1  0
12.1987 5202577 319.646 1 0 0 1 4986716 4986717 13 0 1 20 1  0
0 4978688 305.891 1 0 0 18 4991141 4991142 13 0 1 20 1  0
10.1697 4987438 306.428 3 0 0 1 4987438 4987439 13 0 1 20 1  0
12.3708 4988082 306.468 4 0 0 5 4987434 4987441 13 0 1 20 1  0
10.5446 5252137 322.691 8 0 0 1 5252137 5252138 13 0 1 20 1  0
12.3632 5407580 332.242 8 0 0 1 5270239 5270240 13 0 1 20 1  0
0 5240832 321.997 8 0 0 45 5278673 5278674 13 0 1 20 1  0
10.73 5251161 322.631 1 0 0 1 5251161 5251162 13 0 1 20 1  0
12.3801 5407581 332.242 1 0 0 1 5252138 5252139 13 0 1 20 1  0
0 5240832 321.997 1 0 0 62 5269217 5269218 13 0 1 20 1  0
10.1762 5290251 325.033 2 0 0 1 5290251 5290252 13 0 1 20 1  0
10.7684 5333909 327.715 2 0 0 1 5333909 5333910 13 0 1 20 1  0
11.0322 5503339 338.125 8 0 0 76 5503339 5503340 13 0 1 20 1  0
12.9949 5654872 347.435 8 0 0 1 5503371 5503372 13 0 1 20 1  0
11.3694 5503340 338.125 1 0 0 1 5503340 5503341 13 0 1 20 1  0
12.677 5759497 353.863 1 0 0 1 5503372 5503373 13 0 1 20 1  0
0 5502976 338.103 1 0 0 97 5504345 5504346 13 0 1 20 1  0
10.2565 5504652 338.206 2 0 0 1 5504652 5504653 13 0 1 20 1  0
11.0816 5552380 341.138 2 0 0 1 5552380 5552382 13 0 1 20 1  0
10.9952 5780690 355.166 8 0 0 1 5780690 5780691 13 0 1 20 1  0
12.5399 5985203 367.731 8 0 0 1 5783291 5783292 13 0 1 20 1  0
0 5765120 354.209 8 0 0 27 5787867 5787868 13 0 1 20 1  0
10.044 5765371 354.224 1 0 0 1 5765371 5765372 13 0 1 20 1  0
13.0837 5974451 367.07 1 0 0 1 5765688 5765689 13 0 1 20 1  0
0 5765120 354.209 1 0 0 48 5777082 5777083 13 0 1 20 1  0
10.7217 5778067 355.004 2 0 0 1 5778067 5778068 13 0 1 20 1  0
11.4061 5964348 366.45 2 0 0 1 5844263 5844265 13 0 1 20 1  0
13.1252 6104594 375.066 7 0 0 34 6104251 6104626 13 0 1 20 1  0
10.9537 6183712 379.927 8 0 0 1 6183712 6183713 13 0 1 20 1  0
0 6027264 370.315 8 0 0 11 6210912 6210913 13 0 1 20 1  0
10.1137 6065859 372.686 1 0 0 1 6065859 6065860 13 0 1 20 1  0
11.3499 6210913 381.598 1 0 0 1 6105299 6105300 13 0 1 20 1  0
0 6027264 370.315 1 0 0 29 6111169 6111170 13 0 1 20 1  0
12.2958 6104565 375.064 5 0 0 4 6104559 6104588 13 0 1 20 1  0
14.693 6287841 386.325 11 42 0.829836 2 6096489 6105190 13 0 1 20 1  0
10.8973 6288990 386.396 12 679 16.847 1 6286922 6289330 13 0 1 20 1  0
10.165 6319614 388.277 8 0 0 1 6319614 6319615 13 0 1 20 1  0
11.5363 6370619 391.411 8 0 0 1 6323068 6323069 13 0 1 20 1  0
0 6289408 386.421 8 0 0 3 6335779 6335780 13 0 1 20 1  0
10.0052 6297616 386.926 1 0 0 1 6297616 6297617 13 0 1 20 1  0
13.8287 6371600 391.471 1 0 0 1 6297650 6297651 13 0 1 20 1  0
0 6289408 386.421 1 0 0 25 6315247 6315248 13 0 1 20 1  0
10.6128 6370621 391.411 2 0 0 1 6370620 6370622 13 0 1 20 1  0
10.5369 6289506 386.427 12 430 9.31787 1 6289408 6289748 13 0 1 20 1  0
10.9971 6572737 403.829 8 0 0 1 6572737 6572738 13 0 1 20 1  0
11.4058 6584146 404.53 8 0 0 1 6584146 6584147 13 0 1 20 1  0
11.8869 6572738 403.829 1 0 0 2 6572738 6572739 13 0 1 20 1  0
11.63 6584147 404.53 1 0 0 1 6584147 6584148 13 0 1 20 1  0
0 6551552 402.527 1 0 0 2 6700476 6700477 13 0 1 20 1  0
10.1522 6818941 418.956 8 0 0 1 6818941 6818942 13 0 1 20 1  0
11.6236 6927300 425.613 8 0 0 1 6828375 6828376 13 0 1 20 1  0
0 6813696 418.633 8 0 0 12 6849120 6849121 13 0 1 20 1  0
11.2785 6818942 418.956 1 0 0 1 6818942 6818943 13 0 1 20 1  0
12.8559 6903813 424.17 1 0 0 1 6856418 6856419 13 0 1 20 1  0
0 6813696 418.633 1 0 0 17 6869926 6869927 13 0 1 20 1  0
14.3348 7075834 434.739 12 3319 1997.43 1 7073382 7075842 13 0 1 20 1  0
10.2349 7256683 445.851 8 0 0 1 7256683 7256684 13 0 1 20 1  0
10.4614 7085956 435.361 1 0 0 1 7085956 7085957 13 0 1 20 1  0
10.6725 7259328 446.013 1 0 0 1 7108465 7108466 13 0 1 20 1  0
0 7075840 434.74 1 0 0 4 7126353 7126354 13 0 1 20 1  0
11.8757 7337910 450.841 12 26 0.513479 1 7334778 7337986 13 0 1 20 1  0
11.9269 7191278 441.832 12 255 5.20048 1 7188762 7194704 13 0 1 20 1  0
0 7075840 434.74 12 255 5.20048 1 7209618 7209644 13 0 1 20 1  0
13.6525 7203926 442.609 12 1513 80.8342 33 7201790 7205668 13 0 1 20 1  0
11.3588 7200614 442.406 12 1891 158.563 1 7199026 7202020 13 0 1 20 1  0
10.4086 7456879 458.151 8 0 0 1 7456879 7456880 13 0 1 20 1  0
10.3858 7371842 452.926 1 0 0 1 7371842 7371843 13 0 1 20 1  0
10.9547 7556851 464.293 1 0 0 1 7373012 7373013 13 0 1 20 1  0
0 7337984 450.846 1 0 0 70 7376620 7376621 13 0 1 20 1  0
14.5828 7392151 454.174 8 0 0 47 7388561 7388609 13 0 1 20 1  0
15.6134 7388658 453.959 6 0 0 13 7388633 7388683 13 0 1 20 1  0
11.6396 7356118 451.96 9 18 0.355443 8 7356065 7357196 13 0 1 20 1  0
10.1657 7861435 483.007 8 0 0 1 7861435 7861436 13 0 1 20 1  0
10.8515 7619258 468.127 1 0 0 1 7619258 7619259 13 0 1 20 1  0
10.6605 7861436 483.007 1 0 0 1 7861436 7861437 13 0 1 20 1  0
10.6678 7602336 467.087 12 508 11.4173 1 7600584 7602928 13 0 1 20 1  0
10.1706 7888471 484.668 8 0 0 1 7888471 7888472 13 0 1 20 1  0
10.2054 8052346 494.736 8 0 0 1 8052346 8052347 13 0 1 20 1  0
10.2506 7997800 491.385 1 0 0 1 7997800 7997801 13 0 1 20 1  0
11.5749 7999905 491.514 1 0 0 1 7999905 7999906 13 0 1 20 1  0
0 7862272 483.058 1 0 0 2 8056423 8056424 13 0 1 20 1  0
10.3031 7900852 485.428 12 1749 123.167 1 7900528 7901474 13 0 1 20 1  0
10.8372 8196528 503.595 8 0 0 1 8196528 8196529 13 0 1 20 1  0
10.2222 8220956 505.096 8 0 0 1 8220956 8220957 13 0 1 20 1  0
0 8124416 499.164 8 0 0 3 8262341 8262342 13 0 1 20 1  0
11.5228 8196529 503.595 1 0 0 1 8196529 8196530 13 0 1 20 1  0
10.9854 8262342 507.638 1 0 0 1 8262342 8262343 13 0 1 20 1  0
0 8124416 499.164 1 0 0 3 8336634 8336635 13 0 1 20 1  0
10.5357 8386556 515.27 12 2744 720.486 1 8386154 8386562 13 0 1 20 1  0
10.8432 8439940 518.55 1 0 0 1 8439940 8439941 13 0 1 20 1  0
11.2225 8605143 528.7 1 0 0 1 8446455 8446456 13 0 1 20 1  0
0 8386560 515.27 1 0 0 14 8604167 8604168 13 0 1 20 1  0
11.6319 8604167 528.64 2 0 0 4 8604166 8604169 13 0 1 20 1  0
16.5309 8603224 528.582 12 129 2.56717 60 8601894 8605332 13 0 1 20 1  0
10.3505 8602209 528.52 6 3 0.059238 1 8602209 8602210 13 0 1 20 1  0
10.679 8565852 526.286 12 2350 358.192 3 8565542 8566516 13 0 1 20 1  0
10.01 8717520 535.604 8 0 0 1 8717520 8717521 13 0 1 20 1  0
10.2897 8717849 535.625 1 0 0 1 8717849 8717850 13 0 1 20 1  0
10.8421 8745877 537.347 2 0 0 2 8745877 8745878 13 0 1 20 1  0
10.4868 8735127 536.686 2 0 0 1 8735127 8735128 13 0 1 20 1  0
25.7339 8733996 536.617 12 61 1.2063 50 8731760 8741524 13 0 1 20 1  0
0 8648704 531.376 10 0 0 15 8822121 8822629 13 0 1 20 1  0
10.6148 8738712 536.906 6 1 0.0197462 1 8738712 8738713 13 0 1 20 1  0
14.3406 8823800 542.134 12 209 4.21635 4 8733002 8736068 13 0 1 20 1  0
10.7112 8909660 547.409 12 448 9.78513 1 8909398 8910010 13 0 1 20 1  0
11.5943 8732744 536.54 12 1255 50.7984 1 8731916 8733922 13 0 1 20 1  0
10.1419 8904750 547.108 12 1318 56.9364 1 8904528 8904812 13 0 1 20 1  0
10.7582 8800640 540.711 12 2059 213.708 4 8799946 8801144 13 0 1 20 1  0
10.6176 8713780 535.375 12 2812 812.83 2 8713066 8714134 13 0 1 20 1  0
10.6037 8969472 551.084 8 0 0 1 8969472 8969473 13 0 1 20 1  0
10.2297 8916267 547.815 1 0 0 1 8916267 8916268 13 0 1 20 1  0
11.613 8917197 547.873 1 0 0 1 8917197 8917198 13 0 1 20 1  0
0 8910848 547.482 1 0 0 9 8926318 8926319 13 0 1 20 1  0
10.1451 9027674 554.66 2 0 0 1 9027674 9027675 13 0 1 20 1  0
10.8491 9239362 567.666 8 0 0 1 9239362 9239363 13 0 1 20 1  0
12.1047 9246533 568.107 8 0 0 1 9246206 9246207 13 0 1 20 1  0
0 9172992 563.589 8 0 0 10 9246533 9246534 13 0 1 20 1  0
10.1764 9174530 563.683 1 0 0 1 9174530 9174531 13 0 1 20 1  0
12.3445 9246534 568.107 1 0 0 1 9227626 9227627 13 0 1 20 1  0
0 9172992 563.589 1 0 0 21 9239048 9239049 13 0 1 20 1  0
18.6161 9415873 578.511 9 1 0.0197462 67 9415683 9416175 13 0 1 20 1  0
10.7539 9412562 578.308 12 705 17.795 1 9412352 9412652 13 0 1 20 1  0
10.4742 9435136 579.695 12 3136 1443.89 1 9435030 9435138 13 0 1 20 1  0
10.2771 9577967 588.47 8 0 0 1 9577967 9577968 13 0 1 20 1  0
10.2599 9650915 592.952 8 0 0 1 9650915 9650916 13 0 1 20 1  0
10.1307 9455323 580.935 1 0 0 1 9455323 9455324 13 0 1 20 1  0
10.4687 9618525 590.962 1 0 0 1 9472907 9472908 13 0 1 20 1  0
0 9435136 579.695 1 0 0 71 9510245 9510246 13 0 1 20 1  0
10.1831 9508127 584.179 2 0 0 1 9508127 9508128 13 0 1 20 1  0
12.6433 9510241 584.309 6 1 0.0197462 5 9482207 9482245 13 0 1 20 1  0
10.7121 9510908 584.35 4 0 0 1 9503399 9503401 13 0 1 20 1  0
11.9511 9503406 583.889 5 0 0 1 9482703 9482715 13 0 1 20 1  0
15.8861 9482563 582.609 10 0 0 17 9480611 9490874 13 0 1 20 1  0
11.777 9510141 584.303 11 208 4.19529 3 9480777 9483140 13 0 1 20 1  0
10.0223 9465971 581.589 11 2019 199.054 1 9465971 9465973 13 0 1 20 1  0
10.1056 9487104 582.888 12 2715 684.367 1 9486874 9487262 13 0 1 20 1  0
13.7201 9435156 579.696 12 2785 774.826 7 9435136 9437118 13 0 1 20 1  0
10.8418 9453398 580.817 12 3227 1696.75 1 9452058 9454050 13 0 1 20 1  0
10.491 9940023 610.715 8 0 0 1 9940023 9940024 13 0 1 20 1  0
10.0158 9697695 595.826 1 0 0 1 9697695 9697696 13 0 1 20 1  0
11.8415 9940023 610.715 1 0 0 2 9698633 9698634 13 0 1 20 1  0
0 9697280 595.801 1 0 0 57 9699122 9699123 13 0 1 20 1  0
11.1271 9959198 611.893 12 109 2.16404 1 9957564 9959426 13 0 1 20 1  0
10.8055 9697478 595.813 12 514 11.5873 2 9697280 9699862 13 0 1 20 1  0
10.5865 9967057 612.376 8 0 0 1 9967057 9967058 13 0 1 20 1  0
11.8345 10052406 617.62 8 0 0 1 9990831 9990832 13 0 1 20 1  0
0 9959424 611.907 8 0 0 11 10041001 10041002 13 0 1 20 1  0
10.6113 9961198 612.016 1 0 0 1 9961198 9961199 13 0 1 20 1  0
11.771 10052407 617.62 1 0 0 1 9974716 9974717 13 0 1 20 1  0
0 9959424 611.907 1 0 0 22 9978627 9978628 13 0 1 20 1  0
10.0346 10040676 616.899 5 13 0.256698 1 10040676 10040677 13 0 1 20 1  0
12.7132 10220950 627.975 12 31 0.612292 1 10076672 10088432 13 0 1 20 1  0
0 9959424 611.907 12 31 0.612292 1 10218278 10221570 13 0 1 20 1  0
10.3589 10250471 629.789 8 0 0 1 10250471 10250472 13 0 1 20 1  0
10.735 10406988 639.405 8 0 0 1 10319045 10319046 13 0 1 20 1  0
11.8151 10222254 628.055 11 71 1.40493 4 10221568 10224177 13 0 1 20 1  0
10.1975 10256335 630.149 1 0 0 1 10256335 10256336 13 0 1 20 1  0
11.3703 10367108 636.955 1 0 0 1 10295398 10295399 13 0 1 20 1  0
0 10221568 628.013 1 0 0 22 10303247 10303248 13 0 1 20 1  0
10.1147 10374896 637.434 2 0 0 1 10374896 10374897 13 0 1 20 1  0
10.9712 10470712 643.32 2 0 0 1 10466816 10466819 13 0 1 20 1  0
10.4821 10462042 642.788 12 216 4.36416 1 10458458 10462082 13 0 1 20 1  0
11.2402 10225304 628.243 12 1205 46.3822 1 10223136 10226870 13 0 1 20 1  0
10.0838 10529051 646.905 2 0 0 2 10529051 10529052 13 0 1 20 1  0
11.3116 10617317 652.328 1 0 0 1 10531770 10531771 13 0 1 20 1  0
0 10483712 644.119 1 0 0 676 10542086 10542087 13 0 1 20 1  0
10.6036 10557073 648.627 2 0 0 2 10557072 10557074 13 0 1 20 1  0
10.1417 10526919 646.774 6 1 0.0197462 1 10526917 10526920 13 0 1 20 1  0
20.3528 10607102 651.7 7 114 2.26455 4839 10607038 10607162 13 0 1 20 1  0
0 10483712 644.119 9 942 28.4628 1 10607807 10608500 13 0 1 20 1  0
10.2794 10524586 646.631 9 1859 149.794 1 10524573 10524595 13 0 1 20 1  0
0 10483712 644.119 12 1863 150.863 2 10604124 10605512 13 0 1 20 1  0
10.5476 10603126 651.456 12 2132 243.28 1 10602686 10604076 13 0 1 20 1  0
10.3999 10783300 662.526 8 0 0 1 10783300 10783301 13 0 1 20 1  0
11.007 10929787 671.526 8 0 0 1 10929787 10929788 13 0 1 20 1  0
0 10745856 660.225 8 0 0 3 10956984 10956985 13 0 1 20 1  0
10.309 10778291 662.218 1 0 0 1 10778291 10778292 13 0 1 20 1  0
11.6392 10929788 671.526 1 0 0 1 10783301 10783302 13 0 1 20 1  0
0 10745856 660.225 1 0 0 11 10828443 10828444 13 0 1 20 1  0
10.1171 11102601 682.144 8 0 0 1 11102601 11102602 13 0 1 20 1  0
11.0463 11200522 688.16 8 0 0 1 11165643 11165644 13 0 1 20 1  0
0 11008000 676.331 8 0 0 88 11200522 11200523 13 0 1 20 1  0
10.0704 11009920 676.449 1 0 0 1 11009920 11009921 13 0 1 20 1  0
12.39 11033392 677.892 1 0 0 1 11015784 11015785 13 0 1 20 1  0
0 11008000 676.331 1 0 0 38 11020345 11020346 13 0 1 20 1  0
12.6969 11064995 679.833 2 0 0 1 11015783 11015785 13 0 1 20 1  0
11.836 11236358 690.362 3 0 0 1 11015782 11015787 13 0 1 20 1  0
11.8404 11168893 686.217 4 0 0 3 11168887 11168898 13 0 1 20 1  0
10.0388 11016282 676.84 5 0 0 1 11016282 11016283 13 0 1 20 1  0
11.4399 11192389 687.66 5 0 0 1 11021328 11021334 13 0 1 20 1  0
10.0875 11208999 688.681 4 1 0.0197462 1 11208999 11209000 13 0 1 20 1  0
10.5653 11189044 687.455 12 213 4.30073 1 11188334 11189752 13 0 1 20 1  0
10.2283 11316315 695.274 1 0 0 1 11316315 11316316 13 0 1 20 1  0
10.9346 11366995 698.388 1 0 0 1 11316837 11316838 13 0 1 20 1  0
0 11270144 692.438 1 0 0 9 11329681 11329682 13 0 1 20 1  0
10.7023 11275778 692.784 2 0 0 1 11275778 11275779 13 0 1 20 1  0
10.2637 11521387 707.874 2 0 0 1 11521387 11521388 13 0 1 20 1  0
10.2734 11630302 714.566 8 0 0 1 11630302 11630303 13 0 1 20 1  0
10.225 11630302 714.566 1 0 0 1 11630302 11630303 13 0 1 20 1  0
10.3814 11712889 719.64 1 0 0 1 11712889 11712890 13 0 1 20 1  0
0 11532288 708.544 1 0 0 1 11755551 11755552 13 0 1 20 1  0
13.5503 11794430 724.65 12 2217 282.896 19 11792988 11794434 13 0 1 20 1  0
10.4586 11533778 708.635 12 2907 961.984 1 11533508 11533988 13 0 1 20 1  0
11.7755 11852604 728.224 1 0 0 1 11852604 11852605 13 0 1 20 1  0
11.7236 12046394 740.13 1 0 0 1 11857489 11857490 13 0 1 20 1  0
0 11794432 724.65 1 0 0 11 11867730 11867731 13 0 1 20 1  0
10.2232 11865631 729.024 2 0 0 1 11852604 11852606 13 0 1 20 1  0
11.072 11874706 729.582 11 1626 98.9214 7 11810414 11811096 13 0 1 20 1  0
0 11794432 724.65 11 1626 98.9214 9 11871977 11875274 13 0 1 20 1  0
13.2361 11808595 725.52 11 1742 121.642 107 11806801 11809999 13 0 1 20 1  0
11.8182 12258230 753.146 8 0 0 1 12258230 12258231 13 0 1 20 1  0
10.1501 12275494 754.206 8 0 0 1 12275494 12275495 13 0 1 20 1  0
11.1572 12097527 743.272 1 0 0 2 12097527 12097528 13 0 1 20 1  0
11.3277 12244231 752.286 2 0 0 3 12140184 12140185 13 0 1 20 1  0
0 12056576 740.756 1 0 0 18 12133984 12133985 13 0 1 20 1  0
10.8399 12340805 758.219 8 0 0 1 12340805 12340806 13 0 1 20 1  0
10.695 12340806 758.219 1 0 0 1 12340806 12340807 13 0 1 20 1  0
12.1454 12515167 768.932 1 0 0 1 12410823 12410824 13 0 1 20 1  0
0 12318720 756.862 1 0 0 19 12427574 12427575 13 0 1 20 1  0
10.1015 12482140 766.903 2 0 0 1 12482140 12482141 13 0 1 20 1  0
11.1404 12565822 772.044 2 0 0 2 12515167 12515169 13 0 1 20 1  0
10.5905 12580949 772.973 8 0 0 5 12580949 12580950 13 0 1 20 1  0
10.9138 12613514 774.974 8 0 0 1 12602629 12602630 13 0 1 20 1  0
10.5388 12580950 772.974 1 0 0 1 12580950 12580951 13 0 1 20 1  0
10.9454 12613515 774.974 1 0 0 1 12600018 12600019 13 0 1 20 1  0
0 12580864 772.968 1 0 0 10 12602630 12602631 13 0 1 20 1  0
10.1645 12602630 774.306 2 0 0 1 12602630 12602631 13 0 1 20 1  0
10.2064 12694933 779.977 2 0 0 1 12694933 12694934 13 0 1 20 1  0
10.0324 12692848 779.849 12 1967 181.491 1 12692844 12692850 13 0 1 20 1  0
11.1801 12849166 789.453 8 0 0 1 12849166 12849167 13 0 1 20 1  0
11.0038 12852093 789.633 8 0 0 1 12852093 12852094 13 0 1 20 1  0
0 12843008 789.074 8 0 0 1 12898972 12898973 13 0 1 20 1  0
10.147 12849167 789.453 1 0 0 1 12849167 12849168 13 0 1 20 1  0
10.9865 12859913 790.113 1 0 0 1 12852094 12852095 13 0 1 20 1  0
0 12843008 789.074 1 0 0 9 12859913 12859914 13 0 1 20 1  0
10.2361 13030208 800.576 2 0 0 1 13030208 13030209 13 0 1 20 1  0
11.0516 13104538 805.143 12 287 5.90495 1 13103484 13105154 13 0 1 20 1  0
10.1917 12844592 789.172 12 366 7.73002 1 12844576 12844716 13 0 1 20 1  0
10.8099 12844428 789.162 12 822 22.5606 1 12843278 12844974 13 0 1 20 1  0
10.3243 13144808 807.617 1 0 0 1 13144808 13144809 13 0 1 20 1  0
10.0338 13234969 813.156 1 0 0 1 13177364 13177365 13 0 1 20 1  0
0 13105152 805.18 1 0 0 3 13234969 13234970 13 0 1 20 1  0
10.0316 13124761 806.385 2 0 0 1 13124761 13124762 13 0 1 20 1  0
10.4189 13188747 810.317 3 0 0 2 13168724 13168729 13 0 1 20 1  0
10.3866 13165457 808.886 3 0 0 1 13165457 13165458 13 0 1 20 1  0
10.6267 13168723 809.086 5 0 0 4 13168721 13168728 13 0 1 20 1  0
11.5659 13434655 825.425 8 0 0 1 13434655 13434656 13 0 1 20 1  0
12.1344 13487261 828.657 8 0 0 1 13466545 13466546 13 0 1 20 1  0
0 13367296 821.287 8 0 0 29 13474856 13474857 13 0 1 20 1  0
10.4 13378838 821.996 1 0 0 1 13378838 13378839 13 0 1 20 1  0
11.7147 13402258 823.435 1 0 0 1 13392007 13392008 13 0 1 20 1  0
0 13367296 821.287 1 0 0 13 13402258 13402259 13 0 1 20 1  0
11.2854 13436286 825.525 2 0 0 1 13434655 13434658 13 0 1 20 1  0
12.5524 13441337 825.836 4 0 0 2 13426700 13426701 13 0 1 20 1  0
10.1844 13424544 824.804 4 0 0 1 13424544 13424545 13 0 1 20 1  0
11.8322 13441030 825.817 5 0 0 2 13424533 13424542 13 0 1 20 1  0
10.3083 13439714 825.736 6 0 0 1 13424535 13424550 13 0 1 20 1  0
10.0372 13695951 841.479 8 0 0 1 13695951 13695952 13 0 1 20 1  0
10.5159 13845110 850.644 8 0 0 1 13775321 13775322 13 0 1 20 1  0
0 13629440 837.393 8 0 0 1 13845110 13845111 13 0 1 20 1  0
10.2684 13664385 839.54 1 0 0 1 13664385 13664386 13 0 1 20 1  0
11.4837 13823974 849.345 1 0 0 2 13678228 13678229 13 0 1 20 1  0
0 13629440 837.393 1 0 0 13 13679857 13679858 13 0 1 20 1  0
12.8105 13803808 848.106 12 268 5.48454 1 13800978 13807140 13 0 1 20 1  0
10.875 13719186 842.907 12 1009 32.3015 1 13719024 13719674 13 0 1 20 1  0
15.7417 13715722 842.694 12 1784 131.085 12 13713246 13717542 13 0 1 20 1  0
0 13629440 837.393 12 1712 115.313 2 13796540 13797228 13 0 1 20 1  0
14.2069 13793548 847.476 12 2039 206.251 14 13710854 13712848 13 0 1 20 1  0
0 13629440 837.393 12 2039 206.251 2 13790072 13795876 13 0 1 20 1  0
10.7007 14101790 866.414 8 0 0 1 14101790 14101791 13 0 1 20 1  0
10.3321 13895861 853.762 1 0 0 1 13895861 13895862 13 0 1 20 1  0
11.4748 13940414 856.499 1 0 0 1 13899146 13899147 13 0 1 20 1  0
0 13891584 853.499 1 0 0 16 13909188 13909189 13 0 1 20 1  0
11.4999 13991600 859.644 12 316 6.55965 4 13989136 13992104 13 0 1 20 1  0
11.0761 14152576 869.534 12 278 5.70501 1 14152280 14152740 13 0 1 20 1  0
15.6562 14007860 860.643 12 1330 58.1837 83 14005952 14010130 13 0 1 20 1  0
13.1983 13998004 860.037 12 2153 252.52 1 13994998 14000792 13 0 1 20 1  0
10.2304 14296650 878.386 8 0 0 1 14296650 14296651 13 0 1 20 1  0
10.8047 14299248 878.546 8 0 0 1 14299248 14299249 13 0 1 20 1  0
0 14153728 869.605 8 0 0 2 14303479 14303480 13 0 1 20 1  0
10.0681 14161021 870.053 1 0 0 1 14161021 14161022 13 0 1 20 1  0
12.2375 14299249 878.546 1 0 0 3 14172043 14172044 13 0 1 20 1  0
0 14153728 869.605 1 0 0 32 14204911 14204912 13 0 1 20 1  0
10.0236 14204912 872.75 2 0 0 1 14204912 14204913 13 0 1 20 1  0
11.5487 14322836 879.995 3 0 0 1 14322834 14322838 13 0 1 20 1  0
11.3284 14314028 879.454 4 0 0 2 14314023 14314031 13 0 1 20 1  0
10.0535 14271790 876.859 12 150 2.99385 1 14271776 14271800 13 0 1 20 1  0
11.1379 14415380 885.681 12 196 3.94354 1 14413238 14415852 13 0 1 20 1  0
10.3923 14318422 879.724 12 510 11.4739 1 14317486 14318624 13 0 1 20 1  0
15.3458 14253584 875.74 12 1487 77.157 11 14252158 14255360 13 0 1 20 1  0
0 14153728 869.605 12 1435 70.2873 2 14286010 14288332 13 0 1 20 1  0
11.166 14250307 875.539 11 2056 212.573 4 14248607 14250976 13 0 1 20 1  0
172.064 4400448 270.364 10 2855 877.239 1018 4399463 4401436 13 0 1 20 1 1
