10.461 2238 0.137503 8 0 0 631 2238 2239 13 0 1 20 1  0
21.2958 81070 4.98094 8 0 0 1 3041 3042 13 0 1 20 1  0
16.6915 251426 15.4476 8 0 0 1 3072 3073 13 0 1 20 1  0
11.5071 2239 0.137564 1 0 0 1 2239 2240 13 0 1 20 1  0
19.6237 106178 6.52358 1 0 0 1 2555 2556 13 0 1 20 1  0
18.4695 208683 12.8215 1 0 0 1 3042 3043 13 0 1 20 1  0
0 2048 0.125829 1 0 0 909 3073 3074 13 0 1 20 1  0
10.036 9580 0.588595 2 0 0 1 9580 9581 13 0 1 20 1  0
14.0749 81040 4.9791 2 0 0 1 16104 16107 13 0 1 20 1  0
10.3077 69652 4.27942 3 0 0 1 69652 69653 13 0 1 20 1  0
14.4407 110160 6.76823 3 0 0 13 72921 72922 13 0 1 20 1  0
10.0618 109173 6.70759 2 4 0.0789836 1 109173 109174 13 0 1 20 1  0
11.6464 205734 12.6403 12 248 5.04867 3 203698 211306 13 0 1 20 1  0
10.1376 177632 10.9137 12 1155 42.3308 1 177230 177676 13 0 1 20 1  0
15.8103 260592 16.0108 8 0 0 647 260592 260593 13 0 1 20 1  0
20.5838 461991 28.3847 8 0 0 1 262058 262059 13 0 1 20 1  0
20.4945 498204 30.6097 8 0 0 1 262521 262522 13 0 1 20 1  0
20.6059 428507 26.3275 1 0 0 1 260592 260594 13 0 1 20 1  0
22.2957 498205 30.6097 1 0 0 1 261571 261573 13 0 1 20 1  0
0 260096 15.9803 1 0 0 965 262522 262523 13 0 1 20 1  0
15.599 372869 22.9091 2 0 0 1 260592 260594 13 0 1 20 1  0
11.9376 515496 31.6721 2 0 0 1 266445 266446 13 0 1 20 1  0
13.7273 522510 32.103 8 0 0 721 522510 522511 13 0 1 20 1  0
20.7201 664038 40.7985 8 0 0 1 523198 523199 13 0 1 20 1  0
18.7064 784323 48.1888 8 0 0 1 523660 523661 13 0 1 20 1  0
21.668 539994 33.1772 1 0 0 1 522510 522512 13 0 1 20 1  0
0 522240 32.0864 1 0 0 1072 523170 523171 13 0 1 20 1  0
15.8817 633016 38.8925 2 0 0 1 523660 523663 13 0 1 20 1  0
11.2455 764619 46.9782 3 0 0 1 642376 642378 13 0 1 20 1  0
10.4965 671819 41.2766 8 1 0.0197462 2 671816 671851 13 0 1 20 1  0
10.3975 759021 46.6342 11 227 4.59778 1 759003 759041 13 0 1 20 1  0
14.3058 667320 41.0001 12 933 27.9789 10 598122 600448 13 0 1 20 1  0
17.0332 596906 36.6739 12 1493 77.9907 53 594246 598726 13 0 1 20 1  0
0 522240 32.0864 12 933 27.9789 13 666538 670096 13 0 1 20 1  0
13.3006 689014 42.333 12 1813 138.026 17 686426 691806 13 0 1 20 1  0
10.2147 675478 41.5014 12 3023 1181.7 1 675438 675810 13 0 1 20 1  0
16.5455 784808 48.2186 8 0 0 1374 784808 784809 13 0 1 20 1  0
21.1768 974224 59.8563 8 0 0 1 785296 785297 13 0 1 20 1  0
15.7902 1045590 64.2411 8 0 0 1 786126 786127 13 0 1 20 1  0
21.5049 974225 59.8564 1 0 0 1 784808 784810 13 0 1 20 1  0
19.2162 1020096 62.6747 1 0 0 1 785296 785297 13 0 1 20 1  0
11.5715 786127 48.2996 2 0 0 1 786127 786128 13 0 1 20 1  0
16.4746 977139 60.0354 2 0 0 1 786782 786783 13 0 1 20 1  0
15.1273 923648 56.7489 3 0 0 10 923643 923659 13 0 1 20 1  0
10.1551 915816 56.2677 7 0 0 1 905676 905682 13 0 1 20 1  0
10.0438 794118 48.7906 2 1 0.0197462 1 794118 794119 13 0 1 20 1  0
11.6064 883003 54.2517 10 19 0.375194 11 882775 883120 13 0 1 20 1  0
10.3856 998989 61.3779 11 1736 120.349 3 998890 999709 13 0 1 20 1  0
10.1504 990052 60.8288 12 2419 404.835 2 989524 990104 13 0 1 20 1  0
12.5943 1046551 64.3001 8 0 0 1735 1046551 1046552 13 0 1 20 1  0
20.6134 1093885 67.2083 8 0 0 1 1047185 1047186 13 0 1 20 1  0
19.9134 1298033 79.7511 8 0 0 15 1047213 1047214 13 0 1 20 1  0
24.8219 1111847 68.3119 1 0 0 2 1047185 1047187 13 0 1 20 1  0
10.721 1047186 64.3391 2 0 0 1 1047186 1047187 13 0 1 20 1  0
11.1671 1308670 80.4047 12 329 6.85864 2 1307990 1308674 13 0 1 20 1  0
16.5219 1307264 80.3183 12 1306 55.7148 97 1174828 1174924 13 0 1 20 1  0
0 1046528 64.2987 12 1281 53.2504 2 1306354 1308640 13 0 1 20 1  0
12.1731 1255072 77.1116 12 1703 113.479 1 1254182 1256566 13 0 1 20 1  0
11.6178 1193716 73.3419 12 1746 122.511 3 1192586 1194848 13 0 1 20 1  0
11.3872 1294710 79.547 12 2071 218.31 1 1292660 1295874 13 0 1 20 1  0
12.1348 1308756 80.41 8 0 0 632 1308756 1308757 13 0 1 20 1  0
23.0186 1424544 87.524 8 0 0 1 1309252 1309253 13 0 1 20 1  0
17.6063 1566560 96.2494 8 0 0 1 1309283 1309285 13 0 1 20 1  0
10.3063 1308757 80.41 1 0 0 1 1308757 1308758 13 0 1 20 1  0
22.5754 1416704 87.0423 1 0 0 1 1309252 1309254 13 0 1 20 1  0
18.6236 1527548 93.8525 1 0 0 1 1309283 1309285 13 0 1 20 1  0
0 1308672 80.4048 1 0 0 861 1309738 1309739 13 0 1 20 1  0
15.7821 1426501 87.6442 2 0 0 1 1309252 1309255 13 0 1 20 1  0
10.4727 1313060 80.6744 3 0 0 1 1313059 1313062 13 0 1 20 1  0
10.008 1391119 85.4703 4 1 0.0197462 1 1391119 1391120 13 0 1 20 1  0
11.8141 1321894 81.2172 5 6 0.118475 49 1321885 1321897 13 0 1 20 1  0
12.4107 1542458 94.7686 12 544 12.4574 4 1310796 1311256 13 0 1 20 1  0
0 1308672 80.4048 12 544 12.4574 1 1541816 1543078 13 0 1 20 1  0
10.0946 1308692 80.406 12 1165 43.1135 1 1308672 1308722 13 0 1 20 1  0
15.4257 1570965 96.5201 8 0 0 645 1570965 1570966 13 0 1 20 1  0
18.4141 1595465 98.0254 8 0 0 1 1570997 1570999 13 0 1 20 1  0
16.942 1815733 111.559 8 0 0 1 1571464 1571465 13 0 1 20 1  0
21.831 1595466 98.0254 1 0 0 2 1570965 1570967 13 0 1 20 1  0
17.168 1746005 107.275 1 0 0 1 1570997 1570999 13 0 1 20 1  0
0 1570816 96.5109 1 0 0 905 1571464 1571466 13 0 1 20 1  0
10.1179 1676841 103.025 3 0 0 1 1676841 1676842 13 0 1 20 1  0
10.9019 1717981 105.553 3 0 0 2 1717980 1717985 13 0 1 20 1  0
10.3526 1606637 98.7118 5 2 0.0394922 2 1606629 1606638 13 0 1 20 1  0
11.4057 1580397 97.0996 11 48 0.948609 2 1579088 1580760 13 0 1 20 1  0
10.9372 1833192 112.631 8 0 0 544 1833192 1833193 13 0 1 20 1  0
18.1869 2015045 123.804 8 0 0 1 1833506 1833507 13 0 1 20 1  0
11.613 1833507 112.651 1 0 0 1 1833507 1833508 13 0 1 20 1  0
18.4694 1985014 121.959 1 0 0 1 1833552 1833553 13 0 1 20 1  0
19.3368 2087207 128.238 1 0 0 1 1833835 1833836 13 0 1 20 1  0
0 1832960 112.617 1 0 0 689 1833880 1833881 13 0 1 20 1  0
14.5152 1983375 121.859 2 0 0 1 1836448 1836451 13 0 1 20 1  0
11.6801 2092163 128.542 5 4 0.0789836 11 2092157 2092167 13 0 1 20 1  0
10.1436 1944724 119.484 12 3029 1194.34 1 1944634 1944830 13 0 1 20 1  0
10.9564 2095529 128.749 8 0 0 572 2095529 2095530 13 0 1 20 1  0
19.4817 2125089 130.565 8 0 0 1 2095561 2095562 13 0 1 20 1  0
20.6525 2123447 130.465 1 0 0 2 2095529 2095531 13 0 1 20 1  0
19.372 2353501 144.599 1 0 0 1 2095561 2095563 13 0 1 20 1  0
0 2095104 128.723 1 0 0 727 2096223 2096224 13 0 1 20 1  0
12.4778 2318856 142.471 3 0 0 1 2318854 2318861 13 0 1 20 1  0
15.6241 2289418 140.662 12 2382 379.115 1 2287118 2293236 13 0 1 20 1  0
0 2095104 128.723 9 2764 746.5 592 2344715 2344827 13 0 1 20 1  0
12.0794 2347148 144.209 12 3244 1748.68 1 2346014 2350028 13 0 1 20 1  0
13.4816 2357900 144.869 8 0 0 634 2357900 2357901 13 0 1 20 1  0
21.5284 2459949 151.139 8 0 0 1 2359204 2359205 13 0 1 20 1  0
18.6117 2588321 159.026 8 0 0 1 2359529 2359530 13 0 1 20 1  0
12.2801 2357901 144.869 1 0 0 1 2357901 2357902 13 0 1 20 1  0
21.544 2483781 152.604 1 0 0 1 2359205 2359206 13 0 1 20 1  0
19.2618 2588322 159.027 1 0 0 1 2359530 2359531 13 0 1 20 1  0
0 2357248 144.829 1 0 0 894 2359857 2359858 13 0 1 20 1  0
10.7576 2360513 145.03 2 0 0 1 2360513 2360514 13 0 1 20 1  0
14.3247 2459949 151.139 2 0 0 1 2360882 2360884 13 0 1 20 1  0
10.0042 2373949 145.855 3 0 0 1 2373949 2373950 13 0 1 20 1  0
12.3795 2410413 148.096 3 0 0 4 2410409 2410418 13 0 1 20 1  0
10.9046 2477202 152.199 4 2 0.0394922 2 2410404 2410411 13 0 1 20 1  0
11.1211 2619392 160.935 12 1390 64.8271 2 2618082 2619394 13 0 1 20 1  0
11.1943 2357268 144.831 12 2687 651.212 5 2357248 2358168 13 0 1 20 1  0
12.7005 2619678 160.953 8 0 0 1991 2619678 2619679 13 0 1 20 1  0
20.2898 2686295 165.046 8 0 0 1 2619999 2620001 13 0 1 20 1  0
17.6955 2849414 175.068 8 0 0 1 2620325 2620326 13 0 1 20 1  0
14.3665 2619679 160.953 1 0 0 1 2619679 2619680 13 0 1 20 1  0
21.6377 2687931 165.146 1 0 0 2 2619999 2620001 13 0 1 20 1  0
10.5433 2692907 165.452 3 0 0 1 2692907 2692908 13 0 1 20 1  0
12.356 2833791 174.108 3 0 0 1 2746927 2746928 13 0 1 20 1  0
12.7128 2807181 172.473 5 2 0.0394922 18 2690415 2690418 13 0 1 20 1  0
10.6034 2707523 166.35 2 1 0.0197462 1 2707523 2707524 13 0 1 20 1  0
10.1332 2866115 176.094 3 1 0.0197462 1 2866115 2866116 13 0 1 20 1  0
10.0273 2769452 170.155 5 1 0.0197462 1 2769452 2769453 13 0 1 20 1  0
10.3195 2690413 165.299 5 4 0.0789836 1 2690413 2690414 13 0 1 20 1  0
16.8067 2753190 169.156 12 2551 511.641 12 2748188 2757016 13 0 1 20 1  0
11.0576 2881752 177.055 8 0 0 1949 2881752 2881753 13 0 1 20 1  0
21.2873 3040305 186.796 8 0 0 1 2882067 2882069 13 0 1 20 1  0
21.9943 3079826 189.225 8 0 0 1 2882398 2882400 13 0 1 20 1  0
21.3426 2884360 177.215 1 0 0 1 2881752 2881754 13 0 1 20 1  0
22.5519 3040306 186.796 1 0 0 1 2882068 2882070 13 0 1 20 1  0
20.5364 3047287 187.225 4 3 0.059238 112 3047279 3047293 13 0 1 20 1  0
11.161 3120677 191.734 5 0 0 6 2887668 2887677 13 0 1 20 1  0
10.0959 2887666 177.418 4 1 0.0197462 2 2887666 2887667 13 0 1 20 1  0
11.2276 2892529 177.717 6 14 0.276446 15 2892523 2892537 13 0 1 20 1  0
10.1436 2893038 177.748 6 95 1.88345 1 2893037 2893040 13 0 1 20 1  0
10.0227 3133711 192.535 4 110 2.18413 1 3133711 3133712 13 0 1 20 1  0
13.6428 3145109 193.235 8 0 0 1 3145109 3145110 13 0 1 20 1  0
19.4782 3192492 196.147 8 0 0 1 3145141 3145142 13 0 1 20 1  0
16.1011 3362915 206.617 8 0 0 1 3145590 3145591 13 0 1 20 1  0
0 3143680 193.148 8 0 0 1790 3145620 3145621 13 0 1 20 1  0
15.0385 3145110 193.236 1 0 0 1 3145110 3145111 13 0 1 20 1  0
22.8003 3150181 193.547 1 0 0 1 3145142 3145143 13 0 1 20 1  0
20.141 3322274 204.121 1 0 0 1 3145590 3145592 13 0 1 20 1  0
18.4926 3332777 204.766 4 0 0 205 3147946 3147952 13 0 1 20 1  0
10.0933 3174718 195.055 3 1 0.0197462 1 3174718 3174719 13 0 1 20 1  0
10.0898 3330484 204.625 4 3 0.059238 1 3330484 3330485 13 0 1 20 1  0
10.0713 3147932 193.409 5 4 0.0789836 1 3147932 3147933 13 0 1 20 1  0
10.1552 3331106 204.663 6 14 0.276446 2 3331106 3331107 13 0 1 20 1  0
12.3945 3406348 209.286 8 0 0 1568 3406348 3406349 13 0 1 20 1  0
19.6747 3412886 209.688 8 0 0 1 3406386 3406387 13 0 1 20 1  0
15.0395 3665800 225.227 8 0 0 1 3408632 3408633 13 0 1 20 1  0
11.8548 3406349 209.286 1 0 0 1 3406349 3406350 13 0 1 20 1  0
21.2172 3412887 209.688 1 0 0 1 3406386 3406387 13 0 1 20 1  0
20.5133 3594793 220.864 1 0 0 2 3407657 3407658 13 0 1 20 1  0
13.4335 3430094 210.745 3 0 0 1 3430091 3430098 13 0 1 20 1  0
12.1315 3539170 217.447 4 0 0 4 3433038 3433047 13 0 1 20 1  0
14.4611 3482730 213.979 9 14 0.276446 55 3482672 3483101 13 0 1 20 1  0
10.3741 3442825 211.527 3 1 0.0197462 2 3442825 3442826 13 0 1 20 1  0
10.1743 3507494 215.5 4 2 0.0394922 1 3507494 3507495 13 0 1 20 1  0
11.0602 3444129 211.607 5 4 0.0789836 6 3444127 3444131 13 0 1 20 1  0
10.1269 3507824 215.521 4 3 0.059238 1 3507824 3507825 13 0 1 20 1  0
10.4018 3474088 213.448 9 1578 90.797 2 3474018 3474124 13 0 1 20 1  0
10.1239 3511788 215.764 10 2217 282.896 1 3511770 3511834 13 0 1 20 1  0
10.4004 3505668 215.388 11 3015 1165.06 2 3505590 3505747 13 0 1 20 1  0
10.2908 3668763 225.409 8 0 0 1 3668763 3668764 13 0 1 20 1  0
20.8644 3810625 234.125 8 0 0 1 3669259 3669260 13 0 1 20 1  0
17.4361 3923446 241.057 8 0 0 1 3671358 3671359 13 0 1 20 1  0
0 3667968 225.36 8 0 0 1639 3671683 3671684 13 0 1 20 1  0
12.5206 3668244 225.377 1 0 0 1 3668244 3668245 13 0 1 20 1  0
20.3581 3810626 234.125 1 0 0 1 3668277 3668278 13 0 1 20 1  0
18.9515 3869727 237.756 1 0 0 1 3668764 3668765 13 0 1 20 1  0
14.6034 3854411 236.815 2 0 0 1 3673050 3673053 13 0 1 20 1  0
13.5539 3803344 233.677 4 1 0.0197462 31 3673050 3673054 13 0 1 20 1  0
10.3693 3804317 233.737 6 3 0.059238 1 3804315 3804334 13 0 1 20 1  0
10.2938 3766105 231.389 5 6 0.118475 3 3766105 3766106 13 0 1 20 1  0
10.029 3788611 232.772 6 9 0.177712 1 3788611 3788612 13 0 1 20 1  0
13.0192 3676584 225.889 12 84 1.66377 9 3675196 3683472 13 0 1 20 1  0
12.4173 3674256 225.746 10 493 10.9979 23 3673937 3674549 13 0 1 20 1  0
10.2147 3672249 225.623 10 1160 42.7205 1 3672227 3672627 13 0 1 20 1  0
10.012 3668132 225.37 11 2339 351.27 1 3668132 3668134 13 0 1 20 1  0
11.6342 3930046 241.462 11 2477 448.704 6 3929504 3930113 13 0 1 20 1  0
11.043 3930034 241.461 12 2872 904.089 4 3929188 3930114 13 0 1 20 1  0
10.1869 3899704 239.598 12 3198 1611.7 1 3899526 3899752 13 0 1 20 1  0
12.7298 3930074 241.464 12 3202 1623.18 3 3928184 3930114 13 0 1 20 1  0
15.6428 3930310 241.478 8 0 0 1432 3930310 3930311 13 0 1 20 1  0
18.4175 4091737 251.396 8 0 0 1 3930962 3930963 13 0 1 20 1  0
18.4756 4093048 251.477 1 0 0 1 3930310 3930312 13 0 1 20 1  0
17.1254 4181993 256.942 1 0 0 1 3930630 3930631 13 0 1 20 1  0
14.4119 4028248 247.496 2 0 0 1 3930310 3930313 13 0 1 20 1  0
15.0265 3966926 243.728 3 0 0 17 3966917 3966931 13 0 1 20 1  0
13.1775 3994327 245.411 6 4 0.0789836 6 3993981 3993988 13 0 1 20 1  0
14.4726 4028625 247.519 7 2 0.0394922 7 3994013 3994389 13 0 1 20 1  0
10.1441 3938188 241.962 5 4 0.0789836 1 3938188 3938189 13 0 1 20 1  0
12.0058 4183982 257.064 5 4 0.0789836 1 3966907 3966924 13 0 1 20 1  0
11.8956 3930152 241.469 12 3102 1359.41 2 3930112 3931356 13 0 1 20 1  0
10.3166 4010476 246.404 12 3109 1376.39 1 4008870 4010920 13 0 1 20 1  0
10.7533 4192467 257.585 8 0 0 620 4192467 4192468 13 0 1 20 1  0
21.6386 4372764 268.663 8 0 0 1 4192914 4192915 13 0 1 20 1  0
16.6233 4443255 272.994 8 0 0 1 4193396 4193397 13 0 1 20 1  0
11.1277 4192427 257.583 1 0 0 1 4192427 4192428 13 0 1 20 1  0
20.3868 4301276 264.27 1 0 0 1 4192468 4192469 13 0 1 20 1  0
19.0486 4411631 271.051 1 0 0 1 4192914 4192916 13 0 1 20 1  0
0 4192256 257.572 1 0 0 781 4193396 4193397 13 0 1 20 1  0
15.9469 4408029 270.829 2 0 0 1 4193884 4193886 13 0 1 20 1  0
12.1487 4269506 262.318 4 5 0.0987291 18 4269503 4269511 13 0 1 20 1  0
10.0328 4204816 258.344 11 115 2.28468 1 4204809 4204827 13 0 1 20 1  0
11.5219 4203625 258.271 11 571 13.2706 5 4203346 4204009 13 0 1 20 1  0
11.1144 4367817 268.359 11 806 21.8564 3 4367460 4368168 13 0 1 20 1  0
11.0963 4201828 258.16 12 1073 36.3938 1 4201178 4203070 13 0 1 20 1  0
10.6834 4289327 263.536 11 1605 95.2823 1 4287660 4289856 13 0 1 20 1  0
0 4192256 257.572 11 1605 95.2823 1 4362733 4364747 13 0 1 20 1  0
10.0122 4364252 268.14 11 1627 99.098 1 4364252 4364253 13 0 1 20 1  0
15.2505 4454526 273.686 8 0 0 670 4454526 4454527 13 0 1 20 1  0
23.013 4472640 274.799 8 0 0 1 4455192 4455194 13 0 1 20 1  0
17.528 4699522 288.739 8 0 0 1 4455837 4455838 13 0 1 20 1  0
25.5106 4472641 274.799 1 0 0 4 4454526 4454528 13 0 1 20 1  0
21.3963 4671096 286.992 1 0 0 2 4455192 4455194 13 0 1 20 1  0
0 4454400 273.678 1 0 0 1176 4455501 4455502 13 0 1 20 1  0
10.032 4541624 279.037 11 336 7.02113 1 4541622 4541625 13 0 1 20 1  0
11.4298 4716816 289.801 8 0 0 611 4716816 4716817 13 0 1 20 1  0
21.1826 4844444 297.643 8 0 0 1 4718743 4718744 13 0 1 20 1  0
10.0075 4718743 289.92 1 0 0 1 4718743 4718744 13 0 1 20 1  0
20.5791 4820455 296.169 1 0 0 1 4721388 4721389 13 0 1 20 1  0
0 4716544 289.784 1 0 0 1089 4722003 4722004 13 0 1 20 1  0
15.8779 4827468 296.6 2 0 0 1 4727277 4727279 13 0 1 20 1  0
13.5958 4952971 304.311 2 0 0 1 4729232 4729235 13 0 1 20 1  0
11.3621 4769565 293.042 11 3 0.059238 2 4769210 4770213 13 0 1 20 1  0
12.5253 4947735 303.989 5 31 0.612292 59 4947727 4947742 13 0 1 20 1  0
12.3305 4979064 305.914 8 0 0 613 4979064 4979065 13 0 1 20 1  0
19.3079 4982659 306.135 8 0 0 1 4979100 4979101 13 0 1 20 1  0
17.6693 5235492 321.669 8 0 0 1 4979555 4979556 13 0 1 20 1  0
11.6629 4979065 305.914 1 0 0 1 4979065 4979066 13 0 1 20 1  0
21.5625 4982660 306.135 1 0 0 1 4979100 4979102 13 0 1 20 1  0
21.1434 5235493 321.669 1 0 0 1 4979556 4979557 13 0 1 20 1  0
0 4978688 305.891 1 0 0 1096 4979589 4979590 13 0 1 20 1  0
15.5904 5011071 307.88 2 0 0 1 4979100 4979103 13 0 1 20 1  0
11.7505 5012089 307.943 3 0 0 1 5011068 5011074 13 0 1 20 1  0
10.1985 5152387 316.563 5 38 0.750701 2 5152384 5152388 13 0 1 20 1  0
21.6452 5411132 332.46 8 0 0 1 5241205 5241207 13 0 1 20 1  0
21.9081 5452105 334.977 8 0 0 1 5242185 5242187 13 0 1 20 1  0
0 5240832 321.997 8 0 0 682 5242516 5242517 13 0 1 20 1  0
10.1724 5240875 321.999 1 0 0 1 5240875 5240876 13 0 1 20 1  0
23.1189 5411133 332.46 1 0 0 2 5241206 5241207 13 0 1 20 1  0
0 5240832 321.997 1 0 0 1186 5241535 5241536 13 0 1 20 1  0
16.2854 5304042 325.88 2 0 0 1 5241205 5241208 13 0 1 20 1  0
11.1392 5280426 324.429 3 0 0 1 5280421 5280428 13 0 1 20 1  0
10.2992 5367252 329.764 4 13 0.256698 2 5367252 5367254 13 0 1 20 1  0
10.1131 5245463 322.281 6 14 0.276446 1 5245463 5245464 13 0 1 20 1  0
11.085 5240832 321.997 12 3319 1997.43 1 5240832 5240966 13 0 1 20 1  0
19.3831 5560641 341.646 8 0 0 1 5503198 5503200 13 0 1 20 1  0
17.0799 5739837 352.656 8 0 0 1 5503524 5503525 13 0 1 20 1  0
0 5502976 338.103 8 0 0 636 5503854 5503855 13 0 1 20 1  0
15.0572 5503199 338.117 1 0 0 1 5503199 5503200 13 0 1 20 1  0
19.7228 5618748 345.216 1 0 0 1 5503524 5503526 13 0 1 20 1  0
18.3844 5739838 352.656 1 0 0 1 5504177 5504178 13 0 1 20 1  0
0 5502976 338.103 1 0 0 845 5504506 5504507 13 0 1 20 1  0
14.4507 5591991 343.572 2 0 0 1 5503198 5503201 13 0 1 20 1  0
10.531 5602485 344.217 3 0 0 2 5602484 5602488 13 0 1 20 1  0
13.1602 5735488 352.388 12 2055 212.195 21 5732706 5738030 13 0 1 20 1  0
14.0046 5765828 354.252 8 0 0 455 5765828 5765829 13 0 1 20 1  0
19.6904 5956581 365.972 8 0 0 4 5766280 5766281 13 0 1 20 1  0
16.2503 5767590 354.361 1 0 0 1 5767590 5767591 13 0 1 20 1  0
18.5557 5786059 355.495 1 0 0 1 5767622 5767624 13 0 1 20 1  0
0 5765120 354.209 1 0 0 413 5768744 5768745 13 0 1 20 1  0
18.6012 5961852 366.296 3 5 0.0987291 77 5961850 5961857 13 0 1 20 1  0
10.0246 5871936 360.772 4 8 0.157966 1 5871936 5871937 13 0 1 20 1  0
13.802 6029252 370.437 8 0 0 1 6029252 6029253 13 0 1 20 1  0
20.2659 6283777 386.075 8 0 0 1 6029694 6029695 13 0 1 20 1  0
0 6027264 370.315 8 0 0 528 6031673 6031674 13 0 1 20 1  0
10.9895 6027423 370.325 1 0 0 1 6027423 6027424 13 0 1 20 1  0
20.1309 6272037 385.354 1 0 0 1 6029212 6029213 13 0 1 20 1  0
18.5331 6283778 386.075 1 0 0 1 6029252 6029254 13 0 1 20 1  0
0 6027264 370.315 1 0 0 676 6029695 6029696 13 0 1 20 1  0
14.8345 6262894 384.792 2 0 0 1 6062825 6062827 13 0 1 20 1  0
12.0416 6126842 376.433 12 1237 49.1644 4 6085438 6086986 13 0 1 20 1  0
14.5115 6086114 373.931 12 1285 53.6376 16 6084590 6087844 13 0 1 20 1  0
10.4278 6271772 385.338 11 1183 44.5566 1 6271529 6271828 13 0 1 20 1  0
0 6027264 370.315 12 1237 49.1644 6 6126040 6128186 13 0 1 20 1  0
11.4608 6275220 385.549 12 2650 609.85 2 6274320 6276896 13 0 1 20 1  0
13.6565 6289796 386.445 8 0 0 528 6289796 6289797 13 0 1 20 1  0
18.678 6538005 401.695 8 0 0 1 6290625 6290626 13 0 1 20 1  0
10.5566 6289796 386.445 1 0 0 1 6289796 6289797 13 0 1 20 1  0
19.2851 6538006 401.695 1 0 0 1 6289833 6289834 13 0 1 20 1  0
0 6289408 386.421 1 0 0 676 6290299 6290300 13 0 1 20 1  0
14.1408 6446959 396.101 2 0 0 1 6290967 6290970 13 0 1 20 1  0
17.1417 6367994 391.25 12 888 25.664 931 6365968 6369638 13 0 1 20 1  0
0 6289408 386.421 12 981 30.645 1 6551024 6551554 13 0 1 20 1  0
13.2596 6487246 398.576 12 1996 191.086 11 6484892 6491184 13 0 1 20 1  0
13.7178 6551712 402.537 8 0 0 588 6551712 6551713 13 0 1 20 1  0
19.3071 6557252 402.878 8 0 0 1 6552362 6552363 13 0 1 20 1  0
15.917 6813331 418.611 8 0 0 1 6552693 6552694 13 0 1 20 1  0
14.0226 6551713 402.537 1 0 0 1 6551713 6551714 13 0 1 20 1  0
18.6224 6605385 405.835 1 0 0 1 6552363 6552364 13 0 1 20 1  0
17.1018 6776112 416.324 1 0 0 1 6552694 6552695 13 0 1 20 1  0
0 6551552 402.527 1 0 0 704 6553015 6553017 13 0 1 20 1  0
13.208 6554976 402.738 2 0 0 1 6553015 6553017 13 0 1 20 1  0
10.3861 6601368 405.588 3 0 0 2 6601367 6601373 13 0 1 20 1  0
12.8802 6814132 418.66 8 0 0 1074 6814132 6814133 13 0 1 20 1  0
18.852 7072010 434.504 8 0 0 1 6814465 6814466 13 0 1 20 1  0
13.9082 6814133 418.66 1 0 0 1 6814133 6814134 13 0 1 20 1  0
18.8788 7068422 434.284 1 0 0 1 6814171 6814172 13 0 1 20 1  0
14.008 7018184 431.197 2 0 0 1 6814790 6814792 13 0 1 20 1  0
14.4846 6912453 424.701 3 0 0 19 6830837 6830842 13 0 1 20 1  0
10.0337 6830842 419.687 4 0 0 2 6830842 6830843 13 0 1 20 1  0
10.0789 6911148 424.621 4 2 0.0394922 1 6911148 6911149 13 0 1 20 1  0
10.4433 6881050 422.772 6 205 4.13218 2 6881041 6881054 13 0 1 20 1  0
12.292 6974570 428.518 12 1508 80.1139 30 6972948 6975840 13 0 1 20 1  0
12.9687 7076115 434.757 8 0 0 664 7076115 7076116 13 0 1 20 1  0
19.2228 7257707 445.914 8 0 0 1 7076739 7076740 13 0 1 20 1  0
12.07 7076086 434.755 1 0 0 1 7076086 7076087 13 0 1 20 1  0
16.9304 7133713 438.295 1 0 0 1 7076116 7076117 13 0 1 20 1  0
10.0783 7078211 434.885 2 0 0 1 7078211 7078212 13 0 1 20 1  0
12.8005 7325124 450.056 2 0 0 1 7079852 7079853 13 0 1 20 1  0
10.0529 7135052 438.378 3 0 0 1 7135052 7135053 13 0 1 20 1  0
12.6239 7228413 444.114 3 0 0 124 7228403 7228419 13 0 1 20 1  0
10.9648 7237544 444.675 7 1 0.0197462 1 7228376 7228423 13 0 1 20 1  0
10.1932 7240759 444.872 8 460 10.1021 1 7240756 7240763 13 0 1 20 1  0
10.1744 7254660 445.726 12 516 11.6443 1 7254630 7254776 13 0 1 20 1  0
11.8489 7276248 447.053 12 1724 117.804 5 7237880 7240602 13 0 1 20 1  0
0 7075840 434.74 12 1724 117.804 1 7274888 7278452 13 0 1 20 1  0
10.4606 7239164 444.774 12 1772 128.315 1 7238304 7239528 13 0 1 20 1  0
12.9938 7222556 443.754 12 2247 298.364 3 7220698 7224942 13 0 1 20 1  0
0 7075840 434.74 12 2247 298.364 1 7259122 7259128 13 0 1 20 1  0
10.1948 7338172 450.857 8 0 0 1093 7338172 7338173 13 0 1 20 1  0
18.2296 7356405 451.978 8 42 0.829836 1589 7356352 7356592 13 0 1 20 1  0
10.9255 7338173 450.857 1 0 0 1 7338173 7338174 13 0 1 20 1  0
19.1864 7355325 451.911 1 0 0 2 7339446 7339448 13 0 1 20 1  0
13.9472 7573330 465.305 9 10 0.197458 14 7356273 7356581 13 0 1 20 1  0
12.3566 7578786 465.641 4 0 0 12 7354688 7354700 13 0 1 20 1  0
11.8371 7570342 465.122 3 1 0.0197462 1 7570342 7570344 13 0 1 20 1  0
10.3084 7558871 464.417 3 4 0.0789836 1 7558871 7558872 13 0 1 20 1  0
10.1507 7600458 466.972 8 0 0 420 7600458 7600459 13 0 1 20 1  0
17.8493 7832844 481.25 8 0 0 1 7602385 7602386 13 0 1 20 1  0
18.3565 7832845 481.25 1 0 0 1 7603526 7603528 13 0 1 20 1  0
0 7600128 466.952 1 0 0 507 7604197 7604199 13 0 1 20 1  0
13.3688 7681823 471.971 2 0 0 1 7604197 7604199 13 0 1 20 1  0
11.3585 7857370 482.757 3 0 0 2 7857367 7857373 13 0 1 20 1  0
10.2249 7678628 471.775 4 0 0 1 7678628 7678629 13 0 1 20 1  0
11.6167 7859000 482.857 4 0 0 7 7840399 7840406 13 0 1 20 1  0
10.1124 7840399 481.714 4 1 0.0197462 1 7840399 7840400 13 0 1 20 1  0
13.4454 7841435 481.778 9 11 0.217204 14 7840151 7841544 13 0 1 20 1  0
10.4611 7727195 474.759 10 389 8.28817 2 7727101 7727292 13 0 1 20 1  0
11.1285 7726221 474.699 11 927 27.6603 9 7725664 7726485 13 0 1 20 1  0
0 7600128 466.952 11 712 18.0567 1 7726431 7727045 13 0 1 20 1  0
11.0938 7679700 471.841 12 2917 979.196 1 7679044 7680804 13 0 1 20 1  0
13.206 7863187 483.114 8 0 0 1 7863187 7863188 13 0 1 20 1  0
20.5957 7917632 486.459 8 0 0 1 7863496 7863497 13 0 1 20 1  0
0 7862272 483.058 8 0 0 524 7863534 7863535 13 0 1 20 1  0
10.0465 7865455 483.254 1 0 0 1 7865455 7865456 13 0 1 20 1  0
23.4727 8112996 498.462 1 0 0 3 7865501 7865503 13 0 1 20 1  0
0 7862272 483.058 1 0 0 631 7865791 7865792 13 0 1 20 1  0
11.0121 8108754 498.202 12 341 7.13785 5 8108558 8110102 13 0 1 20 1  0
12.5023 8107316 498.113 11 1608 95.794 63 8106512 8108253 13 0 1 20 1  0
11.1264 7893362 484.968 12 2456 432.297 6 7892008 7894490 13 0 1 20 1  0
17.9176 8280289 508.741 8 0 0 1 8124420 8124422 13 0 1 20 1  0
0 8124416 499.164 8 0 0 530 8125068 8125069 13 0 1 20 1  0
15.7465 8124421 499.164 1 0 0 600 8124421 8124422 13 0 1 20 1  0
20.1196 8323987 511.426 1 0 0 2 8124754 8124755 13 0 1 20 1  0
12.0768 8362507 513.792 3 0 0 1 8295012 8295014 13 0 1 20 1  0
10.0463 8190749 503.24 10 841 23.4205 1 8190749 8190750 13 0 1 20 1  0
10.7727 8190513 503.225 10 1191 45.2124 1 8190274 8190558 13 0 1 20 1  0
13.8394 8386902 515.291 8 0 0 1004 8386902 8386903 13 0 1 20 1  0
19.437 8507243 522.685 8 0 0 1 8387228 8387229 13 0 1 20 1  0
13.0848 8386903 515.291 1 0 0 1 8386903 8386904 13 0 1 20 1  0
19.7015 8507244 522.685 1 0 0 2 8387229 8387230 13 0 1 20 1  0
11.6614 8570174 526.551 4 1 0.0197462 8 8560719 8560725 13 0 1 20 1  0
10.3538 8519647 523.447 4 1 0.0197462 1 8519647 8519648 13 0 1 20 1  0
10.6187 8560721 525.971 4 2 0.0394922 1 8560721 8560722 13 0 1 20 1  0
10.2392 8561043 525.99 5 3 0.059238 1 8561043 8561046 13 0 1 20 1  0
18.3334 8860505 544.389 8 0 0 1 8648992 8648994 13 0 1 20 1  0
0 8648704 531.376 8 0 0 1032 8649033 8649034 13 0 1 20 1  0
19.0291 8857242 544.189 1 0 0 1 8648993 8648995 13 0 1 20 1  0
15.0962 8859525 544.329 2 0 0 1 8648993 8648995 13 0 1 20 1  0
10.6986 8681809 533.41 6 15 0.296194 4 8681807 8681811 13 0 1 20 1  0
12.8437 8682129 533.43 3 0 0 5 8681867 8681868 13 0 1 20 1  0
16.0533 8752155 537.732 4 6 0.118475 94 8752150 8752161 13 0 1 20 1  0
12.5911 8728814 536.298 11 228 4.6191 11 8728118 8729789 13 0 1 20 1  0
11.0103 8787441 539.9 9 170 3.40399 2 8787428 8787468 13 0 1 20 1  0
10.1012 8803780 540.904 10 175 3.50716 1 8803777 8803785 13 0 1 20 1  0
10.6974 8911490 547.522 8 0 0 545 8911490 8911491 13 0 1 20 1  0
20.8443 9071933 557.38 8 0 0 1 8911787 8911788 13 0 1 20 1  0
11.5622 8911787 547.54 1 0 0 1 8911787 8911788 13 0 1 20 1  0
21.8633 9071934 557.38 1 0 0 2 8911830 8911832 13 0 1 20 1  0
0 8910848 547.482 1 0 0 482 8912280 8912281 13 0 1 20 1  0
13.5881 9023767 554.42 3 0 0 7 8953875 8953878 13 0 1 20 1  0
11.3793 9103076 559.293 7 4 0.0789836 6 9096232 9096244 13 0 1 20 1  0
10.2517 8953874 550.126 4 3 0.059238 1 8953874 8953875 13 0 1 20 1  0
14.8659 9095660 558.837 12 232 4.70454 3 9093336 9102942 13 0 1 20 1  0
11.059 8914698 547.719 12 404 8.65954 4 8913724 8915680 13 0 1 20 1  0
10.0555 9001122 553.029 12 642 15.559 1 9001024 9001322 13 0 1 20 1  0
14.6435 8996380 552.738 12 1549 86.2111 82 8994142 8998290 13 0 1 20 1  0
10.5641 9173044 563.592 8 0 0 446 9173044 9173045 13 0 1 20 1  0
20.0761 9220793 566.526 8 0 0 1 9173075 9173076 13 0 1 20 1  0
11.2504 9173044 563.592 1 0 0 1 9173044 9173045 13 0 1 20 1  0
22.117 9322722 572.788 1 0 0 2 9173076 9173077 13 0 1 20 1  0
0 9172992 563.589 1 0 0 570 9173536 9173537 13 0 1 20 1  0
10.2991 9173536 563.622 2 0 0 1 9173536 9173537 13 0 1 20 1  0
10.2272 9369498 575.662 7 4 0.0789836 5 9369484 9369500 13 0 1 20 1  0
10.217 9365020 575.387 9 20 0.394946 2 9365018 9365022 13 0 1 20 1  0
11.3313 9414429 578.422 5 46 0.909008 17 9414424 9414438 13 0 1 20 1  0
10.1397 9203642 565.472 12 1025 33.2836 1 9203500 9203850 13 0 1 20 1  0
10.255 9352422 574.613 12 1647 102.698 1 9352020 9355100 13 0 1 20 1  0
11.1322 9436685 579.79 8 0 0 1 9436685 9436686 13 0 1 20 1  0
20.1876 9663460 593.723 8 0 0 1 9437172 9437173 13 0 1 20 1  0
0 9435136 579.695 8 0 0 417 9437689 9437690 13 0 1 20 1  0
10.9935 9435753 579.733 1 0 0 1 9435753 9435754 13 0 1 20 1  0
20.6694 9509331 584.253 1 0 0 2 9436686 9436687 13 0 1 20 1  0
0 9435136 579.695 1 0 0 579 9437173 9437174 13 0 1 20 1  0
11.584 9465379 581.553 3 0 0 1 9465375 9465381 13 0 1 20 1  0
10.2282 9458425 581.126 8 126 2.50651 4 9458424 9458430 13 0 1 20 1  0
12.429 9694252 595.615 12 451 9.86397 7 9693590 9694614 13 0 1 20 1  0
10.8915 9658148 593.397 12 302 6.24154 1 9657944 9658220 13 0 1 20 1  0
0 9435136 579.695 12 302 6.24154 1 9694220 9694468 13 0 1 20 1  0
10.0657 9650122 592.904 12 2828 836.225 1 9649734 9650132 13 0 1 20 1  0
10.5797 9697773 595.831 8 0 0 536 9697773 9697774 13 0 1 20 1  0
18.5411 9926411 609.879 8 0 0 1 9697804 9697805 13 0 1 20 1  0
20.1578 9700575 596.003 1 0 0 2 9698632 9698634 13 0 1 20 1  0
0 9697280 595.801 1 0 0 847 9699082 9699083 13 0 1 20 1  0
10.9044 9705439 596.302 3 0 0 1 9700271 9700276 13 0 1 20 1  0
10.3719 9700381 595.991 9 13 0.256698 1 9700374 9700399 13 0 1 20 1  0
11.2821 9857558 605.648 12 149 2.97344 3 9856204 9859644 13 0 1 20 1  0
10.0367 9833558 604.174 11 160 3.19842 1 9833558 9833560 13 0 1 20 1  0
10.1799 9697922 595.84 12 413 8.88527 1 9697582 9697938 13 0 1 20 1  0
11.1959 9854290 605.448 12 493 10.9979 2 9853894 9856530 13 0 1 20 1  0
18.4983 9833124 604.147 12 733 18.8584 62 9826448 9835388 13 0 1 20 1  0
0 9697280 595.801 12 684 17.0264 22 9853424 9854368 13 0 1 20 1  0
24.0718 9841622 604.669 12 1574 90.1505 341 9838402 9852032 13 0 1 20 1  0
11.0974 9873126 606.605 12 1246 49.975 2 9872334 9873506 13 0 1 20 1  0
0 9697280 595.801 12 1574 90.1505 4 9870416 9872066 13 0 1 20 1  0
14.7224 9812546 602.883 12 2018 198.701 12 9807512 9816170 13 0 1 20 1  0
0 9697280 595.801 10 1987 188.056 13 9837615 9838598 13 0 1 20 1  0
12.5944 9797564 601.962 12 2288 320.88 6 9794516 9799876 13 0 1 20 1  0
10.6325 9778808 600.81 12 2501 468.219 1 9777694 9779556 13 0 1 20 1  0
10.1661 9831633 604.055 11 2503 469.883 1 9831625 9831642 13 0 1 20 1  0
12.9247 9959583 611.917 8 0 0 620 9959583 9959584 13 0 1 20 1  0
18.8184 10183606 625.681 8 0 0 1 9960071 9960073 13 0 1 20 1  0
18.2328 10221366 628.001 8 0 0 1 9960103 9960104 13 0 1 20 1  0
12.4304 9959584 611.917 1 0 0 1 9959584 9959585 13 0 1 20 1  0
19.6221 9987408 613.626 1 0 0 2 9960072 9960074 13 0 1 20 1  0
20.693 10155634 623.962 1 0 0 1 9960103 9960104 13 0 1 20 1  0
0 9959424 611.907 1 0 0 962 9960561 9960562 13 0 1 20 1  0
12.5457 10168864 624.775 3 0 0 1 9987410 9987412 13 0 1 20 1  0
10.0629 10172444 624.995 6 0 0 2 10172444 10172445 13 0 1 20 1  0
10.2684 10195223 626.394 4 1 0.0197462 1 10195223 10195224 13 0 1 20 1  0
10.0006 10171750 624.952 7 8 0.157966 1 10171750 10171751 13 0 1 20 1  0
14.2679 10167128 624.668 12 958 29.341 49 10165684 10168814 13 0 1 20 1  0
11.962 10162940 624.411 12 1425 69.0365 1 10162098 10163462 13 0 1 20 1  0
11.8727 10140384 623.025 12 2184 266.803 2 10138872 10141282 13 0 1 20 1  0
10.5908 10147318 623.451 12 3066 1275.34 1 10146970 10147762 13 0 1 20 1  0
20.2369 10456835 642.468 8 0 0 1 10222673 10222675 13 0 1 20 1  0
0 10221568 628.013 8 0 0 568 10222989 10222990 13 0 1 20 1  0
11.1741 10221694 628.021 1 0 0 1 10221694 10221695 13 0 1 20 1  0
22.9114 10456836 642.468 1 0 0 1 10222016 10222017 13 0 1 20 1  0
0 10221568 628.013 1 0 0 873 10222674 10222675 13 0 1 20 1  0
16.673 10248203 629.65 2 0 0 2 10222674 10222676 13 0 1 20 1  0
10.3456 10449083 641.992 4 1 0.0197462 2 10449083 10449084 13 0 1 20 1  0
10.0211 10244012 629.392 7 0 0 1 10244012 10244013 13 0 1 20 1  0
11.7569 10415739 639.943 7 1 0.0197462 21 10244006 10244020 13 0 1 20 1  0
10.9126 10305745 633.185 10 94 1.86345 2 10305721 10305768 13 0 1 20 1  0
10.3977 10252162 629.893 12 250 5.09196 1 10252144 10252216 13 0 1 20 1  0
0 10221568 628.013 12 250 5.09196 1 10416096 10420694 13 0 1 20 1  0
10.0626 10304225 633.092 11 503 11.2766 1 10304194 10304230 13 0 1 20 1  0
16.6193 10484134 644.145 8 0 0 536 10484134 10484135 13 0 1 20 1  0
20.444 10506254 645.504 8 0 0 1 10484787 10484788 13 0 1 20 1  0
22.3918 10491617 644.605 1 0 0 1 10484134 10484136 13 0 1 20 1  0
19.5477 10740961 659.925 1 0 0 1 10484788 10484789 13 0 1 20 1  0
0 10483712 644.119 1 0 0 725 10485270 10485271 13 0 1 20 1  0
16.7855 10523151 646.542 2 0 0 1 10484134 10484137 13 0 1 20 1  0
11.0111 10692585 656.952 3 0 0 7 10692585 10692598 13 0 1 20 1  0
10.4098 10709108 657.968 2 1 0.0197462 5 10709108 10709109 13 0 1 20 1  0
10.7762 10746490 660.264 8 0 0 1214 10746490 10746491 13 0 1 20 1  0
19.1845 10768915 661.642 8 0 0 1 10746816 10746817 13 0 1 20 1  0
11.6088 10746166 660.244 1 0 0 1 10746166 10746167 13 0 1 20 1  0
21.2527 10766963 661.522 1 0 0 1 10746490 10746492 13 0 1 20 1  0
18.7446 10994083 675.476 1 0 0 1 10746817 10746818 13 0 1 20 1  0
24.9202 10783046 662.51 5 13 0.256698 972 10783030 10783064 13 0 1 20 1  0
10.5552 10757208 660.923 2 1 0.0197462 1 10757208 10757209 13 0 1 20 1  0
11.7716 11008199 676.344 8 0 0 470 11008199 11008200 13 0 1 20 1  0
18.8703 11158124 685.555 8 0 0 1 11008531 11008532 13 0 1 20 1  0
11.0937 11008199 676.344 1 0 0 1 11008199 11008200 13 0 1 20 1  0
19.5116 11101941 682.103 1 0 0 1 11008532 11008533 13 0 1 20 1  0
0 11008000 676.331 1 0 0 603 11008568 11008569 13 0 1 20 1  0
16.3114 11263374 692.022 2 0 0 1 11010670 11010672 13 0 1 20 1  0
11.0095 11215679 689.091 3 0 0 6 11037641 11037647 13 0 1 20 1  0
10.2148 11126951 683.64 2 1 0.0197462 1 11126951 11126952 13 0 1 20 1  0
23.2952 11215888 689.104 12 1109 38.8984 680 11213204 11218430 13 0 1 20 1  0
0 11008000 676.331 12 96 1.90345 1 11257974 11270146 13 0 1 20 1  0
0 11008000 676.331 12 583 13.6416 2 11257730 11270146 13 0 1 20 1  0
0 11008000 676.331 12 1160 42.7205 2 11268236 11270146 13 0 1 20 1  0
0 11008000 676.331 12 1925 168.44 1 11241554 11241818 13 0 1 20 1  0
10.4335 11270844 692.481 8 0 0 610 11270844 11270845 13 0 1 20 1  0
22.1182 11493061 706.134 8 0 0 1 11270881 11270882 13 0 1 20 1  0
10.9292 11270845 692.481 1 0 0 1 11270845 11270846 13 0 1 20 1  0
24.9362 11525227 708.11 1 0 0 6 11270882 11270883 13 0 1 20 1  0
0 11270144 692.438 1 0 0 851 11271332 11271333 13 0 1 20 1  0
11.2337 11424892 701.945 4 1 0.0197462 5 11424891 11424894 13 0 1 20 1  0
10.7995 11496964 706.373 2 1 0.0197462 1 11496964 11496965 13 0 1 20 1  0
10.4821 11387788 699.666 5 23 0.454207 11 11387785 11387791 13 0 1 20 1  0
10.8159 11307851 694.754 11 1140 41.1817 5 11307509 11308288 13 0 1 20 1  0
10.3647 11301646 694.373 12 1739 120.994 1 11301242 11301992 13 0 1 20 1  0
24.1968 11605765 713.058 8 0 0 1 11532512 11532514 13 0 1 20 1  0
0 11532288 708.544 8 0 0 840 11532552 11532554 13 0 1 20 1  0
25.5172 11605766 713.058 1 0 0 1 11532513 11532515 13 0 1 20 1  0
22.2738 11639071 715.104 1 0 0 1 11532552 11532555 13 0 1 20 1  0
23.0254 11746698 721.717 1 0 0 1 11532998 11533000 13 0 1 20 1  0
0 11532288 708.544 1 0 0 1670 11533030 11533033 13 0 1 20 1  0
18.6787 11614859 713.617 2 0 0 1 11532512 11532515 13 0 1 20 1  0
16.7989 11750647 721.96 2 0 0 1 11532552 11532555 13 0 1 20 1  0
13.7239 11596027 712.46 2 1 0.0197462 3 11567599 11567600 13 0 1 20 1  0
11.6773 11594077 712.34 3 1 0.0197462 2 11594074 11594078 13 0 1 20 1  0
10.6555 11601218 712.779 1 1 0.0197462 1 11596026 11596027 13 0 1 20 1  0
11.5886 11533031 708.589 2 1 0.0197462 4 11533031 11533032 13 0 1 20 1  0
10.5547 11783398 723.972 12 195 3.92265 2 11783112 11783506 13 0 1 20 1  0
10.0152 11783076 723.952 12 428 9.26654 1 11783074 11783094 13 0 1 20 1  0
10.6492 11794447 724.651 8 0 0 769 11794447 11794448 13 0 1 20 1  0
20.1906 11871254 729.37 8 0 0 1 11794761 11794762 13 0 1 20 1  0
19.1273 12020651 738.549 8 0 0 1 11794803 11794804 13 0 1 20 1  0
15.8444 11794762 724.67 1 0 0 1 11794762 11794763 13 0 1 20 1  0
21.5513 11837317 727.285 1 0 0 1 11794803 11794805 13 0 1 20 1  0
23.4041 12053788 740.585 1 0 0 2 11795094 11795096 13 0 1 20 1  0
19.9693 12056070 740.725 1 0 0 1 11795409 11795411 13 0 1 20 1  0
0 11794432 724.65 1 0 0 1305 11795749 11795751 13 0 1 20 1  0
10.2936 11795094 724.691 2 1 0.0197462 2 11795094 11795095 13 0 1 20 1  0
10.4995 11917042 732.183 2 1 0.0197462 1 11796110 11796111 13 0 1 20 1  0
18.8202 12047387 740.191 7 95 1.88345 1041 12047335 12047434 13 0 1 20 1  0
11.5761 11973877 735.675 10 67 1.32543 4 11964432 11964485 13 0 1 20 1  0
36.5016 11990972 736.725 12 1681 109.116 4731 11954268 11961686 13 0 1 20 1  0
10.7618 11971964 735.557 12 325 6.76626 2 11971842 11972062 13 0 1 20 1  0
0 11794432 724.65 8 1364 61.8627 158 11993847 11993914 13 0 1 20 1  0
10.0055 11958588 734.736 11 1734 119.921 2 11958588 11958589 13 0 1 20 1  0
0 11794432 724.65 12 2053 211.443 38 11971672 11991806 13 0 1 20 1  0
13.0105 12057002 740.782 8 0 0 791 12057002 12057003 13 0 1 20 1  0
21.133 12155574 746.838 8 0 0 1 12057036 12057038 13 0 1 20 1  0
19.3771 12228323 751.308 8 0 0 1 12057488 12057489 13 0 1 20 1  0
14.4127 12057003 740.782 1 0 0 2 12057003 12057004 13 0 1 20 1  0
21.3258 12201878 749.683 1 0 0 1 12057036 12057038 13 0 1 20 1  0
20.6123 12316825 756.746 1 0 0 1 12057488 12057490 13 0 1 20 1  0
0 12056576 740.756 1 0 0 1353 12057518 12057519 13 0 1 20 1  0
16.3576 12221022 750.86 2 0 0 1 12057036 12057039 13 0 1 20 1  0
10.254 12057038 740.784 3 0 0 1 12057038 12057039 13 0 1 20 1  0
15.3064 12207281 750.015 3 0 0 6 12062753 12062758 13 0 1 20 1  0
10.1312 12114993 744.345 1 1 0.0197462 1 12114993 12114994 13 0 1 20 1  0
11.0125 12116650 744.447 2 1 0.0197462 3 12114993 12114994 13 0 1 20 1  0
10.0917 12070971 741.64 2 1 0.0197462 1 12070971 12070972 13 0 1 20 1  0
10.5878 12067267 741.413 3 1 0.0197462 1 12067267 12067268 13 0 1 20 1  0
10.4647 12111189 744.111 8 18 0.355443 3 12111179 12111193 13 0 1 20 1  0
10.3472 12113656 744.263 8 83 1.64383 2 12113630 12113681 13 0 1 20 1  0
10.0924 12070954 741.639 7 179 3.58989 1 12070953 12070955 13 0 1 20 1  0
19.232 12338238 758.061 8 0 0 1 12318773 12318775 13 0 1 20 1  0
16.1984 12564419 771.958 8 0 0 1 12319098 12319099 13 0 1 20 1  0
0 12318720 756.862 8 0 0 1726 12319425 12319427 13 0 1 20 1  0
22.1696 12342629 758.331 1 0 0 1 12318773 12318775 13 0 1 20 1  0
17.2202 12506035 768.371 2 0 0 6 12318773 12318776 13 0 1 20 1  0
18.8282 12505707 768.351 3 0 0 19 12372242 12372249 13 0 1 20 1  0
17.049 12386718 761.04 12 76 1.50439 447 12382326 12388394 13 0 1 20 1  0
11.9304 12526646 769.637 7 6 0.118475 36 12381815 12381858 13 0 1 20 1  0
10.9579 12360975 759.458 2 1 0.0197462 1 12360974 12360976 13 0 1 20 1  0
10.5494 12503432 768.211 4 5 0.0987291 1 12503432 12503433 13 0 1 20 1  0
11.5524 12522137 769.36 9 46 0.909008 11 12372451 12372478 13 0 1 20 1  0
10.0863 12442187 764.448 7 8 0.157966 1 12442187 12442188 13 0 1 20 1  0
12.5705 12366316 759.786 12 3098 1349.8 3 12363824 12368326 13 0 1 20 1  0
10.6428 12583132 773.108 8 0 0 1 12583132 12583133 13 0 1 20 1  0
20.9288 12763515 784.19 8 0 0 1 12584552 12584553 13 0 1 20 1  0
19.0974 12808345 786.945 8 0 0 1 12585035 12585036 13 0 1 20 1  0
0 12580864 772.968 8 0 0 1757 12585064 12585065 13 0 1 20 1  0
10.0527 12583133 773.108 1 0 0 1 12583133 12583134 13 0 1 20 1  0
22.8628 12706028 780.658 1 0 0 1 12583606 12583607 13 0 1 20 1  0
22.1873 12763516 784.19 1 0 0 1 12584553 12584554 13 0 1 20 1  0
10.1339 12584554 773.195 2 0 0 1 12584554 12584555 13 0 1 20 1  0
15.8782 12596250 773.914 2 0 0 1 12586182 12586185 13 0 1 20 1  0
11.5083 12782739 785.371 3 0 0 1 12641453 12641462 13 0 1 20 1  0
11.3538 12641457 776.691 4 0 0 9 12641451 12641463 13 0 1 20 1  0
10.931 12825098 787.974 7 6 0.118475 6 12825087 12825105 13 0 1 20 1  0
10.1794 12667223 778.274 1 1 0.0197462 1 12667223 12667224 13 0 1 20 1  0
10.4583 12730404 782.156 1 1 0.0197462 1 12682635 12682636 13 0 1 20 1  0
10.0873 12682635 779.221 2 1 0.0197462 1 12682635 12682636 13 0 1 20 1  0
10.1088 12640145 776.61 5 4 0.0789836 2 12640145 12640146 13 0 1 20 1  0
10.1542 12751234 783.436 12 2708 675.923 1 12751204 12751286 13 0 1 20 1  0
15.6397 12843256 789.09 8 0 0 639 12843256 12843257 13 0 1 20 1  0
22.4198 12960341 796.283 8 0 0 1 12843295 12843296 13 0 1 20 1  0
18.1476 13101422 804.951 8 0 0 1 12843743 12843744 13 0 1 20 1  0
22.7646 12960342 796.283 1 0 0 2 12843256 12843258 13 0 1 20 1  0
20.1613 13036652 800.972 1 0 0 1 12843743 12843745 13 0 1 20 1  0
0 12843008 789.074 1 0 0 862 12843772 12843774 13 0 1 20 1  0
12.2607 12870441 790.76 3 0 0 3 12856261 12856264 13 0 1 20 1  0
20.0336 12856262 789.889 3 2 0.0394922 115 12856259 12856266 13 0 1 20 1  0
11.2664 12877852 791.215 2 1 0.0197462 1 12877852 12877853 13 0 1 20 1  0
10.5601 12845902 789.252 7 2 0.0394922 1 12845888 12845908 13 0 1 20 1  0
10.6941 13105666 805.212 8 0 0 576 13105666 13105667 13 0 1 20 1  0
19.988 13325738 818.733 8 0 0 1 13105973 13105974 13 0 1 20 1  0
16.696 13365650 821.185 8 0 0 1 13106627 13106628 13 0 1 20 1  0
11.6939 13105154 805.181 1 0 0 873 13105154 13105155 13 0 1 20 1  0
20.6886 13325739 818.733 1 0 0 1 13105667 13105668 13 0 1 20 1  0
15.1987 13250266 814.096 2 0 0 1 13116523 13116525 13 0 1 20 1  0
10.4189 13132498 806.861 3 0 0 1 13132498 13132499 13 0 1 20 1  0
11.6286 13133470 806.92 3 0 0 10 13133140 13133148 13 0 1 20 1  0
12.5874 13367602 821.305 8 0 0 698 13367602 13367603 13 0 1 20 1  0
22.358 13526957 831.096 8 0 0 1 13367926 13367927 13 0 1 20 1  0
20.591 13620415 836.838 8 0 0 1 13368573 13368574 13 0 1 20 1  0
21.2334 13456529 826.769 1 0 0 1 13367602 13367604 13 0 1 20 1  0
0 13367296 821.287 1 0 0 1079 13367926 13367928 13 0 1 20 1  0
15.217 13518192 830.558 2 0 0 1 13367602 13367604 13 0 1 20 1  0
15.1647 13545614 832.242 2 0 0 1 13367926 13367928 13 0 1 20 1  0
11.5266 13522623 830.83 3 0 0 3 13522619 13522630 13 0 1 20 1  0
20.9781 13772004 846.152 8 0 0 1 13629502 13629504 13 0 1 20 1  0
15.8285 13862574 851.716 8 0 0 1 13630153 13630154 13 0 1 20 1  0
0 13629440 837.393 8 0 0 621 13630646 13630647 13 0 1 20 1  0
24.2863 13743440 844.397 1 0 0 2 13629503 13629505 13 0 1 20 1  0
20.38 13809339 848.446 1 0 0 1 13629533 13629534 13 0 1 20 1  0
0 13629440 837.393 1 0 0 963 13630153 13630155 13 0 1 20 1  0
17.3178 13745382 844.516 2 0 0 1 13629502 13629505 13 0 1 20 1  0
10.6077 13644776 838.335 3 0 0 1 13644776 13644777 13 0 1 20 1  0
10.0925 13768107 845.912 2 1 0.0197462 1 13768107 13768108 13 0 1 20 1  0
15.9854 13891631 853.502 8 0 0 527 13891631 13891632 13 0 1 20 1  0
22.0258 14099087 866.248 8 0 0 1 13892285 13892286 13 0 1 20 1  0
23.135 14098112 866.188 1 0 0 2 13891631 13891633 13 0 1 20 1  0
0 13891584 853.499 1 0 0 656 13892285 13892286 13 0 1 20 1  0
10.3401 14153648 869.6 3 0 0 1 13948949 13948951 13 0 1 20 1  0
11.0631 14061748 863.954 2 1 0.0197462 1 14061748 14061749 13 0 1 20 1  0
10.2641 14154125 869.629 8 0 0 644 14154125 14154126 13 0 1 20 1  0
21.5589 14330939 880.493 8 0 0 1 14154157 14154158 13 0 1 20 1  0
20.0325 14400284 884.753 8 0 0 1 14154607 14154609 13 0 1 20 1  0
10.8182 14154126 869.629 1 0 0 1 14154126 14154127 13 0 1 20 1  0
23.6439 14330940 880.493 1 0 0 3 14154608 14154610 13 0 1 20 1  0
21.4984 14393144 884.315 1 0 0 1 14155098 14155099 13 0 1 20 1  0
0 14153728 869.605 1 0 0 924 14155579 14155581 13 0 1 20 1  0
126.407 2340105 143.776 9 2822 827.374 901 2339395 2340647 13 0 1 20 1 1
