0 120495 116.553
1 120496 123.274
2 120500 128.07
3 120511 135.131
4 120515 135.307
5 120521 138.226
6 120529 140.801
7 120529 148.225
8 120534 152.234
9 120533 151.01
10 120536 152.813
11 120537 153.942
12 120534 152.114
13 120530 150.141
14 120529 148.362
15 120528 146.833
16 120527 146.244
17 120525 145.505
18 120524 146.511
19 120523 145.993
20 120524 145.75
21 120523 147.13
22 120526 148.577
23 120526 149.16
24 120531 152.439
25 120530 153.737
26 120529 154.605
27 120530 154.004
28 120531 153.989
29 120527 152.32
30 120526 152.745
31 120526 152.846
32 120530 154.686
33 120535 154.055
34 120536 152.101
35 120529 147.914
36 120528 148.535
37 120526 148.047
38 120531 148.43
39 120536 143.535
40 120536 140.366
41 120541 141.871
42 120544 141.644
43 120543 140.913
44 120545 142.829
45 120546 143.664
46 120545 143.782
47 120545 144.502
48 120543 144.048
49 120545 144.148
50 120543 142.732
51 120543 142.755
52 120542 142.76
53 120541 141.976
54 120540 140.469
55 120540 140.081
56 120537 137.665
57 120539 136.619
58 120540 135.688
59 120541 135.691
60 120543 136.298
61 120545 136.393
62 120546 135.962
63 120548 136.16
64 120547 134.741
65 120542 131.757
66 120540 130.595
67 120540 130.296
68 120542 130.203
69 120543 130.445
70 120535 127.952
71 120532 127.396
72 120528 126.82
73 120525 125.963
74 120518 127.102
75 120516 126.47
76 120517 125.755
77 120518 125.832
78 120521 126.418
79 120523 126.981
80 120523 126.937
81 120522 126.834
82 120524 127.262
83 120524 127.277
84 120525 128.144
85 120523 127.068
86 120520 126.536
87 120519 126.878
88 120515 125.76
89 120513 126.141
90 120513 126.308
91 120509 125.984
92 120505 125.306
93 120502 125.057
94 120498 124.5
95 120499 124.911
96 120495 124.974
97 120492 124.209
98 120489 124.129
99 120487 123.651
100 120485 122.729
101 120480 120.423
102 120476 120.167
103 120471 119.012
104 120470 118.328
105 120466 116.827
106 120466 113.061
107 120464 112.777
108 120463 112.819
109 120462 113.858
110 120461 114.552
111 120459 113.813
112 120461 114.247
113 120459 115.353
114 120458 116.255
115 120460 116.847
116 120460 117.121
117 120463 117.663
118 120464 118.921
119 120464 118.298
120 120465 118.297
121 120465 118.133
122 120463 117.916
123 120467 118.509
124 120471 119.175
125 120474 119.418
126 120479 120.726
127 120479 120.889
128 120481 121.18
129 120485 124.257
130 120486 124.74
131 120487 124.852
132 120485 125.46
133 120487 127.348
134 120488 128.19
135 120491 129.418
136 120494 130.659
137 120499 132.561
138 120502 134.866
139 120505 135.275
140 120507 136.121
141 120510 136.031
142 120513 136.252
143 120517 136.978
144 120519 137.408
145 120522 136.937
146 120524 136.556
147 120523 136.623
148 120521 135.968
149 120521 136.101
150 120521 135.552
151 120522 136.036
152 120526 138.472
153 120529 139.477
154 120535 141.305
155 120537 143.402
156 120537 143.009
157 120536 142.905
158 120537 142.121
159 120540 143.505
160 120544 145.83
161 120545 143.891
162 120549 144.596
163 120554 146.765
164 120554 145.936
165 120559 145.604
166 120567 147.079
167 120572 147.634
168 120577 148.721
169 120580 149.765
170 120584 149.35
171 120593 150.415
172 120594 150.726
173 120598 151.174
174 120600 151.147
175 120603 150.886
176 120607 151.209
177 120613 152.395
178 120613 152.43
179 120617 152.5
180 120624 153.472
181 120630 154.338
182 120636 155.113
183 120643 156.281
184 120650 156.607
185 120654 158.184
186 120650 158.277
187 120658 158.478
188 120663 161.262
189 120665 161.78
190 120669 163.658
191 120667 162.677
192 120670 162.039
193 120672 162.812
194 120671 164.703
195 120674 163.856
196 120675 165.01
197 120668 163.658
198 120660 161.151
199 120653 159.66
200 120646 157.538
201 120642 155.917
202 120637 155.794
203 120633 158.405
204 120629 157.744
205 120624 156.014
206 120623 155.815
207 120623 156.63
208 120617 157.388
209 120610 156.279
210 120608 155.587
211 120610 156.669
212 120606 155.901
213 120604 156.269
214 120602 158.083
215 120600 158.429
216 120591 157.795
217 120589 156.719
218 120589 156.462
219 120583 155.848
220 120579 153.817
221 120576 153.622
222 120572 152.609
223 120576 153.645
224 120571 152.525
225 120570 152.259
226 120568 150.423
227 120564 150.03
228 120566 150.205
229 120571 151.652
230 120572 152.172
231 120573 153.431
232 120580 156.142
233 120578 155.494
234 120577 154.308
235 120575 150.649
236 120580 153.225
237 120580 154.776
238 120579 155.173
239 120575 154.397
240 120573 152.983
241 120574 153.02
242 120575 153.639
243 120572 152.038
244 120567 151.953
245 120562 150.95
246 120559 151.07
247 120553 149.695
248 120554 148.573
249 120552 147.172
250 120553 145.871
251 120549 145.133
252 120546 144.309
253 120549 145.188
254 120547 145.114
255 120541 143.667
256 120541 143.869
257 120540 145.503
258 120538 144.748
259 120534 143.963
260 120528 142.551
261 120523 140.674
262 120520 140.765
263 120522 141.631
264 120517 141.373
265 120514 141.888
266 120513 142.944
267 120513 145.882
268 120511 145.165
269 120514 146.895
270 120515 147.638
271 120521 151.578
272 120525 154.684
273 120527 157.573
274 120528 157.839
275 120527 159.364
276 120534 160.166
277 120534 160.159
278 120537 158.811
279 120537 159.095
280 120536 159.342
281 120535 161.075
282 120532 161.112
283 120533 161.262
284 120534 161.402
285 120531 160.124
286 120532 160.177
287 120533 160.197
288 120531 160.717
289 120530 158.521
290 120530 158.245
291 120534 158.17
292 120536 158.544
293 120539 159.373
294 120541 159.309
295 120541 157.822
296 120538 155.694
297 120542 155.573
298 120543 155.446
299 120540 152.045
300 120537 148.879
301 120532 146.669
302 120526 144.681
303 120519 141.622
304 120514 138.07
305 120510 134.493
306 120508 133.857
307 120506 132.98
308 120503 132.117
309 120502 131.966
310 120500 131.004
311 120501 131.179
312 120504 131.06
313 120508 130.165
314 120510 130.582
315 120508 129.13
316 120508 129.386
317 120509 130
318 120509 130.182
319 120513 132.47
320 120512 131.58
321 120514 132.493
322 120520 133.999
323 120520 135.087
324 120522 135.861
325 120523 136.753
326 120527 138.562
327 120522 138.049
328 120527 140.044
329 120529 141.677
330 120528 141.109
331 120529 140.639
332 120531 140.58
333 120533 139.942
334 120534 140.519
335 120535 138.845
336 120538 140.213
337 120538 140.324
338 120540 139.909
339 120541 138.915
340 120541 138.585
341 120545 140.21
342 120546 140.12
343 120547 139.747
344 120548 141.033
345 120545 140.606
346 120544 140.094
347 120548 141.528
348 120547 141.414
349 120548 140.907
350 120549 140.999
351 120545 138.665
352 120544 138.294
353 120542 137.188
354 120537 137.384
355 120539 137.908
356 120541 138.523
357 120541 137.796
358 120538 136.799
359 120544 137.719
360 120540 136.53
361 120538 134.924
362 120538 135.834
363 120540 137.605
364 120539 137.57
365 120540 138.063
366 120544 138.994
367 120549 143.959
368 120550 143.199
369 120550 144.708
370 120553 146.396
371 120553 147.328
372 120552 147.545
373 120549 145.906
374 120549 145.972
375 120548 145.631
376 120548 144.864
377 120548 144.685
378 120551 145.958
379 120548 146.443
380 120550 146.927
381 120550 146.909
382 120551 147.112
383 120553 147.372
384 120556 147.963
385 120556 147.958
386 120559 146.661
387 120562 149.215
388 120565 149.417
389 120565 149.451
390 120565 149.013
391 120565 149.007
392 120569 149.302
393 120572 150.575
394 120576 151.013
395 120575 149.509
396 120575 149.998
397 120575 149.32
398 120571 148.428
399 120566 143.752
400 120563 143.533
401 120564 143.686
402 120563 142.007
403 120563 141.136
404 120564 142.278
405 120564 141.819
406 120564 141.242
407 120563 142.979
408 120561 142.026
409 120559 142.104
410 120557 141.118
411 120557 140.285
412 120557 139.596
413 120557 140.021
414 120555 139.472
415 120554 138.794
416 120553 138.996
417 120550 139.083
418 120547 138.921
419 120541 135.584
420 120533 133.353
421 120528 132.394
422 120524 131.197
423 120519 129.775
424 120513 128.051
425 120506 126.011
426 120501 124.037
427 120498 123.7
428 120497 123.81
429 120493 123.27
430 120493 123.374
431 120492 123.36
432 120491 122.574
433 120488 121.01
434 120487 122.382
435 120486 123.199
436 120485 122.325
437 120485 122.442
438 120485 122.854
439 120484 121.239
440 120484 121.274
441 120483 120.989
442 120481 120.557
443 120480 120.027
444 120480 120.402
445 120478 120.043
446 120480 120.727
447 120481 120.978
448 120481 121.976
449 120483 122.449
450 120483 122.1
451 120485 122.024
452 120488 122.571
453 120489 123.052
454 120494 125.257
455 120496 125.585
456 120498 126.017
457 120499 125.888
458 120500 125.914
459 120501 126.509
460 120505 127.448
461 120509 128.686
462 120512 130.753
463 120515 131.477
464 120516 132.129
465 120518 133.015
466 120517 132.459
467 120521 133.583
468 120521 133.26
469 120521 133.729
470 120519 133.284
471 120520 133.62
472 120519 133.764
473 120520 134.258
474 120521 135.052
475 120523 134.879
476 120522 134.693
477 120523 135.033
478 120520 133.48
479 120524 136.741
480 120523 135.81
481 120522 135.181
482 120524 135.509
483 120521 134.748
484 120522 136.198
485 120522 136.009
486 120519 134.459
487 120522 135.432
488 120525 137.057
489 120531 137.843
490 120533 138.162
491 120536 140.747
492 120536 141.134
493 120535 140.908
494 120534 138.67
495 120535 139.663
496 120531 139.322
497 120531 139.177
498 120533 139.189
499 120530 137.975
500 120531 138.548
501 120532 138.984
502 120536 140.138
503 120536 140.55
504 120538 141.27
505 120540 141.637
506 120541 141.849
507 120541 142.861
508 120543 143.969
509 120545 144.938
510 120549 146.904
511 120545 142.032
