0 120023 70.6382
1 120023 70.645
2 120023 70.6881
3 120023 70.7186
4 120023 70.7468
5 120023 70.7254
6 120023 70.7329
7 120023 70.7365
8 120023 70.7424
9 120023 70.734
10 120023 70.7252
11 120023 70.7405
12 120023 70.7451
13 120023 70.7342
14 120023 70.7119
15 120023 70.7135
16 120023 70.7187
17 120023 70.7389
18 120023 70.7095
19 120023 70.7397
20 120023 70.724
21 120023 70.7447
22 120023 70.7808
23 120023 70.7696
24 120023 70.7638
25 120023 70.7417
26 120023 70.7443
27 120023 70.7579
28 120023 70.7473
29 120023 70.7318
30 120023 70.7374
31 120022 70.7128
32 120022 70.7041
33 120022 70.7032
34 120022 70.6847
35 120022 70.6657
36 120022 70.6401
37 120022 70.6772
38 120022 70.6946
39 120022 70.6953
40 120022 70.7099
41 120022 70.7265
42 120022 70.7327
43 120022 70.7331
44 120022 70.7156
45 120022 70.7192
46 120022 70.7381
47 120022 70.7297
48 120022 70.7204
49 120022 70.7068
50 120022 70.6988
51 120022 70.6737
52 120022 70.6828
53 120022 70.6709
54 120022 70.6768
55 120022 70.6995
56 120022 70.71
57 120023 70.7478
58 120023 70.7721
59 120023 70.7954
60 120023 70.7992
61 120023 70.8209
62 120023 70.8266
63 120023 70.8446
64 120024 70.8705
65 120024 70.8995
66 120024 70.9044
67 120024 70.9153
68 120024 70.923
69 120024 70.9039
70 120024 70.8741
71 120024 70.8731
72 120024 70.8456
73 120024 70.8246
74 120024 70.8385
75 120024 70.8478
76 120025 70.8575
77 120025 70.8636
78 120025 70.8849
79 120025 70.9129
80 120025 70.9382
81 120025 70.9891
82 120025 71.0285
83 120025 71.0713
84 120025 71.0937
85 120025 71.1124
86 120025 71.1367
87 120026 71.1799
88 120025 71.2277
89 120026 71.2523
90 120026 71.2711
91 120025 71.2751
92 120026 71.2713
93 120026 71.2798
94 120026 71.3041
95 120026 71.3244
96 120026 71.3405
97 120026 71.3877
98 120026 71.408
99 120026 71.4175
100 120026 71.4221
101 120026 71.4444
102 120026 71.4878
103 120026 71.5079
104 120026 71.5366
105 120026 71.5825
106 120026 71.6275
107 120026 71.6533
108 120026 71.6636
109 120027 71.8901
110 120027 71.9136
111 120027 71.9278
112 120027 72.0377
113 120027 72.1478
114 120027 72.2515
115 120027 72.2919
116 120027 72.3512
117 120027 72.4183
118 120028 73.8359
119 120028 74.8817
120 120029 74.9738
121 120028 74.9695
122 120028 74.9248
123 120028 74.8967
124 120028 74.8957
125 120028 74.9088
126 120028 74.9233
127 120028 74.915
128 120028 74.9143
129 120028 74.8763
130 120028 74.8711
131 120028 74.8524
132 120028 74.8461
133 120028 74.8237
134 120028 74.7857
135 120028 74.779
136 120028 74.7765
137 120028 74.7715
138 120027 74.7367
139 120027 74.7273
140 120027 74.7329
141 120027 74.5628
142 120027 74.5428
143 120027 74.5362
144 120027 74.4242
145 120027 74.3295
146 120027 74.253
147 120027 74.2358
148 120027 74.191
149 120027 74.1917
150 120026 72.8029
151 120026 71.7274
152 120026 71.5963
153 120026 71.5952
154 120026 71.6065
155 120026 71.6177
156 120026 71.6304
157 120026 71.6084
158 120026 71.5619
159 120026 71.5701
160 120026 71.5523
161 120026 71.5605
162 120026 71.6801
163 120026 71.7422
164 120027 71.8568
165 120027 71.9794
166 120027 72.2004
167 120028 72.3541
168 120028 72.4035
169 120028 72.4557
170 120028 72.4588
171 120028 72.4508
172 120028 72.5152
173 120029 72.5639
174 120029 72.627
175 120029 72.6313
176 120029 72.6413
177 120029 72.6188
178 120029 72.6027
179 120029 72.5669
180 120029 72.6618
181 120029 72.5873
182 120029 72.5223
183 120029 72.5235
184 120029 72.5667
185 120029 72.5424
186 120029 72.5439
187 120029 72.5537
188 120029 72.5635
189 120030 72.5553
190 120030 72.5903
191 120030 72.5662
192 120030 72.5986
193 120030 72.5763
194 120030 72.4442
195 120030 72.4709
196 120029 72.3833
197 120029 72.2836
198 120029 72.0782
199 120028 71.9435
200 120028 71.8918
201 120028 71.8407
202 120028 71.8067
203 120028 71.7883
204 120027 71.731
205 120027 71.6492
206 120027 71.5831
207 120027 71.5824
208 120027 71.5704
209 120027 71.5279
210 120027 71.4809
211 120027 71.4896
212 120027 71.4007
213 120026 71.4128
214 120027 71.4271
215 120027 71.4305
216 120026 71.364
217 120026 71.3992
218 120026 71.4196
219 120026 71.4162
220 120026 71.407
221 120026 71.4096
222 120026 71.3704
223 120026 71.4043
224 120026 71.4154
225 120026 71.4207
226 120026 71.4115
227 120026 71.3048
228 120027 71.2861
229 120027 71.2731
230 120027 71.2617
231 120027 71.2369
232 120027 71.2302
233 120027 71.2124
234 120027 71.2508
235 120027 71.2365
236 120028 71.2374
237 120028 71.2101
238 120028 71.1874
239 120027 71.1573
240 120027 71.169
241 120028 71.1748
242 120027 71.189
243 120027 71.169
244 120028 71.1777
245 120028 71.1589
246 120027 71.1532
247 120027 71.152
248 120027 71.2301
249 120027 71.214
250 120027 71.1828
251 120027 71.172
252 120027 71.1553
253 120027 71.1586
254 120027 71.1744
255 120027 71.1752
256 120027 71.1076
257 120026 71.0695
258 120026 71.0684
259 120026 71.1168
260 120026 71.1358
261 120026 71.1252
262 120026 71.1518
263 120025 71.1466
264 120025 71.1546
265 120025 71.1538
266 120025 71.1401
267 120025 71.1516
268 120025 71.1518
269 120025 71.1805
270 120025 71.2052
271 120025 71.2471
272 120025 71.2354
273 120025 71.2284
274 120025 71.2385
275 120025 71.2413
276 120025 71.2063
277 120025 71.1955
278 120025 71.2391
279 120025 71.2363
280 120025 71.1649
281 120025 71.1403
282 120025 71.1575
283 120025 71.1722
284 120025 71.1858
285 120025 71.1761
286 120025 71.1727
287 120025 71.1405
288 120025 71.167
289 120025 71.1827
290 120025 71.2062
291 120025 71.1957
292 120025 71.1692
293 120025 71.1738
294 120025 71.1554
295 120025 71.1547
296 120025 71.1587
297 120025 71.1405
298 120025 71.1345
299 120024 71.1405
300 120024 71.1362
301 120024 71.1412
302 120024 71.1637
303 120024 71.0998
304 120024 71.1175
305 120024 71.1551
306 120024 71.1863
307 120024 71.215
308 120024 71.2145
309 120024 71.2094
310 120023 71.1612
311 120023 71.1324
312 120024 71.1446
313 120023 71.1476
314 120024 71.1299
315 120024 71.1075
316 120024 71.1074
317 120024 71.1752
318 120024 71.2517
319 120024 71.2797
320 120024 71.3321
321 120024 71.4037
322 120024 71.3779
323 120024 71.3672
324 120024 71.4457
325 120024 71.5042
326 120024 71.5717
327 120024 71.6156
328 120024 71.5935
329 120024 71.6856
330 120024 71.7253
331 120024 71.8307
332 120024 71.8391
333 120024 71.8555
334 120024 71.9102
335 120024 71.9693
336 120024 72.0041
337 120024 72.0592
338 120024 72.0789
339 120024 72.0274
340 120024 72.0472
341 120024 72.0754
342 120024 72.0945
343 120024 72.1079
344 120024 72.1272
345 120024 72.1481
346 120024 72.1719
347 120024 72.2029
348 120024 72.1918
349 120024 72.1276
350 120024 72.0477
351 120023 72.0045
352 120023 71.9397
353 120023 71.88
354 120023 71.8954
355 120023 71.8941
356 120023 71.8257
357 120023 71.7777
358 120023 71.7083
359 120023 71.6784
360 120023 71.768
361 120023 71.7319
362 120023 71.6749
363 120023 71.5532
364 120023 71.5511
365 120023 71.5056
366 120023 71.4284
367 120023 71.3994
368 120022 71.3462
369 120022 71.2458
370 120022 71.184
371 120022 71.1929
372 120022 71.1721
373 120022 71.1454
374 120022 71.1432
375 120022 71.2876
376 120022 71.3046
377 120022 71.3291
378 120022 71.3115
379 120022 71.2867
380 120022 71.3287
381 120022 71.34
382 120022 71.3743
383 120022 71.4056
384 120022 71.4292
385 120022 71.4089
386 120022 71.396
387 120022 71.3852
388 120022 71.3737
389 120022 71.3596
390 120022 71.3495
391 120022 71.3041
392 120022 71.2435
393 120022 71.2054
394 120022 71.2027
395 120022 71.2382
396 120022 71.2154
397 120022 71.213
398 120022 71.2023
399 120022 71.2143
400 120022 71.1893
401 120022 71.2016
402 120022 71.1891
403 120021 71.1916
404 120021 71.1745
405 120021 71.1896
406 120021 71.1663
407 120021 71.0586
408 120021 71.0158
409 120021 70.9649
410 120021 71.0293
411 120021 71.1142
412 120021 71.1006
413 120021 71.0685
414 120021 71.0156
415 120021 71.0125
416 120021 71.0003
417 120021 71.0167
418 120021 71.0188
419 120022 71.0377
420 120022 71.0441
421 120022 71.0639
422 120022 71.0794
423 120022 71.1105
424 120022 71.0815
425 120022 71.0504
426 120022 71.0591
427 120022 71.0431
428 120022 71.0838
429 120022 71.0955
430 120022 71.098
431 120022 71.116
432 120022 71.1325
433 120022 71.1475
434 120022 71.1782
435 120022 71.1913
436 120022 71.2
437 120022 71.191
438 120022 71.1976
439 120022 71.1609
440 120022 71.1705
441 120022 71.1995
442 120022 71.1431
443 120022 71.0712
444 120022 71.0555
445 120022 71.0632
446 120022 71.0763
447 120022 71.0504
448 120021 71.0162
449 120021 70.9969
450 120021 70.991
451 120021 70.9784
452 120021 70.9765
453 120020 70.9583
454 120020 70.9318
455 120020 70.9264
456 120020 70.9174
457 120020 70.9226
458 120020 70.9148
459 120020 70.9205
460 120020 70.8894
461 120020 70.8949
462 120020 70.8982
463 120019 70.8816
464 120019 70.8738
465 120019 70.8719
466 120019 70.8606
467 120019 70.8467
468 120019 70.8545
469 120019 70.9018
470 120020 70.884
471 120020 70.9153
472 120020 70.9104
473 120020 70.9027
474 120020 70.8989
475 120020 70.8887
476 120020 70.8667
477 120020 70.8723
478 120020 70.8849
479 120020 70.8877
480 120020 70.9065
481 120020 70.9118
482 120020 70.9262
483 120020 70.9038
484 120020 70.922
485 120020 70.9136
486 120020 70.9284
487 120020 70.9312
488 120020 70.9554
489 120020 70.9755
490 120020 70.9992
491 120020 70.9744
492 120020 70.9746
493 120020 70.9316
494 120020 70.905
495 120020 70.8919
496 120020 70.8982
497 120020 70.8935
498 120020 70.888
499 120020 70.889
500 120020 70.881
501 120020 70.8271
502 120020 70.8498
503 120020 70.804
504 120020 70.8003
505 120020 70.7868
506 120020 70.7764
507 120020 70.7778
508 120020 70.8017
509 120020 70.8086
510 120020 70.7893
511 120020 70.8039
