0 121061 129.092
1 121060 128.699
2 121061 128.825
3 121062 128.799
4 121062 128.507
5 121064 129.225
6 121064 128.817
7 121063 128.378
8 121065 128.613
9 121064 128.432
10 121064 128.182
11 121064 128.035
12 121064 127.99
13 121064 128.118
14 121065 128.661
15 121063 128.289
16 121065 128.491
17 121065 128.494
18 121062 127.755
19 121062 127.652
20 121063 127.686
21 121064 127.614
22 121067 129.194
23 121070 130.657
24 121075 132.011
25 121074 131.678
26 121071 130.428
27 121072 130.78
28 121074 131.479
29 121076 132.291
30 121075 131.961
31 121075 132.661
32 121078 133.332
33 121079 133.887
34 121078 133.676
35 121082 134.674
36 121080 134.733
37 121078 134.053
38 121078 134.089
39 121078 134.148
40 121079 134.827
41 121079 134.913
42 121079 135.242
43 121079 135.343
44 121078 135.214
45 121078 134.883
46 121079 135.176
47 121080 135.767
48 121077 135.604
49 121079 135.746
50 121080 136.005
51 121080 135.988
52 121079 136.062
53 121078 135.816
54 121074 134.136
55 121069 132.438
56 121064 131.03
57 121063 130.797
58 121062 130.639
59 121061 130.332
60 121063 131.053
61 121064 132.88
62 121065 133.328
63 121063 132.417
64 121060 132.054
65 121059 131.642
66 121063 132.249
67 121058 131.314
68 121059 131.2
69 121058 131.116
70 121057 131.015
71 121058 131.031
72 121054 129.857
73 121055 129.931
74 121054 129.575
75 121057 133.994
76 121056 134.053
77 121057 134.193
78 121054 133.229
79 121054 132.741
80 121055 132.903
81 121053 132.703
82 121052 132.571
83 121052 132.574
84 121051 132.092
85 121053 132.367
86 121055 132.9
87 121055 133.069
88 121060 134.802
89 121062 135.602
90 121062 135.891
91 121064 136.533
92 121061 135.647
93 121058 133.227
94 121058 133.377
95 121060 133.684
96 121059 133.359
97 121059 133.329
98 121056 132.948
99 121056 132.668
100 121057 132.714
101 121056 132.786
102 121058 133.157
103 121058 133.978
104 121060 134.557
105 121059 134.53
106 121061 135.344
107 121056 130.733
108 121056 130.54
109 121056 130.429
110 121056 130.29
111 121056 130.469
112 121055 130.193
113 121055 130.155
114 121055 130.028
115 121055 130.014
116 121056 130.177
117 121055 130.434
118 121053 129.947
119 121054 129.869
120 121049 128.164
121 121047 127.304
122 121049 127.399
123 121047 126.536
124 121045 125.965
125 121044 125.776
126 121046 125.861
127 121045 125.861
128 121045 125.893
129 121046 126.131
130 121047 128.179
131 121049 128.702
132 121048 128.695
133 121048 128.604
134 121046 128.281
135 121046 127.646
136 121047 127.435
137 121049 128.193
138 121047 127.33
139 121050 128.018
140 121050 128.355
141 121050 128.472
142 121050 128.49
143 121050 128.327
144 121049 128.219
145 121052 128.644
146 121052 129.26
147 121054 129.488
148 121053 129.297
149 121053 129.07
150 121054 129.508
151 121054 129.515
152 121056 131.104
153 121058 131.425
154 121056 131.208
155 121056 131.048
156 121057 131.387
157 121057 131.413
158 121056 130.939
159 121058 132.098
160 121059 132.408
161 121058 131.988
162 121055 129.541
163 121056 129.324
164 121056 129.598
165 121061 130.502
166 121062 130.939
167 121063 130.957
168 121060 130.674
169 121059 129.871
170 121059 130.055
171 121057 129.328
172 121057 129.188
173 121056 129.127
174 121058 129.397
175 121058 129.548
176 121058 129.536
177 121058 130.338
178 121059 130.804
179 121059 131.481
180 121061 131.99
181 121060 131.845
182 121059 131.512
183 121058 131.399
184 121056 129.735
185 121056 129.747
186 121057 130.305
187 121057 130.264
188 121055 129.861
189 121058 130.748
190 121060 130.967
191 121060 130.031
192 121062 129.998
193 121062 130.061
194 121062 130.057
195 121061 129.727
196 121062 130.628
197 121061 131.13
198 121060 130.66
199 121059 130.432
200 121061 131.039
201 121062 131.968
202 121062 132.021
203 121063 132.257
204 121064 132.547
205 121064 132.87
206 121064 132.709
207 121064 132.819
208 121066 133.279
209 121064 132.03
210 121063 131.136
211 121062 130.491
212 121061 130.048
213 121061 129.951
214 121062 130.044
215 121073 134.642
216 121075 135.602
217 121075 135.879
218 121076 135.858
219 121076 136.042
220 121077 136.216
221 121074 135.262
222 121073 135.045
223 121072 134.929
224 121070 134.731
225 121072 135.465
226 121074 136.149
227 121074 136.291
228 121072 135.048
229 121070 134.086
230 121071 134.754
231 121073 135.112
232 121071 134.544
233 121070 133.489
234 121071 133.961
235 121070 133.662
236 121068 133.241
237 121073 133.718
238 121075 134.297
239 121076 134.292
240 121075 134.393
241 121076 134.47
242 121075 134.596
243 121076 134.801
244 121076 135.034
245 121077 135.247
246 121077 135.255
247 121066 130.597
248 121065 129.657
249 121063 129.143
250 121062 129.063
251 121062 128.899
252 121061 128.752
253 121065 129.425
254 121064 129.836
255 121064 129.851
256 121064 129.949
257 121063 129.133
258 121062 129.003
259 121065 129.3
260 121066 129.571
261 121065 129.177
262 121065 128.875
263 121063 128.445
264 121062 128.288
265 121062 128.175
266 121065 128.137
267 121067 129.05
268 121072 130.886
269 121070 131.918
270 121070 131.753
271 121069 131.95
272 121070 132.117
273 121069 133.032
274 121071 133.583
275 121070 133.832
276 121071 134.335
277 121073 135.762
278 121074 136.024
279 121078 137.391
280 121080 138.981
281 121081 139.739
282 121080 139.178
283 121082 139.392
284 121082 139.483
285 121079 138.863
286 121082 139.163
287 121081 139.59
288 121084 139.967
289 121085 140.259
290 121085 139.96
291 121081 139.571
292 121082 139.605
293 121084 140.173
294 121084 139.87
295 121085 140.7
296 121085 140.935
297 121085 141.171
298 121082 140.797
299 121079 139.899
300 121082 142.072
301 121079 140.833
302 121078 140.297
303 121077 139.853
304 121076 139.056
305 121077 138.355
306 121077 138.153
307 121078 137.608
308 121078 137.004
309 121076 136.436
310 121077 136.981
311 121077 137.239
312 121075 135.964
313 121075 135.342
314 121075 135.365
315 121075 135.396
316 121080 136.885
317 121081 137.036
318 121077 136.403
319 121077 135.704
320 121074 135.803
321 121075 135.964
322 121074 135.94
323 121075 136.013
324 121074 135.944
325 121071 135.419
326 121072 135.666
327 121072 135.151
328 121073 135.277
329 121077 136.496
330 121077 136.569
331 121081 138.11
332 121074 134.428
333 121074 134.742
334 121074 134.831
335 121073 134.779
336 121074 135.293
337 121073 135.011
338 121070 134.397
339 121069 134.318
340 121068 134.077
341 121068 133.472
342 121066 132.771
343 121064 131.333
344 121064 131.284
345 121068 133.092
346 121070 133.803
347 121070 133.872
348 121064 132.206
349 121064 132.275
350 121064 132.226
351 121063 132.049
352 121065 132.21
353 121065 132.46
354 121066 132.311
355 121066 132.559
356 121067 132.775
357 121068 132.749
358 121067 132.497
359 121065 132.212
360 121065 132.114
361 121063 130.997
362 121062 130.855
363 121059 129.551
364 121061 129.609
365 121063 129.502
366 121067 130.063
367 121067 130.282
368 121065 129.782
369 121067 130.095
370 121068 130.259
371 121068 130.215
372 121069 130.363
373 121068 129.912
374 121071 131.512
375 121071 132.437
376 121071 132.117
377 121067 130.275
378 121066 129.831
379 121069 131.009
380 121070 131.352
381 121070 131.12
382 121070 130.991
383 121071 131.826
384 121071 131.294
385 121070 131
386 121070 131.018
387 121068 130.63
388 121068 130.529
389 121069 130.677
390 121069 130.633
391 121071 131.58
392 121071 131.564
393 121069 131.245
394 121069 131.044
395 121068 130.824
396 121067 130.698
397 121064 130.004
398 121062 129.739
399 121061 129.593
400 121062 129.741
401 121061 130.195
402 121062 130.25
403 121066 131.186
404 121069 131.904
405 121073 132.698
406 121072 132.273
407 121074 132.272
408 121076 133.75
409 121076 134.46
410 121077 134.902
411 121076 135.406
412 121075 135.187
413 121076 135.45
414 121076 135.546
415 121075 134.71
416 121075 134.614
417 121076 134.821
418 121076 134.878
419 121078 135.295
420 121077 135.213
421 121079 135.614
422 121082 135.956
423 121084 136.794
424 121089 138.231
425 121092 139.458
426 121092 139.827
427 121093 139.94
428 121095 140.071
429 121098 140.398
430 121097 140.231
431 121098 140.226
432 121097 140.175
433 121096 139.48
434 121095 139.238
435 121093 138.633
436 121090 137.966
437 121091 138.035
438 121089 137.017
439 121088 136.24
440 121085 134.903
441 121086 134.488
442 121085 133.955
443 121083 131.953
444 121083 131.934
445 121086 132.02
446 121086 132.357
447 121088 132.513
448 121086 132.281
449 121084 131.633
450 121084 131.514
451 121083 131.101
452 121085 131.307
453 121082 130.804
454 121080 130.611
455 121076 128.964
456 121071 127.334
457 121069 126.155
458 121070 126.423
459 121072 127.018
460 121071 127.181
461 121068 126.588
462 121068 126.458
463 121070 127.28
464 121071 127.51
465 121074 128.127
466 121080 130.766
467 121078 130.389
468 121077 130.343
469 121073 129.449
470 121073 129.074
471 121071 128.86
472 121071 128.79
473 121069 128.355
474 121071 128.704
475 121072 128.76
476 121073 128.951
477 121071 129.315
478 121071 129.059
479 121073 129.908
480 121077 130.602
481 121090 135.686
482 121093 138.064
483 121098 139.235
484 121098 139.742
485 121099 139.778
486 121100 139.955
487 121101 140.164
488 121103 140.522
489 121107 141.787
490 121110 142.946
491 121114 143.928
492 121117 144.67
493 121120 145.181
494 121122 145.552
495 121121 144.976
496 121123 145.303
497 121123 145.447
498 121120 143.51
499 121123 144.407
500 121125 145.128
501 121128 146.065
502 121131 147.045
503 121134 148.087
504 121138 149.312
505 121143 150.619
506 121143 151.201
507 121147 152.67
508 121150 153.973
509 121154 154.529
510 121157 155.899
511 121159 156.196
