0 120380 702.708
1 120385 667.08
2 120377 712.966
3 120382 684.318
4 120386 654.81
5 120356 664.96
6 120386 669.007
7 120389 643.984
8 120388 627.664
9 120388 658.095
10 120393 636.672
11 120395 616.65
12 120382 638.525
13 120395 638.849
14 120398 620.895
15 120382 627.96
16 120397 642.87
17 120414 609.454
18 120403 588.612
19 120398 633.887
20 120412 615.949
21 120404 585.139
22 120382 615.499
23 120400 637.667
24 120411 579.305
25 120403 594.287
26 120406 637.02
27 120433 596.386
28 120417 569.962
29 120410 606.503
30 120426 588.603
31 120421 538.193
32 120388 572.261
33 120410 598.991
34 120417 555.591
35 120412 562.025
36 120406 616.707
37 120428 592.533
38 120410 571.86
39 120390 620.25
40 120403 636.761
41 120405 596.274
42 120381 625.769
43 120395 663.719
44 120409 629.463
45 120401 613.584
46 120391 668.229
47 120408 644.831
48 120396 613.21
49 120368 651.883
50 120385 679.188
51 120390 633.949
52 120378 653.729
53 120379 704.018
54 120401 673.593
55 120384 651.305
56 120370 705.525
57 120381 698.435
58 120379 656.28
59 120348 689.984
60 120367 715.359
61 120374 678.938
62 120369 681.674
63 120364 735.022
64 120395 700.61
65 120373 673.808
66 120354 720.118
67 120367 730.726
68 120371 675.912
69 120343 710.664
70 120360 745.559
71 120379 697.168
72 120367 678.5
73 120357 736.003
74 120380 706.185
75 120365 668.071
76 120339 711.272
77 120351 734.88
78 120359 679.942
79 120341 706.707
80 120352 757.049
81 120379 718.225
82 120361 690.74
83 120352 745.79
84 120363 725.898
85 120361 675.402
86 120333 711.165
87 120350 736.572
88 120363 681.322
89 120350 691.641
90 120348 742.63
91 120379 708.937
92 120358 683.216
93 120346 738.152
94 120350 736.332
95 120355 682.901
96 120326 715.74
97 120346 740.222
98 120363 693.485
99 120351 684.332
100 120345 740.26
101 120373 705.389
102 120356 670.467
103 120337 716.6
104 120348 734.098
105 120358 676.698
106 120335 705.97
107 120349 742.322
108 120374 697.947
109 120360 672.864
110 120351 724.627
111 120369 697.909
112 120357 647.533
113 120331 683.722
114 120348 708.829
115 120358 653.718
116 120345 675.149
117 120348 722.809
118 120377 687.063
119 120359 661.656
120 120348 716.398
121 120360 700.59
122 120361 649.225
123 120331 683.258
124 120353 708.075
125 120365 653.241
126 120360 653.361
127 120358 701.483
128 120387 668.654
129 120370 644.748
130 120365 661.213
131 120374 659.363
132 120380 603.603
133 120378 606.322
134 120382 612.094
135 120401 565.925
136 120392 545.705
137 120392 552.78
138 120415 523.536
139 120402 487.227
140 120371 529.434
141 120392 558.454
142 120401 506.731
143 120388 531.011
144 120391 587.85
145 120418 552.015
146 120401 526.961
147 120396 568.107
148 120411 552.444
149 120408 504.965
150 120384 530.485
151 120403 552.318
152 120414 497.82
153 120411 501.887
154 120411 546.042
155 120441 511.988
156 120419 487.185
157 120405 529.692
158 120417 540.425
159 120419 492.265
160 120397 518.352
161 120412 545.46
162 120417 529.201
163 120413 523.587
164 120408 575.746
165 120411 573.219
166 120408 567.533
167 120387 608.484
168 120401 631.353
169 120401 624.28
170 120382 651.216
171 120394 692.288
172 120425 650.253
173 120405 621.684
174 120400 665.032
175 120414 641.186
176 120412 584.481
177 120384 623.067
178 120400 648.624
179 120407 607.845
180 120394 618.535
181 120398 659.363
182 120423 634.051
183 120404 612.366
184 120396 661.611
185 120402 656.846
186 120403 612.969
187 120385 633.491
188 120401 651.363
189 120416 608.84
190 120405 599.231
191 120404 643.401
192 120428 618.063
193 120412 590.428
194 120394 643.893
195 120404 660.893
196 120408 608.644
197 120376 647.658
198 120397 683.637
199 120418 642.788
200 120404 623.666
201 120393 689.541
202 120414 662.894
203 120403 621.938
204 120377 672.805
205 120394 699.971
206 120400 656.721
207 120381 687.238
208 120390 737.486
209 120419 698.756
210 120402 673.22
211 120391 734.18
212 120403 717.911
213 120400 676.959
214 120367 715.225
215 120390 744.052
216 120399 694.913
217 120388 709.305
218 120385 766.412
219 120404 747.478
220 120389 730.184
221 120370 788.152
222 120381 799.69
223 120382 755.743
224 120352 790.861
225 120370 823.974
226 120388 770.847
227 120379 754.141
228 120367 813.418
229 120399 774.351
230 120379 738.349
231 120362 765.934
232 120374 779.792
233 120385 714.405
234 120382 715.513
235 120383 724.822
236 120409 673.702
237 120394 647.003
238 120395 655.306
239 120413 624.367
240 120404 574.372
241 120402 576.343
242 120405 577.796
243 120416 516.514
244 120413 518.542
245 120414 531.336
246 120446 492.906
247 120423 463.922
248 120409 521.766
249 120419 515.219
250 120420 457.757
251 120384 492.941
252 120405 520.733
253 120427 464.428
254 120413 457.045
255 120406 517.102
256 120434 481.194
257 120415 447.921
258 120396 498.582
259 120405 514.535
260 120416 455.23
261 120391 484.408
262 120407 514.776
263 120424 487.146
264 120412 470.671
265 120411 517.168
266 120413 516.194
267 120411 506.926
268 120402 524.725
269 120408 535.88
270 120408 527.626
271 120391 555.052
272 120399 603.43
273 120402 602.214
274 120399 600.707
275 120385 668.734
276 120387 666.618
277 120386 654.053
278 120357 687.701
279 120378 714.061
280 120393 656.377
281 120384 660.715
282 120382 713.565
283 120417 676.892
284 120395 648.639
285 120379 692.78
286 120391 695.595
287 120397 635.423
288 120384 656.515
289 120398 678.306
290 120417 627.224
291 120409 608.56
292 120410 625.563
293 120435 596.383
294 120420 566.035
295 120392 614.04
296 120410 642.169
297 120412 595.195
298 120394 624.034
299 120403 676.525
300 120412 658.818
301 120405 646.966
302 120396 706.868
303 120414 679.481
304 120406 630.897
305 120372 669.166
306 120396 699.651
307 120409 631.733
308 120404 648.888
309 120403 707.093
310 120432 673.661
311 120412 647.638
312 120395 703.368
313 120409 705.696
314 120412 653.17
315 120397 669.354
316 120410 687.765
317 120424 641.969
318 120417 627.924
319 120417 652.035
320 120431 631.568
321 120418 609.811
322 120411 623.26
323 120417 632.432
324 120417 615.647
325 120413 619.661
326 120416 633.662
327 120447 588.295
328 120429 559.1
329 120423 603.169
330 120441 574.054
331 120434 521.695
332 120406 552.704
333 120424 577.018
334 120433 517.079
335 120428 524.981
336 120427 568.228
337 120460 529.45
338 120436 499.147
339 120417 551.172
340 120431 552.476
341 120431 493.843
342 120401 528.623
343 120417 563.561
344 120433 507.561
345 120428 493.027
346 120425 527.856
347 120439 511.594
348 120426 493.028
349 120409 520.63
350 120422 538.9
351 120421 514.659
352 120404 539.737
353 120412 586.975
354 120419 573.489
355 120412 563.906
356 120406 609.217
357 120410 605.229
358 120407 591.578
359 120380 621.786
360 120397 645.771
361 120402 601.736
362 120394 613.059
363 120396 650.668
364 120424 619.535
365 120405 594.989
366 120397 640.611
367 120403 636.016
368 120404 592.653
369 120378 619.82
370 120398 641.995
371 120417 590.013
372 120404 579.782
373 120402 627.152
374 120432 593.75
375 120416 558.527
376 120411 582.816
377 120414 590.955
378 120416 555.674
379 120406 573.649
380 120418 591.217
381 120435 563.669
382 120423 545.258
383 120423 570.541
384 120441 545.73
385 120435 500.669
386 120416 535.943
387 120431 557.837
388 120438 512.361
389 120433 516.953
390 120437 530.409
391 120462 497.508
392 120446 473.421
393 120444 500.906
394 120451 489.559
395 120449 451.708
396 120432 472.825
397 120446 490.024
398 120454 444.67
399 120446 454.329
400 120444 506.834
401 120469 479.201
402 120449 456.875
403 120439 495.908
404 120448 500.89
405 120454 457.034
406 120431 480.98
407 120447 507.434
408 120452 483
409 120446 474.544
410 120444 515.572
411 120454 497.778
412 120442 480.231
413 120424 511.573
414 120437 531.199
415 120438 506.203
416 120424 523.948
417 120429 561.461
418 120448 526.176
419 120433 504.291
420 120431 543.567
421 120435 538.945
422 120430 525.197
423 120415 542.554
424 120427 558.443
425 120429 531.063
426 120426 535.573
427 120427 564.847
428 120444 543.709
429 120429 526.447
430 120427 538.097
431 120436 530.691
432 120438 478.171
433 120430 489.477
434 120439 503.406
435 120450 464.458
436 120444 452.076
437 120439 480.145
438 120461 454.882
439 120444 428.415
440 120435 448.051
441 120444 459.888
442 120446 418.895
443 120436 432.508
444 120443 460.712
445 120461 429.493
446 120449 410.085
447 120440 461.296
448 120455 446.413
449 120451 410.147
450 120433 438.354
451 120449 459.551
452 120450 420.331
453 120441 434.515
454 120445 471.925
455 120461 454.614
456 120448 438.796
457 120444 477.064
458 120448 473.452
459 120446 444.148
460 120428 464.934
461 120443 483.149
462 120445 471.137
463 120438 470.96
464 120439 504.39
465 120447 493.109
466 120438 479.175
467 120430 512.283
468 120435 522.027
469 120437 490.53
470 120421 508.448
471 120434 527.776
472 120443 508.003
473 120436 497.594
474 120433 536.346
475 120444 522.827
476 120438 494.684
477 120422 522.746
478 120433 541.569
479 120442 490.118
480 120432 497.346
481 120435 519.536
482 120452 491.372
483 120437 470.211
484 120431 514.163
485 120440 499.928
486 120436 462.514
487 120419 480.423
488 120433 494.72
489 120437 456.256
490 120434 460.591
491 120433 488.979
492 120452 468.475
493 120437 450.328
494 120429 480.317
495 120437 486.384
496 120436 452.874
497 120435 464.506
498 120434 476.826
499 120441 453.275
500 120435 453.983
501 120435 467.326
502 120453 459.285
503 120436 449.174
504 120435 464.036
505 120433 476.245
506 120436 437.315
507 120434 453.199
508 120432 471.142
509 120457 443.205
510 120433 427.923
511 120432 447.593
