0 215889 143.491
1 215887 142.775
2 215894 148.85
3 215888 148.933
4 215885 147.078
5 215882 145.461
6 215880 144.064
7 215881 142.882
8 215880 141.946
9 215878 140.74
10 215876 139.855
11 215875 138.868
12 215873 137.912
13 215872 137.034
14 215871 136.209
15 215870 135.441
16 215870 134.739
17 215869 134.576
18 215868 134.475
19 215869 134.384
20 215870 134.443
21 215870 134.159
22 215867 132.562
23 215866 131.89
24 215863 130.031
25 215857 128.913
26 215858 126.41
27 215855 125.399
28 215849 121.594
29 215851 120.185
30 215851 120.14
31 215851 120.164
32 215851 120.132
33 215851 119.575
34 215846 115.214
35 215848 114.008
36 215848 114.018
37 215848 113.963
38 215848 113.878
39 215846 113.707
40 215846 113.551
41 215847 113.626
42 215849 113.554
43 215849 113.568
44 215850 113.581
45 215850 113.584
46 215850 113.626
47 215851 113.651
48 215851 113.69
49 215852 113.787
50 215853 113.874
51 215854 113.868
52 215854 113.825
53 215853 113.713
54 215853 113.642
55 215853 113.391
56 215853 113.332
57 215853 113.362
58 215853 113.294
59 215852 113.129
60 215852 113.015
61 215852 112.993
62 215852 112.996
63 215851 112.993
64 215851 112.99
65 215851 112.937
66 215851 112.897
67 215850 112.901
68 215851 112.872
69 215851 112.903
70 215851 112.887
71 215850 112.884
72 215850 112.821
73 215849 112.724
74 215848 112.64
75 215848 112.561
76 215847 112.5
77 215846 112.425
78 215846 112.34
79 215845 112.303
80 215843 112.179
81 215842 112.096
82 215840 111.985
83 215840 112.38
84 215838 112.301
85 215839 112.26
86 215838 112.219
87 215838 112.172
88 215838 112.155
89 215837 112.032
90 215837 112.042
91 215836 112.044
92 215835 112.019
93 215834 111.996
94 215834 111.967
95 215834 111.935
96 215833 111.888
97 215833 111.886
98 215832 111.938
99 215832 111.964
100 215832 111.968
101 215832 111.935
102 215832 111.953
103 215831 111.935
104 215831 111.861
105 215831 111.915
106 215831 111.875
107 215831 111.912
108 215831 111.978
109 215832 111.982
110 215832 112.094
111 215832 112.055
112 215833 112.122
113 215833 112.106
114 215834 112.169
115 215833 111.723
116 215833 111.777
117 215832 111.734
118 215831 111.726
119 215831 111.741
120 215830 111.799
121 215831 111.855
122 215830 111.892
123 215831 111.93
124 215831 112.051
125 215832 112.092
126 215831 112.185
127 215833 112.311
128 215834 112.402
129 215834 112.51
130 215835 112.548
131 215835 112.619
132 215835 112.762
133 215835 112.838
134 215835 112.875
135 215835 112.933
136 215835 112.973
137 215836 113.435
138 215838 113.653
139 215841 113.971
140 215843 114.141
141 215845 114.317
142 215847 114.396
143 215849 114.674
144 215853 115.059
145 215857 115.432
146 215861 115.656
147 215865 116.135
148 215868 116.402
149 215870 116.615
150 215872 116.854
151 215875 117.163
152 215878 118.063
153 215888 120.057
154 215889 122.882
155 215890 123.048
156 215890 123.137
157 215890 123.143
158 215892 123.206
159 215897 124.531
160 215901 125.527
161 215900 125.734
162 215902 126.003
163 215904 126.355
164 215906 126.537
165 215908 126.745
166 215910 126.992
167 215911 127.301
168 215913 127.576
169 215914 128.27
170 215913 128.126
171 215910 127.953
172 215915 129.128
173 215920 130.474
174 215920 131.582
175 215923 132.612
176 215919 133.325
177 215922 134.324
178 215924 134.686
179 215928 135.02
180 215931 135.795
181 215935 136.545
182 215947 137.751
183 215956 139.32
184 215965 140.109
185 215964 139.477
186 215973 138.31
187 215977 139.043
188 215984 140.971
189 215986 141.94
190 215986 142.095
191 215983 141.08
192 215991 147.423
193 215998 152.554
194 216005 153.523
195 216011 154.512
196 216019 157.581
197 216025 159.339
198 216033 160.753
199 216044 162.363
200 216050 163.217
201 216051 163.059
202 216056 163.737
203 216062 165.529
204 216060 166.921
205 216061 168.995
206 216063 169.885
207 216065 170.461
208 216073 173.71
209 216068 174.081
210 216066 174.196
211 216060 174.217
212 216053 173.211
213 216048 172.318
214 216036 171.073
215 216024 169.448
216 216014 168.074
217 216007 166.919
218 215998 165.457
219 215992 164.915
220 215986 162.903
221 215983 162.033
222 215981 162.031
223 215979 161.768
224 215969 154.53
225 215964 149.438
226 215956 149.113
227 215948 147.824
228 215936 144.505
229 215929 142.621
230 215919 141.087
231 215908 139.382
232 215899 138.288
233 215894 137.252
234 215888 136.484
235 215880 134.588
236 215875 131.839
237 215867 128.593
238 215868 127.221
239 215865 125.916
240 215858 122.877
241 215855 121.247
242 215851 120.627
243 215850 120.072
244 215849 119.962
245 215848 119.913
246 215846 119.759
247 215846 119.525
248 215843 119.19
249 215842 118.956
250 215840 118.899
251 215840 118.59
252 215838 118.552
253 215838 118.367
254 215836 118.031
255 215834 117.875
256 215831 117.786
257 215827 117.432
258 215825 116.421
259 215823 116.296
260 215824 116.276
261 215824 116.179
262 215824 116.114
263 215823 116.001
264 215822 115.941
265 215822 115.943
266 215822 115.955
267 215822 115.904
268 215821 115.923
269 215821 115.651
270 215815 114.853
271 215809 114.342
272 215807 113.084
273 215809 113.013
274 215818 117.118
275 215827 119.335
276 215835 124.118
277 215836 126.247
278 215849 132.132
279 215859 136.953
280 215861 141.536
281 215859 143.832
282 215857 144.209
283 215858 144.184
284 215859 144.188
285 215859 144.231
286 215860 144.219
287 215860 144.201
288 215860 144.098
289 215860 144.067
290 215874 149.754
291 215884 158.402
292 215886 159.301
293 215895 163.82
294 215902 165.577
295 215902 167.27
296 215904 167.678
297 215903 168.314
298 215905 168.473
299 215904 168.49
300 215905 168.741
301 215904 168.725
302 215904 168.718
303 215903 168.68
304 215903 168.598
305 215903 168.52
306 215893 164.26
307 215884 161.742
308 215876 156.935
309 215874 154.779
310 215861 148.81
311 215851 143.938
312 215850 139.613
313 215852 137.34
314 215855 136.832
315 215855 136.808
316 215854 136.713
317 215853 136.648
318 215853 136.622
319 215853 136.538
320 215852 136.506
321 215853 136.509
322 215839 130.789
323 215829 122.073
324 215827 121.113
325 215818 116.498
326 215811 114.574
327 215811 112.693
328 215810 112.286
329 215811 111.715
330 215810 111.593
331 215810 111.519
332 215810 111.238
333 215810 111.191
334 215810 111.249
335 215811 112.06
336 215809 112.055
337 215809 112.079
338 215809 112.109
339 215810 112.082
340 215810 112.06
341 215810 112.071
342 215809 112.09
343 215809 112.08
344 215807 111.703
345 215807 111.634
346 215806 111.607
347 215806 111.549
348 215806 111.544
349 215806 111.558
350 215806 111.578
351 215806 111.623
352 215807 111.632
353 215808 111.643
354 215808 111.714
355 215809 111.666
356 215809 111.637
357 215808 111.63
358 215807 111.653
359 215807 111.654
360 215807 111.627
361 215808 111.522
362 215807 111.458
363 215808 111.466
364 215807 111.35
365 215807 111.37
366 215808 111.311
367 215808 110.425
368 215810 110.393
369 215810 110.463
370 215811 110.431
371 215811 110.479
372 215811 110.524
373 215811 110.497
374 215811 110.59
375 215811 110.593
376 215812 110.657
377 215812 110.636
378 215812 110.549
379 215812 110.573
380 215813 110.627
381 215815 110.913
382 215816 110.892
383 215816 110.865
384 215817 110.849
385 215817 110.793
386 215817 110.779
387 215818 110.864
388 215818 110.812
389 215819 110.806
390 215819 110.796
391 215821 111.004
392 215822 111.059
393 215822 111.143
394 215822 111.156
395 215822 111.143
396 215823 111.178
397 215823 111.144
398 215822 111.102
399 215823 111.157
400 215822 111.151
401 215822 111.048
402 215821 111.038
403 215820 110.961
404 215821 110.989
405 215821 111.016
406 215821 110.911
407 215821 110.86
408 215820 110.806
409 215820 110.809
410 215821 110.824
411 215821 110.765
412 215820 110.678
413 215818 110.383
414 215818 110.443
415 215818 110.447
416 215818 110.495
417 215818 110.538
418 215818 110.505
419 215817 110.509
420 215817 110.619
421 215817 110.591
422 215816 110.556
423 215814 110.319
424 215813 110.22
425 215813 110.119
426 215813 110.065
427 215812 110.042
428 215812 110.057
429 215811 110.036
430 215811 110.01
431 215810 109.929
432 215810 109.949
433 215808 110.024
434 215808 110.033
435 215808 110.099
436 215807 110.057
437 215807 110.009
438 215807 110.01
439 215807 110.035
440 215808 110.01
441 215807 110.018
442 215807 110.034
443 215805 110.058
444 215805 110.129
445 215804 110.132
446 215804 110.058
447 215803 110.032
448 215803 109.963
449 215802 109.921
450 215802 109.883
451 215802 109.821
452 215801 109.771
453 215803 109.941
454 215803 109.974
455 215802 110.008
456 215802 110.003
457 215802 109.97
458 215801 109.992
459 215801 110.016
460 215801 109.997
461 215801 110.004
462 215801 110.015
463 215801 110.056
464 215801 110.026
465 215803 109.946
466 215803 109.95
467 215804 110.082
468 215804 110.216
469 215804 110.218
470 215804 110.198
471 215804 110.211
472 215804 110.25
473 215804 110.197
474 215804 110.154
475 215804 110.121
476 215805 110.067
477 215805 110.107
478 215805 110.141
479 215805 110.165
480 215805 110.232
481 215805 110.269
482 215805 110.325
483 215805 110.311
484 215805 110.311
485 215804 110.184
486 215804 110.197
487 215804 110.213
488 215804 110.236
489 215806 111.127
490 215808 111.574
491 215809 111.919
492 215810 112.009
493 215811 112.203
494 215811 112.338
495 215811 112.377
496 215812 112.472
497 215812 112.572
498 215812 112.642
499 215811 112.56
500 215813 112.502
501 215813 112.61
502 215813 112.75
503 215813 112.856
504 215813 112.99
505 215814 113.177
506 215815 113.381
507 215815 113.569
508 215816 113.758
509 215816 113.893
510 215817 114.049
511 215818 114.281
