24.266 100379 6.16729 5 4 0.0789836 1674 3246 3263 13 0 1 20 1  0
0 2048 0.125829 8 0 0 1767 97697 97699 13 0 1 20 1  0
20.5622 97735 6.00484 1 0 0 1 93482 93484 13 0 1 20 1  0
21.2256 107504 6.60505 6 2 0.0394922 130 97692 97748 13 0 1 20 1  0
10.8895 105206 6.46386 1 1 0.0197462 1 105206 105207 13 0 1 20 1  0
10.6914 93802 5.76319 2 1 0.0197462 1 93802 93803 13 0 1 20 1  0
11.2922 101289 6.2232 2 6 0.118475 3 100330 100335 13 0 1 20 1  0
10.0681 107162 6.58403 6 575 13.3936 1 107162 107163 13 0 1 20 1  0
11.9574 90864 5.58268 12 1944 174.224 1 89912 91906 13 0 1 20 1  0
10.1307 271555 16.6843 8 0 0 1 271555 271556 13 0 1 20 1  0
20.5023 499447 30.686 8 0 0 1 272211 272212 13 0 1 20 1  0
0 260096 15.9803 8 0 0 1042 272557 272558 13 0 1 20 1  0
23.1457 305424 18.7652 1 0 0 2 268951 268954 13 0 1 20 1  0
25.222 304994 18.7388 2 0 0 26 268950 268954 13 0 1 20 1  0
12.96 381311 23.4277 5 1 0.0197462 8 272544 272558 13 0 1 20 1  0
10.1013 272869 16.7651 2 2 0.0394922 1 272869 272870 13 0 1 20 1  0
10.3789 281980 17.3249 3 6 0.118475 2 281980 281981 13 0 1 20 1  0
12.7012 285570 17.5454 4 3 0.059238 3 272553 272561 13 0 1 20 1  0
10.0014 283602 17.4245 2 4 0.0789836 1 283602 283603 13 0 1 20 1  0
10.017 272556 16.7458 3 4 0.0789836 2 272556 272557 13 0 1 20 1  0
12.0608 517090 31.77 4 5 0.0987291 5 272550 272557 13 0 1 20 1  0
12.6647 361898 22.235 3 10 0.197458 14 304979 304986 13 0 1 20 1  0
10.4793 575046 35.3308 8 0 0 1 575046 575047 13 0 1 20 1  0
12.9112 764559 46.9745 8 0 0 1 604719 604720 13 0 1 20 1  0
0 522240 32.0864 8 0 0 420 611847 611848 13 0 1 20 1  0
10.2358 551940 33.9112 1 0 0 3 551940 551941 13 0 1 20 1  0
13.3904 688057 42.2742 1 0 0 3 572788 572789 13 0 1 20 1  0
13.8439 687728 42.254 3 0 0 20 551936 551942 13 0 1 20 1  0
13.5098 643775 39.5535 4 0 0 3 551935 551942 13 0 1 20 1  0
12.6643 644099 39.5734 5 1 0.0197462 7 621950 621955 13 0 1 20 1  0
10.6538 764559 46.9745 1 1 0.0197462 1 764559 764560 13 0 1 20 1  0
11.5693 754500 46.3565 2 1 0.0197462 3 643438 643440 13 0 1 20 1  0
11.7582 687421 42.2351 4 2 0.0394922 1 643769 643781 13 0 1 20 1  0
10.3383 643435 39.5326 2 3 0.059238 1 643435 643436 13 0 1 20 1  0
10.1833 637565 39.172 3 7 0.13822 2 637565 637566 13 0 1 20 1  0
10.0415 687087 42.2146 4 8 0.157966 1 687087 687088 13 0 1 20 1  0
10.8007 732361 44.9963 5 8 0.157966 1 643768 643773 13 0 1 20 1  0
12.1002 758050 46.5746 8 597 14.0823 205 757889 758218 13 0 1 20 1  0
11.9265 547924 33.6644 11 1778 129.693 3 547188 548624 13 0 1 20 1  0
10.6241 547853 33.6601 7 1788 132.021 2 547816 548142 13 0 1 20 1  0
12.9436 726022 44.6068 12 2869 899.292 1 723924 728118 13 0 1 20 1  0
21.206 893844 54.9178 8 0 0 1 802064 802092 13 0 1 20 1  0
0 784384 48.1926 8 0 0 7428 802095 802098 13 0 1 20 1  0
24.3043 895478 55.0182 1 0 0 2 802064 802133 13 0 1 20 1  0
24.7629 802435 49.3016 7 4 0.0789836 7382 802063 802836 13 0 1 20 1  0
17.6254 971096 59.6641 7 396 8.46073 293 801951 802441 13 0 1 20 1  0
14.75 931321 57.2204 3 7 0.13822 7 802072 802087 13 0 1 20 1  0
10.2503 980159 60.221 11 94 1.86345 2 980133 980186 13 0 1 20 1  0
10.3793 1022501 62.8225 8 133 2.64815 1 971141 971349 13 0 1 20 1  0
11.977 968722 59.5183 7 2299 327.204 2 967014 967026 13 0 1 20 1  0
0 784384 48.1926 7 2299 327.204 1 967523 968802 13 0 1 20 1  0
10.4265 967346 59.4337 8 2335 348.786 1 967304 967364 13 0 1 20 1  0
18.055 1306527 80.273 8 0 0 1 1054106 1054109 13 0 1 20 1  0
0 1046528 64.2987 8 0 0 543 1055350 1055351 13 0 1 20 1  0
23.6973 1304956 80.1765 2 0 0 122 1054107 1054109 13 0 1 20 1  0
11.4107 1299961 79.8696 11 85 1.68372 18 1299792 1300747 13 0 1 20 1  0
10.0008 1059913 65.1211 1 1 0.0197462 1 1059913 1059914 13 0 1 20 1  0
10.2073 1056526 64.913 4 4 0.0789836 2 1056526 1056527 13 0 1 20 1  0
12.178 1300244 79.887 2 3 0.059238 3 1056526 1056528 13 0 1 20 1  0
10.0347 1059688 65.1072 7 8 0.157966 1 1059688 1059689 13 0 1 20 1  0
10.0497 1057984 65.0025 5 11 0.217204 1 1057984 1057985 13 0 1 20 1  0
10.1932 1061081 65.1928 3 14 0.276446 1 1061081 1061082 13 0 1 20 1  0
10.0884 1081127 66.4244 7 87 1.72362 3 1081121 1081135 13 0 1 20 1  0
10.4647 1092664 67.1333 10 2486 455.925 1 1092097 1093010 13 0 1 20 1  0
10.1856 1226455 75.3534 10 2520 484.267 1 1226305 1226823 13 0 1 20 1  0
12.7454 1379414 84.7512 3 3 0.059238 6 1309244 1309246 13 0 1 20 1  0
11.8832 1309186 80.4364 7 104 2.06369 622 1309159 1309214 13 0 1 20 1  0
12.9506 1309243 80.4399 1 0 0 1 1309243 1309245 13 0 1 20 1  0
15.9073 1379739 84.7712 3 2 0.0394922 6 1309244 1309247 13 0 1 20 1  0
15.6422 1351428 83.0317 4 2 0.0394922 16 1309241 1309275 13 0 1 20 1  0
10.3 1463715 89.9306 6 0 0 1 1463707 1463720 13 0 1 20 1  0
10.0069 1332539 81.8712 2 1 0.0197462 1 1332539 1332540 13 0 1 20 1  0
11.2323 1333177 81.9104 2 4 0.0789836 2 1333176 1333179 13 0 1 20 1  0
10.5964 1366059 83.9307 6 3 0.059238 3 1366055 1366074 13 0 1 20 1  0
12.632 1366391 83.9511 3 4 0.0789836 13 1333175 1333180 13 0 1 20 1  0
14.1303 1352062 83.0707 4 5 0.0987291 8 1309273 1309274 13 0 1 20 1  0
10.1983 1441593 88.5715 2 6 0.118475 1 1352060 1352062 13 0 1 20 1  0
10.9765 1380052 84.7904 3 12 0.236951 1 1351408 1351415 13 0 1 20 1  0
10.1077 1364603 83.8412 5 530 12.0472 3 1364598 1364604 13 0 1 20 1  0
0 1308672 80.4048 8 2749 726.903 460 1367423 1367454 13 0 1 20 1  0
12.1157 1363504 83.7737 3 2777 763.911 1 1362853 1363023 13 0 1 20 1  0
11.1666 1597247 98.1348 2 1 0.0197462 8 1597247 1597248 13 0 1 20 1  0
20.4166 1832870 112.612 8 4 0.0789836 494 1832712 1832961 13 0 1 20 1  0
0 1570816 96.5109 8 0 0 572 1650662 1650663 13 0 1 20 1  0
10.035 1582271 97.2147 1 0 0 1 1582271 1582272 13 0 1 20 1  0
19.8572 1832451 112.586 1 0 0 11 1594980 1594982 13 0 1 20 1  0
17.5729 1751555 107.616 3 0 0 30 1648706 1648709 13 0 1 20 1  0
10.2143 1597569 98.1546 4 2 0.0394922 1 1597569 1597570 13 0 1 20 1  0
10.4559 1648033 101.255 2 3 0.059238 1 1648033 1648034 13 0 1 20 1  0
10.1134 1582590 97.2343 3 5 0.0987291 1 1582590 1582591 13 0 1 20 1  0
10.2444 1584210 97.3339 3 9 0.177712 2 1584210 1584211 13 0 1 20 1  0
10.1249 1648696 101.296 5 10 0.197458 1 1648696 1648697 13 0 1 20 1  0
10.8203 1650970 101.436 3 16 0.315943 9 1650968 1650972 13 0 1 20 1  0
11.2125 1719190 105.627 5 255 5.20048 45 1719185 1719206 13 0 1 20 1  0
0 1570816 96.5109 5 248 5.04867 7 1832229 1832244 13 0 1 20 1  0
12.6989 1834308 112.7 8 0 0 22 1834262 1834269 13 0 1 20 1  0
12.9552 1834266 112.697 2 0 0 11 1834264 1834269 13 0 1 20 1  0
0 1832960 112.617 1 0 0 5 1834307 1834315 13 0 1 20 1  0
15.6281 2027116 124.546 8 198 3.98538 530 2026968 2027197 13 0 1 20 1  0
11.9485 1844456 113.323 12 2608 566.072 2 1842904 1846532 13 0 1 20 1  0
17.9752 2121283 130.332 7 1297 54.8153 6643 2120453 2121842 13 0 1 20 1  0
0 2095104 128.723 9 19 0.375194 2001 2136238 2136338 13 0 1 20 1  0
11.5345 2134990 131.174 8 529 12.0181 2 2125489 2126042 13 0 1 20 1  0
10.8768 2133910 131.107 7 770 20.3354 1 2133883 2133967 13 0 1 20 1  0
10.0672 2194939 134.857 8 2373 373.11 1 2194930 2194971 13 0 1 20 1  0
12.7843 2559642 157.264 8 0 0 66 2559642 2559655 13 0 1 20 1  0
0 2357248 144.829 8 0 0 68 2560128 2560129 13 0 1 20 1  0
13.7284 2563382 157.494 2 0 0 22 2559642 2559655 13 0 1 20 1  0
0 2357248 144.829 1 0 0 3 2560128 2560129 13 0 1 20 1  0
10.5637 2563894 157.526 2 3 0.059238 1 2563894 2563896 13 0 1 20 1  0
12.699 2376753 146.028 9 212 4.27962 192 2376648 2376850 13 0 1 20 1  0
10.6682 2460799 151.191 3 10 0.197458 4 2460797 2460801 13 0 1 20 1  0
10.2717 2538594 155.971 7 145 2.89191 3 2538583 2538602 13 0 1 20 1  0
10.24 2591999 159.252 9 149 2.97344 1 2376772 2376838 13 0 1 20 1  0
10.9732 2560564 157.321 12 386 8.21461 6 2560012 2560836 13 0 1 20 1  0
11.3802 2484299 152.635 7 278 5.70501 9 2376534 2376649 13 0 1 20 1  0
11.0311 2558962 157.223 7 572 13.3013 12 2376541 2376579 13 0 1 20 1  0
0 2357248 144.829 7 572 13.3013 8 2558904 2558990 13 0 1 20 1  0
10.9762 2376495 146.012 7 657 16.0728 36 2376451 2376521 13 0 1 20 1  0
10.088 2570118 157.908 12 1893 159.128 2 2569936 2570418 13 0 1 20 1  0
11.2007 2570956 157.96 12 2343 353.771 3 2569736 2572120 13 0 1 20 1  0
11.8311 2538618 155.973 12 2999 1132.46 3 2536420 2540964 13 0 1 20 1  0
0 2357248 144.829 12 2999 1132.46 1 2559828 2560332 13 0 1 20 1  0
13.215 2556498 157.071 12 3081 1309.72 1 2552338 2560898 13 0 1 20 1  0
13.2561 2688679 165.192 8 0 0 1 2688679 2688680 13 0 1 20 1  0
17.282 2724897 167.418 7 3 0.059238 167 2724831 2724966 13 0 1 20 1  0
0 2619392 160.935 8 0 0 570 2724864 2724865 13 0 1 20 1  0
14.2202 2798325 171.929 9 11 0.217204 1064 2724936 2724951 13 0 1 20 1  0
10.017 2796288 171.804 2 3 0.059238 1 2796288 2796289 13 0 1 20 1  0
13.9362 2810627 172.685 3 3 0.059238 48 2724878 2724890 13 0 1 20 1  0
12.6987 2857068 175.538 4 5 0.0987291 3 2724870 2724888 13 0 1 20 1  0
10.2575 2858317 175.615 2 8 0.157966 1 2858317 2858318 13 0 1 20 1  0
12.2308 2826764 173.676 8 80 1.58404 95 2724824 2724909 13 0 1 20 1  0
10.8077 2713226 166.701 12 125 2.48631 2 2712504 2713868 13 0 1 20 1  0
10.7638 2854561 175.384 8 236 4.79021 3 2798185 2798287 13 0 1 20 1  0
0 2619392 160.935 6 600 14.1779 6 2797792 2797879 13 0 1 20 1  0
10.4413 2833962 174.119 12 2926 994.95 1 2833780 2834912 13 0 1 20 1  0
10.0491 2883392 177.156 8 0 0 1214 2883392 2883393 13 0 1 20 1  0
15.7853 3033405 186.372 1 0 0 20 2883383 2883384 13 0 1 20 1  0
10.8988 2883387 177.155 3 1 0.0197462 4 2883387 2883388 13 0 1 20 1  0
19.4858 2932670 180.183 10 59 1.16662 573 2932027 2933100 13 0 1 20 1  0
14.5311 2918913 179.338 3 4 0.0789836 15 2884422 2884425 13 0 1 20 1  0
17.2123 3128474 192.213 8 558 12.8754 3244 2932081 2932309 13 0 1 20 1  0
11.5452 2912085 178.919 2 3 0.059238 3 2912085 2912086 13 0 1 20 1  0
13.38 2916708 179.203 2 2 0.0394922 1 2916707 2916710 13 0 1 20 1  0
15.0877 3037761 186.64 3 3 0.059238 4 2883385 2883387 13 0 1 20 1  0
10.2427 2884420 177.219 2 6 0.118475 2 2884420 2884421 13 0 1 20 1  0
12.0697 2916641 179.198 4 7 0.13822 9 2884416 2884421 13 0 1 20 1  0
10.0346 2931910 180.137 5 700 17.6098 3 2931910 2931911 13 0 1 20 1  0
19.7062 3190831 196.045 8 0 0 65 3190807 3190809 13 0 1 20 1  0
0 3143680 193.148 8 0 0 453 3190820 3190821 13 0 1 20 1  0
25.1506 3195628 196.339 2 0 0 10 3190807 3190809 13 0 1 20 1  0
14.3348 3301414 202.839 3 5 0.0987291 11 3195620 3195624 13 0 1 20 1  0
19.7128 3196843 196.414 3 1 0.0197462 1 3190829 3190921 13 0 1 20 1  0
10.5468 3297327 202.588 2 4 0.0789836 3 3297327 3297328 13 0 1 20 1  0
11.4618 3298811 202.679 3 9 0.177712 5 3297960 3297970 13 0 1 20 1  0
14.0405 3299451 202.718 3 4 0.0789836 3 3195622 3195628 13 0 1 20 1  0
14.1033 3297970 202.627 4 4 0.0789836 33 3190829 3190906 13 0 1 20 1  0
10.1346 3284756 201.815 4 10 0.197458 1 3284756 3284757 13 0 1 20 1  0
10.7907 3374256 207.314 12 2031 203.342 4 3373538 3375662 13 0 1 20 1  0
13.2225 3312590 203.526 12 2237 293.116 17 3308694 3316130 13 0 1 20 1  0
10.5198 3485115 214.125 8 0 0 1 3485115 3485116 13 0 1 20 1  0
24.7017 3530809 216.933 2 0 0 129 3426653 3426655 13 0 1 20 1  0
0 3405824 209.254 8 0 0 798 3505227 3505228 13 0 1 20 1  0
10.4923 3426978 210.554 6 20 0.394946 3 3426972 3426983 13 0 1 20 1  0
10.2708 3508451 215.559 1 1 0.0197462 1 3508451 3508452 13 0 1 20 1  0
10.0178 3419472 210.092 2 1 0.0197462 1 3419472 3419473 13 0 1 20 1  0
10.4737 3416545 209.913 2 2 0.0394922 1 3416545 3416546 13 0 1 20 1  0
10.4019 3413602 209.732 4 13 0.256698 3 3413602 3413603 13 0 1 20 1  0
10.6281 3421098 210.192 2 4 0.0789836 2 3421098 3421099 13 0 1 20 1  0
15.4023 3456922 212.393 3 4 0.0789836 45 3413609 3413613 13 0 1 20 1  0
10.0824 3414909 209.812 2 6 0.118475 1 3414909 3414910 13 0 1 20 1  0
10.0086 3421408 210.211 4 14 0.276446 1 3421408 3421409 13 0 1 20 1  0
10.0467 3425986 210.493 4 16 0.315943 1 3425986 3425987 13 0 1 20 1  0
10.2153 3535152 217.2 7 29 0.572762 2 3535149 3535158 13 0 1 20 1  0
33.458 3729265 229.126 11 111 2.20423 11247 3726437 3742820 13 0 1 20 1  0
0 3667968 225.36 8 0 0 21101 3727754 3727756 13 0 1 20 1  0
10.7817 3695731 227.066 1 1 0.0197462 1 3695731 3695732 13 0 1 20 1  0
13.5615 3764153 231.27 2 1 0.0197462 5 3728879 3728903 13 0 1 20 1  0
10.0517 3727425 229.013 2 1 0.0197462 1 3727425 3727426 13 0 1 20 1  0
12.9194 3747628 230.254 4 1 0.0197462 1 3727076 3727112 13 0 1 20 1  0
10.4899 3727191 228.999 2 2 0.0394922 1 3727191 3727192 13 0 1 20 1  0
14.6201 3737348 229.623 4 2 0.0394922 1 3727074 3727133 13 0 1 20 1  0
12.4117 3695940 227.079 4 39 0.770481 48 3695931 3695948 13 0 1 20 1  0
14.3116 3730063 229.175 3 6 0.118475 4 3695952 3695956 13 0 1 20 1  0
10.0113 3735241 229.493 2 5 0.0987291 1 3735241 3735242 13 0 1 20 1  0
13.8427 3888612 238.916 3 5 0.0987291 6 3695954 3695956 13 0 1 20 1  0
10.4007 3668579 225.397 3 44 0.869417 8 3668579 3668580 13 0 1 20 1  0
10.3197 3700320 227.348 2 7 0.13822 1 3700320 3700321 13 0 1 20 1  0
16.0241 3741366 229.87 6 33 0.651829 183 3678681 3678686 13 0 1 20 1  0
10.1968 3695468 227.05 2 16 0.315943 2 3695468 3695469 13 0 1 20 1  0
10.1531 3678672 226.018 3 32 0.63206 9 3678672 3678673 13 0 1 20 1  0
11.9167 3748247 230.292 7 12 0.236951 1 3730944 3731043 13 0 1 20 1  0
12.7482 3733985 229.416 5 86 1.70367 10 3668564 3668575 13 0 1 20 1  0
10.0625 3727630 229.026 3 68 1.3453 1 3727630 3727631 13 0 1 20 1  0
10.2312 3734414 229.442 2 247 5.02705 2 3734414 3734415 13 0 1 20 1  0
10.2297 3728891 229.103 3 548 12.5761 1 3728891 3728892 13 0 1 20 1  0
10.3308 3737448 229.629 7 602 14.2418 1 3727789 3729300 13 0 1 20 1  0
10.2087 3732432 229.321 3 793 21.2972 2 3732432 3732433 13 0 1 20 1  0
10.0663 3732391 229.318 3 797 21.468 1 3732391 3732392 13 0 1 20 1  0
10.0232 3695370 227.044 5 884 25.4663 2 3695370 3695371 13 0 1 20 1  0
10.0569 3732288 229.312 3 1003 31.94 1 3732288 3732289 13 0 1 20 1  0
10.0717 3727056 228.99 4 1016 32.7279 1 3727056 3727057 13 0 1 20 1  0
11.9302 3731424 229.259 5 1362 61.6402 19 3731410 3731440 13 0 1 20 1  0
14.7343 3720432 228.583 12 2269 310.242 15 3717540 3721802 13 0 1 20 1  0
20.8165 4060708 249.49 6 627 15.0562 5320 4060391 4061002 13 0 1 20 1  0
11.8021 4061050 249.511 1 0 0 1 4061046 4061056 13 0 1 20 1  0
18.2809 4089809 251.278 7 1083 37.0742 6001 4088980 4090363 13 0 1 20 1  0
0 3930112 241.466 8 0 0 7450 4093325 4094807 13 0 1 20 1  0
10.5831 4057463 249.291 5 1 0.0197462 4 4057460 4057468 13 0 1 20 1  0
12.0876 4051502 248.924 3 8 0.157966 9 3961610 3961613 13 0 1 20 1  0
11.7501 4037791 248.082 4 9 0.177712 14 4037787 4037796 13 0 1 20 1  0
10.1649 3961612 243.401 3 6 0.118475 1 3961612 3961613 13 0 1 20 1  0
10.1516 4057319 249.282 3 14 0.276446 1 4057319 4057321 13 0 1 20 1  0
10.0013 3978277 244.425 10 102 2.02359 1 3978277 3978278 13 0 1 20 1  0
10.0106 4037032 248.035 8 196 3.94354 1 4037032 4037033 13 0 1 20 1  0
10.008 4091779 251.399 2 577 13.4553 1 4091779 4091780 13 0 1 20 1  0
10.3768 4092056 251.416 5 633 15.2561 1 4091577 4091789 13 0 1 20 1  0
10.3952 4059446 249.412 3 944 28.5713 3 4059446 4059447 13 0 1 20 1  0
10.0183 4088416 251.192 4 1175 43.9097 1 4088416 4088417 13 0 1 20 1  0
10.8741 3973543 244.134 7 1741 121.425 4 3973496 3973595 13 0 1 20 1  0
10.33 4067586 249.912 7 2128 241.559 3 4067578 4067604 13 0 1 20 1  0
13.4063 4045741 248.57 11 2472 444.742 18 4041355 4046638 13 0 1 20 1  0
0 3930112 241.466 9 2465 439.254 3 4045380 4046869 13 0 1 20 1  0
23.993 4367210 268.321 8 2 0.0394922 3822 4222203 4222279 13 0 1 20 1  0
0 4192256 257.572 8 0 0 10648 4254578 4254593 13 0 1 20 1  0
17.2456 4366120 268.254 1 0 0 3 4254569 4254572 13 0 1 20 1  0
10.4731 4247696 260.978 2 1 0.0197462 1 4247696 4247697 13 0 1 20 1  0
10.2311 4221663 259.379 4 1 0.0197462 3 4221663 4221664 13 0 1 20 1  0
10.3563 4305600 264.536 2 2 0.0394922 2 4305600 4305601 13 0 1 20 1  0
11.8145 4366520 268.279 2 2 0.0394922 1 4327207 4327208 13 0 1 20 1  0
10.1525 4254580 261.401 3 3 0.059238 1 4254580 4254581 13 0 1 20 1  0
10.0082 4294791 263.872 3 5 0.0987291 1 4294791 4294792 13 0 1 20 1  0
19.5758 4336942 266.462 10 101 2.00355 1691 4275422 4275788 13 0 1 20 1  0
10.0432 4293498 263.793 3 9 0.177712 1 4293498 4293499 13 0 1 20 1  0
11.0564 4275170 262.666 3 469 10.3429 42 4275168 4275171 13 0 1 20 1  0
12.7102 4358467 267.784 7 19 0.375194 14 4275898 4275919 13 0 1 20 1  0
10.4861 4430647 272.219 8 45 0.889211 1 4344851 4345054 13 0 1 20 1  0
10.0119 4344940 266.953 7 46 0.909008 1 4344940 4344941 13 0 1 20 1  0
10.0237 4337013 266.466 3 225 4.55518 1 4337013 4337014 13 0 1 20 1  0
14.1588 4349143 267.211 8 305 6.30938 65 4275430 4275575 13 0 1 20 1  0
13.558 4344850 266.948 7 305 6.30938 23 4275497 4275600 13 0 1 20 1  0
10.0266 4322348 265.565 7 302 6.24154 1 4322348 4322349 13 0 1 20 1  0
10.2351 4372742 268.661 4 622 14.891 5 4372742 4372743 13 0 1 20 1  0
10.2858 4369429 268.458 3 667 16.4216 1 4369429 4369430 13 0 1 20 1  0
10.0015 4356721 267.677 6 923 27.4496 1 4356721 4356722 13 0 1 20 1  0
10.5101 4305525 264.531 10 3046 1230.9 1 4305132 4305689 13 0 1 20 1  0
23.1041 4665077 286.622 10 24 0.473963 3261 4558095 4559761 13 0 1 20 1  0
10.4425 4696841 288.574 8 0 0 1 4696841 4696842 13 0 1 20 1  0
14.3776 4559128 280.113 6 5 0.0987291 51 4558302 4558662 13 0 1 20 1  0
0 4454400 273.678 1 0 0 7806 4566287 4566288 13 0 1 20 1  0
17.6743 4566143 280.544 11 284 5.83814 2694 4558277 4567321 13 0 1 20 1  0
11.9942 4665600 286.654 3 2 0.0394922 7 4528285 4528287 13 0 1 20 1  0
11.1427 4505465 276.816 3 11 0.217204 5 4505462 4505469 13 0 1 20 1  0
11.9592 4528275 278.217 4 10 0.197458 1 4505463 4505471 13 0 1 20 1  0
10.3583 4507784 276.958 3 20 0.394946 5 4507784 4507787 13 0 1 20 1  0
14.1314 4676628 287.332 8 260 5.3094 146 4558256 4558283 13 0 1 20 1  0
12.0662 4559311 280.124 4 283 5.81591 60 4558148 4558153 13 0 1 20 1  0
11.4593 4565350 280.495 5 263 5.37495 9 4558171 4558206 13 0 1 20 1  0
10.2737 4566488 280.565 3 271 5.5505 4 4566488 4566489 13 0 1 20 1  0
11.7113 4566641 280.574 3 273 5.59455 6 4558814 4558818 13 0 1 20 1  0
10.3728 4668978 286.862 4 349 7.32577 4 4665384 4665414 13 0 1 20 1  0
10.554 4566582 280.571 3 364 7.68211 3 4566582 4566583 13 0 1 20 1  0
10.8226 4558783 280.092 5 522 11.8161 4 4558779 4558797 13 0 1 20 1  0
11.1184 4558396 280.068 6 569 13.2093 33 4558387 4558417 13 0 1 20 1  0
10.8201 4667764 286.787 5 1281 53.2504 5 4564454 4564463 13 0 1 20 1  0
10.0333 4551692 279.656 8 2173 261.645 1 4551692 4551694 13 0 1 20 1  0
10.6794 4551232 279.628 12 2579 537.692 3 4550450 4552490 13 0 1 20 1  0
10.5006 4542158 279.07 8 2835 846.67 1 4542077 4542193 13 0 1 20 1  0
29.1916 4957524 304.59 7 1 0.0197462 6985 4949722 4949850 13 0 1 20 1  0
24.1076 4957494 304.588 6 0 0 49 4947814 4947843 13 0 1 20 1  0
0 4716544 289.784 8 0 0 6541 4957470 4957586 13 0 1 20 1  0
21.1704 4962365 304.888 3 0 0 12 4947515 4947518 13 0 1 20 1  0
22.2584 4961191 304.816 4 0 0 52 4947839 4947853 13 0 1 20 1  0
10.546 4829639 296.733 2 2 0.0394922 1 4829639 4829640 13 0 1 20 1  0
11.1901 4820681 296.183 2 4 0.0789836 3 4820681 4820683 13 0 1 20 1  0
10.2962 4864171 298.855 2 3 0.059238 1 4864171 4864172 13 0 1 20 1  0
10.0538 4818763 296.065 4 22 0.434452 4 4818763 4818764 13 0 1 20 1  0
10.0709 4951666 304.23 3 73 1.4447 1 4951666 4951667 13 0 1 20 1  0
10.0086 4829550 296.728 8 95 1.88345 1 4829550 4829551 13 0 1 20 1  0
10.3466 4950497 304.159 3 379 8.04386 1 4950497 4950498 13 0 1 20 1  0
11.0532 4950466 304.157 3 400 8.55992 3 4948848 4948872 13 0 1 20 1  0
10.4949 4950109 304.135 3 525 11.9024 4 4948520 4948523 13 0 1 20 1  0
10.427 4955077 304.44 5 926 27.6075 1 4948831 4948901 13 0 1 20 1  0
10.4375 4954671 304.415 6 1004 32 3 4954668 4954684 13 0 1 20 1  0
10.4698 4944397 303.784 7 1354 60.7579 1 4944382 4944408 13 0 1 20 1  0
10.541 4841024 297.432 8 1389 64.7106 4 4840957 4841161 13 0 1 20 1  0
14.6444 4937696 303.372 9 1701 113.075 625 4837291 4837413 13 0 1 20 1  0
17.7396 5198051 319.368 4 0 0 84 5198041 5198066 13 0 1 20 1  0
0 4978688 305.891 8 0 0 342 5198041 5198063 13 0 1 20 1  0
14.9289 5202719 319.655 9 42 0.829836 101 5195049 5195202 13 0 1 20 1  0
14.5247 5164550 317.31 12 171 3.4246 42 5161546 5166246 13 0 1 20 1  0
11.5943 5502957 338.102 10 2789 780.342 9 5502560 5502977 13 0 1 20 1  0
15.3315 5659687 347.731 8 22 0.434452 136 5659596 5659788 13 0 1 20 1  0
0 5502976 338.103 3 0 0 209 5661824 5661826 13 0 1 20 1  0
14.2722 5707302 350.657 8 4 0.0789836 125 5659601 5659797 13 0 1 20 1  0
10.8407 5661822 347.862 2 1 0.0197462 2 5659703 5659705 13 0 1 20 1  0
10.5497 5670433 348.391 5 12 0.236951 8 5670431 5670437 13 0 1 20 1  0
11.443 5661797 347.861 6 6 0.118475 6 5659683 5659730 13 0 1 20 1  0
17.725 5813290 357.169 8 1 0.0197462 168 5813158 5813390 13 0 1 20 1  0
11.5031 5948213 365.458 8 0 0 1 5948213 5948214 13 0 1 20 1  0
0 5765120 354.209 1 0 0 6 5948213 5948214 13 0 1 20 1  0
0 5765120 354.209 8 1 0.0197462 26 6007661 6007730 13 0 1 20 1  0
11.302 6000785 368.688 3 3 0.059238 5 5813254 5813279 13 0 1 20 1  0
10.5008 5807198 356.794 3 7 0.13822 2 5807198 5807199 13 0 1 20 1  0
10.0629 6001104 368.708 4 11 0.217204 1 6001104 6001106 13 0 1 20 1  0
10.6484 5991939 368.145 5 30 0.592527 7 5991935 5991945 13 0 1 20 1  0
10.7736 6062655 372.49 8 0 0 1 6062655 6062656 13 0 1 20 1  0
10.9615 6061614 372.426 1 0 0 1 6061614 6061615 13 0 1 20 1  0
11.008 6062655 372.49 1 0 0 1 6062655 6062656 13 0 1 20 1  0
23.4003 6356863 390.566 2 0 0 163 6356861 6356868 13 0 1 20 1  0
0 6289408 386.421 8 0 0 89 6358267 6358268 13 0 1 20 1  0
10.2966 6382398 392.135 5 6 0.118475 2 6382398 6382404 13 0 1 20 1  0
11.5984 6374252 391.634 6 6 0.118475 16 6358213 6358329 13 0 1 20 1  0
10.466 6382667 392.151 4 9 0.177712 5 6382667 6382672 13 0 1 20 1  0
15.4117 6528148 401.089 12 2782 770.715 4 6525748 6530540 13 0 1 20 1  0
10.6594 6550965 402.491 11 3273 1840.97 1 6550682 6551553 13 0 1 20 1  0
10.1243 6673701 410.032 8 0 0 1 6673701 6673702 13 0 1 20 1  0
15.0901 6790126 417.185 8 0 0 1 6723165 6723166 13 0 1 20 1  0
0 6551552 402.527 8 0 0 224 6780533 6780534 13 0 1 20 1  0
15.9039 6790531 417.21 1 0 0 1 6780533 6780600 13 0 1 20 1  0
19.9199 6787504 417.024 3 0 0 9 6777498 6777503 13 0 1 20 1  0
18.0515 6780556 416.597 5 3 0.059238 74 6780530 6780612 13 0 1 20 1  0
14.1442 6787612 417.031 8 0 0 54 6780577 6780678 13 0 1 20 1  0
10.7134 6597017 405.321 2 2 0.0394922 3 6597017 6597018 13 0 1 20 1  0
10.3808 6581393 404.361 3 2 0.0394922 2 6581393 6581394 13 0 1 20 1  0
10.0601 6584315 404.54 3 5 0.0987291 1 6584315 6584316 13 0 1 20 1  0
10.6786 6599929 405.5 3 6 0.118475 2 6599928 6599932 13 0 1 20 1  0
10.0537 6793629 417.401 5 13 0.256698 1 6793629 6793630 13 0 1 20 1  0
13.5357 6581540 404.37 12 123 2.44592 3 6578946 6586876 13 0 1 20 1  0
10.8448 6583798 404.509 12 534 12.1636 2 6583232 6584304 13 0 1 20 1  0
10.4641 6582380 404.421 12 913 26.929 3 6581972 6583074 13 0 1 20 1  0
10.3628 6922805 425.337 8 0 0 1 6922805 6922806 13 0 1 20 1  0
15.2762 6932558 425.936 8 0 0 1 6926279 6926281 13 0 1 20 1  0
0 6813696 418.633 8 0 0 140 6926540 6926541 13 0 1 20 1  0
10.2622 6922806 425.337 1 0 0 1 6922806 6922807 13 0 1 20 1  0
17.2862 6932559 425.936 1 0 0 3 6926279 6926282 13 0 1 20 1  0
17.2041 6926597 425.57 4 0 0 22 6926589 6926606 13 0 1 20 1  0
12.2806 6960202 427.635 3 5 0.0987291 8 6828444 6828447 13 0 1 20 1  0
10.9384 6927806 425.644 5 2 0.0394922 2 6927795 6927810 13 0 1 20 1  0
10.0377 6870000 422.093 3 3 0.059238 1 6870000 6870001 13 0 1 20 1  0
11.2553 6966733 428.036 6 13 0.256698 35 6966070 6966094 13 0 1 20 1  0
10.0127 6880091 422.713 3 8 0.157966 1 6880091 6880092 13 0 1 20 1  0
15.8676 7119840 437.443 8 0 0 2 7119840 7119841 13 0 1 20 1  0
0 7075840 434.74 8 0 0 2 7325005 7325006 13 0 1 20 1  0
11.338 7119744 437.437 1 0 0 1 7119744 7119745 13 0 1 20 1  0
11.3847 7119840 437.443 1 0 0 1 7119840 7119842 13 0 1 20 1  0
10.067 7179414 441.103 2 1 0.0197462 1 7179414 7179415 13 0 1 20 1  0
10.3245 7078809 434.922 4 3 0.059238 3 7078805 7078811 13 0 1 20 1  0
11.885 7179088 441.083 3 3 0.059238 4 7149449 7149451 13 0 1 20 1  0
11.2163 7189558 441.726 2 2 0.0394922 1 7179413 7179414 13 0 1 20 1  0
0 7075840 434.74 2 2 0.0394922 18 7189558 7189559 13 0 1 20 1  0
11.6426 7149446 439.262 3 6 0.118475 13 7149444 7149449 13 0 1 20 1  0
11.4296 7149774 439.282 3 4 0.0789836 1 7149447 7149451 13 0 1 20 1  0
10.2026 7105439 436.558 3 7 0.13822 1 7105439 7105440 13 0 1 20 1  0
12.5204 7337972 450.845 12 2947 1032.7 5 7337226 7337986 13 0 1 20 1  0
10.2047 7303246 448.711 12 3009 1152.72 1 7302560 7303836 13 0 1 20 1  0
11.218 7621522 468.266 8 0 0 1 7621522 7621523 13 0 1 20 1  0
21.3516 7768717 477.31 3 1 0.0197462 212 7621523 7621526 13 0 1 20 1  0
0 7600128 466.952 8 0 0 564 7621533 7621534 13 0 1 20 1  0
18.897 7768224 477.28 1 0 0 3 7621522 7621535 13 0 1 20 1  0
17.926 7738789 475.471 11 49 0.968414 622 7638793 7639377 13 0 1 20 1  0
10.071 7621521 468.266 2 1 0.0197462 1 7621521 7621522 13 0 1 20 1  0
10.5171 7622362 468.318 2 2 0.0394922 1 7622362 7622363 13 0 1 20 1  0
10.1096 7651281 470.095 3 8 0.157966 1 7651281 7651282 13 0 1 20 1  0
12.3333 7771819 477.501 4 16 0.315943 3 7768696 7768716 13 0 1 20 1  0
12.3527 7828607 480.99 11 769 20.2943 35 7828138 7829128 13 0 1 20 1  0
10.0628 7737256 475.377 5 1155 42.3308 1 7737255 7737257 13 0 1 20 1  0
13.213 7737926 475.418 12 1583 91.6116 31 7735722 7739230 13 0 1 20 1  0
11.8927 7734126 475.185 12 2261 305.869 1 7732236 7735372 13 0 1 20 1  0
10.6334 7727614 474.785 12 2493 461.621 1 7726766 7728570 13 0 1 20 1  0
19.4787 7942842 488.008 7 7 0.13822 183 7942761 7942912 13 0 1 20 1  0
0 7862272 483.058 8 0 0 286 7942805 7942812 13 0 1 20 1  0
10.1339 7873732 483.762 2 1 0.0197462 3 7873732 7873733 13 0 1 20 1  0
16.7708 7944542 488.113 1 0 0 4 7942796 7942874 13 0 1 20 1  0
12.2847 7978596 490.205 3 5 0.0987291 5 7942814 7942862 13 0 1 20 1  0
10.4498 7872594 483.692 2 4 0.0789836 1 7872594 7872595 13 0 1 20 1  0
10.6395 7979754 490.276 3 8 0.157966 3 7942815 7942819 13 0 1 20 1  0
10.2269 7874050 483.782 3 5 0.0987291 2 7874050 7874051 13 0 1 20 1  0
11.1053 7965566 489.404 3 7 0.13822 3 7942817 7942823 13 0 1 20 1  0
11.3784 8014741 492.426 4 11 0.217204 4 7942808 7942817 13 0 1 20 1  0
10.0921 8038152 493.864 5 21 0.414699 1 8038151 8038154 13 0 1 20 1  0
13.981 8349809 513.012 8 0 0 2 8349798 8349799 13 0 1 20 1  0
0 8124416 499.164 8 0 0 1 8349809 8349810 13 0 1 20 1  0
11.8652 8151491 500.828 4 8 0.157966 9 8129026 8129028 13 0 1 20 1  0
11.3848 8349809 513.012 1 0 0 1 8349809 8349811 13 0 1 20 1  0
12.2991 8151170 500.808 3 3 0.059238 3 8131311 8131316 13 0 1 20 1  0
0 8124416 499.164 3 1 0.0197462 104 8315933 8315934 13 0 1 20 1  0
10.5248 8131046 499.571 2 2 0.0394922 2 8131046 8131048 13 0 1 20 1  0
10.3222 8315928 510.931 6 5 0.0987291 6 8315924 8315936 13 0 1 20 1  0
12.3368 8131311 499.588 3 4 0.0789836 9 8131044 8131046 13 0 1 20 1  0
10.2288 8128693 499.427 3 5 0.0987291 1 8128693 8128694 13 0 1 20 1  0
12.4458 8368337 514.151 3 5 0.0987291 2 8131043 8131044 13 0 1 20 1  0
11.3768 8265780 507.85 4 6 0.118475 1 8131306 8131313 13 0 1 20 1  0
10.4818 8151701 500.84 9 25 0.493721 4 8151689 8151720 13 0 1 20 1  0
10.0331 8456454 519.565 8 0 0 1 8456454 8456455 13 0 1 20 1  0
19.8694 8597313 528.219 8 6 0.118475 179 8472564 8472580 13 0 1 20 1  0
0 8386560 515.27 8 0 0 649 8473504 8473506 13 0 1 20 1  0
10.4436 8398996 516.034 1 0 0 1 8398996 8398997 13 0 1 20 1  0
21.6184 8478345 520.909 2 0 0 17 8398997 8398999 13 0 1 20 1  0
10.1747 8467039 520.215 3 0 0 1 8467039 8467040 13 0 1 20 1  0
10.6729 8420427 517.351 2 4 0.0789836 5 8394784 8394786 13 0 1 20 1  0
11.7577 8394779 515.775 5 11 0.217204 9 8394773 8394786 13 0 1 20 1  0
11.4573 8594941 528.073 6 12 0.236951 10 8594924 8594950 13 0 1 20 1  0
10.5582 8392441 515.632 3 8 0.157966 4 8392441 8392442 13 0 1 20 1  0
13.2746 8412941 516.891 4 9 0.177712 37 8394774 8394786 13 0 1 20 1  0
14.4073 8441346 518.636 3 5 0.0987291 2 8392443 8392446 13 0 1 20 1  0
13.4443 8439504 518.523 3 6 0.118475 2 8392442 8392445 13 0 1 20 1  0
12.3142 8422398 517.472 3 8 0.157966 2 8394776 8394785 13 0 1 20 1  0
11.0424 8408398 516.612 5 8 0.157966 1 8394780 8394789 13 0 1 20 1  0
11.1127 8438023 518.432 3 13 0.256698 2 8394768 8394783 13 0 1 20 1  0
11.6849 8603014 528.569 12 2449 426.962 2 8601324 8605634 13 0 1 20 1  0
15.155 8857782 544.222 5 4 0.0789836 19 8683469 8683492 13 0 1 20 1  0
0 8648704 531.376 8 0 0 142 8857766 8857769 13 0 1 20 1  0
10.018 8677812 533.165 1 0 0 1 8677812 8677813 13 0 1 20 1  0
10.1283 8683462 533.512 3 1 0.0197462 4 8683462 8683463 13 0 1 20 1  0
15.0417 8858717 544.28 6 2 0.0394922 18 8683485 8683495 13 0 1 20 1  0
10.122 8854848 544.042 2 1 0.0197462 1 8854848 8854849 13 0 1 20 1  0
14.361 8765071 538.526 4 9 0.177712 88 8765066 8765080 13 0 1 20 1  0
11.2874 8821511 541.994 7 15 0.296194 26 8821498 8821540 13 0 1 20 1  0
10.1825 8908558 547.342 12 1247 50.0659 1 8908284 8908904 13 0 1 20 1  0
18.848 8906072 547.189 12 1650 103.249 302 8903662 8908746 13 0 1 20 1  0
0 8648704 531.376 8 1678 108.534 2 8906463 8906470 13 0 1 20 1  0
13.5409 8912925 547.61 8 0 0 974 8912925 8912926 13 0 1 20 1  0
17.4837 8971425 551.204 8 0 0 2 8912985 8912986 13 0 1 20 1  0
11.8198 8912986 547.614 1 0 0 1 8912986 8912987 13 0 1 20 1  0
20.0595 8972830 551.291 1 0 0 2 8913786 8913787 13 0 1 20 1  0
28.9441 8978434 551.635 8 3 0.059238 1700 8970630 8970717 13 0 1 20 1  0
10.1314 8913784 547.663 1 1 0.0197462 1 8913784 8913785 13 0 1 20 1  0
11.1118 8915644 547.777 2 3 0.059238 2 8915644 8915645 13 0 1 20 1  0
11.5902 8974476 551.392 2 3 0.059238 3 8915865 8915869 13 0 1 20 1  0
10.2503 8914378 547.699 2 4 0.0789836 1 8914378 8914379 13 0 1 20 1  0
13.2597 9088389 558.391 5 16 0.315943 20 8977709 8977737 13 0 1 20 1  0
10.7938 9055350 556.361 7 19 0.375194 1 8978178 8978595 13 0 1 20 1  0
18.9141 9211991 565.985 8 0 0 1 9195582 9195586 13 0 1 20 1  0
0 9172992 563.589 8 0 0 1093 9208293 9208294 13 0 1 20 1  0
17.1691 9209377 565.824 1 0 0 1 9195582 9195587 13 0 1 20 1  0
27.487 9218751 566.4 7 1 0.0197462 231 9188580 9188786 13 0 1 20 1  0
12.6845 9412709 578.317 9 4 0.0789836 28 9188536 9188810 13 0 1 20 1  0
10.8619 9191984 564.755 2 3 0.059238 2 9191984 9191985 13 0 1 20 1  0
13.6176 9195584 564.977 2 1 0.0197462 2 9195583 9195587 13 0 1 20 1  0
10.5848 9188654 564.551 3 3 0.059238 14 9188654 9188655 13 0 1 20 1  0
10.2918 9181021 564.082 3 2 0.0394922 1 9181021 9181022 13 0 1 20 1  0
13.5566 9277060 569.983 3 7 0.13822 21 9188589 9188592 13 0 1 20 1  0
14.589 9331138 573.305 3 3 0.059238 1 9191986 9191987 13 0 1 20 1  0
11.7554 9441593 580.091 8 0 0 1 9441593 9441594 13 0 1 20 1  0
28.7206 9685737 595.092 7 0 0 1078 9488580 9489147 13 0 1 20 1  0
0 9435136 579.695 8 0 0 5587 9441605 9441617 13 0 1 20 1  0
11.0258 9440772 580.041 1 0 0 1 9440772 9440773 13 0 1 20 1  0
28.9099 9488881 582.997 9 13 0.256698 1303 9488495 9489227 13 0 1 20 1  0
23.1856 9688056 595.234 2 0 0 22 9441593 9441623 13 0 1 20 1  0
12.1412 9492686 583.231 2 3 0.059238 7 9488647 9488648 13 0 1 20 1  0
10.0877 9484945 582.755 2 2 0.0394922 1 9484945 9484946 13 0 1 20 1  0
10.0416 9488960 583.002 2 4 0.0789836 1 9488960 9488961 13 0 1 20 1  0
11.695 9511905 584.411 3 12 0.236951 4 9492668 9492674 13 0 1 20 1  0
11.2128 9549495 586.721 3 14 0.276446 1 9511898 9511904 13 0 1 20 1  0
14.8961 9549460 586.719 8 70 1.38505 45 9488645 9489056 13 0 1 20 1  0
0 9435136 579.695 3 583 13.6416 4 9684462 9684463 13 0 1 20 1  0
11.2195 9697276 595.801 12 2687 651.212 3 9696814 9697282 13 0 1 20 1  0
10.3114 9684555 595.019 9 2967 1069.99 1 9684433 9684599 13 0 1 20 1  0
14.4219 9665592 593.854 12 3051 1241.86 14 9662792 9668118 13 0 1 20 1  0
12.5225 9697234 595.798 12 3193 1597.48 3 9695764 9697282 13 0 1 20 1  0
25.4102 9786668 601.293 8 2 0.0394922 1328 9786460 9786997 13 0 1 20 1  0
19.1821 9882200 607.162 8 0 0 2 9786555 9786562 13 0 1 20 1  0
0 9697280 595.801 8 0 0 22812 9786566 9786591 13 0 1 20 1  0
10.9406 9781462 600.973 3 1 0.0197462 2 9781462 9781463 13 0 1 20 1  0
22.0251 9883790 607.26 1 0 0 13 9786550 9786633 13 0 1 20 1  0
23.5884 9842386 604.716 2 0 0 9 9781452 9781460 13 0 1 20 1  0
20.3946 9807618 602.58 7 6 0.118475 72 9786501 9786960 13 0 1 20 1  0
27.9631 9842737 604.738 9 7 0.13822 2902 9786353 9787100 13 0 1 20 1  0
24.4357 9829598 603.93 10 6 0.118475 445 9768219 9768385 13 0 1 20 1  0
10.9135 9882200 607.162 1 1 0.0197462 1 9842386 9842390 13 0 1 20 1  0
10.5173 9784232 601.143 3 11 0.217204 3 9784232 9784233 13 0 1 20 1  0
19.2137 9794158 601.753 11 67 1.32543 472 9785987 9830353 13 0 1 20 1  0
13.4833 9820327 603.361 3 5 0.0987291 1 9784243 9784246 13 0 1 20 1  0
13.6 9787479 601.343 4 7 0.13822 7 9786569 9786617 13 0 1 20 1  0
12.6755 9831588 604.053 5 17 0.335692 15 9786758 9786776 13 0 1 20 1  0
10.132 9829442 603.921 3 18 0.355443 1 9820295 9820297 13 0 1 20 1  0
15.8048 9806160 602.49 8 64 1.26585 121 9786565 9786868 13 0 1 20 1  0
10.2864 9822752 603.51 5 92 1.82347 3 9819462 9819508 13 0 1 20 1  0
10.1441 9793430 601.708 6 98 1.94347 4 9793413 9793449 13 0 1 20 1  0
10.6604 9793721 601.726 6 117 2.32495 4 9793389 9793424 13 0 1 20 1  0
11.81 9820134 603.349 6 464 10.2088 104 9786421 9786447 13 0 1 20 1  0
11.7992 9829461 603.922 4 465 10.2356 83 9786414 9786432 13 0 1 20 1  0
13.7085 9828177 603.843 6 1057 35.3289 299 9790854 9791288 13 0 1 20 1  0
12.6984 9829155 603.903 5 658 16.1074 51 9793169 9793284 13 0 1 20 1  0
12.1524 9828883 603.887 4 566 13.1178 47 9786508 9786524 13 0 1 20 1  0
11.4249 9785622 601.229 4 574 13.3628 9 9785614 9785628 13 0 1 20 1  0
16.9119 9813754 602.957 11 996 31.5228 2014 9790920 9793049 13 0 1 20 1  0
10.2092 9828618 603.87 3 883 25.4171 3 9828618 9828619 13 0 1 20 1  0
10.0769 9828804 603.882 5 796 21.4252 2 9828804 9828805 13 0 1 20 1  0
10.2027 9814965 603.031 4 814 22.2063 3 9814965 9814966 13 0 1 20 1  0
10.2007 9828472 603.861 3 825 22.6947 2 9828472 9828473 13 0 1 20 1  0
17.9728 9788774 601.422 10 1505 79.6848 2457 9785040 9791719 13 0 1 20 1  0
10.2124 9840165 604.58 5 1359 61.3079 1 9840164 9840166 13 0 1 20 1  0
10.0794 9839837 604.56 6 1385 64.2465 2 9839837 9839846 13 0 1 20 1  0
10.6406 9839379 604.531 6 1419 68.2965 2 9789399 9789867 13 0 1 20 1  0
10.0678 9787932 601.371 5 1438 70.6669 1 9787932 9787933 13 0 1 20 1  0
11.0164 9790093 601.503 4 1455 72.8557 2 9789255 9789313 13 0 1 20 1  0
10.0144 9837511 604.417 4 1481 76.332 1 9837511 9837512 13 0 1 20 1  0
11.0142 9837042 604.388 4 1516 81.2694 3 9785848 9785853 13 0 1 20 1  0
10.4634 9787728 601.358 4 1543 85.2911 1 9787725 9787733 13 0 1 20 1  0
10.1066 9784781 601.177 4 1618 97.5192 2 9784781 9784782 13 0 1 20 1  0
10.0406 9784334 601.149 5 1610 96.1366 1 9784334 9784335 13 0 1 20 1  0
10.2543 9779705 600.865 5 1906 162.847 1 9779705 9779706 13 0 1 20 1  0
10.6167 9764464 599.929 7 2227 287.961 1 9764448 9764478 13 0 1 20 1  0
10.6175 9747748 598.902 11 2668 629.633 1 9744559 9748228 13 0 1 20 1  0
21.5737 9972725 612.724 6 0 0 464 9969796 9969868 13 0 1 20 1  0
0 9959424 611.907 8 0 0 5149 9972698 9972753 13 0 1 20 1  0
20.4826 10098203 620.434 3 1 0.0197462 32 9969775 9969778 13 0 1 20 1  0
10.7843 9969778 612.543 2 1 0.0197462 1 9969778 9969779 13 0 1 20 1  0
11.8437 9975286 612.882 2 3 0.059238 2 9972695 9972740 13 0 1 20 1  0
11.8412 10103492 620.759 5 23 0.454207 61 9972674 9972714 13 0 1 20 1  0
20.722 10080385 619.339 10 136 2.70898 5264 9972397 9977781 13 0 1 20 1  0
15.5407 10116818 621.577 8 79 1.56412 74 9972560 9972752 13 0 1 20 1  0
13.9819 10013524 615.231 8 67 1.32543 257 9972587 9972761 13 0 1 20 1  0
10.0957 10076268 619.086 4 487 10.8323 1 10076268 10076269 13 0 1 20 1  0
12.907 10116575 621.562 5 615 14.6617 282 9975950 9975956 13 0 1 20 1  0
10.6478 10080448 619.343 4 657 16.0728 4 10080447 10080454 13 0 1 20 1  0
11.3129 9975668 612.905 5 757 19.8068 33 9975658 9975685 13 0 1 20 1  0
10.0404 10076156 619.079 3 874 24.9778 2 10076156 10076157 13 0 1 20 1  0
10.0399 10075881 619.062 4 910 26.7744 1 10075881 10075882 13 0 1 20 1  0
10.1809 10078150 619.202 6 1727 118.436 1 10078148 10078153 13 0 1 20 1  0
11.0225 10076201 619.082 7 1851 147.678 20 10076169 10076663 13 0 1 20 1  0
12.0733 10071428 618.789 8 2304 330.12 25 10071219 10073264 13 0 1 20 1  0
0 9959424 611.907 6 2257 303.706 8 10072957 10073005 13 0 1 20 1  0
11.519 10230699 628.574 8 0 0 1 10230699 10230700 13 0 1 20 1  0
19.9718 10441058 641.499 8 0 0 1 10232694 10232695 13 0 1 20 1  0
0 10221568 628.013 8 0 0 2137 10232934 10232935 13 0 1 20 1  0
21.7989 10441059 641.499 1 0 0 2 10232942 10232945 13 0 1 20 1  0
23.996 10442462 641.585 2 0 0 33 10232942 10232945 13 0 1 20 1  0
22.9131 10315731 633.798 3 0 0 33 10308793 10308907 13 0 1 20 1  0
22.3371 10314400 633.717 4 0 0 19 10308792 10308905 13 0 1 20 1  0
19.5249 10384764 638.04 7 8 0.157966 1631 10308781 10308959 13 0 1 20 1  0
18.0924 10308852 633.376 7 1 0.0197462 29 10308790 10308965 13 0 1 20 1  0
14.3531 10398806 638.903 10 6 0.118475 151 10384917 10385541 13 0 1 20 1  0
10.9347 10311551 633.542 1 1 0.0197462 2 10311551 10311552 13 0 1 20 1  0
10.6582 10223550 628.135 2 1 0.0197462 1 10223550 10223551 13 0 1 20 1  0
10.6036 10313122 633.638 2 4 0.0789836 2 10313122 10313123 13 0 1 20 1  0
12.0646 10419894 640.198 2 4 0.0789836 2 10314397 10314404 13 0 1 20 1  0
10.5963 10310468 633.475 3 4 0.0789836 1 10310468 10310469 13 0 1 20 1  0
11.116 10418730 640.127 2 5 0.0987291 1 10314396 10314402 13 0 1 20 1  0
11.3244 10421655 640.306 2 6 0.118475 1 10314389 10314400 13 0 1 20 1  0
10.7988 10419036 640.146 2 11 0.217204 3 10314383 10314396 13 0 1 20 1  0
12.3402 10328648 634.592 9 16 0.315943 8 10308747 10308916 13 0 1 20 1  0
10.4649 10418400 640.106 2 9 0.177712 3 10314390 10314392 13 0 1 20 1  0
10.382 10328013 634.553 8 274 5.61661 2 10327976 10328031 13 0 1 20 1  0
10.3953 10327958 634.55 4 304 6.28675 5 10327957 10327961 13 0 1 20 1  0
10.318 10398754 638.899 3 327 6.81241 2 10398754 10398755 13 0 1 20 1  0
0 10221568 628.013 11 408 8.75959 12 10397926 10398604 13 0 1 20 1  0
10.4729 10327141 634.5 5 595 14.0188 4 10327130 10327145 13 0 1 20 1  0
0 10221568 628.013 6 1085 37.2117 1 10381231 10381233 13 0 1 20 1  0
11.7887 10483712 644.119 12 3060 1261.84 1 10482574 10483714 13 0 1 20 1  0
10.4299 10579328 649.994 8 0 0 1 10579328 10579329 13 0 1 20 1  0
17.8861 10584932 650.338 8 0 0 1 10584687 10584688 13 0 1 20 1  0
0 10483712 644.119 8 0 0 700 10584932 10584933 13 0 1 20 1  0
20.1314 10715564 658.364 1 0 0 2 10579329 10579332 13 0 1 20 1  0
11.295 10579330 649.994 2 1 0.0197462 2 10579330 10579331 13 0 1 20 1  0
22.6928 10719628 658.614 3 0 0 17 10589060 10589065 13 0 1 20 1  0
17.2923 10713461 658.235 7 7 0.13822 101 10589050 10589152 13 0 1 20 1  0
11.4949 10589114 650.595 5 10 0.197458 40 10504744 10504757 13 0 1 20 1  0
11.0442 10505365 645.45 5 26 0.513479 8 10505356 10505373 13 0 1 20 1  0
10.2346 10491377 644.59 2 3 0.059238 3 10491377 10491378 13 0 1 20 1  0
11.781 10507004 645.55 3 8 0.157966 8 10503767 10503769 13 0 1 20 1  0
11.7595 10629299 653.064 3 6 0.118475 1 10503769 10503771 13 0 1 20 1  0
10.8808 10618724 652.414 9 12 0.236951 9 10618442 10618771 13 0 1 20 1  0
11.1924 10504751 645.412 5 11 0.217204 11 10504744 10504756 13 0 1 20 1  0
12.1186 10646233 654.105 4 10 0.197458 40 10503765 10503768 13 0 1 20 1  0
10.0598 10503765 645.351 4 12 0.236951 1 10503765 10503766 13 0 1 20 1  0
20.6494 10627220 652.936 11 1316 56.731 12028 10625311 10628858 13 0 1 20 1  0
10.4846 10714144 658.277 12 208 4.19529 1 10713934 10714324 13 0 1 20 1  0
0 10483712 644.119 12 336 7.02113 2 10713812 10713912 13 0 1 20 1  0
0 10483712 644.119 8 472 10.4237 10223 10628317 10628847 13 0 1 20 1  0
10.0146 10616690 652.289 6 691 17.28 1 10616690 10616691 13 0 1 20 1  0
10.4079 10616409 652.272 3 750 19.5266 69 10616409 10616410 13 0 1 20 1  0
10.6486 10627402 652.948 3 1369 62.4224 1 10626779 10626780 13 0 1 20 1  0
15.4472 10783030 662.509 8 0 0 1 10783030 10783031 13 0 1 20 1  0
19.7792 10786529 662.724 8 0 0 1 10783642 10783644 13 0 1 20 1  0
0 10745856 660.225 8 0 0 1458 10784210 10784211 13 0 1 20 1  0
10.3137 10783031 662.509 1 0 0 1 10783031 10783032 13 0 1 20 1  0
19.8939 10783643 662.547 1 0 0 2 10783642 10783645 13 0 1 20 1  0
13.9944 10909055 670.252 2 0 0 3 10783642 10783645 13 0 1 20 1  0
19.0843 10909696 670.292 9 22 0.434452 1500 10802219 10802357 13 0 1 20 1  0
13.5068 10802155 663.684 8 142 2.83086 586 10802094 10802226 13 0 1 20 1  0
11.7699 10908336 670.208 2 1 0.0197462 1 10802310 10802311 13 0 1 20 1  0
11.557 10908518 670.219 2 2 0.0394922 1 10905840 10905841 13 0 1 20 1  0
11.6872 10909915 670.305 2 3 0.059238 1 10802307 10802309 13 0 1 20 1  0
10.9257 10909313 670.268 3 299 6.17388 12 10802109 10802116 13 0 1 20 1  0
10.0059 10908458 670.216 11 797 21.468 1 10908457 10908467 13 0 1 20 1  0
20.2329 11221212 689.431 8 0 0 1 11045383 11045385 13 0 1 20 1  0
0 11008000 676.331 8 0 0 16560 11047061 11047062 13 0 1 20 1  0
22.6716 11219424 689.321 1 0 0 1 11045384 11045386 13 0 1 20 1  0
10.0059 11032719 677.85 2 0 0 1 11032719 11032720 13 0 1 20 1  0
31.0858 11210008 688.743 6 4 0.0789836 309 11032394 11032731 13 0 1 20 1  0
36.1727 11104202 682.242 12 106 2.10381 16345 11100930 11109416 13 0 1 20 1  0
10.9456 11045383 678.628 1 1 0.0197462 1 11045383 11045384 13 0 1 20 1  0
11.1589 11102479 682.136 1 1 0.0197462 1 11102479 11102480 13 0 1 20 1  0
10.5732 11023801 677.302 2 1 0.0197462 1 11023801 11023802 13 0 1 20 1  0
10.2052 11032383 677.83 4 1 0.0197462 2 11032383 11032384 13 0 1 20 1  0
10.3593 11076481 680.539 2 2 0.0394922 1 11076481 11076482 13 0 1 20 1  0
10.4268 11101776 682.093 4 4 0.0789836 2 11101776 11101777 13 0 1 20 1  0
10.2322 11105615 682.329 2 4 0.0789836 1 11105615 11105616 13 0 1 20 1  0
10.3705 11102410 682.132 4 8 0.157966 2 11102410 11102411 13 0 1 20 1  0
13.5445 11104967 682.289 5 5 0.0987291 1 11101848 11101851 13 0 1 20 1  0
10.2981 11139389 684.404 2 6 0.118475 1 11139389 11139390 13 0 1 20 1  0
10.1553 11102707 682.15 3 8 0.157966 1 11102707 11102708 13 0 1 20 1  0
10.3797 11216596 689.148 8 60 1.18646 1 11104841 11104855 13 0 1 20 1  0
10.1043 11102435 682.134 3 438 9.52435 3 11102435 11102436 13 0 1 20 1  0
10.4189 11107930 682.471 3 451 9.86397 6 11107929 11107931 13 0 1 20 1  0
10.1471 11104208 682.242 3 470 10.3698 1 11104208 11104210 13 0 1 20 1  0
11.1115 11104173 682.24 3 489 10.8874 2 11104171 11104175 13 0 1 20 1  0
10.1115 11105632 682.33 3 1068 36.058 1 11105632 11105633 13 0 1 20 1  0
10.5129 11106915 682.409 4 1070 36.192 2 11102099 11102101 13 0 1 20 1  0
10.1543 11104232 682.244 3 1150 41.9445 1 11104232 11104233 13 0 1 20 1  0
10.1143 11100359 682.006 5 1618 97.5192 1 11100359 11100360 13 0 1 20 1  0
13.6535 11091380 681.454 11 3137 1446.46 58 11084960 11093688 13 0 1 20 1  0
0 11008000 676.331 7 3078 1302.77 2 11092408 11092488 13 0 1 20 1  0
28.0491 11325562 695.843 9 16 0.315943 1005 11325161 11325969 13 0 1 20 1  0
0 11270144 692.438 8 0 0 7048 11325360 11325361 13 0 1 20 1  0
10.1488 11316074 695.26 1 0 0 1 11316074 11316075 13 0 1 20 1  0
21.2435 11328370 696.015 1 0 0 2 11325345 11325346 13 0 1 20 1  0
12.6448 11522562 707.946 1 0 0 1 11325352 11325353 13 0 1 20 1  0
27.226 11416738 701.444 12 27 0.533239 3989 11325070 11327466 13 0 1 20 1  0
10.7217 11451862 703.602 1 1 0.0197462 1 11325403 11325404 13 0 1 20 1  0
10.1148 11277800 692.908 4 1 0.0197462 2 11277800 11277801 13 0 1 20 1  0
13.21 11452728 703.656 2 2 0.0394922 1 11325400 11325492 13 0 1 20 1  0
14.719 11463419 704.312 3 5 0.0987291 18 11325395 11325490 13 0 1 20 1  0
15.3843 11419131 701.591 3 3 0.059238 2 11325394 11325506 13 0 1 20 1  0
10.2221 11415202 701.35 2 5 0.0987291 1 11415202 11415203 13 0 1 20 1  0
15.3506 11418965 701.581 4 5 0.0987291 1 11325391 11325529 13 0 1 20 1  0
14.6627 11418638 701.561 4 6 0.118475 1 11325395 11325494 13 0 1 20 1  0
14.4075 11496172 706.325 4 7 0.13822 3 11325395 11325491 13 0 1 20 1  0
15.5766 11522561 707.946 5 7 0.13822 7 11325390 11325511 13 0 1 20 1  0
14.0379 11451203 703.562 5 12 0.236951 1 11325410 11325482 13 0 1 20 1  0
12.0177 11451528 703.582 5 15 0.296194 3 11325446 11325471 13 0 1 20 1  0
10.1626 11495177 706.264 4 16 0.315943 2 11449896 11449906 13 0 1 20 1  0
11.1256 11462763 704.272 5 18 0.355443 1 11415687 11415694 13 0 1 20 1  0
10.5763 11495511 706.284 5 19 0.375194 1 11416012 11416015 13 0 1 20 1  0
16.5516 11495662 706.293 10 28 0.553 3 11411103 11425959 13 0 1 20 1  0
10.0949 11463023 704.288 4 307 6.3547 2 11463022 11463026 13 0 1 20 1  0
10.0788 11455032 703.797 5 361 7.61041 2 11455032 11455033 13 0 1 20 1  0
12.1545 11495812 706.303 11 406 8.70951 121 11325192 11325661 13 0 1 20 1  0
10.0132 11419978 701.643 3 434 9.42087 1 11419978 11419979 13 0 1 20 1  0
11.3891 11450973 703.548 7 765 20.1308 4 11324402 11324544 13 0 1 20 1  0
10.2878 11417551 701.494 3 1162 42.8772 1 11417551 11417552 13 0 1 20 1  0
10.9476 11448910 703.421 7 1437 70.5401 1 11418235 11418510 13 0 1 20 1  0
11.7763 11417427 701.487 5 1447 71.8175 1 11414126 11414131 13 0 1 20 1  0
11.3352 11446904 703.298 12 2084 223.408 3 11445806 11448158 13 0 1 20 1  0
16.5863 11366522 698.359 12 2550 510.734 118 11363754 11371164 13 0 1 20 1  0
0 11270144 692.438 7 2547 508.024 25 11367646 11367670 13 0 1 20 1  0
11.5651 11350796 697.393 9 2711 679.529 2 11348313 11351492 13 0 1 20 1  0
10.066 11549596 709.607 8 0 0 1 11549596 11549597 13 0 1 20 1  0
20.5255 11602653 712.867 8 0 0 20 11579245 11579246 13 0 1 20 1  0
0 11532288 708.544 8 0 0 5977 11586101 11586103 13 0 1 20 1  0
25.4908 11757205 722.363 2 0 0 6 11599624 11599647 13 0 1 20 1  0
13.5448 11579256 711.429 3 7 0.13822 7 11539009 11539014 13 0 1 20 1  0
38.4337 11752664 722.084 7 0 0 456 11599590 11599703 13 0 1 20 1  0
10.5564 11550074 709.637 2 1 0.0197462 3 11550074 11550075 13 0 1 20 1  0
10.5454 11570933 710.918 3 1 0.0197462 1 11570933 11570934 13 0 1 20 1  0
14.2336 11604362 712.972 2 2 0.0394922 1 11550073 11550075 13 0 1 20 1  0
10.0531 11570776 710.908 5 4 0.0789836 2 11570776 11570777 13 0 1 20 1  0
10.6105 11539012 708.957 2 6 0.118475 4 11539012 11539013 13 0 1 20 1  0
14.9081 11754213 722.179 3 6 0.118475 1 11539010 11539015 13 0 1 20 1  0
12.9766 11614446 713.592 3 8 0.157966 3 11539009 11539012 13 0 1 20 1  0
12.4175 11693596 718.455 3 9 0.177712 1 11570446 11570449 13 0 1 20 1  0
15.6858 11624032 714.18 10 33 0.651829 99 11614570 11616723 13 0 1 20 1  0
10.1474 11570444 710.888 3 11 0.217204 1 11570444 11570445 13 0 1 20 1  0
10.7203 11776879 723.571 5 16 0.315943 1 11579235 11579254 13 0 1 20 1  0
10.0033 11570674 710.902 9 23 0.454207 1 11570674 11570675 13 0 1 20 1  0
15.6917 11672663 717.168 9 31 0.612292 16 11570651 11570689 13 0 1 20 1  0
10.028 11672707 717.171 5 108 2.14396 1 11672707 11672714 13 0 1 20 1  0
10.0107 11775786 723.504 9 739 19.0923 1 11775784 11775787 13 0 1 20 1  0
10.2091 11658918 716.324 10 1379 63.5565 1 11658843 11659457 13 0 1 20 1  0
11.893 11622515 714.087 7 1652 103.618 38 11622131 11622797 13 0 1 20 1  0
10.4957 11613719 713.547 5 1475 75.5156 1 11613714 11613728 13 0 1 20 1  0
0 11532288 708.544 5 1475 75.5156 11 11625059 11625060 13 0 1 20 1  0
11.1215 11622244 714.071 7 1977 184.745 12 11621818 11622589 13 0 1 20 1  0
10.0828 11621380 714.018 7 2213 280.895 1 11621379 11621387 13 0 1 20 1  0
23.2758 11814800 725.901 8 4 0.0789836 117 11814657 11814984 13 0 1 20 1  0
21.405 11818003 726.098 8 0 0 1 11814683 11814684 13 0 1 20 1  0
0 11794432 724.65 8 0 0 8238 11814687 11814688 13 0 1 20 1  0
26.486 11815385 725.937 2 0 0 7 11814685 11814716 13 0 1 20 1  0
13.4312 11848968 728.001 10 15 0.296194 5 11815139 11815183 13 0 1 20 1  0
11.8133 11922247 732.503 1 1 0.0197462 1 11814869 11814870 13 0 1 20 1  0
14.3634 11919031 732.305 3 8 0.157966 13 11919025 11919036 13 0 1 20 1  0
18.0384 12047249 740.183 3 3 0.059238 24 11814692 11814699 13 0 1 20 1  0
18.4311 12046920 740.163 5 10 0.197458 258 11814678 11814692 13 0 1 20 1  0
12.2582 11942811 733.766 3 13 0.256698 3 11919017 11919031 13 0 1 20 1  0
11.3733 12032732 739.291 2 7 0.13822 1 11919029 11919035 13 0 1 20 1  0
14.7582 12032081 739.251 4 11 0.217204 3 11919019 11919033 13 0 1 20 1  0
16.4372 12031593 739.221 4 7 0.13822 1 11814686 11814695 13 0 1 20 1  0
16.6104 12056047 740.724 4 8 0.157966 16 11814688 11814693 13 0 1 20 1  0
10.4967 11998024 737.159 2 10 0.197458 1 11919024 11919031 13 0 1 20 1  0
14.1086 12034207 739.382 4 13 0.256698 5 11919016 11919031 13 0 1 20 1  0
14.8963 12045289 740.062 4 10 0.197458 3 11919021 11919034 13 0 1 20 1  0
13.5484 12043987 739.983 6 12 0.236951 4 11814832 11814883 13 0 1 20 1  0
11.437 12056356 740.742 4 22 0.434452 5 11919004 11919023 13 0 1 20 1  0
12.3911 12034519 739.401 5 26 0.513479 16 11918994 11919018 13 0 1 20 1  0
14.1951 12022955 738.69 4 14 0.276446 1 11919014 11919031 13 0 1 20 1  0
15.1385 12022465 738.66 5 15 0.296194 1 11919011 11919030 13 0 1 20 1  0
13.9259 12055706 740.703 5 22 0.434452 14 11918999 11919023 13 0 1 20 1  0
12.8392 11840691 727.492 7 22 0.434452 48 11814676 11814884 13 0 1 20 1  0
10.0049 12009738 737.878 6 36 0.711146 1 12009738 12009739 13 0 1 20 1  0
13.5524 12033178 739.318 12 998 31.6415 42 12009774 12045610 13 0 1 20 1  0
10.0035 12011691 737.998 11 502 11.2486 1 12011690 12011692 13 0 1 20 1  0
0 11794432 724.65 11 665 16.3514 181 12045787 12046206 13 0 1 20 1  0
18.3474 12020644 738.548 12 1356 60.9773 997 12007578 12033518 13 0 1 20 1  0
10.3675 12053889 740.591 6 1669 106.807 1 12053878 12053926 13 0 1 20 1  0
12.8765 11995294 736.991 12 1934 171.156 38 11993022 11997148 13 0 1 20 1  0
0 11794432 724.65 12 1934 171.156 1 12051630 12053436 13 0 1 20 1  0
10.6366 12012428 738.044 12 2701 667.583 2 12011860 12013096 13 0 1 20 1  0
0 11794432 724.65 12 2701 667.583 1 12025874 12026366 13 0 1 20 1  0
15.132 12078259 742.088 9 47 0.928807 132 12078156 12078329 13 0 1 20 1  0
23.0909 12170473 747.754 4 0 0 11 12078056 12078117 13 0 1 20 1  0
14.4774 12057019 740.783 5 13 0.256698 4614 12057009 12057035 13 0 1 20 1  0
10.1616 12078033 742.074 1 0 0 1 12078033 12078034 13 0 1 20 1  0
22.4166 12170469 747.754 1 0 0 2 12078056 12078057 13 0 1 20 1  0
24.4918 12167267 747.557 3 0 0 1 12078036 12078116 13 0 1 20 1  0
21.528 12087174 742.636 5 0 0 88 12078033 12078125 13 0 1 20 1  0
20.6783 12089959 742.807 3 1 0.0197462 1 12078056 12078079 13 0 1 20 1  0
16.3539 12088088 742.692 3 3 0.059238 2 12057032 12057036 13 0 1 20 1  0
11.2192 12247230 752.47 2 4 0.0789836 1 12057826 12057829 13 0 1 20 1  0
11.5664 12226515 751.197 5 4 0.0789836 1 12057346 12057367 13 0 1 20 1  0
10.6392 12057826 740.833 2 5 0.0987291 1 12057030 12057032 13 0 1 20 1  0
14.1716 12088781 742.735 4 5 0.0987291 2 12057023 12057039 13 0 1 20 1  0
10.6906 12140313 745.901 2 6 0.118475 1 12057028 12057031 13 0 1 20 1  0
12.9696 12169014 747.664 3 6 0.118475 1 12057027 12057036 13 0 1 20 1  0
14.4335 12058660 740.884 4 7 0.13822 5 12057019 12057039 13 0 1 20 1  0
11.1401 12139486 745.85 3 11 0.217204 4 12057015 12057034 13 0 1 20 1  0
11.7349 12246256 752.41 3 8 0.157966 2 12057024 12057036 13 0 1 20 1  0
12.2049 12057676 740.824 4 11 0.217204 3 12057014 12057034 13 0 1 20 1  0
11.298 12137367 745.72 3 12 0.236951 1 12057012 12057033 13 0 1 20 1  0
12.8175 12254419 752.911 5 13 0.256698 3 12057337 12057362 13 0 1 20 1  0
10.6945 12252787 752.811 3 14 0.276446 2 12057010 12057030 13 0 1 20 1  0
10.1074 12140128 745.889 4 20 0.394946 1 12057003 12057015 13 0 1 20 1  0
11.5477 12058317 740.863 5 20 0.394946 1 12057006 12057025 13 0 1 20 1  0
14.1126 12116162 744.417 11 59 1.16662 23 12056619 12057983 13 0 1 20 1  0
10.2733 12139941 745.878 10 57 1.12696 1 12116471 12116655 13 0 1 20 1  0
11.1873 12290234 755.112 7 72 1.42481 7 12078026 12078056 13 0 1 20 1  0
10.7346 12290148 755.107 6 299 6.17388 31 12290124 12290166 13 0 1 20 1  0
10.0112 12077955 742.07 3 297 6.12887 1 12077955 12077956 13 0 1 20 1  0
14.0193 12113192 744.234 7 1472 75.1107 743 12112189 12114834 13 0 1 20 1  0
0 12056576 740.756 11 1341 59.3501 2 12124466 12125500 13 0 1 20 1  0
0 12056576 740.756 6 1352 60.5392 342 12114591 12114605 13 0 1 20 1  0
12.0458 12135214 745.588 8 1825 141.005 78 12134610 12135932 13 0 1 20 1  0
0 12056576 740.756 6 1790 132.492 8 12135346 12135347 13 0 1 20 1  0
17.6811 12424868 763.384 8 0 0 1 12424868 12424869 13 0 1 20 1  0
22.7685 12469901 766.151 3 0 0 27 12461506 12461508 13 0 1 20 1  0
0 12318720 756.862 8 0 0 845 12427038 12427039 13 0 1 20 1  0
22.0754 12556658 771.481 5 0 0 154 12463139 12463141 13 0 1 20 1  0
14.6963 12524029 769.476 8 4 0.0789836 10 12523911 12524096 13 0 1 20 1  0
10.2784 12467422 765.998 1 1 0.0197462 1 12467422 12467423 13 0 1 20 1  0
10.1487 12427138 763.523 3 2 0.0394922 3 12427138 12427139 13 0 1 20 1  0
10.2652 12465817 765.9 4 2 0.0394922 2 12465817 12465818 13 0 1 20 1  0
10.7534 12461511 765.635 4 10 0.197458 7 12427129 12427134 13 0 1 20 1  0
10.0082 12462490 765.695 5 4 0.0789836 1 12462490 12462491 13 0 1 20 1  0
12.0703 12555864 771.432 4 8 0.157966 2 12427130 12427137 13 0 1 20 1  0
10.1012 12461190 765.615 3 10 0.197458 1 12427129 12427131 13 0 1 20 1  0
10.5505 12427770 763.562 5 19 0.375194 3 12427119 12427122 13 0 1 20 1  0
10.4225 12398208 761.746 8 57 1.12696 3 12398195 12398224 13 0 1 20 1  0
10.0225 12483922 767.012 8 35 0.691372 1 12483922 12483923 13 0 1 20 1  0
16.9847 12673064 778.633 8 0 0 2 12673064 12673066 13 0 1 20 1  0
13.8778 12581524 773.009 12 36 0.711146 8779 12580864 12585922 13 0 1 20 1  0
15.2768 12673065 778.633 1 0 0 3 12673064 12673071 13 0 1 20 1  0
20.2846 12768354 784.488 8 134 2.66842 3478 12646185 12646273 13 0 1 20 1  0
10.5629 12702958 780.47 1 1 0.0197462 1 12702958 12702959 13 0 1 20 1  0
10.2127 12766375 784.366 1 1 0.0197462 1 12766375 12766376 13 0 1 20 1  0
14.7914 12650091 777.222 5 5 0.0987291 8 12581293 12581314 13 0 1 20 1  0
14.9699 12772120 784.719 3 4 0.0789836 5 12580980 12580983 13 0 1 20 1  0
13.0956 12590426 773.556 2 2 0.0394922 1 12590425 12590427 13 0 1 20 1  0
11.9333 12602808 774.316 2 3 0.059238 1 12590424 12590426 13 0 1 20 1  0
10.1929 12581588 773.013 4 52 1.02784 2 12581271 12581276 13 0 1 20 1  0
11.1505 12766890 784.398 2 4 0.0789836 1 12590421 12590425 13 0 1 20 1  0
11.1405 12778390 785.104 4 19 0.375194 6 12580955 12580960 13 0 1 20 1  0
10.018 12637704 776.461 2 7 0.13822 1 12637704 12637705 13 0 1 20 1  0
11.9729 12778728 785.125 3 7 0.13822 6 12580975 12580978 13 0 1 20 1  0
12.2314 12801550 786.527 5 7 0.13822 1 12581291 12581311 13 0 1 20 1  0
11.5884 12838890 788.821 3 8 0.157966 2 12580972 12580975 13 0 1 20 1  0
10.0231 12624989 775.679 2 9 0.177712 1 12624989 12624990 13 0 1 20 1  0
10.0273 12804160 786.688 2 9 0.177712 1 12778077 12778080 13 0 1 20 1  0
13.8324 12778077 785.085 5 11 0.217204 52 12580964 12580972 13 0 1 20 1  0
11.4705 12839214 788.841 4 11 0.217204 3 12581292 12581304 13 0 1 20 1  0
11.7501 12593985 773.774 10 38 0.750701 3 12581103 12583402 13 0 1 20 1  0
10.1519 12760195 783.986 3 293 6.03907 4 12760195 12760196 13 0 1 20 1  0
10.0067 12645383 776.932 7 507 11.3891 2 12645383 12645384 13 0 1 20 1  0
10.1554 12766614 784.381 4 524 11.8736 3 12766614 12766615 13 0 1 20 1  0
15.4176 12649754 777.201 12 907 26.6206 56 12639038 12660844 13 0 1 20 1  0
11.6016 12766174 784.354 5 840 23.3746 35 12766159 12766192 13 0 1 20 1  0
14.9912 12837778 788.753 12 1192 45.2951 40 12638074 12640448 13 0 1 20 1  0
11.9855 12638418 776.504 12 1364 61.8627 8 12636964 12639392 13 0 1 20 1  0
10.2848 12875145 791.049 8 0 0 1 12875145 12875146 13 0 1 20 1  0
21.0387 12921639 793.905 8 0 0 16 12918901 12918902 13 0 1 20 1  0
0 12843008 789.074 8 0 0 5015 12919132 12919133 13 0 1 20 1  0
10.1184 12876127 791.109 2 0 0 2 12876127 12876128 13 0 1 20 1  0
23.1602 12922371 793.95 2 0 0 7 12876818 12876820 13 0 1 20 1  0
10.0135 12879068 791.29 5 0 0 2 12879068 12879069 13 0 1 20 1  0
10.2771 12858292 790.013 3 1 0.0197462 1 12858292 12858293 13 0 1 20 1  0
14.0159 13050407 801.817 3 2 0.0394922 7 12847530 12847532 13 0 1 20 1  0
10.1148 12874824 791.029 4 1 0.0197462 1 12874824 12874825 13 0 1 20 1  0
11.1989 12875475 791.069 4 1 0.0197462 1 12875146 12875151 13 0 1 20 1  0
12.4739 12877752 791.209 5 3 0.059238 4 12850462 12850463 13 0 1 20 1  0
10.2747 12918948 793.74 7 7 0.13822 4 12918938 12918956 13 0 1 20 1  0
10.2117 12847531 789.352 2 2 0.0394922 1 12847531 12847532 13 0 1 20 1  0
13.9426 12873279 790.934 5 18 0.355443 80 12847188 12847199 13 0 1 20 1  0
16.327 13038140 801.063 4 5 0.0987291 39 12846700 12846704 13 0 1 20 1  0
13.6372 12973559 797.095 3 4 0.0789836 5 12846702 12846705 13 0 1 20 1  0
10.1132 12847854 789.372 5 3 0.059238 1 12847854 12847855 13 0 1 20 1  0
10.4821 12846694 789.301 2 11 0.217204 5 12846694 12846695 13 0 1 20 1  0
13.9413 12850291 789.522 5 20 0.394946 4 12847185 12847200 13 0 1 20 1  0
10.1738 12849326 789.463 2 6 0.118475 1 12849326 12849327 13 0 1 20 1  0
14.8819 12973884 797.115 5 19 0.375194 72 12847185 12847202 13 0 1 20 1  0
15.4842 12895627 792.307 4 13 0.256698 1 12846690 12846701 13 0 1 20 1  0
10.2826 12848002 789.381 2 20 0.394946 3 12848002 12848003 13 0 1 20 1  0
10.4396 12974861 797.175 2 20 0.394946 2 12849312 12849315 13 0 1 20 1  0
10.406 13037457 801.021 3 33 0.651829 1 12873258 12873269 13 0 1 20 1  0
10.0216 12848647 789.421 5 40 0.790264 1 12848647 12848648 13 0 1 20 1  0
10.1651 12872304 790.874 12 733 18.8584 1 12872082 12872446 13 0 1 20 1  0
10.1204 12871474 790.823 6 1086 37.2806 1 12871472 12871479 13 0 1 20 1  0
10.3209 12871416 790.82 12 1147 41.7143 1 12871112 12871872 13 0 1 20 1  0
10.0448 12846958 789.317 6 1236 49.0751 1 12846958 12846959 13 0 1 20 1  0
11.5534 12869975 790.731 8 1610 96.1366 14 12869532 12870137 13 0 1 20 1  0
0 12843008 789.074 8 1605 95.2823 5 12881617 12881773 13 0 1 20 1  0
10.6619 12881717 791.453 7 1666 106.237 4 12881677 12881732 13 0 1 20 1  0
10.3786 13161796 808.661 8 0 0 1 13161796 13161797 13 0 1 20 1  0
19.3345 13190478 810.423 8 0 0 1 13161805 13161810 13 0 1 20 1  0
0 13105152 805.18 8 0 0 10024 13162062 13162063 13 0 1 20 1  0
21.908 13190835 810.445 1 0 0 10 13149988 13149994 13 0 1 20 1  0
20.4784 13190951 810.452 2 0 0 2 13161807 13161809 13 0 1 20 1  0
16.5795 13187564 810.244 5 0 0 2 13140196 13140202 13 0 1 20 1  0
20.7654 13174492 809.441 7 19 0.375194 2492 13161729 13161833 13 0 1 20 1  0
10.4475 13129772 806.693 1 1 0.0197462 1 13129772 13129773 13 0 1 20 1  0
11.2714 13187553 810.243 1 1 0.0197462 1 13174529 13174530 13 0 1 20 1  0
11.6184 13118032 805.972 2 4 0.0789836 5 13118032 13118035 13 0 1 20 1  0
19.2236 13334163 819.251 5 3 0.059238 39 13119996 13119998 13 0 1 20 1  0
10.0788 13106285 805.25 2 3 0.059238 2 13106285 13106286 13 0 1 20 1  0
10.2975 13120325 806.113 5 2 0.0394922 2 13120325 13120326 13 0 1 20 1  0
10.7406 13129101 806.652 4 34 0.671599 2 13118334 13118352 13 0 1 20 1  0
13.2935 13341015 819.672 3 9 0.177712 14 13118194 13118205 13 0 1 20 1  0
13.8774 13328618 818.91 3 6 0.118475 1 13118199 13118207 13 0 1 20 1  0
10.1436 13120970 806.152 2 7 0.13822 1 13120970 13120971 13 0 1 20 1  0
11.0553 13367116 821.276 3 8 0.157966 2 13118361 13118374 13 0 1 20 1  0
15.0698 13363864 821.076 4 8 0.157966 2 13118362 13118376 13 0 1 20 1  0
11.1579 13118185 805.981 3 20 0.394946 2 13118181 13118194 13 0 1 20 1  0
13.0316 13198606 810.922 3 10 0.197458 1 13118193 13118204 13 0 1 20 1  0
15.778 13364504 821.115 6 16 0.315943 40 13118354 13118379 13 0 1 20 1  0
12.9309 13340683 819.652 4 13 0.256698 19 13118187 13118202 13 0 1 20 1  0
11.1262 13352752 820.393 3 15 0.296194 1 13118352 13118367 13 0 1 20 1  0
12.0443 13118351 805.991 5 23 0.454207 9 13118182 13118189 13 0 1 20 1  0
14.8414 13366889 821.262 8 17 0.335692 3 13173837 13174734 13 0 1 20 1  0
13.3456 13364825 821.135 5 20 0.394946 5 13118182 13118195 13 0 1 20 1  0
14.5079 13364166 821.094 6 31 0.612292 27 13118337 13118364 13 0 1 20 1  0
10.3787 13128124 806.592 3 34 0.671599 1 13118335 13118349 13 0 1 20 1  0
12.0118 13328918 818.929 5 36 0.711146 4 13118334 13118353 13 0 1 20 1  0
10.0792 13366587 821.243 3 151 3.01426 1 13366587 13366588 13 0 1 20 1  0
10.8858 13366318 821.227 5 284 5.83814 6 13174055 13174077 13 0 1 20 1  0
10.0719 13364985 821.145 6 757 19.8068 1 13364985 13364986 13 0 1 20 1  0
0 13105152 805.18 5 769 20.2943 1 13364936 13364948 13 0 1 20 1  0
22.1968 13505861 829.8 8 0 0 1 13367446 13367449 13 0 1 20 1  0
19.9647 13367445 821.296 5 6 0.118475 26847 13367430 13367466 13 0 1 20 1  0
28.2011 13505848 829.799 1 0 0 13 13367434 13367451 13 0 1 20 1  0
23.9458 13599586 835.559 7 13 0.256698 5281 13367420 13369766 13 0 1 20 1  0
16.3736 13583728 834.584 9 6 0.118475 874 13367296 13367382 13 0 1 20 1  0
14.2408 13369702 821.434 3 16 0.315943 3 13367423 13367451 13 0 1 20 1  0
11.2258 13473745 827.827 1 1 0.0197462 1 13473745 13473746 13 0 1 20 1  0
15.4648 13601272 835.662 2 1 0.0197462 1 13369720 13369727 13 0 1 20 1  0
17.1143 13411002 823.972 3 5 0.0987291 7 13367444 13367457 13 0 1 20 1  0
12.8742 13375434 821.787 2 4 0.0789836 1 13369721 13369724 13 0 1 20 1  0
17.1833 13616924 836.624 5 4 0.0789836 2 13367761 13367786 13 0 1 20 1  0
12.3774 13550661 832.553 2 5 0.0987291 1 13369720 13369722 13 0 1 20 1  0
21.3127 13596693 835.381 5 7 0.13822 3 13367430 13367465 13 0 1 20 1  0
19.3324 13517556 830.519 5 6 0.118475 1 13367759 13367788 13 0 1 20 1  0
18.062 13513311 830.258 4 14 0.276446 23 13367424 13367453 13 0 1 20 1  0
19.9212 13375277 821.777 4 10 0.197458 25 13367430 13367457 13 0 1 20 1  0
13.3026 13513467 830.267 3 20 0.394946 3 13367418 13367445 13 0 1 20 1  0
16.0142 13513635 830.278 4 18 0.355443 14 13367421 13367451 13 0 1 20 1  0
21.2431 13596039 835.341 5 9 0.177712 2 13367428 13367464 13 0 1 20 1  0
14.7598 13610232 836.213 3 10 0.197458 1 13367763 13367780 13 0 1 20 1  0
18.5912 13620180 836.824 5 13 0.256698 7 13367752 13367784 13 0 1 20 1  0
20.5152 13594732 835.26 5 11 0.217204 48 13367427 13367461 13 0 1 20 1  0
14.3558 13597992 835.461 3 12 0.236951 1 13367758 13367779 13 0 1 20 1  0
16.7418 13518536 830.579 4 12 0.236951 2 13367756 13367780 13 0 1 20 1  0
14.5944 13518861 830.599 3 13 0.256698 2 13367756 13367777 13 0 1 20 1  0
20.8158 13387672 822.539 5 16 0.315943 37 13367421 13367459 13 0 1 20 1  0
10.4048 13616415 836.593 2 15 0.296194 1 13367762 13367767 13 0 1 20 1  0
10.1159 13620653 836.853 2 20 0.394946 1 13367437 13367440 13 0 1 20 1  0
13.8324 13513141 830.247 3 21 0.414699 6 13367417 13367447 13 0 1 20 1  0
13.6559 13515912 830.418 3 21 0.414699 1 13367742 13367770 13 0 1 20 1  0
10.3269 13519503 830.638 2 24 0.473963 2 13367432 13367438 13 0 1 20 1  0
10.6027 13512812 830.227 2 25 0.493721 2 13367422 13367438 13 0 1 20 1  0
10.1313 13519825 830.658 2 31 0.612292 1 13367420 13367433 13 0 1 20 1  0
10.0416 13387976 822.557 2 33 0.651829 1 13367416 13367427 13 0 1 20 1  0
11.3191 13620479 836.842 3 33 0.651829 1 13367734 13367753 13 0 1 20 1  0
10.1227 13369044 821.394 3 53 1.04766 1 13369044 13369045 13 0 1 20 1  0
10.01 13368390 821.354 3 54 1.06748 1 13368390 13368391 13 0 1 20 1  0
10.0009 13580448 834.383 8 79 1.56412 1 13580448 13580449 13 0 1 20 1  0
10.0811 13580369 834.378 4 101 2.00355 1 13580369 13580370 13 0 1 20 1  0
10.1197 13586885 834.778 7 211 4.25852 3 13583182 13583195 13 0 1 20 1  0
10.8774 13618919 836.746 5 217 4.38533 6 13583151 13583194 13 0 1 20 1  0
10.3284 13617452 836.656 5 218 4.40651 2 13583171 13583189 13 0 1 20 1  0
10.0275 13609993 836.198 10 476 10.532 1 13609959 13609997 13 0 1 20 1  0
10.6856 13619872 836.805 5 624 14.957 1 13597819 13597879 13 0 1 20 1  0
10.9566 13609394 836.161 10 798 21.5109 1 13609154 13609667 13 0 1 20 1  0
10.2525 13579442 834.321 5 1050 34.872 7 13579442 13579446 13 0 1 20 1  0
10.3643 13578712 834.276 5 1142 41.3332 2 13578711 13578716 13 0 1 20 1  0
10.7814 13513286 830.256 11 1426 69.1606 18 13512586 13514017 13 0 1 20 1  0
10.0126 13513734 830.284 5 1405 66.5996 1 13513734 13513735 13 0 1 20 1  0
10.3097 13514051 830.303 5 1423 68.789 1 13514050 13514052 13 0 1 20 1  0
20.4996 13664130 839.524 8 0 0 3 13629700 13629703 13 0 1 20 1  0
10.0619 13630249 837.442 7 13 0.256698 15293 13630249 13630250 13 0 1 20 1  0
20.3666 13662260 839.409 1 0 0 1 13629700 13629704 13 0 1 20 1  0
19.2478 13673625 840.107 2 0 0 1 13629701 13629703 13 0 1 20 1  0
10.4755 13629700 837.409 3 1 0.0197462 2 13629700 13629701 13 0 1 20 1  0
20.926 13661546 839.365 4 0 0 5 13629875 13629957 13 0 1 20 1  0
17.4654 13732270 843.711 4 0 0 3 13630020 13630033 13 0 1 20 1  0
17.0376 13763267 845.615 4 10 0.197458 310 13630009 13630013 13 0 1 20 1  0
14.9646 13732587 843.73 6 0 0 13 13629898 13629931 13 0 1 20 1  0
15.9195 13815188 848.805 8 8 0.157966 14 13630208 13630320 13 0 1 20 1  0
10.7872 13630559 837.461 1 1 0.0197462 1 13630559 13630560 13 0 1 20 1  0
17.0475 13735186 843.89 3 5 0.0987291 15 13629924 13629925 13 0 1 20 1  0
17.5229 13733248 843.771 5 6 0.118475 7 13629877 13629935 13 0 1 20 1  0
17.2385 13732919 843.75 5 7 0.13822 15 13629880 13629882 13 0 1 20 1  0
15.8975 13674781 840.179 3 3 0.059238 1 13629876 13629881 13 0 1 20 1  0
16.7155 13763757 845.645 3 3 0.059238 1 13629926 13629928 13 0 1 20 1  0
19.3543 13676004 840.254 8 121 2.40557 2917 13640247 13640320 13 0 1 20 1  0
10.4152 13630962 837.486 2 4 0.0789836 2 13630962 13630963 13 0 1 20 1  0
10.2023 13629872 837.419 3 5 0.0987291 2 13629872 13629873 13 0 1 20 1  0
18.1222 13660894 839.325 4 4 0.0789836 1 13629871 13629931 13 0 1 20 1  0
15.0676 13744667 844.472 5 4 0.0789836 1 13630201 13630307 13 0 1 20 1  0
19.4562 13674723 840.175 4 6 0.118475 3 13629869 13629929 13 0 1 20 1  0
18.2193 13733902 843.811 5 5 0.0987291 5 13629874 13629939 13 0 1 20 1  0
10.3414 13630017 837.428 2 6 0.118475 1 13630017 13630018 13 0 1 20 1  0
11.192 13761324 845.496 2 6 0.118475 1 13630306 13630307 13 0 1 20 1  0
10.4464 13629923 837.422 3 6 0.118475 2 13629923 13629924 13 0 1 20 1  0
13.5454 13742048 844.311 5 17 0.335692 15 13630613 13630626 13 0 1 20 1  0
10.5213 13758683 845.333 2 8 0.157966 1 13630955 13630957 13 0 1 20 1  0
10.0147 13698659 841.646 2 9 0.177712 1 13698659 13698660 13 0 1 20 1  0
15.4734 13767506 845.876 5 10 0.197458 2 13630204 13630309 13 0 1 20 1  0
10.8268 13746925 844.611 4 29 0.572762 2 13630930 13630937 13 0 1 20 1  0
12.0874 13742698 844.351 3 15 0.296194 3 13630287 13630294 13 0 1 20 1  0
13.8582 13699306 841.685 4 13 0.256698 2 13630290 13630302 13 0 1 20 1  0
10.0437 13630624 837.466 3 14 0.276446 1 13630624 13630625 13 0 1 20 1  0
12.1156 13753139 844.993 3 15 0.296194 3 13630620 13630628 13 0 1 20 1  0
11.462 13687551 840.963 3 16 0.315943 1 13630286 13630293 13 0 1 20 1  0
12.5046 13745955 844.551 4 20 0.394946 10 13630285 13630291 13 0 1 20 1  0
10.6251 13756402 845.193 3 21 0.414699 1 13673378 13673395 13 0 1 20 1  0
10.0022 13703700 841.955 3 22 0.434452 1 13703700 13703701 13 0 1 20 1  0
10.362 13746607 844.591 3 22 0.434452 1 13708743 13708750 13 0 1 20 1  0
11.5454 13745629 844.531 4 22 0.434452 1 13630937 13630948 13 0 1 20 1  0
11.7015 13741714 844.291 5 22 0.434452 3 13631264 13631276 13 0 1 20 1  0
11.8842 13746285 844.572 4 23 0.454207 1 13630284 13630287 13 0 1 20 1  0
10.2947 13747268 844.632 3 26 0.513479 2 13732244 13732255 13 0 1 20 1  0
10.4556 13744308 844.45 5 38 0.750701 1 13674022 13674030 13 0 1 20 1  0
10.045 13670742 839.93 6 106 2.10381 8 13670742 13670743 13 0 1 20 1  0
10.3743 13676215 840.267 3 420 9.0624 1 13676215 13676216 13 0 1 20 1  0
23.3787 14106858 866.725 8 0 0 1 13902723 13902725 13 0 1 20 1  0
0 13891584 853.499 8 0 0 16988 13902729 13902736 13 0 1 20 1  0
30.3739 14109030 866.859 2 0 0 4 13902723 13902852 13 0 1 20 1  0
31.8051 13923467 855.458 3 0 0 1 13902730 13902852 13 0 1 20 1  0
36.3655 13922872 855.421 5 0 0 169 13902725 13902876 13 0 1 20 1  0
21.54 14106033 866.675 5 0 0 2 13904473 13904525 13 0 1 20 1  0
24.4716 14143736 868.991 8 135 2.6887 7227 13902458 13902642 13 0 1 20 1  0
13.7209 13902597 854.176 8 93 1.84346 34 13902534 13902703 13 0 1 20 1  0
19.5346 13904484 854.291 2 1 0.0197462 10 13902732 13902741 13 0 1 20 1  0
16.0723 13998821 860.088 3 7 0.13822 9 13904472 13904482 13 0 1 20 1  0
12.7312 14055611 863.577 2 5 0.0987291 1 13904476 13904484 13 0 1 20 1  0
15.8195 14048723 863.154 3 9 0.177712 208 13902750 13902752 13 0 1 20 1  0
18.413 14139209 868.713 4 12 0.236951 34 13902711 13902753 13 0 1 20 1  0
17.7313 14151513 869.469 6 92 1.82347 238 13902599 13902665 13 0 1 20 1  0
15.8367 14139867 868.753 4 17 0.335692 2 13904453 13904474 13 0 1 20 1  0
10.7361 14058015 863.724 2 19 0.375194 2 13904456 13904467 13 0 1 20 1  0
10.0652 13939217 856.425 4 92 1.82347 1 13939217 13939218 13 0 1 20 1  0
10.0528 14038541 862.528 6 205 4.13218 1 14038541 14038542 13 0 1 20 1  0
10.4861 14135493 868.485 3 235 4.76877 2 14135493 14135494 13 0 1 20 1  0
11.0711 14136754 868.562 3 398 8.51027 23 14136750 14136757 13 0 1 20 1  0
10.2163 14135239 868.469 4 379 8.04386 5 14135239 14135240 13 0 1 20 1  0
10.3045 14135177 868.465 3 399 8.53508 1 14135177 14135178 13 0 1 20 1  0
10.4462 14134666 868.434 3 581 13.5794 3 14134666 14134667 13 0 1 20 1  0
10.3816 14134609 868.43 3 608 14.4347 1 14134609 14134610 13 0 1 20 1  0
10.5591 14134477 868.422 2 663 16.2814 14 14134477 14134478 13 0 1 20 1  0
10.555 14134367 868.415 3 657 16.0728 7 14134367 14134368 13 0 1 20 1  0
10.2159 14134238 868.408 4 688 17.171 5 14134238 14134239 13 0 1 20 1  0
0 13891584 853.499 5 1282 53.3469 42 14131106 14131109 13 0 1 20 1  0
10.4923 14166749 870.405 8 0 0 1 14166749 14166750 13 0 1 20 1  0
20.4144 14234931 874.594 8 0 0 1 14166759 14166762 13 0 1 20 1  0
19.297 14154554 869.656 4 5 0.0987291 3782 14154546 14154562 13 0 1 20 1  0
25.8645 14406621 885.143 3 0 0 5 14165198 14165217 13 0 1 20 1  0
21.4463 14403982 884.981 4 1 0.0197462 137 14154550 14154563 13 0 1 20 1  0
10.371 14154561 869.656 1 1 0.0197462 1 14154561 14154562 13 0 1 20 1  0
11.8301 14236639 874.699 1 1 0.0197462 1 14236540 14236542 13 0 1 20 1  0
17.8777 14256068 875.893 6 12 0.236951 18 14154518 14154571 13 0 1 20 1  0
23.5847 14429335 886.538 4 3 0.059238 323 14426474 14426476 13 0 1 20 1  0
0 14415872 885.711 8 0 0 27435 14428006 14428007 13 0 1 20 1  0
10.506 14426483 886.363 3 1 0.0197462 3 14426483 14426484 13 0 1 20 1  0
31.9931 14670480 901.354 10 200 4.02726 11616 14482510 14483198 13 0 1 20 1  0
10.1091 14428673 886.498 2 1 0.0197462 1 14428673 14428674 13 0 1 20 1  0
17.1219 14649109 900.041 7 10 0.197458 1 14429290 14429389 13 0 1 20 1  0
20.4221 14482839 889.826 8 39 0.770481 102 14429267 14429412 13 0 1 20 1  0
10.5947 14670423 901.351 3 60 1.18646 1 14429282 14429292 13 0 1 20 1  0
10.7131 14482538 889.807 4 70 1.38505 1 14429273 14429282 13 0 1 20 1  0
10.5447 14674976 901.63 3 75 1.48449 3 14429272 14429274 13 0 1 20 1  0
17.5134 14674648 901.61 5 385 8.19014 31 14482390 14482500 13 0 1 20 1  0
10.4774 14482362 889.796 3 552 12.6953 69 14482362 14482363 13 0 1 20 1  0
17.2579 14674212 901.584 6 627 15.0562 124 14482311 14482369 13 0 1 20 1  0
10.2398 14674143 901.579 3 1036 33.9743 1 14674143 14674144 13 0 1 20 1  0
12.878 14669444 901.291 9 1597 93.931 68 14669164 14669773 13 0 1 20 1  0
0 14415872 885.711 5 1561 88.0804 25 14669706 14669780 13 0 1 20 1  0
10.9929 14668762 901.249 7 2004 193.821 1 14668660 14668822 13 0 1 20 1  0
18.5917 14677671 901.796 9 2570 529.177 435 14675450 14678017 13 0 1 20 1  0
0 14415872 885.711 7 2396 388.649 71 14667637 14667647 13 0 1 20 1  0
20.8495 14662778 900.881 12 2822 827.374 105 14659256 14668180 13 0 1 20 1  0
10.9818 14940773 917.961 8 0 0 16933 14940773 14940774 13 0 1 20 1  0
23.4248 14961859 919.257 8 0 0 1 14957975 14957976 13 0 1 20 1  0
28.3067 14961637 919.243 2 0 0 9 14940447 14940449 13 0 1 20 1  0
24.7288 15096762 927.545 6 0 0 2619 14940741 14940754 13 0 1 20 1  0
17.7354 15091270 927.208 7 4 0.0789836 18 14940445 14940783 13 0 1 20 1  0
20.4512 15047606 924.525 9 4 0.0789836 493 14946392 14946482 13 0 1 20 1  0
10.896 14960930 919.2 1 1 0.0197462 1 14960930 14960931 13 0 1 20 1  0
18.2299 15159821 931.419 5 10 0.197458 49 14940428 14940447 13 0 1 20 1  0
17.8599 15081373 926.6 4 8 0.157966 11 14940438 14940448 13 0 1 20 1  0
10.433 14946309 918.301 2 8 0.157966 1 14946309 14946310 13 0 1 20 1  0
14.6905 15063286 925.488 3 10 0.197458 11 14940440 14940446 13 0 1 20 1  0
11.0799 15062957 925.468 2 10 0.197458 3 14941413 14941415 13 0 1 20 1  0
10.0183 14942719 918.081 2 13 0.256698 1 14942719 14942720 13 0 1 20 1  0
10.0228 15011928 922.333 4 15 0.296194 1 15011928 15011929 13 0 1 20 1  0
14.6495 15022796 923.001 10 104 2.06369 99 15022582 15023292 13 0 1 20 1  0
10.7649 15159491 931.399 2 17 0.335692 2 15017231 15017240 13 0 1 20 1  0
15.3685 15121939 929.092 5 18 0.355443 10 14994387 14994391 13 0 1 20 1  0
10.11 15017214 922.658 3 30 0.592527 6 15017214 15017215 13 0 1 20 1  0
10.1998 15094414 927.401 2 19 0.375194 1 15063269 15063270 13 0 1 20 1  0
15.5549 15170898 932.1 5 20 0.394946 7 14994382 14994390 13 0 1 20 1  0
12.2773 15159563 931.404 3 21 0.414699 7 14941075 14941079 13 0 1 20 1  0
10.3125 15137270 930.034 2 22 0.434452 1 15094401 15094403 13 0 1 20 1  0
10.1113 14941076 917.98 3 23 0.454207 2 14941076 14941077 13 0 1 20 1  0
10.0596 14941400 918 4 22 0.434452 1 14941400 14941401 13 0 1 20 1  0
10.108 15159470 931.398 2 26 0.513479 2 15096685 15096704 13 0 1 20 1  0
12.1895 15041955 924.178 7 23 0.454207 2 15041781 15042012 13 0 1 20 1  0
10.4873 15094398 927.4 2 24 0.473963 20 15094398 15094399 13 0 1 20 1  0
10.0049 14941709 918.019 3 33 0.651829 1 14941709 14941710 13 0 1 20 1  0
10.1187 15046776 924.474 3 200 4.02726 3 15046776 15046777 13 0 1 20 1  0
10.1737 15047633 924.527 2 181 3.63133 3 15047633 15047634 13 0 1 20 1  0
18.2688 15103651 927.968 8 389 8.28817 4295 15022748 15023013 13 0 1 20 1  0
10.2906 15041777 924.167 3 353 7.42028 9 15041777 15041778 13 0 1 20 1  0
10.0977 15091494 927.221 3 266 5.44065 1 15091494 15091495 13 0 1 20 1  0
10.0022 15091302 927.21 3 367 7.75402 1 15091302 15091303 13 0 1 20 1  0
10.12 15047245 924.503 3 377 7.99531 2 15047245 15047246 13 0 1 20 1  0
10.1011 15091191 927.203 3 466 10.2624 1 15091191 15091192 13 0 1 20 1  0
10.4414 15047225 924.501 3 662 16.2465 27 15047225 15047226 13 0 1 20 1  0
10.3084 15022010 922.952 3 806 21.8564 3 15022010 15022011 13 0 1 20 1  0
10.9323 15046570 924.461 3 905 26.5185 21 15046569 15046575 13 0 1 20 1  0
10.0981 15046379 924.449 4 947 28.7348 1 15046378 15046380 13 0 1 20 1  0
11.2697 14940160 917.923 12 2274 313.007 9 14940160 14941112 13 0 1 20 1  0
10.1044 15101243 927.82 9 2113 235.211 1 15101240 15101280 13 0 1 20 1  0
11.2256 15231481 935.822 8 0 0 1 15231481 15231482 13 0 1 20 1  0
19.9601 15349641 943.082 8 0 0 1 15231490 15231498 13 0 1 20 1  0
0 15202304 934.03 8 0 0 1270 15231504 15231505 13 0 1 20 1  0
22.5693 15349642 943.082 1 0 0 6 15231490 15231508 13 0 1 20 1  0
25.3781 15423915 947.645 4 0 0 90 15231489 15231513 13 0 1 20 1  0
25.527 15425281 947.729 5 0 0 37 15231492 15231516 13 0 1 20 1  0
19.0064 15347980 942.98 7 0 0 198 15347875 15348079 13 0 1 20 1  0
10.317 15231495 935.823 2 1 0.0197462 1 15231495 15231496 13 0 1 20 1  0
10.7835 15302170 940.165 2 4 0.0789836 2 15302170 15302171 13 0 1 20 1  0
12.9048 15421350 947.488 2 2 0.0394922 1 15347959 15347963 13 0 1 20 1  0
10.6232 15310335 940.667 3 3 0.059238 1 15310335 15310336 13 0 1 20 1  0
10.1372 15301515 940.125 3 4 0.0789836 1 15301515 15301516 13 0 1 20 1  0
10.1384 15303723 940.261 3 6 0.118475 2 15303723 15303724 13 0 1 20 1  0
15.4556 15363587 943.939 6 213 4.30073 1482 15347545 15347586 13 0 1 20 1  0
19.0569 15461140 949.932 12 202 4.06919 35 15458396 15463876 13 0 1 20 1  0
11.0726 15421812 947.516 12 369 7.80208 3 15361524 15361674 13 0 1 20 1  0
10.2921 15465924 950.226 8 0 0 1 15465924 15465925 13 0 1 20 1  0
14.4384 15642374 961.067 8 0 0 1 15465948 15465949 13 0 1 20 1  0
0 15464448 950.136 8 0 0 23 15465962 15465963 13 0 1 20 1  0
14.7747 15471452 950.566 1 0 0 1 15465962 15465964 13 0 1 20 1  0
0 15464448 950.136 1 0 0 34 15468730 15468732 13 0 1 20 1  0
15.3212 15471122 950.546 3 0 0 6 15468933 15468935 13 0 1 20 1  0
13.7269 15470691 950.519 3 1 0.0197462 8 15470686 15470695 13 0 1 20 1  0
10.2814 15470061 950.481 2 2 0.0394922 1 15470061 15470062 13 0 1 20 1  0
15.498 15898922 976.83 6 3 0.059238 447 15753900 15753942 13 0 1 20 1  0
14.5958 15936329 979.128 8 0 0 1 15935261 15935262 13 0 1 20 1  0
0 15726592 966.242 8 0 0 446 15936316 15936317 13 0 1 20 1  0
10.061 15830758 972.642 1 0 0 1 15830758 15830759 13 0 1 20 1  0
15.6107 15937392 979.193 1 0 0 3 15898629 15898630 13 0 1 20 1  0
11.9149 15936328 979.128 3 1 0.0197462 3 15898624 15898628 13 0 1 20 1  0
10.0919 15898580 976.809 3 1 0.0197462 1 15898580 15898581 13 0 1 20 1  0
10.0243 15753912 967.92 6 1 0.0197462 3 15753912 15753913 13 0 1 20 1  0
17.5579 15830571 972.63 11 111 2.20423 1167 15829602 15831306 13 0 1 20 1  0
0 15726592 966.242 7 763 20.0494 42 15829898 15829915 13 0 1 20 1  0
10.8681 15919398 978.088 12 818 22.3829 2 15918790 15920792 13 0 1 20 1  0
10.1106 15727190 966.279 7 1760 125.603 2 15727187 15727195 13 0 1 20 1  0
15.7405 16000815 983.09 7 17 0.335692 109 16000478 16001160 13 0 1 20 1  0
13.2967 16052441 986.262 8 68 1.3453 201 16001144 16001167 13 0 1 20 1  0
0 15988736 982.348 8 0 0 5399 16101086 16101087 13 0 1 20 1  0
10.9848 16051611 986.211 1 0 0 2 16000764 16000766 13 0 1 20 1  0
17.0206 16024817 984.565 9 58 1.14679 414 16000581 16001011 13 0 1 20 1  0
15.8301 16057164 986.552 9 55 1.0873 181 16000602 16001011 13 0 1 20 1  0
13.6725 16101065 989.249 6 6 0.118475 222 16000481 16000503 13 0 1 20 1  0
12.0172 16112475 989.95 6 24 0.473963 56 16000483 16000501 13 0 1 20 1  0
10.4096 16058624 986.642 2 4 0.0789836 1 16058624 16058625 13 0 1 20 1  0
10.0715 16098803 989.11 3 6 0.118475 2 16098803 16098804 13 0 1 20 1  0
10.8848 16099001 989.123 3 135 2.6887 8 16056883 16056886 13 0 1 20 1  0
10.4794 16099988 989.183 4 130 2.5874 6 16056895 16056897 13 0 1 20 1  0
11.9197 16099667 989.164 5 115 2.28468 18 16000706 16000725 13 0 1 20 1  0
12.3915 16098368 989.084 5 120 2.3854 36 16000703 16000728 13 0 1 20 1  0
12.9022 16099322 989.142 5 140 2.7902 89 16001024 16001027 13 0 1 20 1  0
10.1089 16024878 984.568 3 125 2.48631 1 16024878 16024879 13 0 1 20 1  0
10.3628 16100542 989.217 3 251 5.11363 1 16100542 16100543 13 0 1 20 1  0
0 15988736 982.348 5 794 21.3398 1 16024208 16024209 13 0 1 20 1  0
10.1639 16097826 989.05 11 1168 43.3509 2 16097687 16097990 13 0 1 20 1  0
10.0304 16023189 984.465 10 1202 46.1291 1 16023183 16023208 13 0 1 20 1  0
11.0653 16057703 986.585 11 3050 1239.66 1 16057398 16059429 13 0 1 20 1  0
12.7833 16293954 1001.1 8 0 0 1 16293954 16293955 13 0 1 20 1  0
18.1755 16328205 1003.2 4 1 0.0197462 31 16295286 16295303 13 0 1 20 1  0
0 16250880 998.454 8 0 0 868 16294835 16294836 13 0 1 20 1  0
17.4971 16297566 1001.32 2 0 0 2 16295290 16295301 13 0 1 20 1  0
18.6905 16391060 1007.07 7 4 0.0789836 484 16280021 16280023 13 0 1 20 1  0
14.2507 16301008 1001.53 2 1 0.0197462 1 16295292 16295297 13 0 1 20 1  0
11.9263 16391495 1007.09 2 2 0.0394922 1 16298229 16298230 13 0 1 20 1  0
10.9413 16300979 1001.53 2 3 0.059238 1 16300979 16300980 13 0 1 20 1  0
12.0158 16315251 1002.41 3 6 0.118475 1 16300972 16300984 13 0 1 20 1  0
10.8631 16375652 1006.12 3 7 0.13822 1 16300976 16300980 13 0 1 20 1  0
10.2088 16312946 1002.27 4 17 0.335692 7 16312945 16312948 13 0 1 20 1  0
10.1734 16393612 1007.22 4 13 0.256698 2 16393612 16393616 13 0 1 20 1  0
11.3495 16276583 1000.03 7 224 4.5339 51 16276554 16276613 13 0 1 20 1  0
10.289 16386675 1006.8 5 149 2.97344 1 16378516 16378523 13 0 1 20 1  0
10.5408 16279898 1000.24 3 183 3.6728 4 16276633 16276637 13 0 1 20 1  0
10.7116 16386413 1006.78 5 478 10.5863 3 16378560 16378564 13 0 1 20 1  0
0 16250880 998.454 5 478 10.5863 1 16386396 16386421 13 0 1 20 1  0
10.0167 16378557 1006.3 4 486 10.8049 1 16378557 16378558 13 0 1 20 1  0
10.9919 16378068 1006.27 11 830 22.9195 3 16377769 16378322 13 0 1 20 1  0
27.1707 16541129 1016.29 10 41 0.810049 1677 16540487 16542021 13 0 1 20 1  0
0 16513024 1014.56 8 0 0 766 16613374 16613375 13 0 1 20 1  0
13.9443 16617049 1020.95 3 0 0 22 16615253 16615255 13 0 1 20 1  0
11.0016 16540127 1016.23 2 0 0 1 16540127 16540128 13 0 1 20 1  0
16.995 16548089 1016.71 8 2 0.0394922 31 16540674 16541769 13 0 1 20 1  0
15.7569 16829643 1034.01 8 2 0.0394922 236 16829530 16829736 13 0 1 20 1  0
14.8569 16886488 1037.51 8 0 0 1 16829522 16829536 13 0 1 20 1  0
0 16775168 1030.67 8 0 0 122 16829594 16829595 13 0 1 20 1  0
12.491 16828291 1033.93 1 0 0 1 16828291 16828292 13 0 1 20 1  0
16.4276 16888410 1037.62 3 1 0.0197462 101 16829522 16829535 13 0 1 20 1  0
15.4837 17265909 1060.82 8 0 0 1 17265909 17265910 13 0 1 20 1  0
15.5076 17270549 1061.1 8 0 0 1 17266110 17266112 13 0 1 20 1  0
0 17037312 1046.77 8 0 0 436 17267197 17267198 13 0 1 20 1  0
16.101 17270550 1061.1 1 0 0 2 17265909 17265911 13 0 1 20 1  0
15.4212 17269773 1061.05 2 0 0 5 17267956 17267958 13 0 1 20 1  0
14.7656 17268310 1060.96 3 1 0.0197462 20 17268307 17268313 13 0 1 20 1  0
16.5944 17162537 1054.47 6 38 0.750701 1384 17162509 17162560 13 0 1 20 1  0
11.5981 17267954 1060.94 2 2 0.0394922 2 17267954 17267955 13 0 1 20 1  0
15.7248 17282122 1061.81 6 45 0.889211 144 17162504 17162552 13 0 1 20 1  0
75.9122 1362218 83.6947 9 2792 784.505 676 1361698 1362850 13 0 1 20 1 1
