11.9378 2444 0.150159 8 0 0 1920 2444 2445 13 0 1 20 1  0
17.5197 62378 3.8325 8 0 0 1 2767 2768 13 0 1 20 1  0
17.4572 174713 10.7344 8 0 0 1 2806 2807 13 0 1 20 1  0
10.2984 2444 0.150159 1 0 0 1 2444 2445 13 0 1 20 1  0
23.2136 62380 3.83263 2 0 0 6 6250 6254 13 0 1 20 1  0
18.2445 230021 14.1325 1 0 0 1 2807 2808 13 0 1 20 1  0
24.1573 57155 3.5116 3 0 0 41 6249 6255 13 0 1 20 1  0
16.1266 249160 15.3084 12 172 3.44522 31 241656 258986 13 0 1 20 1  0
10.3987 6246 0.383754 2 3 0.059238 1 6246 6247 13 0 1 20 1  0
11.1957 61880 3.80191 2 3 0.059238 1 6738 6739 13 0 1 20 1  0
10.3916 12743 0.78293 2 4 0.0789836 1 12743 12744 13 0 1 20 1  0
10.8 15064 0.925532 7 6 0.118475 8 15059 15092 13 0 1 20 1  0
10.7671 87735 5.39044 9 25 0.493721 3 87700 87761 13 0 1 20 1  0
10.3904 213470 13.1156 12 2311 334.246 2 213096 213946 13 0 1 20 1  0
10.0384 178664 10.9771 12 2704 671.145 1 178654 178670 13 0 1 20 1  0
11.012 260374 15.9974 8 0 0 820 260374 260375 13 0 1 20 1  0
18.0664 290774 17.8652 8 0 0 1 260699 260700 13 0 1 20 1  0
17.7838 483422 29.7014 8 0 0 1 261067 261068 13 0 1 20 1  0
10.4518 260417 16 1 0 0 1 260417 260418 13 0 1 20 1  0
20.5449 290775 17.8652 1 0 0 1 260700 260701 13 0 1 20 1  0
20.2235 483423 29.7015 1 0 0 1 261067 261068 13 0 1 20 1  0
0 260096 15.9803 1 0 0 817 261506 261507 13 0 1 20 1  0
22.624 293027 18.0036 3 0 0 27 273124 273131 13 0 1 20 1  0
15.6193 273973 16.8329 2 1 0.0197462 2 273123 273128 13 0 1 20 1  0
11.6357 273153 16.7825 4 4 0.0789836 3 273149 273156 13 0 1 20 1  0
10.9368 343640 21.1132 3 12 0.236951 4 293003 293004 13 0 1 20 1  0
11.3384 261238 16.0505 12 173 3.46586 2 260208 261904 13 0 1 20 1  0
18.9318 571930 35.1394 8 0 0 1 522669 522671 13 0 1 20 1  0
22.5195 686494 42.1782 7 3 0.059238 392 562521 562530 13 0 1 20 1  0
0 522240 32.0864 8 0 0 2391 523154 523155 13 0 1 20 1  0
16.0403 522670 32.1128 1 0 0 1 522670 522671 13 0 1 20 1  0
22.2289 568379 34.9212 1 0 0 4 522704 522705 13 0 1 20 1  0
22.1879 686465 42.1764 1 0 0 1 523155 523156 13 0 1 20 1  0
17.1192 783634 48.1465 1 0 0 1 523188 523189 13 0 1 20 1  0
23.4548 568414 34.9234 2 0 0 3 525672 525680 13 0 1 20 1  0
24.7669 552879 33.9689 3 0 0 3 525672 525680 13 0 1 20 1  0
23.5689 654666 40.2227 4 0 0 48 525671 525681 13 0 1 20 1  0
10.0116 549001 33.7306 1 1 0.0197462 1 549001 549002 13 0 1 20 1  0
10.9894 567745 34.8823 2 4 0.0789836 2 525667 525670 13 0 1 20 1  0
20.9464 549327 33.7506 3 1 0.0197462 4 525671 525676 13 0 1 20 1  0
11.8172 525670 32.2972 2 2 0.0394922 5 525670 525671 13 0 1 20 1  0
10.0853 568405 34.9228 7 13 0.256698 1 568405 568406 13 0 1 20 1  0
12.0734 572180 35.1547 12 143 2.8512 7 569496 572918 13 0 1 20 1  0
10.2759 685377 42.1096 7 497 11.109 1 685375 685380 13 0 1 20 1  0
11.5157 543317 33.3814 11 1386 64.3622 8 542510 543867 13 0 1 20 1  0
0 522240 32.0864 8 2911 968.832 596 772255 774058 13 0 1 20 1  0
11.5859 771994 47.4313 5 2933 1007.38 1 769693 769696 13 0 1 20 1  0
10.5467 770515 47.3404 2 2942 1023.59 1 770515 770517 13 0 1 20 1  0
13.235 770651 47.3488 3 2942 1023.59 1 768791 769062 13 0 1 20 1  0
14.4846 770038 47.3111 3 2943 1025.4 2 768761 769536 13 0 1 20 1  0
12.2552 769692 47.2899 2 2946 1030.87 1 768707 768712 13 0 1 20 1  0
12.3657 767588 47.1606 2 2956 1049.32 1 767541 768549 13 0 1 20 1  0
10.3677 766937 47.1206 4 2969 1073.79 2 766937 766938 13 0 1 20 1  0
10.042 764881 46.9943 5 2973 1081.43 1 764881 764882 13 0 1 20 1  0
0 522240 32.0864 12 2983 1100.78 1 783790 784386 13 0 1 20 1  0
10.0162 759526 46.6653 7 2990 1114.53 1 759526 759527 13 0 1 20 1  0
10.6706 784769 48.2162 8 0 0 2928 784769 784770 13 0 1 20 1  0
18.4957 898778 55.2209 8 0 0 1 784802 784803 13 0 1 20 1  0
18.6896 924224 56.7843 8 0 0 1 785265 785266 13 0 1 20 1  0
21.5936 804699 49.4407 1 0 0 7 784802 784804 13 0 1 20 1  0
22.5258 1002365 61.5853 1 0 0 1 785265 785266 13 0 1 20 1  0
10.4272 799948 49.1488 2 0 0 1 799948 799949 13 0 1 20 1  0
24.0455 1021187 62.7417 2 0 0 2 804698 804701 13 0 1 20 1  0
25.4966 1023172 62.8637 3 0 0 959 821820 821827 13 0 1 20 1  0
10.0385 805022 49.4605 1 1 0.0197462 1 805022 805023 13 0 1 20 1  0
11.7491 821824 50.4929 2 1 0.0197462 2 821824 821825 13 0 1 20 1  0
13.6066 895684 55.0308 3 4 0.0789836 2 827076 827078 13 0 1 20 1  0
10.2224 839478 51.5775 3 11 0.217204 1 839478 839479 13 0 1 20 1  0
10.186 827400 50.8355 4 12 0.236951 1 827400 827401 13 0 1 20 1  0
10.0918 868722 53.3743 3 15 0.296194 1 868722 868723 13 0 1 20 1  0
10.0434 868701 53.373 7 39 0.770481 1 868701 868702 13 0 1 20 1  0
10.3519 868634 53.3689 5 298 6.15136 3 868629 868641 13 0 1 20 1  0
12.0234 1015479 62.391 9 583 13.6416 227 1015404 1015537 13 0 1 20 1  0
11.5808 1014735 62.3453 9 1540 84.8348 13 1014474 1014942 13 0 1 20 1  0
11.1227 1046697 64.3091 8 0 0 38951 1046697 1046698 13 0 1 20 1  0
18.0796 1101451 67.6731 8 0 0 3 1046727 1046728 13 0 1 20 1  0
17.8871 1242259 76.3244 8 0 0 1 1047189 1047191 13 0 1 20 1  0
17.9221 1271765 78.1372 8 0 0 1 1047215 1047216 13 0 1 20 1  0
18.1166 1296473 79.6553 8 0 0 1 1048167 1048168 13 0 1 20 1  0
12.4699 1046698 64.3091 1 0 0 1 1046698 1046699 13 0 1 20 1  0
21.2964 1087703 66.8285 1 0 0 2 1046727 1046728 13 0 1 20 1  0
21.2365 1272704 78.1949 1 0 0 3 1047189 1047191 13 0 1 20 1  0
23.2535 1168279 71.7791 3 0 0 12 1087401 1087408 13 0 1 20 1  0
52.0195 1256934 77.226 11 498 11.1368 21997 1154715 1154837 13 0 1 20 1  0
11.6187 1062032 65.2512 2 1 0.0197462 1 1062032 1062033 13 0 1 20 1  0
20.4071 1264206 77.6728 3 1 0.0197462 4 1087401 1087407 13 0 1 20 1  0
12.4075 1155481 70.9928 2 2 0.0394922 1 1087402 1087404 13 0 1 20 1  0
20.2348 1262927 77.5942 4 2 0.0394922 13 1101449 1101456 13 0 1 20 1  0
22.1615 1155039 70.9656 5 2 0.0394922 71 1101453 1101463 13 0 1 20 1  0
15.1233 1263768 77.6459 3 4 0.0789836 1 1087399 1087401 13 0 1 20 1  0
11.1391 1156994 71.0857 3 14 0.276446 1 1155004 1155023 13 0 1 20 1  0
10.2563 1257303 77.2487 2 805 21.813 1 1255943 1255946 13 0 1 20 1  0
10.0768 1253335 77.0049 3 1424 68.9126 3 1253335 1253336 13 0 1 20 1  0
10.3804 1253262 77.0004 3 1436 70.4136 4 1253262 1253263 13 0 1 20 1  0
10.0267 1253195 76.9963 3 1438 70.6669 1 1253195 1253196 13 0 1 20 1  0
10.0025 1249099 76.7446 5 1610 96.1366 1 1249099 1249100 13 0 1 20 1  0
10.2685 1247184 76.627 4 1747 122.73 3 1247184 1247185 13 0 1 20 1  0
10.1363 1246212 76.5673 4 1785 131.318 1 1246212 1246213 13 0 1 20 1  0
10.1652 1246126 76.562 4 1796 133.914 3 1246126 1246127 13 0 1 20 1  0
10.2229 1245865 76.5459 4 1819 139.508 3 1245865 1245866 13 0 1 20 1  0
10.1273 1244969 76.4909 6 1823 140.504 2 1244969 1244970 13 0 1 20 1  0
10.0633 1244590 76.4676 4 1857 149.262 1 1244590 1244591 13 0 1 20 1  0
10.1771 1244125 76.439 5 1857 149.262 1 1244125 1244126 13 0 1 20 1  0
10.0013 1244288 76.4491 3 1869 152.481 1 1244288 1244289 13 0 1 20 1  0
10.0495 1244478 76.4607 3 1870 152.752 1 1244478 1244479 13 0 1 20 1  0
10.035 1243852 76.4223 4 1871 153.024 1 1243852 1243853 13 0 1 20 1  0
10.2104 1243557 76.4041 5 1876 154.39 5 1243557 1243558 13 0 1 20 1  0
10.1585 1243717 76.414 4 1883 156.324 2 1243717 1243718 13 0 1 20 1  0
10.0164 1243903 76.4254 4 1891 158.563 1 1243903 1243904 13 0 1 20 1  0
10.0269 1244227 76.4453 4 1896 159.978 1 1244227 1244228 13 0 1 20 1  0
10.0901 1243166 76.3801 4 1907 163.137 2 1243166 1243167 13 0 1 20 1  0
10.0902 1242849 76.3606 6 1910 164.009 1 1242849 1242850 13 0 1 20 1  0
10.1654 1242500 76.3392 5 1919 166.654 1 1242500 1242501 13 0 1 20 1  0
10.0344 1242379 76.3318 5 1922 167.545 1 1242379 1242380 13 0 1 20 1  0
10.0554 1241875 76.3008 5 1935 171.46 1 1241875 1241876 13 0 1 20 1  0
10.0731 1242030 76.3103 5 1951 176.405 2 1242030 1242031 13 0 1 20 1  0
19.4192 1226404 75.3503 12 2646 605.539 216 1222084 1232206 13 0 1 20 1  0
0 1046528 64.2987 12 2573 532 52 1228094 1231022 13 0 1 20 1  0
14.2204 1308698 80.4064 8 0 0 982 1308698 1308699 13 0 1 20 1  0
20.4049 1313885 80.7251 8 0 0 1 1309147 1309148 13 0 1 20 1  0
20.236 1481132 91.0007 8 0 0 1 1309176 1309178 13 0 1 20 1  0
11.6501 1308698 80.4064 1 0 0 1104 1308698 1308699 13 0 1 20 1  0
20.1885 1364628 83.8427 1 0 0 1 1309147 1309149 13 0 1 20 1  0
23.158 1543168 94.8122 1 0 0 6 1309177 1309178 13 0 1 20 1  0
16.0076 1561437 95.9347 3 0 0 15 1539567 1539580 13 0 1 20 1  0
10.8507 1485702 91.2815 2 1 0.0197462 2 1485702 1485703 13 0 1 20 1  0
13.5961 1542369 94.7631 3 2 0.0394922 4 1539569 1539571 13 0 1 20 1  0
10.1218 1539566 94.5909 4 3 0.059238 3 1539566 1539567 13 0 1 20 1  0
11.0767 1564133 96.1003 2 4 0.0789836 1 1543162 1543164 13 0 1 20 1  0
10.0893 1549672 95.2118 3 7 0.13822 1 1549672 1549673 13 0 1 20 1  0
13.337 1571328 96.5424 8 0 0 2310 1571328 1571329 13 0 1 20 1  0
19.578 1816466 111.604 8 0 0 1 1571607 1571608 13 0 1 20 1  0
10.5392 1572228 96.5977 1 0 0 1 1572228 1572229 13 0 1 20 1  0
23.1079 1625029 99.8418 1 0 0 5 1573231 1573232 13 0 1 20 1  0
22.9593 1782880 109.54 1 0 0 1 1573262 1573264 13 0 1 20 1  0
24.428 1816467 111.604 2 0 0 18 1597218 1597220 13 0 1 20 1  0
20.1707 1749622 107.497 3 0 0 2 1625018 1625033 13 0 1 20 1  0
17.2669 1749291 107.476 4 0 0 11 1625015 1625029 13 0 1 20 1  0
15.022 1625671 99.8812 5 0 0 61 1625015 1625020 13 0 1 20 1  0
10.3413 1624019 99.7797 1 1 0.0197462 1 1624019 1624020 13 0 1 20 1  0
16.1629 1779621 109.34 3 2 0.0394922 1 1625656 1625687 13 0 1 20 1  0
11.2083 1739181 106.855 2 4 0.0789836 4 1625679 1625681 13 0 1 20 1  0
12.7101 1749354 107.48 9 24 0.473963 18 1625744 1625856 13 0 1 20 1  0
10.1219 1667210 102.433 6 95 1.88345 1 1667206 1667219 13 0 1 20 1  0
14.3894 1833142 112.628 8 0 0 2423 1833142 1833143 13 0 1 20 1  0
19.4159 1925823 118.323 8 0 0 1 1833350 1833351 13 0 1 20 1  0
19.5778 1959876 120.415 8 0 0 1 1833669 1833671 13 0 1 20 1  0
18.2302 2073860 127.418 8 0 0 1 1833704 1833705 13 0 1 20 1  0
10.287 1833350 112.641 1 0 0 1 1833350 1833351 13 0 1 20 1  0
21.4386 1873642 115.117 1 0 0 1 1833670 1833671 13 0 1 20 1  0
23.124 1982072 121.778 1 0 0 6 1833704 1833706 13 0 1 20 1  0
21.4291 2073861 127.418 1 0 0 1 1834148 1834149 13 0 1 20 1  0
20.1857 1930487 118.609 2 0 0 5 1835503 1835505 13 0 1 20 1  0
13.3615 2038263 125.231 3 0 0 11 1835501 1835503 13 0 1 20 1  0
15.5434 1858764 114.202 12 212 4.27962 372 1857682 1860472 13 0 1 20 1  0
10.0133 1857970 114.154 1 1 0.0197462 1 1857970 1857971 13 0 1 20 1  0
10.682 1981582 121.748 1 1 0.0197462 1 1858357 1858358 13 0 1 20 1  0
10.0467 1858790 114.204 2 1 0.0197462 1 1858790 1858791 13 0 1 20 1  0
12.8315 1858585 114.191 9 6 0.118475 27 1858435 1858953 13 0 1 20 1  0
11.8237 1876617 115.299 2 2 0.0394922 1 1873640 1873641 13 0 1 20 1  0
10.1875 1860922 114.335 2 5 0.0987291 1 1860922 1860923 13 0 1 20 1  0
10.0082 1857599 114.131 8 917 27.1362 1 1857599 1857600 13 0 1 20 1  0
0 1832960 112.617 12 1424 68.9126 25 2014848 2015798 13 0 1 20 1  0
16.6023 1997720 122.74 12 2258 304.245 136 1992092 2001722 13 0 1 20 1  0
13.4511 1978004 121.529 12 2601 559.088 15 1973996 1982100 13 0 1 20 1  0
0 1832960 112.617 12 2601 559.088 1 2075304 2083896 13 0 1 20 1  0
11.7259 2046846 125.758 12 2757 737.29 1 2045684 2048262 13 0 1 20 1  0
18.5367 2199557 135.141 8 0 0 1 2095199 2095201 13 0 1 20 1  0
19.0295 2306521 141.713 8 0 0 1 2095681 2095682 13 0 1 20 1  0
10.1847 2095199 128.729 2 0 0 2185 2095199 2095200 13 0 1 20 1  0
18.2985 2157486 132.556 1 0 0 1 2095199 2095201 13 0 1 20 1  0
21.2256 2333639 143.379 2 0 0 31 2097157 2097159 13 0 1 20 1  0
22.0921 2344391 144.039 8 4 0.0789836 2310 2110691 2111854 13 0 1 20 1  0
10.0801 2096181 128.789 1 1 0.0197462 1 2096181 2096182 13 0 1 20 1  0
10.0019 2147375 131.935 2 1 0.0197462 1 2147375 2147376 13 0 1 20 1  0
10.0404 2114070 129.888 4 1 0.0197462 1 2114070 2114071 13 0 1 20 1  0
10.6007 2332954 143.337 3 2 0.0394922 1 2332954 2332955 13 0 1 20 1  0
33.6488 2110800 129.688 12 301 6.21897 2343 2108240 2114986 13 0 1 20 1  0
13.8811 2096270 128.795 12 2182 265.858 61 2095104 2098316 13 0 1 20 1  0
12.9014 2357249 144.829 8 0 0 879 2357249 2357250 13 0 1 20 1  0
18.3644 2518098 154.712 8 0 0 1 2357716 2357717 13 0 1 20 1  0
18.4533 2610048 160.361 8 0 0 1 2358044 2358045 13 0 1 20 1  0
10.7181 2357250 144.829 1 0 0 789 2357250 2357251 13 0 1 20 1  0
18.8984 2425859 149.045 1 0 0 1 2357717 2357718 13 0 1 20 1  0
20.41 2613580 160.578 1 0 0 1 2358045 2358046 13 0 1 20 1  0
17.0133 2572305 158.042 2 0 0 8 2359396 2359399 13 0 1 20 1  0
12.3668 2577204 158.343 4 0 0 18 2572305 2572312 13 0 1 20 1  0
10.8673 2517536 154.677 3 2 0.0394922 3 2517536 2517537 13 0 1 20 1  0
11.2953 2591960 159.25 12 178 3.56919 1 2590308 2592338 13 0 1 20 1  0
19.3121 2631823 161.699 8 0 0 1 2619424 2619426 13 0 1 20 1  0
18.9683 2795094 171.731 8 0 0 1 2619593 2619594 13 0 1 20 1  0
0 2619392 160.935 8 0 0 929 2620082 2620084 13 0 1 20 1  0
21.4767 2678424 164.562 1 0 0 1 2619424 2619428 13 0 1 20 1  0
19.3274 2765152 169.891 1 0 0 1 2619593 2619595 13 0 1 20 1  0
0 2619392 160.935 1 0 0 901 2619707 2619708 13 0 1 20 1  0
17.0839 2848470 175.01 2 0 0 18 2619424 2619428 13 0 1 20 1  0
11.3712 2619424 160.937 2 1 0.0197462 3 2619424 2619425 13 0 1 20 1  0
10.4427 2619704 160.955 2 1 0.0197462 1 2619704 2619706 13 0 1 20 1  0
10.2265 2758631 169.49 2 2 0.0394922 1 2758631 2758632 13 0 1 20 1  0
14.6738 2881512 177.04 12 2592 550.234 2 2879706 2881538 13 0 1 20 1  0
16.109 2881758 177.055 8 0 0 1784 2881758 2881759 13 0 1 20 1  0
19.4122 2959315 181.82 8 0 0 1 2882072 2882073 13 0 1 20 1  0
19.5661 3119969 191.691 8 0 0 1 2882113 2882115 13 0 1 20 1  0
21.2385 2992410 183.854 1 0 0 5 2881758 2881760 13 0 1 20 1  0
19.0322 3130737 192.352 1 0 0 1 2882072 2882074 13 0 1 20 1  0
10.1785 2889899 177.555 2 0 0 1 2889899 2889900 13 0 1 20 1  0
11.6767 2919508 179.375 3 0 0 3 2919504 2919516 13 0 1 20 1  0
12.2845 2920490 179.435 3 1 0.0197462 5 2919503 2919514 13 0 1 20 1  0
13.434 2993086 183.895 3 7 0.13822 17 2993083 2993088 13 0 1 20 1  0
12.9726 3021507 185.641 3 5 0.0987291 8 2993088 2993091 13 0 1 20 1  0
12.5405 2918392 179.306 12 327 6.81241 14 2917650 2919392 13 0 1 20 1  0
35.331 3143680 193.148 12 1483 76.606 6147 3139538 3143682 13 0 1 20 1  0
0 2881536 177.042 9 1206 46.4668 2181 3143621 3143677 13 0 1 20 1  0
25.1364 3077662 189.092 12 2655 615.282 411 3073174 3101462 13 0 1 20 1  0
11.513 3059371 187.968 10 2772 757.167 2 3058532 3061641 13 0 1 20 1  0
17.0699 3028264 186.057 12 2940 1019.96 35 3024128 3033216 13 0 1 20 1  0
10.7925 3010274 184.951 12 3022 1179.61 2 3009052 3011476 13 0 1 20 1  0
79.0499 3152060 193.663 12 18 0.355443 56234 3145928 3157366 13 0 1 20 1  0
19.9747 3231436 198.539 8 0 0 1 3144253 3144255 13 0 1 20 1  0
19.907 3387964 208.156 8 0 0 1 3144293 3144294 13 0 1 20 1  0
27.4442 3158287 194.045 3 0 0 63 3147449 3147506 13 0 1 20 1  0
20.4308 3299238 202.705 1 0 0 1 3144253 3144255 13 0 1 20 1  0
20.6423 3387925 208.154 1 0 0 1 3144293 3144295 13 0 1 20 1  0
26.9912 3153546 193.754 2 0 0 1 3144253 3144255 13 0 1 20 1  0
27.333 3154745 193.828 3 0 0 1 3147264 3147359 13 0 1 20 1  0
27.2005 3157154 193.976 4 0 0 238 3147263 3147354 13 0 1 20 1  0
34.9947 3147299 193.37 6 0 0 153 3147250 3147514 13 0 1 20 1  0
10.311 3340979 205.27 1 1 0.0197462 1 3147266 3147317 13 0 1 20 1  0
11.9051 3367905 206.924 7 221 4.47014 3 3149924 3151901 13 0 1 20 1  0
10.2918 3150112 193.543 2 364 7.68211 7 3150112 3150113 13 0 1 20 1  0
10.336 3150180 193.547 2 321 6.67423 2 3150180 3150181 13 0 1 20 1  0
10.5685 3150163 193.546 2 360 7.58656 5 3150163 3150164 13 0 1 20 1  0
10.2762 3150067 193.54 2 338 7.06775 1 3150067 3150068 13 0 1 20 1  0
10.6748 3150053 193.539 2 410 8.80978 14 3150053 3150054 13 0 1 20 1  0
10.1696 3150085 193.541 2 389 8.28817 1 3150085 3150086 13 0 1 20 1  0
10.9395 3149866 193.528 2 483 10.7226 15 3149866 3149867 13 0 1 20 1  0
10.1932 3149810 193.524 2 437 9.49843 5 3149810 3149811 13 0 1 20 1  0
10.0041 3149954 193.533 2 440 9.57626 1 3149954 3149955 13 0 1 20 1  0
10.0505 3149783 193.523 2 448 9.78513 2 3149783 3149784 13 0 1 20 1  0
10.5385 3149932 193.532 2 449 9.81138 1 3149932 3149933 13 0 1 20 1  0
10.4879 3149760 193.521 2 509 11.4456 7 3149760 3149761 13 0 1 20 1  0
10.2756 3149665 193.515 2 515 11.6158 5 3149665 3149666 13 0 1 20 1  0
10.2904 3149631 193.513 2 540 12.3394 4 3149631 3149632 13 0 1 20 1  0
10.0274 3149711 193.518 2 511 11.5022 1 3149711 3149712 13 0 1 20 1  0
10.447 3146416 193.316 3 693 17.3529 21 3146416 3146417 13 0 1 20 1  0
10.6185 3149276 193.492 2 641 15.5252 5 3149276 3149277 13 0 1 20 1  0
10.2577 3150082 193.541 2 665 16.3514 1 3150082 3150083 13 0 1 20 1  0
10.4642 3149228 193.489 3 851 23.8837 4 3149228 3149229 13 0 1 20 1  0
10.6452 3149081 193.48 2 777 20.6245 9 3149081 3149082 13 0 1 20 1  0
10.4121 3149029 193.476 3 696 17.4627 6 3149029 3149030 13 0 1 20 1  0
10.1778 3149230 193.489 2 730 18.7423 4 3149230 3149231 13 0 1 20 1  0
10.751 3148985 193.474 3 713 18.0943 2 3148985 3148986 13 0 1 20 1  0
10.2748 3149257 193.49 2 717 18.2453 3 3149257 3149258 13 0 1 20 1  0
10.3872 3148941 193.471 3 735 18.9361 3 3148941 3148942 13 0 1 20 1  0
10.3049 3148894 193.468 3 747 19.4074 1 3148894 3148895 13 0 1 20 1  0
10.2101 3149132 193.483 2 764 20.0901 2 3149132 3149133 13 0 1 20 1  0
10.217 3146053 193.293 4 844 23.5587 3 3146053 3146054 13 0 1 20 1  0
10.0453 3148982 193.473 2 922 27.3972 1 3148982 3148983 13 0 1 20 1  0
10.0837 3147582 193.387 3 1001 31.8203 1 3147582 3147583 13 0 1 20 1  0
10.0497 3147514 193.383 3 1005 32.0601 2 3147514 3147515 13 0 1 20 1  0
10.029 3147445 193.379 4 1006 32.1203 2 3147445 3147446 13 0 1 20 1  0
10.3547 3147374 193.375 3 1050 34.872 3 3147374 3147375 13 0 1 20 1  0
12.5498 3150076 193.541 3 1088 37.4188 1 3148305 3148308 13 0 1 20 1  0
12.1439 3150001 193.536 3 1112 39.1141 1 3148256 3148466 13 0 1 20 1  0
10.074 3149781 193.523 3 1179 44.232 1 3149781 3149782 13 0 1 20 1  0
10.5375 3149411 193.5 3 1267 51.9164 1 3147530 3147535 13 0 1 20 1  0
14.0023 3326878 204.403 12 2179 264.446 8 3323990 3330708 13 0 1 20 1  0
18.6247 3418237 210.016 8 0 0 1 3406180 3406182 13 0 1 20 1  0
18.6762 3639323 223.6 8 0 0 1 3406223 3406224 13 0 1 20 1  0
0 3405824 209.254 8 0 0 1781 3406511 3406512 13 0 1 20 1  0
17.3774 3406181 209.276 1 0 0 1 3406181 3406182 13 0 1 20 1  0
21.7873 3475957 213.563 1 0 0 1 3406224 3406225 13 0 1 20 1  0
18.5704 3637043 223.46 1 0 0 1 3406512 3406513 13 0 1 20 1  0
17.0635 3620364 222.435 2 0 0 430 3406180 3406183 13 0 1 20 1  0
10.39 3459832 212.572 2 2 0.0394922 1 3459832 3459833 13 0 1 20 1  0
10.0387 3462110 212.712 2 3 0.059238 1 3462110 3462111 13 0 1 20 1  0
16.887 3475212 213.517 8 280 5.74931 1041 3475110 3475313 13 0 1 20 1  0
13.9799 3668347 225.383 8 0 0 853 3668347 3668348 13 0 1 20 1  0
19.504 3680250 226.115 8 0 0 1 3668376 3668377 13 0 1 20 1  0
19.7085 3916584 240.635 8 0 0 1 3668649 3668650 13 0 1 20 1  0
22.9033 3916585 240.635 1 0 0 2 3668347 3668349 13 0 1 20 1  0
0 3667968 225.36 1 0 0 862 3668377 3668378 13 0 1 20 1  0
12.3814 3846820 236.349 3 0 0 2 3846817 3846825 13 0 1 20 1  0
10.483 3711736 228.049 1 1 0.0197462 1 3711736 3711737 13 0 1 20 1  0
11.0276 3874502 238.049 1 1 0.0197462 1 3819374 3819375 13 0 1 20 1  0
14.7633 3854257 236.806 3 6 0.118475 28 3854254 3854260 13 0 1 20 1  0
10.0813 3910278 240.247 7 8 0.157966 1 3910276 3910289 13 0 1 20 1  0
11.9312 3866544 237.56 12 180 3.6106 5 3865540 3867272 13 0 1 20 1  0
10.1565 3790742 232.903 12 1608 95.794 1 3790380 3791054 13 0 1 20 1  0
10.5556 3861140 237.228 12 2468 441.598 1 3860810 3862166 13 0 1 20 1  0
10.3209 3930402 241.484 8 0 0 857 3930402 3930403 13 0 1 20 1  0
19.6992 3935658 241.807 8 0 0 1 3930605 3930606 13 0 1 20 1  0
13.0402 3930606 241.496 1 0 0 1 3930606 3930607 13 0 1 20 1  0
21.742 4092414 251.438 1 0 0 1 3930934 3930935 13 0 1 20 1  0
19.7692 4187826 257.3 1 0 0 1 3931409 3931410 13 0 1 20 1  0
0 3930112 241.466 1 0 0 783 3931441 3931442 13 0 1 20 1  0
13.9161 4085049 250.985 2 0 0 1 3933867 3933869 13 0 1 20 1  0
10.9792 4038820 248.145 3 8 0.157966 10 4038820 4038823 13 0 1 20 1  0
10.3775 4103403 252.113 7 4 0.0789836 1 4103380 4103413 13 0 1 20 1  0
18.6741 4437705 272.653 8 0 0 1 4192416 4192418 13 0 1 20 1  0
0 4192256 257.572 8 0 0 1152 4193004 4193005 13 0 1 20 1  0
23.4973 4371205 268.567 3 0 0 1420 4368669 4368678 13 0 1 20 1  0
10.3329 4368672 268.411 4 4 0.0789836 5 4368672 4368673 13 0 1 20 1  0
11.7605 4354393 267.534 2 1 0.0197462 2 4354393 4354394 13 0 1 20 1  0
11.8534 4427324 272.015 12 208 4.19529 2 4366242 4370238 13 0 1 20 1  0
13.1373 4391124 269.791 12 178 3.56919 1 4366594 4392102 13 0 1 20 1  0
10.2977 4423350 271.771 5 357 7.51516 1 4423349 4423353 13 0 1 20 1  0
11.5414 4413670 271.176 12 753 19.6463 4 4413150 4415394 13 0 1 20 1  0
10.7829 4420794 271.614 12 2298 326.624 2 4420258 4421514 13 0 1 20 1  0
11.2017 4192320 257.576 12 3281 1867.27 1 4192256 4194058 13 0 1 20 1  0
10.4959 4455005 273.715 8 0 0 695 4455005 4455006 13 0 1 20 1  0
19.0926 4655014 286.004 8 0 0 1 4455047 4455048 13 0 1 20 1  0
18.911 4687339 287.99 8 0 0 477 4455492 4455494 13 0 1 20 1  0
10.1929 4454682 273.696 1 0 0 1 4454682 4454683 13 0 1 20 1  0
21.3603 4687339 287.99 1 0 0 3 4455048 4455049 13 0 1 20 1  0
0 4454400 273.678 1 0 0 627 4455493 4455495 13 0 1 20 1  0
10.3995 4489748 275.85 3 0 0 1 4489748 4489749 13 0 1 20 1  0
10.9556 4640430 285.108 3 3 0.059238 4 4640429 4640433 13 0 1 20 1  0
11.1664 4640726 285.126 3 1 0.0197462 8 4640430 4640435 13 0 1 20 1  0
10.1428 4615390 283.57 1 1 0.0197462 1 4615390 4615391 13 0 1 20 1  0
10.1485 4692129 288.284 1 1 0.0197462 1 4692129 4692130 13 0 1 20 1  0
11.4229 4640447 285.109 9 548 12.5761 16 4640375 4640499 13 0 1 20 1  0
0 4454400 273.678 9 548 12.5761 3 4685932 4686055 13 0 1 20 1  0
12.1488 4716544 289.784 12 750 19.5266 5 4715886 4716546 13 0 1 20 1  0
10.8139 4520406 277.734 12 1132 40.5808 4 4519664 4520860 13 0 1 20 1  0
13.5481 4716711 289.795 8 0 0 758 4716711 4716712 13 0 1 20 1  0
19.5858 4739930 291.221 8 0 0 1 4717029 4717030 13 0 1 20 1  0
18.1827 4942766 303.684 8 0 0 1 4717540 4717542 13 0 1 20 1  0
13.0469 4716712 289.795 1 0 0 1 4716712 4716713 13 0 1 20 1  0
24.7539 4731660 290.713 2 0 0 29 4717541 4717543 13 0 1 20 1  0
0 4716544 289.784 1 0 0 775 4717541 4717543 13 0 1 20 1  0
10.3399 4840932 297.427 1 1 0.0197462 1 4820193 4820194 13 0 1 20 1  0
13.716 4831020 296.818 12 1838 144.303 1 4828072 4833376 13 0 1 20 1  0
0 4716544 289.784 12 1838 144.303 1 4952058 4952770 13 0 1 20 1  0
12.3141 4978847 305.9 8 0 0 1589 4978847 4978848 13 0 1 20 1  0
19.0129 5007900 307.685 8 0 0 1 4979158 4979159 13 0 1 20 1  0
18.9206 5183037 318.446 8 0 0 1 4979483 4979484 13 0 1 20 1  0
10.3994 4978848 305.9 1 0 0 1 4978848 4978849 13 0 1 20 1  0
20.9864 5096738 313.144 1 0 0 1 4979158 4979159 13 0 1 20 1  0
17.1348 5172439 317.795 3 0 0 257 5164064 5164066 13 0 1 20 1  0
14.3523 5164008 317.277 7 20 0.394946 350 5163974 5164037 13 0 1 20 1  0
10.1702 5091802 312.84 1 1 0.0197462 1 5091802 5091803 13 0 1 20 1  0
10.1859 5152275 316.556 1 1 0.0197462 1 5123206 5123207 13 0 1 20 1  0
10.1039 4982590 306.13 2 1 0.0197462 1 4982590 4982591 13 0 1 20 1  0
11.2565 5093878 312.968 2 2 0.0394922 5 5093878 5093879 13 0 1 20 1  0
10.7469 5124456 314.847 2 4 0.0789836 3 5123200 5123202 13 0 1 20 1  0
17.9787 5241150 322.016 8 0 0 1641 5241150 5241151 13 0 1 20 1  0
19.1735 5382980 330.73 8 0 0 1 5241183 5241184 13 0 1 20 1  0
19.2774 5449272 334.803 8 0 0 1 5241502 5241503 13 0 1 20 1  0
20.1763 5298442 325.536 1 0 0 1 5241150 5241152 13 0 1 20 1  0
18.0452 5496118 337.681 2 0 0 17 5241151 5241153 13 0 1 20 1  0
17.0735 5365677 329.667 7 53 1.04766 721 5365635 5365734 13 0 1 20 1  0
10.1629 5268250 323.681 1 1 0.0197462 1 5268250 5268251 13 0 1 20 1  0
10.4773 5469341 336.036 1 1 0.0197462 1 5469341 5469342 13 0 1 20 1  0
11.5863 5500170 337.93 12 1693 111.475 5 5499246 5501490 13 0 1 20 1  0
10.4932 5502432 338.069 12 2906 960.279 3 5501212 5502848 13 0 1 20 1  0
16.929 5503435 338.131 8 0 0 834 5503435 5503436 13 0 1 20 1  0
19.0269 5552584 341.151 8 0 0 1 5503771 5503772 13 0 1 20 1  0
21.5434 5571239 342.297 1 0 0 34 5503435 5503437 13 0 1 20 1  0
19.7387 5725645 351.784 1 0 0 1 5503771 5503772 13 0 1 20 1  0
0 5502976 338.103 1 0 0 795 5504258 5504260 13 0 1 20 1  0
11.5453 5516345 338.924 2 1 0.0197462 2 5516345 5516346 13 0 1 20 1  0
10.3377 5517025 338.966 2 3 0.059238 1 5517025 5517026 13 0 1 20 1  0
10.1114 5765178 354.213 8 0 0 13923 5765178 5765179 13 0 1 20 1  0
19.2279 5979384 367.373 8 0 0 1 5765277 5765279 13 0 1 20 1  0
19.3308 6020541 369.902 8 0 0 1 5765458 5765459 13 0 1 20 1  0
10.7209 5765200 354.214 1 0 0 1 5765200 5765201 13 0 1 20 1  0
20.4578 5977103 367.233 1 0 0 1 5765278 5765279 13 0 1 20 1  0
19.4424 6020542 369.902 1 0 0 1 5765458 5765460 13 0 1 20 1  0
16.6231 5956298 365.955 2 0 0 4 5765200 5765202 13 0 1 20 1  0
32.5938 5943822 365.188 12 1395 65.4128 9040 5940944 5946660 13 0 1 20 1  0
12.054 5962355 366.327 5 2 0.0394922 6 5950587 5950706 13 0 1 20 1  0
23.2816 6015357 369.584 10 488 10.8599 2246 5948914 5950856 13 0 1 20 1  0
10.1322 5827665 358.052 2 1 0.0197462 1 5827665 5827666 13 0 1 20 1  0
10.0453 6016198 369.635 2 1 0.0197462 1 6016198 6016199 13 0 1 20 1  0
12.1997 5923503 363.94 3 4 0.0789836 10 5923501 5923505 13 0 1 20 1  0
10.3685 5957955 366.057 6 73 1.4447 3 5951761 5951775 13 0 1 20 1  0
10.0102 5994504 368.302 8 108 2.14396 1 5994504 5994505 13 0 1 20 1  0
17.6638 6012008 369.378 8 1129 40.3576 12 5945655 5947908 13 0 1 20 1  0
10.8596 6006418 369.034 12 1553 86.8298 2 6005874 6007128 13 0 1 20 1  0
0 5765120 354.209 12 1892 158.845 18 5998046 5998810 13 0 1 20 1  0
10.222 5997201 368.468 9 1925 168.44 1 5997175 5997571 13 0 1 20 1  0
0 5765120 354.209 12 2221 284.911 1 5982422 5985248 13 0 1 20 1  0
10.6999 5983772 367.643 12 2249 299.425 1 5981888 5984276 13 0 1 20 1  0
0 5765120 354.209 12 2524 487.715 2 5962204 5964100 13 0 1 20 1  0
10.8836 6027397 370.323 8 0 0 35371 6027397 6027398 13 0 1 20 1  0
19.104 6155003 378.163 8 0 0 1 6027436 6027437 13 0 1 20 1  0
10.4768 6027397 370.323 1 0 0 1 6027397 6027398 13 0 1 20 1  0
23.5872 6201284 381.007 1 0 0 2 6027436 6027438 13 0 1 20 1  0
23.915 6277733 385.704 1 0 0 7 6027877 6027879 13 0 1 20 1  0
26.7361 6221491 382.248 5 0 0 285 6175317 6175355 13 0 1 20 1  0
45.9889 6214058 381.792 8 381 8.09252 20749 6212050 6214250 13 0 1 20 1  0
11.0268 6083530 373.772 2 2 0.0394922 2 6083530 6083531 13 0 1 20 1  0
12.816 6221854 382.271 2 2 0.0394922 6 6165792 6165793 13 0 1 20 1  0
12.3475 6229647 382.75 3 10 0.197458 6 6179359 6179366 13 0 1 20 1  0
10.1827 6175337 379.413 5 6 0.118475 2 6175337 6175338 13 0 1 20 1  0
10.1 6179355 379.66 4 15 0.296194 2 6179355 6179356 13 0 1 20 1  0
10.8762 6221001 382.218 2 282 5.79369 1 6212572 6212576 13 0 1 20 1  0
14.5381 6212406 381.69 3 378 8.01957 52 6212339 6212520 13 0 1 20 1  0
15.4104 6217740 382.018 5 387 8.23911 2 6212294 6212736 13 0 1 20 1  0
11.4338 6212343 381.686 2 418 9.01165 12 6212283 6212298 13 0 1 20 1  0
10.7611 6212346 381.687 2 417 8.98632 1 6212323 6212408 13 0 1 20 1  0
13.8865 6217242 381.987 4 630 15.1559 1 6212281 6212292 13 0 1 20 1  0
11.0506 6220650 382.197 5 650 15.8316 1 6212192 6212519 13 0 1 20 1  0
10.5223 6217152 381.982 2 666 16.3865 1 6213567 6213569 13 0 1 20 1  0
10.5565 6217057 381.976 2 675 16.7043 2 6213560 6213561 13 0 1 20 1  0
11.02 6211516 381.636 2 716 18.2074 1 6211514 6211517 13 0 1 20 1  0
10.3599 6212199 381.677 2 728 18.6652 1 6212199 6212200 13 0 1 20 1  0
10.5708 6216870 381.964 2 731 18.781 2 6216870 6216881 13 0 1 20 1  0
10.4031 6212185 381.677 2 744 19.2888 1 6212185 6212186 13 0 1 20 1  0
10.0632 6212149 381.674 2 759 19.8874 1 6212149 6212150 13 0 1 20 1  0
10.0102 6213199 381.739 2 867 24.6405 1 6213199 6213200 13 0 1 20 1  0
10.1231 6213130 381.735 2 874 24.9778 1 6213130 6213131 13 0 1 20 1  0
10.2301 6209987 381.542 3 1042 34.3564 2 6209987 6209988 13 0 1 20 1  0
10.201 6209898 381.536 3 1096 37.9762 3 6209898 6209899 13 0 1 20 1  0
10.1998 6209910 381.537 3 1087 37.3496 2 6209910 6209911 13 0 1 20 1  0
10.7819 6200557 380.962 6 2137 245.449 2 6191520 6191598 13 0 1 20 1  0
13.542 6156646 378.264 9 2693 658.178 26 6153437 6159923 13 0 1 20 1  0
14.7368 6289568 386.431 8 0 0 843 6289568 6289569 13 0 1 20 1  0
19.2886 6382191 392.122 8 0 0 1 6289605 6289606 13 0 1 20 1  0
19.5438 6524646 400.874 8 0 0 1 6290063 6290064 13 0 1 20 1  0
20.6962 6356708 390.556 1 0 0 1 6289568 6289570 13 0 1 20 1  0
22.2785 6528522 401.112 1 0 0 3 6289605 6289607 13 0 1 20 1  0
0 6289408 386.421 1 0 0 890 6290063 6290065 13 0 1 20 1  0
10.8222 6325952 388.666 3 1 0.0197462 2 6325952 6325953 13 0 1 20 1  0
10.5243 6370618 391.411 1 1 0.0197462 1 6370618 6370619 13 0 1 20 1  0
10.3543 6418138 394.33 1 1 0.0197462 1 6404409 6404410 13 0 1 20 1  0
10.2018 6461149 396.973 6 56 1.10713 3 6461145 6461155 13 0 1 20 1  0
10.0102 6487410 398.586 12 2302 328.951 1 6487410 6487414 13 0 1 20 1  0
13.7598 6552528 402.587 8 0 0 1 6552528 6552529 13 0 1 20 1  0
19.446 6559563 403.02 8 0 0 1 6552572 6552573 13 0 1 20 1  0
19.3751 6807185 418.233 8 0 0 1 6552873 6552874 13 0 1 20 1  0
0 6551552 402.527 8 0 0 1593 6553167 6553168 13 0 1 20 1  0
21.6885 6685317 410.746 1 0 0 2 6552528 6552530 13 0 1 20 1  0
12.201 6665792 409.546 3 0 0 1 6581830 6581841 13 0 1 20 1  0
11.4222 6581838 404.388 5 1 0.0197462 9 6581832 6581843 13 0 1 20 1  0
12.7371 6585104 404.589 3 3 0.059238 14 6585102 6585107 13 0 1 20 1  0
10.5477 6583143 404.468 4 1 0.0197462 2 6583143 6583145 13 0 1 20 1  0
10.7055 6585436 404.609 2 2 0.0394922 1 6585436 6585437 13 0 1 20 1  0
10.741 6582811 404.448 4 9 0.177712 8 6582808 6582815 13 0 1 20 1  0
12.205 6813692 418.633 11 2043 207.722 7 6812124 6813697 13 0 1 20 1  0
10.3484 6814040 418.655 8 0 0 712 6814040 6814041 13 0 1 20 1  0
17.9735 6842124 420.38 8 0 0 1 6814515 6814516 13 0 1 20 1  0
17.7544 7068416 434.283 8 0 0 1 6815675 6815676 13 0 1 20 1  0
11.1256 6813717 418.635 1 0 0 1 6813717 6813718 13 0 1 20 1  0
20.6214 6973956 428.48 1 0 0 1 6814040 6814041 13 0 1 20 1  0
17.3962 7053221 433.35 1 0 0 1 6814515 6814517 13 0 1 20 1  0
0 6813696 418.633 1 0 0 610 6815361 6815362 13 0 1 20 1  0
10.0323 6829388 419.598 2 0 0 1 6829388 6829389 13 0 1 20 1  0
12.4905 6842124 420.38 2 0 0 1 6837033 6837035 13 0 1 20 1  0
10.0903 6837031 420.067 3 0 0 1 6837031 6837032 13 0 1 20 1  0
11.4952 7049303 433.109 3 0 0 3 7049302 7049306 13 0 1 20 1  0
12.287 6835344 419.964 12 142 2.83086 4 6834300 6837014 13 0 1 20 1  0
0 6813696 418.633 12 142 2.83086 2 6935142 6937536 13 0 1 20 1  0
10.3015 6832864 419.811 12 821 22.5161 1 6832780 6832952 13 0 1 20 1  0
10.3181 6830604 419.672 12 1031 33.6587 1 6830220 6831826 13 0 1 20 1  0
10.634 6830024 419.637 12 1239 49.3434 1 6828688 6830726 13 0 1 20 1  0
12.0576 7075883 434.742 8 0 0 1966 7075883 7075884 13 0 1 20 1  0
18.5494 7239223 444.778 8 0 0 1 7075932 7075933 13 0 1 20 1  0
18.4578 7304391 448.782 8 0 0 1 7076210 7076211 13 0 1 20 1  0
21.0498 7190400 441.778 1 0 0 1 7076539 7076540 13 0 1 20 1  0
18.9368 7308631 449.042 1 0 0 2 7076573 7076574 13 0 1 20 1  0
14.9329 7150446 439.323 7 15 0.296194 180 7134740 7134814 13 0 1 20 1  0
11.4708 7149846 439.287 3 2 0.0394922 6 7149845 7149848 13 0 1 20 1  0
10.2707 7307215 448.955 1 1 0.0197462 1 7307215 7307216 13 0 1 20 1  0
10.0312 7135899 438.43 2 1 0.0197462 1 7135899 7135900 13 0 1 20 1  0
10.1181 7109009 436.777 4 1 0.0197462 1 7109009 7109010 13 0 1 20 1  0
15.9056 7134698 438.356 7 50 0.988221 593 7134665 7134751 13 0 1 20 1  0
11.1121 7106194 436.605 11 2211 279.899 11 7105259 7106640 13 0 1 20 1  0
11.1648 7338169 450.857 8 0 0 881 7338169 7338170 13 0 1 20 1  0
19.7778 7343251 451.169 8 0 0 1 7338510 7338511 13 0 1 20 1  0
19.7384 7554242 464.133 8 0 0 1 7339159 7339161 13 0 1 20 1  0
23.3737 7589512 466.3 1 0 0 2 7338510 7338512 13 0 1 20 1  0
0 7337984 450.846 1 0 0 896 7339160 7339161 13 0 1 20 1  0
13.775 7588589 466.243 3 2 0.0394922 35 7588587 7588593 13 0 1 20 1  0
11.5688 7389507 454.011 2 2 0.0394922 2 7389507 7389508 13 0 1 20 1  0
10.2997 7449983 457.727 5 10 0.197458 2 7449982 7449984 13 0 1 20 1  0
10.457 7586946 466.142 12 131 2.60765 2 7586902 7587934 13 0 1 20 1  0
12.3161 7581894 465.832 11 2168 259.333 24 7580549 7585743 13 0 1 20 1  0
18.6677 7600604 466.981 8 0 0 2143 7600604 7600605 13 0 1 20 1  0
26.8681 7840373 481.712 2 0 0 505 7600604 7600606 13 0 1 20 1  0
23.7657 7840039 481.692 1 0 0 4 7600604 7600606 13 0 1 20 1  0
10.5264 7622685 468.338 1 1 0.0197462 2 7622685 7622686 13 0 1 20 1  0
10.4858 7712949 473.884 1 1 0.0197462 1 7654497 7654498 13 0 1 20 1  0
10.5061 7836774 481.491 2 1 0.0197462 1 7836774 7836775 13 0 1 20 1  0
10.3322 7640531 469.434 3 2 0.0394922 3 7640531 7640532 13 0 1 20 1  0
10.232 7827658 480.931 2 6 0.118475 2 7827658 7827659 13 0 1 20 1  0
19.5052 8011685 492.238 8 0 0 1 7862400 7862402 13 0 1 20 1  0
0 7862272 483.058 8 0 0 1978 7862687 7862688 13 0 1 20 1  0
14.5746 7862401 483.066 1 0 0 1 7862401 7862402 13 0 1 20 1  0
25.7659 7931670 487.322 2 0 0 27 7866452 7866455 13 0 1 20 1  0
20.251 8065407 495.539 1 0 0 1 7863185 7863186 13 0 1 20 1  0
15.3068 8017986 492.625 4 7 0.13822 53 7931657 7931665 13 0 1 20 1  0
11.9231 8024171 493.005 6 2 0.0394922 25 8017960 8017976 13 0 1 20 1  0
10.6536 8011685 492.238 1 1 0.0197462 1 7931667 7931670 13 0 1 20 1  0
14.4052 8019464 492.716 12 360 7.58656 49 8018040 8021796 13 0 1 20 1  0
11.0975 8020139 492.757 6 356 7.4914 39 8017836 8017867 13 0 1 20 1  0
0 7862272 483.058 7 317 6.58253 14 8020143 8020184 13 0 1 20 1  0
12.1499 8011650 492.236 11 2721 691.688 3 8009995 8012666 13 0 1 20 1  0
15.2026 8124685 499.181 8 0 0 9862 8124685 8124686 13 0 1 20 1  0
18.2599 8211265 504.5 8 0 0 1 8125003 8125004 13 0 1 20 1  0
24.2101 8338300 512.305 2 0 0 65 8132038 8132039 13 0 1 20 1  0
13.1992 8124686 499.181 1 0 0 1 8124686 8124687 13 0 1 20 1  0
10.2434 8126522 499.293 2 0 0 1 8126522 8126523 13 0 1 20 1  0
35.3454 8328682 511.714 12 636 15.3566 11437 8325046 8336576 13 0 1 20 1  0
13.0568 8328587 511.708 3 6 0.118475 2 8328238 8328240 13 0 1 20 1  0
10.6165 8211262 504.5 2 3 0.059238 1 8211262 8211263 13 0 1 20 1  0
10.0987 8157560 501.2 4 7 0.13822 3 8157560 8157561 13 0 1 20 1  0
14.2115 8331371 511.879 4 6 0.118475 1 8157561 8157564 13 0 1 20 1  0
19.413 8349012 512.963 6 69 1.36517 468 8328090 8328164 13 0 1 20 1  0
12.556 8332261 511.934 4 44 0.869417 1 8328157 8328199 13 0 1 20 1  0
10.0919 8328406 511.697 2 88 1.74358 1 8328406 8328407 13 0 1 20 1  0
0 8124416 499.164 12 1812 137.781 6 8334262 8335032 13 0 1 20 1  0
13.4718 8322212 511.317 12 2410 398.422 13 8318368 8324478 13 0 1 20 1  0
13.9676 8387006 515.298 8 0 0 1474 8387006 8387007 13 0 1 20 1  0
19.3179 8417712 517.184 8 0 0 1 8387333 8387334 13 0 1 20 1  0
19.2714 8603483 528.598 8 0 0 1 8387372 8387374 13 0 1 20 1  0
11.2668 8387007 515.298 1 0 0 1 8387007 8387008 13 0 1 20 1  0
18.9165 8551837 525.425 1 0 0 1 8387334 8387335 13 0 1 20 1  0
16.4929 8632839 530.402 1 0 0 1 8387373 8387375 13 0 1 20 1  0
13.1464 8388039 515.361 2 0 0 1 8387373 8387375 13 0 1 20 1  0
12.115 8388403 515.383 2 1 0.0197462 2 8387416 8387417 13 0 1 20 1  0
13.0493 8395240 515.804 4 8 0.157966 45 8395235 8395247 13 0 1 20 1  0
10.3171 8386681 515.278 5 349 7.32577 2 8386679 8386688 13 0 1 20 1  0
14.8826 8649339 531.415 8 0 0 1157 8649339 8649340 13 0 1 20 1  0
18.0154 8688415 533.816 8 0 0 1 8649994 8649995 13 0 1 20 1  0
18.1103 8796194 540.438 1 0 0 1 8649340 8649341 13 0 1 20 1  0
12.7185 8788271 539.951 3 5 0.0987291 30 8787937 8787943 13 0 1 20 1  0
16.3951 8789114 540.003 6 59 1.16662 1929 8789086 8789145 13 0 1 20 1  0
12.7964 8787937 539.931 3 6 0.118475 6 8787936 8787942 13 0 1 20 1  0
10.1451 8773053 539.016 3 10 0.197458 4 8773053 8773054 13 0 1 20 1  0
10.1307 8910300 547.449 7 5 0.0987291 1 8910298 8910302 13 0 1 20 1  0
12.9515 8788375 539.958 3 8 0.157966 5 8773054 8773057 13 0 1 20 1  0
10.1643 8908019 547.309 7 12 0.236951 2 8908008 8908021 13 0 1 20 1  0
10.1342 8910846 547.482 12 20 0.394946 1 8910828 8910850 13 0 1 20 1  0
15.7538 8910848 547.482 12 247 5.02705 75 8908470 8910850 13 0 1 20 1  0
0 8648704 531.376 12 319 6.62833 13 8910344 8910850 13 0 1 20 1  0
17.2616 8894058 546.451 12 2143 248.077 357 8891110 8896424 13 0 1 20 1  0
0 8648704 531.376 8 2049 209.947 1 8898014 8898098 13 0 1 20 1  0
10.5836 8910848 547.482 12 2375 374.436 1 8910746 8910850 13 0 1 20 1  0
13.3574 8911031 547.494 8 0 0 1487 8911031 8911032 13 0 1 20 1  0
22.8376 9058647 556.563 7 254 5.17874 5003 9058561 9058757 13 0 1 20 1  0
10.6898 8911032 547.494 1 0 0 1 8911032 8911033 13 0 1 20 1  0
15.9162 9171194 563.478 1 0 0 1 8911970 8911971 13 0 1 20 1  0
10.3059 8917426 547.887 2 1 0.0197462 1 8917426 8917427 13 0 1 20 1  0
10.1661 8918427 547.948 5 4 0.0789836 2 8918427 8918428 13 0 1 20 1  0
10.2757 8916782 547.847 4 14 0.276446 4 8916782 8916783 13 0 1 20 1  0
10.1665 8918746 547.968 2 3 0.059238 3 8918746 8918747 13 0 1 20 1  0
10.0651 8917753 547.907 3 6 0.118475 1 8917753 8917754 13 0 1 20 1  0
10.2433 8917104 547.867 3 10 0.197458 2 8917104 8917105 13 0 1 20 1  0
10.0226 8920051 548.048 4 15 0.296194 1 8920051 8920052 13 0 1 20 1  0
11.0996 9039460 555.384 12 1964 180.527 1 9038792 9040900 13 0 1 20 1  0
12.7016 9173160 563.599 8 0 0 664 9173160 9173161 13 0 1 20 1  0
15.304 9222024 566.601 8 0 0 1 9173193 9173194 13 0 1 20 1  0
11.7384 9173161 563.599 1 0 0 1 9173161 9173162 13 0 1 20 1  0
15.168 9176139 563.782 3 0 0 59 9176136 9176149 13 0 1 20 1  0
11.0101 9211165 565.934 5 0 0 2 9211160 9211178 13 0 1 20 1  0
11.2365 9213438 566.074 6 0 0 4 9213094 9213120 13 0 1 20 1  0
10.0488 9213103 566.053 6 1 0.0197462 1 9213103 9213104 13 0 1 20 1  0
10.0851 9213742 566.092 5 5 0.0987291 2 9213742 9213743 13 0 1 20 1  0
10.1003 9440544 580.027 8 0 0 1 9440544 9440545 13 0 1 20 1  0
11.132 9524166 585.165 8 0 0 1 9450643 9450644 13 0 1 20 1  0
0 9435136 579.695 8 0 0 69 9451961 9451962 13 0 1 20 1  0
10.4322 9492123 583.196 1 0 0 1 9492123 9492124 13 0 1 20 1  0
11.1621 9496400 583.459 1 0 0 1 9496400 9496401 13 0 1 20 1  0
0 9435136 579.695 1 0 0 2 9506491 9506492 13 0 1 20 1  0
20.154 9840701 604.613 8 0 0 1 9697421 9697423 13 0 1 20 1  0
20.1224 9849204 605.135 8 0 0 1 9697460 9697461 13 0 1 20 1  0
0 9697280 595.801 8 0 0 10215 9697760 9697761 13 0 1 20 1  0
21.1636 9770594 600.305 1 0 0 1 9697421 9697423 13 0 1 20 1  0
27.7283 9863134 605.991 5 0 0 182 9714316 9714382 13 0 1 20 1  0
17.8124 9747959 598.915 7 18 0.355443 258 9714269 9714659 13 0 1 20 1  0
24.4266 9860821 605.849 6 1 0.0197462 112 9714312 9714384 13 0 1 20 1  0
22.6934 9921104 609.553 7 15 0.296194 1226 9714274 9714663 13 0 1 20 1  0
10.9489 9713101 596.773 1 1 0.0197462 1 9713101 9713102 13 0 1 20 1  0
11.3939 9840701 604.613 1 1 0.0197462 4 9787266 9787267 13 0 1 20 1  0
10.4638 9746719 598.838 2 2 0.0394922 1 9746719 9746720 13 0 1 20 1  0
10.2069 9714336 596.849 3 2 0.0394922 5 9714336 9714337 13 0 1 20 1  0
13.4849 9929307 610.057 4 2 0.0394922 1 9715658 9715683 13 0 1 20 1  0
10.106 9730037 597.813 2 3 0.059238 1 9730037 9730038 13 0 1 20 1  0
10.3963 9829015 603.895 3 4 0.0789836 1 9829015 9829016 13 0 1 20 1  0
10.2601 9743105 598.616 3 9 0.177712 2 9743105 9743106 13 0 1 20 1  0
10.3379 9741132 598.495 4 7 0.13822 1 9741132 9741133 13 0 1 20 1  0
10.16 9767528 600.117 4 15 0.296194 2 9767528 9767529 13 0 1 20 1  0
10.1467 9815958 603.092 3 18 0.355443 3 9815958 9815959 13 0 1 20 1  0
10.0114 9737195 598.253 5 20 0.394946 1 9737195 9737196 13 0 1 20 1  0
10.294 9859819 605.787 3 23 0.454207 2 9859819 9859820 13 0 1 20 1  0
10.0168 9748928 598.974 5 46 0.909008 2 9748928 9748929 13 0 1 20 1  0
10.1983 9762296 599.795 3 54 1.06748 4 9762296 9762297 13 0 1 20 1  0
12.1545 9762195 599.789 8 64 1.26585 2 9742901 9743298 13 0 1 20 1  0
12.4165 9828028 603.834 9 80 1.58404 1 9742726 9743759 13 0 1 20 1  0
13.162 9826096 603.715 10 617 14.727 103 9825478 9826866 13 0 1 20 1  0
10.8239 9957356 611.78 9 377 7.99531 3 9957276 9957455 13 0 1 20 1  0
10.2235 9941398 610.799 7 478 10.5863 1 9941386 9941402 13 0 1 20 1  0
11.0129 9940863 610.767 7 822 22.5606 7 9759822 9759847 13 0 1 20 1  0
23.2817 9914627 609.155 11 1401 66.1224 2917 9821912 9824082 13 0 1 20 1  0
11.7295 9947667 611.185 9 863 24.4495 3 9759585 9759937 13 0 1 20 1  0
10.9255 9823990 603.586 12 1243 49.7034 3 9823110 9824696 13 0 1 20 1  0
10.2444 9914220 609.13 12 2985 1104.69 1 9914120 9914478 13 0 1 20 1  0
14.1803 9959608 611.918 8 0 0 9202 9959608 9959609 13 0 1 20 1  0
23.8333 10015696 615.364 5 0 0 1237 9969189 9969193 13 0 1 20 1  0
20.8032 10096521 620.33 8 0 0 1 9959943 9959944 13 0 1 20 1  0
20.9615 10206958 627.115 8 0 0 1 9959957 9959958 13 0 1 20 1  0
22.8591 9960608 611.98 1 0 0 1 9959608 9959610 13 0 1 20 1  0
25.5247 10015689 615.364 2 0 0 20 9960607 9960610 13 0 1 20 1  0
10.772 9959609 611.918 2 0 0 1 9959609 9959610 13 0 1 20 1  0
25.4613 10039770 616.843 2 0 0 1029 9961719 9961724 13 0 1 20 1  0
10.0735 9961717 612.048 4 0 0 1 9961717 9961718 13 0 1 20 1  0
17.9988 10197016 626.505 6 2 0.0394922 18 9969176 9969208 13 0 1 20 1  0
10.2866 9975951 612.922 1 1 0.0197462 1 9975951 9975952 13 0 1 20 1  0
11.4546 10055674 617.821 1 1 0.0197462 1 9998174 9998175 13 0 1 20 1  0
10.1164 9966911 612.367 5 1 0.0197462 2 9966911 9966912 13 0 1 20 1  0
10.0622 10011560 615.11 2 4 0.0789836 1 10011560 10011561 13 0 1 20 1  0
12.284 10042395 617.005 2 4 0.0789836 1 10015683 10015687 13 0 1 20 1  0
11.8428 10186956 625.887 2 6 0.118475 2 10015681 10015686 13 0 1 20 1  0
10.2216 9969517 612.527 4 5 0.0987291 2 9969517 9969518 13 0 1 20 1  0
10.002 9976958 612.984 3 6 0.118475 1 9976958 9976959 13 0 1 20 1  0
12.5827 9976557 612.96 6 60 1.18646 6 9969062 9969094 13 0 1 20 1  0
10.1072 9976302 612.944 4 8 0.157966 2 9976302 9976303 13 0 1 20 1  0
10.1692 10020410 615.654 2 11 0.217204 1 10020410 10020411 13 0 1 20 1  0
12.4775 9975942 612.922 11 40 0.790264 4 9974917 9986748 13 0 1 20 1  0
10.2341 9984707 613.46 3 57 1.12696 4 9984707 9984708 13 0 1 20 1  0
10.0571 9984780 613.465 3 23 0.454207 1 9984780 9984781 13 0 1 20 1  0
10.0074 9966508 612.342 7 30 0.592527 1 9966508 9966509 13 0 1 20 1  0
10.2712 9976247 612.941 3 39 0.770481 3 9976247 9976248 13 0 1 20 1  0
11.241 9967796 612.421 11 587 13.7667 1 9965856 9974006 13 0 1 20 1  0
13.8124 9977359 613.009 8 1486 77.0189 26 9976661 9978359 13 0 1 20 1  0
10.5885 10027939 616.117 10 1640 101.423 1 10027738 10028089 13 0 1 20 1  0
13.1577 10003207 614.597 11 2236 292.597 53 10001649 10005255 13 0 1 20 1  0
14.6575 9959425 611.907 11 2370 371.13 87 9959424 9961360 13 0 1 20 1  0
11.1633 9988602 613.7 11 2429 412.08 1 9987432 9989380 13 0 1 20 1  0
10.1843 9959438 611.908 12 2711 679.529 1 9959424 9959724 13 0 1 20 1  0
22.2485 10306287 633.218 8 0 0 1 10221802 10221804 13 0 1 20 1  0
22.3427 10416077 639.964 8 0 0 1 10222273 10222274 13 0 1 20 1  0
22.3312 10480445 643.919 8 0 0 1 10222305 10222306 13 0 1 20 1  0
0 10221568 628.013 8 0 0 2636 10222592 10222593 13 0 1 20 1  0
23.12 10284720 631.893 1 0 0 1 10221802 10221804 13 0 1 20 1  0
24.2447 10383072 637.936 1 0 0 1 10222306 10222307 13 0 1 20 1  0
25.1993 10479459 643.858 1 0 0 1 10222592 10222594 13 0 1 20 1  0
25.8479 10464325 642.928 2 0 0 30 10221802 10221804 13 0 1 20 1  0
11.8272 10227542 628.38 1 1 0.0197462 1 10227542 10227543 13 0 1 20 1  0
12.4433 10412483 639.743 1 1 0.0197462 2 10241267 10241268 13 0 1 20 1  0
10.3407 10246167 629.524 2 1 0.0197462 1 10246167 10246168 13 0 1 20 1  0
10.0472 10411171 639.662 1 2 0.0394922 1 10411171 10411172 13 0 1 20 1  0
10.3929 10234725 628.821 2 2 0.0394922 1 10234725 10234726 13 0 1 20 1  0
10.4216 10285700 631.953 3 2 0.0394922 1 10285700 10285701 13 0 1 20 1  0
12.065 10402588 639.135 5 2 0.0394922 5 10402583 10402607 13 0 1 20 1  0
10.2757 10239302 629.103 2 3 0.059238 1 10239302 10239303 13 0 1 20 1  0
13.2452 10348439 635.808 2 4 0.0789836 3 10248768 10248770 13 0 1 20 1  0
10.2338 10248767 629.684 2 5 0.0987291 1 10248767 10248768 13 0 1 20 1  0
10.6969 10247136 629.584 3 5 0.0987291 1 10247136 10247137 13 0 1 20 1  0
10.6623 10252042 629.885 3 7 0.13822 2 10252042 10252043 13 0 1 20 1  0
10.17 10304372 633.101 7 11 0.217204 2 10304372 10304375 13 0 1 20 1  0
10.3002 10483856 644.128 8 0 0 3607 10483856 10483857 13 0 1 20 1  0
22.4756 10505600 645.464 8 0 0 1 10484024 10484025 13 0 1 20 1  0
22.733 10605272 651.588 8 0 0 1 10484177 10484178 13 0 1 20 1  0
22.6769 10745472 660.202 8 0 0 1 10484206 10484207 13 0 1 20 1  0
11.6638 10483857 644.128 1 0 0 1 10483857 10483858 13 0 1 20 1  0
24.9628 10527503 646.81 1 0 0 1 10484024 10484026 13 0 1 20 1  0
24.0205 10701024 657.471 1 0 0 1 10484177 10484179 13 0 1 20 1  0
21.0974 10625213 652.813 2 0 0 1 10487118 10487121 13 0 1 20 1  0
10.8256 10490769 644.553 3 0 0 2 10490769 10490770 13 0 1 20 1  0
15.5783 10542618 647.738 6 1 0.0197462 89 10491139 10491170 13 0 1 20 1  0
16.0965 10491167 644.577 4 3 0.059238 138 10491155 10491177 13 0 1 20 1  0
12.4565 10610188 651.89 1 1 0.0197462 1 10495152 10495153 13 0 1 20 1  0
10.0253 10495482 644.842 1 2 0.0394922 1 10495482 10495483 13 0 1 20 1  0
10.1697 10603642 651.488 1 2 0.0394922 1 10501350 10501351 13 0 1 20 1  0
10.8381 10486971 644.319 2 3 0.059238 2 10486971 10486972 13 0 1 20 1  0
13.9544 10539914 647.572 2 2 0.0394922 1 10491163 10491174 13 0 1 20 1  0
13.2946 10589911 650.644 2 3 0.059238 2 10491172 10491173 13 0 1 20 1  0
11.9514 10734683 659.539 2 5 0.0987291 4 10491441 10491443 13 0 1 20 1  0
12.9351 10557616 648.66 3 5 0.0987291 297 10491160 10491173 13 0 1 20 1  0
15.3277 10639610 653.698 4 7 0.13822 34 10491156 10491172 13 0 1 20 1  0
10.045 10557332 648.642 2 10 0.197458 1 10557332 10557333 13 0 1 20 1  0
20.9214 10745838 660.224 12 2900 950.116 141 10742264 10745858 13 0 1 20 1  0
0 10483712 644.119 11 2868 897.699 10 10745120 10745857 13 0 1 20 1  0
17.4831 10712846 658.197 11 2931 1003.81 38 10708617 10717792 13 0 1 20 1  0
14.9531 10677694 656.037 11 3061 1264.08 16 10675454 10683503 13 0 1 20 1  0
11.8336 10700348 657.429 12 3147 1472.34 1 10698962 10703796 13 0 1 20 1  0
17.1432 11008196 676.344 8 0 0 2183 11008196 11008197 13 0 1 20 1  0
22.0351 11086984 681.184 8 0 0 1 11008251 11008253 13 0 1 20 1  0
22.0215 11238934 690.52 8 0 0 1 11008530 11008531 13 0 1 20 1  0
21.2101 11134503 684.104 1 0 0 1 11008196 11008198 13 0 1 20 1  0
23.7851 11185993 687.267 1 0 0 199 11008251 11008253 13 0 1 20 1  0
14.8035 11146005 684.811 5 6 0.118475 75 11142075 11142091 13 0 1 20 1  0
10.8491 11142393 684.589 1 1 0.0197462 1 11142393 11142394 13 0 1 20 1  0
12.501 11240237 690.6 1 1 0.0197462 1 11145048 11145049 13 0 1 20 1  0
10.3714 11075868 680.501 1 2 0.0394922 1 11075868 11075869 13 0 1 20 1  0
10.4247 11234025 690.218 1 2 0.0394922 1 11084039 11084040 13 0 1 20 1  0
10.2904 11142090 684.57 3 2 0.0394922 6 11142090 11142091 13 0 1 20 1  0
10.0873 11145039 684.751 3 5 0.0987291 1 11145039 11145040 13 0 1 20 1  0
10.4537 11021478 677.16 4 9 0.177712 1 11021478 11021479 13 0 1 20 1  0
13.7401 11143934 684.683 12 474 10.4778 7 11142202 11146302 13 0 1 20 1  0
11.2928 11140632 684.48 12 2047 209.202 3 11138552 11142078 13 0 1 20 1  0
10.2405 11153340 685.261 12 2323 341.438 1 11152974 11158904 13 0 1 20 1  0
12.4582 11270056 692.432 12 2471 443.954 8 11268348 11270146 13 0 1 20 1  0
10.7115 11270136 692.437 12 2716 685.581 1 11269724 11270146 13 0 1 20 1  0
19.5877 11270304 692.447 8 0 0 1997 11270304 11270305 13 0 1 20 1  0
19.6917 11289253 693.612 8 0 0 1 11270594 11270595 13 0 1 20 1  0
19.4024 11529747 708.388 8 0 0 1 11271117 11271119 13 0 1 20 1  0
24.2914 11529970 708.401 1 0 0 5 11270304 11270306 13 0 1 20 1  0
10.5466 11279926 693.039 2 0 0 1 11279926 11279927 13 0 1 20 1  0
15.2353 11486542 705.733 3 0 0 17 11473472 11473478 13 0 1 20 1  0
10.108 11489809 705.934 6 0 0 1 11489808 11489813 13 0 1 20 1  0
11.5376 11273892 692.668 1 1 0.0197462 1 11273892 11273893 13 0 1 20 1  0
11.5549 11419637 701.622 1 1 0.0197462 1 11274220 11274221 13 0 1 20 1  0
10.258 11417878 701.514 3 1 0.0197462 1 11417878 11417879 13 0 1 20 1  0
11.1038 11280681 693.085 2 2 0.0394922 1 11280681 11280682 13 0 1 20 1  0
14.4727 11473473 704.93 2 2 0.0394922 14 11294161 11294162 13 0 1 20 1  0
11.1427 11305261 694.595 2 3 0.059238 4 11305261 11305262 13 0 1 20 1  0
11.8881 11490726 705.99 4 7 0.13822 15 11473460 11473464 13 0 1 20 1  0
10.1992 11305259 694.595 7 53 1.04766 1 11305252 11305269 13 0 1 20 1  0
11.5389 11303858 694.509 11 2190 269.66 4 11302137 11305158 13 0 1 20 1  0
13.3113 11532270 708.543 12 3165 1520.09 10 11530536 11532290 13 0 1 20 1  0
10.0295 11532649 708.566 8 0 0 309 11532649 11532650 13 0 1 20 1  0
13.6351 11543467 709.231 8 0 0 1 11533345 11533346 13 0 1 20 1  0
10.9725 11533631 708.626 1 0 0 1 11533631 11533632 13 0 1 20 1  0
13.0919 11794228 724.637 1 0 0 1 11534829 11534830 13 0 1 20 1  0
0 11532288 708.544 1 0 0 120 11535921 11535922 13 0 1 20 1  0
10.028 11634550 714.827 9 9 0.177712 1 11634549 11634552 13 0 1 20 1  0
10.3487 11629186 714.497 9 26 0.513479 1 11629170 11629196 13 0 1 20 1  0
10.2708 11631038 714.611 7 45 0.889211 2 11631030 11631045 13 0 1 20 1  0
11.6734 11621784 714.042 12 379 8.04386 2 11621582 11630604 13 0 1 20 1  0
10.3971 11628790 714.473 12 1053 35.0672 1 11628534 11628988 13 0 1 20 1  0
10.1492 11794710 724.667 8 0 0 406 11794710 11794711 13 0 1 20 1  0
13.9506 11798985 724.93 8 0 0 1 11795849 11795850 13 0 1 20 1  0
11.8709 11798138 724.878 1 0 0 1 11798138 11798139 13 0 1 20 1  0
15.0521 11974811 735.732 1 0 0 6 11798985 11798986 13 0 1 20 1  0
0 11794432 724.65 1 0 0 146 11799149 11799150 13 0 1 20 1  0
10.4272 11847999 727.941 2 0 0 1 11847999 11848000 13 0 1 20 1  0
13.6301 11996819 737.085 2 0 0 2 11959888 11959904 13 0 1 20 1  0
11.8038 11959899 734.816 3 3 0.059238 11 11959897 11959903 13 0 1 20 1  0
10.791 11961056 734.887 12 186 3.73511 12 11960006 11961172 13 0 1 20 1  0
11.7998 11957617 734.676 10 2187 268.228 12 11957027 11958141 13 0 1 20 1  0
12.4705 12058679 740.885 8 0 0 1 12058679 12058680 13 0 1 20 1  0
13.8911 12217074 750.617 8 0 0 1 12059307 12059308 13 0 1 20 1  0
0 12056576 740.756 8 0 0 343 12059341 12059342 13 0 1 20 1  0
10.9782 12059670 740.946 1 0 0 1 12059670 12059671 13 0 1 20 1  0
14.1728 12121583 744.75 1 0 0 1 12060964 12060965 13 0 1 20 1  0
0 12056576 740.756 1 0 0 149 12061763 12061764 13 0 1 20 1  0
10.0509 12209561 750.155 2 2 0.0394922 1 12209561 12209562 13 0 1 20 1  0
11.0079 12318921 756.874 8 0 0 344 12318921 12318922 13 0 1 20 1  0
14.5337 12515941 768.979 8 0 0 1 12320083 12320084 13 0 1 20 1  0
10.3692 12320084 756.946 1 0 0 1 12320084 12320085 13 0 1 20 1  0
15.8602 12379000 760.566 2 0 0 5 12378999 12379003 13 0 1 20 1  0
0 12318720 756.862 1 0 0 113 12321387 12321388 13 0 1 20 1  0
12.3622 12402038 761.981 12 345 7.23163 9 12384838 12386414 13 0 1 20 1  0
12.0841 12493806 767.619 12 158 3.15743 3 12402406 12402448 13 0 1 20 1  0
0 12318720 756.862 12 158 3.15743 3 12492746 12494844 13 0 1 20 1  0
13.7216 12491998 767.508 12 1132 40.5808 16 12490046 12493564 13 0 1 20 1  0
11.0747 12382377 760.773 9 2055 212.195 7 12381808 12382783 13 0 1 20 1  0
15.1701 12456497 765.327 11 2410 398.422 35 12453528 12458651 13 0 1 20 1  0
13.8676 12581270 772.993 8 0 0 446 12581270 12581271 13 0 1 20 1  0
14.6647 12695167 779.991 8 0 0 1 12583163 12583164 13 0 1 20 1  0
10.2643 12581271 772.993 1 0 0 1 12581271 12581272 13 0 1 20 1  0
14.0811 12732361 782.276 1 0 0 1 12583849 12583850 13 0 1 20 1  0
0 12580864 772.968 1 0 0 147 12585157 12585158 13 0 1 20 1  0
10.8417 12744304 783.01 2 1 0.0197462 2 12744304 12744305 13 0 1 20 1  0
12.7783 12694992 779.98 12 1260 51.2614 21 12692856 12696156 13 0 1 20 1  0
11.0565 12631038 776.051 10 2739 714.125 3 12630643 12631618 13 0 1 20 1  0
10.0374 12843048 789.077 8 0 0 224 12843048 12843049 13 0 1 20 1  0
13.3423 12852140 789.635 8 0 0 1 12843332 12843333 13 0 1 20 1  0
10.1384 12843049 789.077 1 0 0 1 12843049 12843050 13 0 1 20 1  0
13.7865 13004186 798.977 1 0 0 6 12843333 12843334 13 0 1 20 1  0
0 12843008 789.074 1 0 0 55 12843673 12843674 13 0 1 20 1  0
13.5126 13082568 803.793 12 173 3.46586 4 13076316 13088132 13 0 1 20 1  0
10.1347 13076999 803.451 5 180 3.6106 3 13076996 13077001 13 0 1 20 1  0
12.007 13107828 805.345 8 0 0 1 13107828 13107829 13 0 1 20 1  0
13.1685 13276394 815.702 8 0 0 1 13109188 13109189 13 0 1 20 1  0
0 13105152 805.18 8 0 0 193 13110481 13110482 13 0 1 20 1  0
13.0387 13232364 812.996 1 0 0 3 13124730 13124739 13 0 1 20 1  0
0 13105152 805.18 1 0 0 26 13136407 13136408 13 0 1 20 1  0
10.8006 13124737 806.384 3 2 0.0394922 3 13124736 13124739 13 0 1 20 1  0
10.07 13136190 807.087 3 1 0.0197462 1 13136190 13136191 13 0 1 20 1  0
10.122 13259162 814.643 12 184 3.69356 1 13259054 13259182 13 0 1 20 1  0
10.9028 13284422 816.195 12 877 25.1235 3 13283730 13284764 13 0 1 20 1  0
10.2415 13287984 816.414 12 1625 98.745 2 13287712 13288610 13 0 1 20 1  0
11.1487 13235590 813.195 12 2198 273.516 1 13234978 13236672 13 0 1 20 1  0
10.3181 13189340 810.353 12 2749 726.903 1 13189052 13189788 13 0 1 20 1  0
12.1345 13367923 821.325 8 0 0 372 13367923 13367924 13 0 1 20 1  0
14.5661 13607319 836.034 8 0 0 1 13368408 13368409 13 0 1 20 1  0
10.0238 13367924 821.325 1 0 0 1 13367924 13367925 13 0 1 20 1  0
15.9576 13599192 835.534 1 0 0 1 13368409 13368410 13 0 1 20 1  0
0 13367296 821.287 1 0 0 164 13368933 13368934 13 0 1 20 1  0
10.8959 13410394 823.935 2 0 0 1 13410394 13410395 13 0 1 20 1  0
15.2463 13598233 835.475 2 0 0 13 13598231 13598237 13 0 1 20 1  0
10.71 13416965 824.338 7 1 0.0197462 2 13416947 13416983 13 0 1 20 1  0
15.3294 13735595 843.915 8 0 0 1 13629555 13629576 13 0 1 20 1  0
15.1032 13871129 852.242 8 0 0 1 13629881 13629889 13 0 1 20 1  0
11.3026 13630005 837.427 10 33 0.651829 1351 13629974 13630025 13 0 1 20 1  0
18.1643 13735601 843.915 2 0 0 9 13629555 13629576 13 0 1 20 1  0
17.5554 13696770 841.53 4 0 0 24 13629555 13629573 13 0 1 20 1  0
13.656 13698722 841.649 12 46 0.909008 53 13696612 13701242 13 0 1 20 1  0
17.3553 13670272 839.901 3 1 0.0197462 5 13629555 13629573 13 0 1 20 1  0
12.7381 13630198 837.439 2 2 0.0394922 3 13629558 13629573 13 0 1 20 1  0
15.4855 13698074 841.61 3 2 0.0394922 1 13629555 13629571 13 0 1 20 1  0
14.2684 13631178 837.5 3 3 0.059238 1 13629554 13629572 13 0 1 20 1  0
13.2489 13892153 853.534 8 0 0 965 13892153 13892154 13 0 1 20 1  0
19.2017 13897488 853.862 4 0 0 84 13897132 13897145 13 0 1 20 1  0
15.2946 14147678 869.233 8 0 0 1 13892628 13892629 13 0 1 20 1  0
10.9271 13892154 853.534 1 0 0 1 13892154 13892155 13 0 1 20 1  0
17.8626 13897138 853.84 1 0 0 1 13895611 13895612 13 0 1 20 1  0
12.2217 13962405 857.85 2 2 0.0394922 2 13896807 13896809 13 0 1 20 1  0
10.8693 13898276 853.91 12 245 4.98385 2 13896560 13898372 13 0 1 20 1  0
15.3191 14153694 869.603 12 1998 191.766 43 14150622 14153730 13 0 1 20 1  0
14.9552 14222597 873.836 8 0 0 1 14153880 14153882 13 0 1 20 1  0
0 14153728 869.605 8 0 0 781 14153911 14153912 13 0 1 20 1  0
13.3972 14153881 869.614 1 0 0 1 14153881 14153882 13 0 1 20 1  0
16.6102 14312256 879.345 1 0 0 1 14154878 14154879 13 0 1 20 1  0
16.6263 14312909 879.385 3 1 0.0197462 10 14277983 14277988 13 0 1 20 1  0
16.3171 14279295 877.32 3 0 0 21 14277984 14277989 13 0 1 20 1  0
10.2628 14243070 875.094 3 2 0.0394922 2 14243070 14243071 13 0 1 20 1  0
10.3734 14278640 877.28 2 3 0.059238 1 14278640 14278641 13 0 1 20 1  0
10.3343 14277980 877.239 3 5 0.0987291 3 14277980 14277981 13 0 1 20 1  0
10.4653 14352079 881.792 7 5 0.0987291 1 14352045 14352084 13 0 1 20 1  0
11.6246 14363990 882.523 12 244 4.96227 2 14363564 14365682 13 0 1 20 1  0
10.0429 14349570 881.638 8 1808 136.804 1 14349551 14349571 13 0 1 20 1  0
12.0117 14153738 869.606 12 2221 284.911 6 14153728 14155408 13 0 1 20 1  0
157.806 768039 47.1883 10 2956 1049.32 716 767065 769013 13 0 1 20 1 1
