12.561 32774 2.01363 8 0 0 1 32774 32775 13 0 1 20 1  0
14.1996 134427 8.25919 8 0 0 1 34257 34258 13 0 1 20 1  0
0 2048 0.125829 8 0 0 982 42890 42891 13 0 1 20 1  0
10.8533 32774 2.01363 1 0 0 1 32774 32775 13 0 1 20 1  0
15.3817 84299 5.17933 1 0 0 1 45896 45938 13 0 1 20 1  0
10.0176 34258 2.10481 2 0 0 1 34258 34259 13 0 1 20 1  0
16.6944 82373 5.061 2 0 0 4 45895 45939 13 0 1 20 1  0
19.3502 45923 2.82151 6 1 0.0197462 628 45881 45953 13 0 1 20 1  0
15.305 14850 0.912384 10 115 2.28468 1617 14696 23020 13 0 1 20 1  0
10.3099 81093 4.98235 2 3 0.059238 1 81093 81094 13 0 1 20 1  0
14.0996 44591 2.73967 8 633 15.2561 488 13607 13790 13 0 1 20 1  0
0 2048 0.125829 8 1014 32.6056 211 15343 15417 13 0 1 20 1  0
10.0877 163395 10.039 10 2591 549.259 1 163129 163461 13 0 1 20 1  0
14.9319 2054 0.126198 12 2750 728.194 464 2048 4246 13 0 1 20 1  0
10.828 152337 9.35958 10 2846 863.349 1 16351 16954 13 0 1 20 1  0
11.1196 16893 1.03791 9 2900 950.116 1 15436 17046 13 0 1 20 1  0
17.3955 126497 7.77198 10 3283 1873.9 242 120948 127660 13 0 1 20 1  0
12.6566 43384 2.66551 12 3272 1837.7 9 40028 44388 13 0 1 20 1  0
24.9566 178142 10.945 12 3304 1945 69 35222 42410 13 0 1 20 1  0
25.2056 260080 15.9793 12 3316 1986.84 49 35730 39030 13 0 1 20 1  0
12.1289 96434 5.9249 10 3283 1873.9 1 92490 98293 13 0 1 20 1  0
10.2219 265471 16.3105 8 0 0 20730 265471 265472 13 0 1 20 1  0
13.7708 267869 16.4579 8 0 0 1 267868 267872 13 0 1 20 1  0
15.7445 267870 16.4579 1 0 0 5 267869 267872 13 0 1 20 1  0
16.7666 276358 16.9794 2 0 0 2 267869 267872 13 0 1 20 1  0
15.7182 444248 27.2946 3 2 0.0394922 7 276353 276356 13 0 1 20 1  0
50.6651 439016 26.9731 10 52 1.02784 16895 374658 376059 13 0 1 20 1  0
12.6142 458466 28.1681 3 6 0.118475 1 267860 267862 13 0 1 20 1  0
16.8956 457825 28.1288 9 56 1.10713 34 457344 458284 13 0 1 20 1  0
14.7248 458129 28.1474 4 9 0.177712 10 363946 363993 13 0 1 20 1  0
14.1708 363949 22.361 4 11 0.217204 7 363943 363955 13 0 1 20 1  0
11.3667 457630 28.1168 5 40 0.790264 12 439177 439194 13 0 1 20 1  0
11.7436 374490 23.0087 11 371 7.85024 2 374160 374842 13 0 1 20 1  0
12.7134 456862 28.0696 9 551 12.6654 3 456439 457036 13 0 1 20 1  0
12.1385 358495 22.0259 11 2451 428.48 30 357315 362399 13 0 1 20 1  0
0 260096 15.9803 8 2392 385.901 5 362808 362812 13 0 1 20 1  0
29.2619 270770 16.6361 12 3189 1586.18 1502 266884 275000 13 0 1 20 1  0
27.1019 316010 19.4157 12 3303 1941.56 684 260096 264168 13 0 1 20 1  0
26.8031 272460 16.7399 12 3181 1563.84 677 267678 275548 13 0 1 20 1  0
22.195 327228 20.1049 12 3182 1566.62 374 268110 274934 13 0 1 20 1  0
14.2116 529887 32.5563 8 0 0 2 529886 529890 13 0 1 20 1  0
0 522240 32.0864 8 0 0 9561 529977 529981 13 0 1 20 1  0
10.8504 529321 32.5215 1 0 0 1 529321 529322 13 0 1 20 1  0
15.6882 529888 32.5563 1 0 0 2 529886 529890 13 0 1 20 1  0
16.3241 529979 32.5619 2 0 0 5 529886 529890 13 0 1 20 1  0
57.401 656383 40.3282 8 4 0.0789836 11720 594632 594843 13 0 1 20 1  0
10.3883 663030 40.7366 2 3 0.059238 1 595629 595630 13 0 1 20 1  0
14.0147 657149 40.3752 3 4 0.0789836 1 529880 529883 13 0 1 20 1  0
12.6974 657124 40.3737 3 6 0.118475 1 529968 529972 13 0 1 20 1  0
12.4689 653066 40.1244 3 7 0.13822 1 529967 529969 13 0 1 20 1  0
15.513 532947 32.7443 5 23 0.454207 71 532926 532963 13 0 1 20 1  0
14.3814 778075 47.8049 8 18 0.355443 2 594598 594804 13 0 1 20 1  0
10.5322 657001 40.3661 3 95 1.88345 1 656181 656363 13 0 1 20 1  0
11.5778 753370 46.2871 8 155 3.09602 1 676584 676644 13 0 1 20 1  0
10.0135 594385 36.519 8 193 3.88089 1 594385 594386 13 0 1 20 1  0
10.3603 655697 40.286 3 334 6.97459 2 655697 655698 13 0 1 20 1  0
10.1679 654510 40.2131 5 960 29.4524 4 654510 654511 13 0 1 20 1  0
12.7233 769006 47.2477 10 1592 93.0961 12 652367 655605 13 0 1 20 1  0
11.7322 652497 40.0894 11 2265 308.048 6 651682 653140 13 0 1 20 1  0
14.2508 794175 48.7941 8 0 0 1 794175 794176 13 0 1 20 1  0
14.7012 892018 54.8056 8 0 0 1 795017 795020 13 0 1 20 1  0
0 784384 48.1926 8 0 0 3058 795023 795025 13 0 1 20 1  0
16.2151 913271 56.1114 1 0 0 1 795018 795025 13 0 1 20 1  0
57.7472 924852 56.8229 9 11 0.217204 8449 924396 925363 13 0 1 20 1  0
12.2154 795016 48.8458 2 1 0.0197462 6 795016 795017 13 0 1 20 1  0
10.0033 802087 49.2802 2 5 0.0987291 1 802087 802088 13 0 1 20 1  0
10.6708 803553 49.3703 3 14 0.276446 3 803553 803554 13 0 1 20 1  0
10.5764 947408 58.2087 3 23 0.454207 1 924584 924687 13 0 1 20 1  0
12.4449 941927 57.872 11 1214 47.1492 2 920393 921981 13 0 1 20 1  0
11.1767 994112 61.0782 12 3006 1146.61 1 993052 995540 13 0 1 20 1  0
0 784384 48.1926 12 3006 1146.61 1 1033504 1034918 13 0 1 20 1  0
44.6749 1350146 82.953 10 112 2.22433 4411 1308672 1311442 13 0 1 20 1  0
14.1376 1391126 85.4708 8 0 0 1 1349208 1349209 13 0 1 20 1  0
33.7119 1308954 80.4221 12 125 2.48631 21699 1308672 1352238 13 0 1 20 1  0
16.0775 1467030 90.1343 1 0 0 4 1310221 1310223 13 0 1 20 1  0
18.4992 1469903 90.3108 2 0 0 4 1310213 1310225 13 0 1 20 1  0
10.1037 1309240 80.4397 2 1 0.0197462 1 1309240 1309241 13 0 1 20 1  0
14.6839 1412997 86.8145 2 1 0.0197462 14 1315914 1315915 13 0 1 20 1  0
10.1603 1315913 80.8497 2 2 0.0394922 1 1315913 1315914 13 0 1 20 1  0
10.2117 1309197 80.4371 2 3 0.059238 1 1309197 1309198 13 0 1 20 1  0
12.8538 1532885 94.1805 3 9 0.177712 1 1309134 1309140 13 0 1 20 1  0
13.999 1534918 94.3054 7 98 1.94347 5 1310881 1311341 13 0 1 20 1  0
15.1575 1324304 81.3652 6 102 2.02359 41 1308672 1308731 13 0 1 20 1  0
14.3984 1522425 93.5378 5 19 0.375194 2 1309110 1309128 13 0 1 20 1  0
10.0431 1313346 80.692 3 23 0.454207 1 1313346 1313347 13 0 1 20 1  0
10.3661 1350343 82.9651 3 28 0.553 6 1331558 1331567 13 0 1 20 1  0
12.3372 1334805 82.0104 5 30 0.592527 2 1310072 1310082 13 0 1 20 1  0
10.3454 1329552 81.6877 6 55 1.0873 2 1324353 1324372 13 0 1 20 1  0
14.9886 1330806 81.7647 6 111 2.20423 42 1308672 1308718 13 0 1 20 1  0
17.4236 1328855 81.6449 7 111 2.20423 22 1308672 1310015 13 0 1 20 1  0
16.4682 1531358 94.0866 7 86 1.70367 4 1310906 1311348 13 0 1 20 1  0
11.1469 1330489 81.7452 3 107 2.12388 1 1308672 1308705 13 0 1 20 1  0
17.2935 1328846 81.6443 12 110 2.18413 3 1308672 1310674 13 0 1 20 1  0
10.4546 1334695 82.0037 3 115 2.28468 1 1316448 1316462 13 0 1 20 1  0
10.3529 1323730 81.33 3 316 6.55965 5 1323730 1323731 13 0 1 20 1  0
11.4868 1328065 81.5963 3 516 11.6443 8 1310160 1310162 13 0 1 20 1  0
14.5811 1326524 81.5016 12 493 10.9979 9 1308672 1308868 13 0 1 20 1  0
10.0116 1324818 81.3968 7 600 14.1779 1 1324818 1324819 13 0 1 20 1  0
11.5928 1502732 92.3279 12 774 20.5002 8 1348924 1350062 13 0 1 20 1  0
10.2905 1313434 80.6974 7 945 28.6257 1 1313423 1313458 13 0 1 20 1  0
14.9742 1487536 91.3942 12 2060 214.088 46 1485014 1495016 13 0 1 20 1  0
12.4685 1320350 81.1223 12 3320 2000.98 3 1318662 1323138 13 0 1 20 1  0
13.3179 1657732 101.851 8 0 0 1 1571291 1571293 13 0 1 20 1  0
32.9852 1584074 97.3255 10 481 10.668 11795 1583412 1585028 13 0 1 20 1  0
15.3366 1571292 96.5402 1 0 0 1 1571292 1571293 13 0 1 20 1  0
15.4146 1586001 97.4439 1 0 0 1 1572476 1572477 13 0 1 20 1  0
10.6591 1572477 96.613 2 0 0 1 1572477 1572478 13 0 1 20 1  0
83.0254 1584821 97.3714 9 7 0.13822 4627 1584361 1586290 13 0 1 20 1  0
13.7081 1714098 105.314 2 1 0.0197462 1 1572727 1572731 13 0 1 20 1  0
11.3884 1585983 97.4428 2 2 0.0394922 3 1572725 1572729 13 0 1 20 1  0
25.6353 1744317 107.171 8 26 0.513479 8 1585903 1586101 13 0 1 20 1  0
10.0201 1572713 96.6275 4 9 0.177712 1 1572713 1572714 13 0 1 20 1  0
13.4729 1950980 119.868 8 0 0 1 1856240 1856242 13 0 1 20 1  0
0 1832960 112.617 8 0 0 5451 1859445 1859446 13 0 1 20 1  0
15.1475 1856241 114.047 1 0 0 1 1856241 1856242 13 0 1 20 1  0
17.318 1950981 119.868 2 0 0 4 1924314 1924665 13 0 1 20 1  0
73.2624 1924555 118.245 9 3 0.059238 10798 1924128 1925031 13 0 1 20 1  0
10.4979 1949112 119.753 2 3 0.059238 1 1924313 1924316 13 0 1 20 1  0
10.1678 1943892 119.433 2 4 0.0789836 1 1924335 1924346 13 0 1 20 1  0
22.6758 2087422 128.251 10 101 2.00355 3 2086831 2087997 13 0 1 20 1  0
12.1294 1864499 114.555 10 3269 1827.95 1 1862814 1868860 13 0 1 20 1  0
0 1832960 112.617 10 3269 1827.95 3 1975228 1980701 13 0 1 20 1  0
10.2513 2114734 129.929 8 0 0 1 2114734 2114735 13 0 1 20 1  0
13.851 2148068 131.977 8 0 0 2 2116109 2116110 13 0 1 20 1  0
0 2095104 128.723 8 0 0 22815 2118352 2118356 13 0 1 20 1  0
16.1373 2148074 131.978 1 0 0 1 2118353 2118357 13 0 1 20 1  0
65.4413 2323314 142.744 8 10 0.197458 6479 2294693 2298092 13 0 1 20 1  0
35.2897 2295907 141.061 11 94 1.86345 6653 2286524 2302375 13 0 1 20 1  0
13.7756 2165968 133.077 2 1 0.0197462 2 2118352 2118354 13 0 1 20 1  0
11.432 2118351 130.151 2 2 0.0394922 3 2118351 2118353 13 0 1 20 1  0
11.6251 2295234 141.019 4 102 2.02359 26 2294909 2294956 13 0 1 20 1  0
12.0541 2222482 136.549 3 9 0.177712 4 2222479 2222484 13 0 1 20 1  0
10.0093 2294689 140.986 6 12 0.236951 1 2294689 2294690 13 0 1 20 1  0
10.8002 2263609 139.076 3 21 0.414699 4 2263607 2263613 13 0 1 20 1  0
10.1176 2296313 141.085 3 26 0.513479 1 2295334 2295342 13 0 1 20 1  0
10.8694 2295339 141.026 4 28 0.553 1 2263602 2263604 13 0 1 20 1  0
14.9032 2295891 141.06 5 100 1.98352 38 2290353 2290391 13 0 1 20 1  0
11.9641 2301738 141.419 4 106 2.10381 14 2294900 2294951 13 0 1 20 1  0
11.6344 2296227 141.08 4 95 1.88345 3 2294924 2294967 13 0 1 20 1  0
10.0807 2290369 140.72 4 99 1.96349 2 2290369 2290370 13 0 1 20 1  0
10.0134 2287426 140.539 8 161 3.21894 4 2287426 2287427 13 0 1 20 1  0
10.1265 2300846 141.364 5 312 6.46836 6 2300846 2300847 13 0 1 20 1  0
10.0381 2296426 141.092 3 376 7.97107 1 2296426 2296427 13 0 1 20 1  0
10.0979 2295414 141.03 4 414 8.91049 4 2295414 2295415 13 0 1 20 1  0
10.0015 2285305 140.409 8 410 8.80978 1 2285305 2285306 13 0 1 20 1  0
10.066 2296370 141.089 3 424 9.16424 4 2296370 2296371 13 0 1 20 1  0
10.1848 2295363 141.027 4 428 9.26654 1 2295363 2295364 13 0 1 20 1  0
10.1386 2300534 141.345 3 434 9.42087 1 2300534 2300535 13 0 1 20 1  0
10.1005 2300142 141.321 4 660 16.1769 3 2300142 2300143 13 0 1 20 1  0
15.5119 2276594 139.874 12 2099 229.437 32 2270298 2279890 13 0 1 20 1  0
0 2095104 128.723 6 2047 209.202 6 2277226 2277422 13 0 1 20 1  0
10.0446 2277153 139.908 5 2050 210.32 1 2277153 2277154 13 0 1 20 1  0
11.2047 2291001 140.759 8 3217 1666.93 5 2288679 2288756 13 0 1 20 1  0
0 2095104 128.723 8 3217 1666.93 8 2289807 2290046 13 0 1 20 1  0
11.7785 2256106 138.615 11 3277 1854.07 3 2253134 2258198 13 0 1 20 1  0
12.1532 2198616 135.083 12 3286 1883.9 1 2197646 2202168 13 0 1 20 1  0
13.0077 2140164 131.492 12 3316 1986.84 2 2137746 2151192 13 0 1 20 1  0
10.1084 2311605 142.025 9 3312 1972.79 1 2140882 2140886 13 0 1 20 1  0
13.147 2363037 145.185 8 0 0 1 2363037 2363038 13 0 1 20 1  0
13.484 2592739 159.298 8 0 0 1 2415486 2415487 13 0 1 20 1  0
0 2357248 144.829 8 0 0 1839 2419436 2419437 13 0 1 20 1  0
11.3137 2363038 145.185 1 0 0 1 2363038 2363039 13 0 1 20 1  0
15.2039 2591982 159.251 1 0 0 1 2423146 2423147 13 0 1 20 1  0
10.0926 2491966 153.106 2 1 0.0197462 2 2491966 2491967 13 0 1 20 1  0
17.173 2550586 156.708 2 0 0 1 2493652 2493660 13 0 1 20 1  0
50.4535 2503281 153.802 8 13 0.256698 7195 2502731 2504929 13 0 1 20 1  0
13.5973 2504821 153.896 2 1 0.0197462 4 2493650 2493658 13 0 1 20 1  0
10.7539 2490008 152.986 3 3 0.059238 2 2490008 2490009 13 0 1 20 1  0
10.1088 2573608 158.122 2 3 0.059238 1 2573608 2573609 13 0 1 20 1  0
10.0383 2493634 153.209 5 13 0.256698 1 2493634 2493635 13 0 1 20 1  0
10.3164 2574694 158.189 12 2578 536.739 1 2574486 2574974 13 0 1 20 1  0
10.3214 2558730 157.208 8 2956 1049.32 1 2558708 2559219 13 0 1 20 1  0
11.8404 2543241 156.257 11 3194 1600.31 11 2513312 2513734 13 0 1 20 1  0
10.8728 2598212 159.634 11 3181 1563.84 10 2597568 2599398 13 0 1 20 1  0
0 2357248 144.829 8 3191 1591.82 10 2514386 2514401 13 0 1 20 1  0
11.4035 2619306 160.93 9 3257 1789.47 5 2618903 2619393 13 0 1 20 1  0
11.2283 2627004 161.403 8 0 0 1 2627004 2627005 13 0 1 20 1  0
13.1068 2700606 165.925 8 0 0 1 2668471 2668473 13 0 1 20 1  0
0 2619392 160.935 8 0 0 1802 2669191 2669192 13 0 1 20 1  0
11.1405 2627004 161.403 1 0 0 1 2627004 2627005 13 0 1 20 1  0
15.0924 2700927 165.945 1 0 0 1 2668472 2668473 13 0 1 20 1  0
16.232 2872083 176.461 2 0 0 4 2702909 2702911 13 0 1 20 1  0
50.5937 2801753 172.14 8 10 0.197458 7658 2801451 2802332 13 0 1 20 1  0
11.3187 2668470 163.951 2 1 0.0197462 2 2668470 2668471 13 0 1 20 1  0
10.554 2757464 169.419 3 1 0.0197462 1 2757464 2757465 13 0 1 20 1  0
17.5634 2768048 170.069 3 1 0.0197462 4 2768044 2768053 13 0 1 20 1  0
11.2696 2743752 168.576 3 5 0.0987291 5 2743752 2743753 13 0 1 20 1  0
10.0963 2743544 168.563 3 4 0.0789836 1 2743544 2743545 13 0 1 20 1  0
14.4336 2877804 176.812 3 4 0.0789836 8 2743753 2743756 13 0 1 20 1  0
10.997 2809054 172.588 12 2219 283.901 1 2665426 2667052 13 0 1 20 1  0
0 2619392 160.935 12 2219 283.901 1 2807222 2809682 13 0 1 20 1  0
10.3333 2693675 165.499 11 2324 342.045 1 2692695 2694086 13 0 1 20 1  0
10.0561 2628000 161.464 8 2562 521.721 1 2627997 2628004 13 0 1 20 1  0
13.8671 2671882 164.16 10 3015 1165.06 2 2666276 2672572 13 0 1 20 1  0
0 2619392 160.935 10 3015 1165.06 31 2778559 2784426 13 0 1 20 1  0
10.9665 2663423 163.641 11 3100 1354.6 5 2661590 2665221 13 0 1 20 1  0
10.1201 2770494 170.219 11 3195 1603.15 1 2626199 2626254 13 0 1 20 1  0
13.4194 2653705 163.044 9 3215 1661.03 5 2651299 2657832 13 0 1 20 1  0
14.753 2645472 162.538 11 3291 1900.68 3 2756989 2762214 13 0 1 20 1  0
12.7736 2761728 169.681 9 3292 1904.05 1 2644121 2650622 13 0 1 20 1  0
11.4085 2869203 176.284 10 3300 1931.25 2 2643527 2649485 13 0 1 20 1  0
12.7453 2890290 177.579 8 0 0 1 2890290 2890291 13 0 1 20 1  0
12.9226 2943675 180.859 8 0 0 1 2893081 2893085 13 0 1 20 1  0
0 2881536 177.042 8 0 0 752 2893881 2893882 13 0 1 20 1  0
15.0696 2943675 180.859 1 0 0 1 2893082 2893086 13 0 1 20 1  0
10.7892 2890292 177.58 2 0 0 3 2890292 2890293 13 0 1 20 1  0
16.6534 3043334 186.982 2 0 0 1 2893082 2893086 13 0 1 20 1  0
12.8832 2893072 177.75 3 7 0.13822 3 2893069 2893075 13 0 1 20 1  0
17.7602 2914444 179.063 4 1 0.0197462 182 2912068 2912077 13 0 1 20 1  0
22.1262 3039824 186.767 7 6 0.118475 101 2911977 2912117 13 0 1 20 1  0
19.7078 2911881 178.906 9 19 0.375194 1438 2911745 2912242 13 0 1 20 1  0
13.9216 3073018 188.806 2 1 0.0197462 3 2893080 2893082 13 0 1 20 1  0
10.0524 2894160 177.817 3 3 0.059238 1 2894160 2894161 13 0 1 20 1  0
10.1911 2896844 177.982 4 17 0.335692 6 2896844 2896845 13 0 1 20 1  0
13.8583 2900178 178.187 3 5 0.0987291 5 2893073 2893077 13 0 1 20 1  0
10.2951 3143611 193.143 9 2074 219.476 4 3143422 3143681 13 0 1 20 1  0
10.1822 3141933 193.04 9 2339 351.27 1 3141817 3142011 13 0 1 20 1  0
11.2278 2889719 177.544 2 2850 869.495 1 2888903 2888905 13 0 1 20 1  0
10.1343 2887013 177.378 3 2864 891.353 1 2887013 2887014 13 0 1 20 1  0
10.4386 2886968 177.375 3 2865 892.935 1 2886965 2886969 13 0 1 20 1  0
11.8229 3091501 189.942 9 3013 1160.93 5 3057753 3062454 13 0 1 20 1  0
13.3394 3060085 188.012 10 3013 1160.93 5 2891427 2894271 13 0 1 20 1  0
13.1396 3108394 190.98 12 3135 1441.34 5 2937774 2941948 13 0 1 20 1  0
11.3339 2937918 180.506 12 3152 1485.45 4 2881966 2883540 13 0 1 20 1  0
10.1324 3075561 188.962 10 3191 1591.82 2 3075520 3075573 13 0 1 20 1  0
14.4404 3040026 186.779 10 3289 1893.95 4 3045338 3051521 13 0 1 20 1  0
13.1025 3366427 206.833 8 0 0 1 3146336 3146338 13 0 1 20 1  0
0 3143680 193.148 8 0 0 10267 3161977 3161978 13 0 1 20 1  0
15.1192 3146337 193.311 1 0 0 4 3146337 3146338 13 0 1 20 1  0
15.262 3371385 207.138 1 0 0 3 3171510 3171512 13 0 1 20 1  0
61.9227 3174686 195.053 8 5 0.0987291 11937 3174104 3175733 13 0 1 20 1  0
13.6676 3219771 197.823 2 1 0.0197462 15 3171507 3171510 13 0 1 20 1  0
11.0041 3175482 195.102 3 24 0.473963 4 3174171 3174220 13 0 1 20 1  0
10.9147 3173640 194.988 2 632 15.2226 5 3173640 3173641 13 0 1 20 1  0
10.4525 3173602 194.986 2 507 11.3891 14 3173602 3173603 13 0 1 20 1  0
10.6885 3173534 194.982 2 547 12.5463 16 3173534 3173535 13 0 1 20 1  0
10.4428 3173489 194.979 2 552 12.6953 9 3173489 3173490 13 0 1 20 1  0
10.4844 3173442 194.976 2 554 12.7552 3 3173442 3173443 13 0 1 20 1  0
10.0737 3170023 194.766 5 1256 50.8907 1 3170023 3170024 13 0 1 20 1  0
11.0593 3180614 195.417 12 3041 1220.03 2 3178872 3182090 13 0 1 20 1  0
12.2972 3384592 207.949 11 3180 1561.07 2 3186263 3190100 13 0 1 20 1  0
0 3143680 193.148 11 3180 1561.07 4 3196754 3196770 13 0 1 20 1  0
12.6681 3419485 210.093 8 0 0 1 3419485 3419486 13 0 1 20 1  0
12.6601 3518991 216.207 8 0 0 1 3423880 3423881 13 0 1 20 1  0
0 3405824 209.254 8 0 0 16211 3423905 3423908 13 0 1 20 1  0
10.4211 3419486 210.093 1 0 0 1 3419486 3419487 13 0 1 20 1  0
14.5495 3518992 216.207 1 0 0 1 3423905 3423908 13 0 1 20 1  0
16.0684 3595526 220.909 2 0 0 9 3423905 3423939 13 0 1 20 1  0
20.3547 3564257 218.988 5 2 0.0394922 496 3423906 3423972 13 0 1 20 1  0
66.9377 3662647 225.033 8 6 0.118475 10415 3423804 3424071 13 0 1 20 1  0
16.7307 3566134 219.103 3 1 0.0197462 9 3423917 3423968 13 0 1 20 1  0
12.5466 3423744 210.355 5 94 1.86345 54 3423714 3423760 13 0 1 20 1  0
10.5923 3425042 210.435 2 2 0.0394922 1 3423962 3423963 13 0 1 20 1  0
13.4305 3431855 210.853 3 5 0.0987291 1 3423895 3423915 13 0 1 20 1  0
13.5929 3564051 218.975 10 287 5.90495 1 3563483 3564415 13 0 1 20 1  0
11.0885 3661763 224.979 2 441 9.60226 7 3661762 3661767 13 0 1 20 1  0
10.4772 3661835 224.983 2 416 8.96102 11 3661827 3661837 13 0 1 20 1  0
10.3247 3661817 224.982 2 423 9.13874 1 3661817 3661818 13 0 1 20 1  0
10.1436 3661798 224.981 2 431 9.34358 2 3661798 3661799 13 0 1 20 1  0
10.0307 3661732 224.977 2 459 10.0756 1 3661732 3661733 13 0 1 20 1  0
10.0196 3661704 224.975 2 465 10.2356 1 3661704 3661705 13 0 1 20 1  0
10.2446 3661644 224.971 2 514 11.5873 4 3661644 3661645 13 0 1 20 1  0
10.4701 3563490 218.941 3 604 14.3059 18 3563490 3563491 13 0 1 20 1  0
10.0222 3661553 224.966 2 554 12.7552 1 3661553 3661554 13 0 1 20 1  0
10.0029 3422174 210.258 7 617 14.727 1 3422174 3422175 13 0 1 20 1  0
10.6553 3563335 218.931 3 692 17.3164 49 3563335 3563336 13 0 1 20 1  0
10.0733 3661843 224.984 2 741 19.1707 1 3661843 3661844 13 0 1 20 1  0
10.2507 3660513 224.902 3 828 22.8294 10 3660513 3660514 13 0 1 20 1  0
10.6299 3660645 224.91 2 794 21.3398 2 3660645 3660646 13 0 1 20 1  0
10.1014 3660432 224.897 3 841 23.4205 1 3660432 3660433 13 0 1 20 1  0
10.2167 3660350 224.892 3 860 24.307 2 3660350 3660351 13 0 1 20 1  0
10.2907 3660316 224.89 3 874 24.9778 11 3660316 3660317 13 0 1 20 1  0
10.2043 3660119 224.878 4 922 27.3972 5 3660119 3660120 13 0 1 20 1  0
10.3953 3659621 224.847 3 1019 32.9122 3 3659620 3659628 13 0 1 20 1  0
0 3405824 209.254 8 1451 72.3348 1 3661700 3661809 13 0 1 20 1  0
10.6538 3646556 224.044 7 1960 179.248 1 3646523 3646595 13 0 1 20 1  0
15.0803 3531138 216.953 9 3123 1410.99 4 3442803 3449150 13 0 1 20 1  0
0 3405824 209.254 8 3123 1410.99 10 3445227 3445490 13 0 1 20 1  0
10.2478 3666846 225.291 10 3163 1514.71 1 3666719 3666952 13 0 1 20 1  0
10.0713 3442290 211.494 9 3166 1522.79 1 3442285 3442291 13 0 1 20 1  0
10.3619 3513428 215.865 8 3316 1986.84 1 3513419 3513985 13 0 1 20 1  0
13.4764 3673589 225.705 8 0 0 1 3673589 3673590 13 0 1 20 1  0
13.8262 3929910 241.454 8 0 0 1 3675209 3675210 13 0 1 20 1  0
11.4811 3668692 225.404 12 156 3.11648 64 3667998 3669812 13 0 1 20 1  0
10.1612 3673590 225.705 1 0 0 1 3673590 3673591 13 0 1 20 1  0
15.7644 3929912 241.454 2 0 0 15 3676936 3676939 13 0 1 20 1  0
0 3667968 225.36 1 0 0 141 3676936 3676939 13 0 1 20 1  0
13.1888 3895578 239.344 3 0 0 3 3724168 3724170 13 0 1 20 1  0
15.2153 3726339 228.946 7 2 0.0394922 97 3726285 3726384 13 0 1 20 1  0
10.7713 3676933 225.911 3 1 0.0197462 2 3676933 3676934 13 0 1 20 1  0
16.0567 3923089 241.035 3 2 0.0394922 21 3676932 3676935 13 0 1 20 1  0
14.8537 3920551 240.879 3 3 0.059238 3 3676930 3676934 13 0 1 20 1  0
10.0365 3688453 226.619 4 7 0.13822 1 3688453 3688454 13 0 1 20 1  0
10.9354 3691144 226.784 4 22 0.434452 4 3691140 3691148 13 0 1 20 1  0
10.7263 3692759 226.883 3 31 0.612292 6 3692756 3692762 13 0 1 20 1  0
11.6696 3683490 226.314 9 1476 75.6511 34 3683224 3683808 13 0 1 20 1  0
33.1225 3880874 238.441 12 3266 1818.25 2894 3721134 3725158 13 0 1 20 1  0
11.7202 3678704 226.02 12 2969 1073.79 1320 3677640 3680094 13 0 1 20 1  0
55.9923 3930112 241.466 12 3318 1993.89 149 3715978 3720424 13 0 1 20 1  0
10.0415 3877081 238.208 6 3301 1934.68 1 3877081 3877082 13 0 1 20 1  0
10.8317 7631744 468.894 8 1155 42.3308 6 7631327 7631328 13 0 1 20 1  0
0 7600128 466.952 8 1155 42.3308 24 7631391 7631392 13 0 1 20 1  0
10.3833 7704739 473.379 8 1157 42.4863 1 7631659 7631660 13 0 1 20 1  0
10.4655 8885227 545.908 8 1 0.0197462 1 8885227 8885228 13 0 1 20 1  0
12.002 8890575 546.237 8 4 0.0789836 5 8890575 8890576 13 0 1 20 1  0
11.3215 8890576 546.237 1 3 0.059238 3 8890576 8890578 13 0 1 20 1  0
11.7444 8754621 537.884 8 160 3.19842 214 8754577 8754578 13 0 1 20 1  0
11.9546 8878760 545.511 8 95 1.88345 65 8754624 8754626 13 0 1 20 1  0
0 8648704 531.376 8 27 0.533239 387 8878825 8878826 13 0 1 20 1  0
10.2347 8754739 537.891 1 36 0.711146 2 8754737 8754740 13 0 1 20 1  0
0 8648704 531.376 2 36 0.711146 202 8839372 8839376 13 0 1 20 1  0
10.6434 8878810 545.514 1 48 0.948609 1 8754718 8754734 13 0 1 20 1  0
10.0069 8878802 545.514 1 50 0.988221 1 8878802 8878803 13 0 1 20 1  0
11.6815 8878768 545.511 1 107 2.12388 16 8754630 8754633 13 0 1 20 1  0
10.9392 8839330 543.088 3 91 1.80349 14 8754675 8754707 13 0 1 20 1  0
10.7433 8878737 545.51 1 145 2.89191 13 8754631 8754635 13 0 1 20 1  0
10.9367 8839282 543.085 8 142 2.83086 6 8754632 8754636 13 0 1 20 1  0
10.3626 8839274 543.085 1 156 3.11648 1 8754624 8754629 13 0 1 20 1  0
10.0566 8754591 537.882 1 212 4.27962 1 8754591 8754592 13 0 1 20 1  0
10.186 8878624 545.503 1 212 4.27962 1 8878624 8878625 13 0 1 20 1  0
10.1352 8754575 537.881 1 237 4.81166 1 8754575 8754576 13 0 1 20 1  0
10.7463 8878366 545.487 8 515 11.6158 17 8878366 8878368 13 0 1 20 1  0
10.931 8878378 545.488 1 502 11.2486 24 8725320 8725321 13 0 1 20 1  0
10.0746 8725287 536.082 1 502 11.2486 1 8725287 8725288 13 0 1 20 1  0
0 8648704 531.376 1 502 11.2486 60 8754193 8754195 13 0 1 20 1  0
10.0948 8754232 537.86 1 548 12.5761 1 8754232 8754233 13 0 1 20 1  0
10.0929 8754140 537.854 1 565 13.0873 1 8754140 8754141 13 0 1 20 1  0
10.0849 8878280 545.482 1 565 13.0873 1 8878280 8878282 13 0 1 20 1  0
10.0202 8754207 537.858 1 576 13.4244 1 8754207 8754208 13 0 1 20 1  0
10.8717 8878302 545.483 2 588 13.798 4 8725131 8725133 13 0 1 20 1  0
10.2071 8725196 536.076 8 587 13.7667 1 8725196 8725197 13 0 1 20 1  0
0 8648704 531.376 8 587 13.7667 5 8754246 8754247 13 0 1 20 1  0
16.8752 8754012 537.846 12 784 20.9167 106 8723012 8736264 13 0 1 20 1  0
10.2643 8878250 545.48 1 598 14.1141 2 8878250 8878251 13 0 1 20 1  0
0 8648704 531.376 12 623 14.924 206 8879020 8879270 13 0 1 20 1  0
10.1119 8754072 537.85 1 626 15.0231 1 8754072 8754073 13 0 1 20 1  0
10.4487 8754175 537.857 1 626 15.0231 1 8754080 8754081 13 0 1 20 1  0
12.9482 8878316 545.484 12 808 21.9435 9 8723756 8725166 13 0 1 20 1  0
22.7464 8845980 543.497 12 1309 56.0178 153 8648704 8649512 13 0 1 20 1  0
0 8648704 531.376 12 1242 49.6132 816 8761800 8762028 13 0 1 20 1  0
10.334 8874980 545.279 12 1379 63.5565 1 8844618 8846926 13 0 1 20 1  0
11.7162 8869312 544.93 12 1917 166.062 44 8868078 8871484 13 0 1 20 1  0
11.1742 8760378 538.238 8 2716 685.581 9 8758931 8758932 13 0 1 20 1  0
0 8648704 531.376 8 2715 684.367 50 8759298 8759299 13 0 1 20 1  0
10.3987 8760960 538.273 1 2715 684.367 1 8759430 8759432 13 0 1 20 1  0
0 8648704 531.376 1 2715 684.367 6 8759526 8759527 13 0 1 20 1  0
10.0542 8759673 538.194 1 2716 685.581 1 8759673 8759674 13 0 1 20 1  0
51.9715 9186707 564.431 7 4 0.0789836 22487 9186067 9186850 13 0 1 20 1  0
89.8659 9345326 574.177 8 8 0.157966 11785 9185796 9187810 13 0 1 20 1  0
0 9172992 563.589 8 0 0 11812 9185782 9185783 13 0 1 20 1  0
10.03 9185729 564.371 1 0 0 1 9185729 9185730 13 0 1 20 1  0
60.536 9347948 574.338 2 3 0.059238 66 9186116 9186120 13 0 1 20 1  0
59.8952 9346816 574.268 2 0 0 2 9186120 9186128 13 0 1 20 1  0
10.12 9185761 564.373 1 1 0.0197462 1 9185761 9185762 13 0 1 20 1  0
10.8219 9186574 564.423 1 2 0.0394922 1 9186574 9186575 13 0 1 20 1  0
11.0991 9186123 564.395 2 9 0.177712 6 9186123 9186124 13 0 1 20 1  0
10.862 9186491 564.418 1 80 1.58404 30 9186491 9186492 13 0 1 20 1  0
11.4118 9186475 564.417 1 96 1.90345 20 9186475 9186476 13 0 1 20 1  0
12.044 9186340 564.409 1 177 3.5485 89 9186340 9186341 13 0 1 20 1  0
10.3557 9185458 564.354 3 601 14.2098 4 9185458 9185459 13 0 1 20 1  0
10.1035 9184700 564.308 4 679 16.847 8 9184700 9184701 13 0 1 20 1  0
10.139 9184497 564.295 4 723 18.4735 1 9184497 9184498 13 0 1 20 1  0
10.0398 9342804 574.022 3 821 22.5161 1 9342804 9342805 13 0 1 20 1  0
10.6658 9342772 574.02 3 827 22.7844 3 9342770 9342773 13 0 1 20 1  0
10.1604 9342717 574.017 3 841 23.4205 1 9342717 9342718 13 0 1 20 1  0
10.8171 9343785 574.082 3 922 27.3972 2 9343784 9343787 13 0 1 20 1  0
10.0559 9341860 573.964 3 958 29.341 1 9341860 9341861 13 0 1 20 1  0
10.2278 10230337 628.552 8 1 0.0197462 1 10230337 10230338 13 0 1 20 1  0
10.3035 10445540 641.774 3 39 0.770481 1 10445534 10445544 13 0 1 20 1  0
31.0172 10446760 641.849 12 108 2.14396 152 10432072 10448030 13 0 1 20 1  0
10.5363 10445495 641.771 1 106 2.10381 5 10445466 10445468 13 0 1 20 1  0
12.2748 10445035 641.743 8 542 12.3984 958 10228620 10228622 13 0 1 20 1  0
0 10221568 628.013 8 106 2.10381 1782 10445494 10445495 13 0 1 20 1  0
0 10221568 628.013 1 106 2.10381 1545 10445479 10445500 13 0 1 20 1  0
10.0496 10445463 641.769 1 111 2.20423 2 10445463 10445464 13 0 1 20 1  0
11.1102 10445405 641.766 1 222 4.49138 8 10445298 10445299 13 0 1 20 1  0
0 10221568 628.013 12 344 7.20815 2 10443962 10447170 13 0 1 20 1  0
12.2166 10228733 628.453 8 409 8.78467 53 10228527 10228532 13 0 1 20 1  0
10.4544 10228589 628.444 1 394 8.4113 1 10228589 10228590 13 0 1 20 1  0
10.3632 10228572 628.443 1 417 8.98632 7 10228572 10228573 13 0 1 20 1  0
10.3043 10228531 628.441 1 408 8.75959 5 10228531 10228532 13 0 1 20 1  0
11.7773 10228689 628.451 1 461 10.1288 73 10228477 10228479 13 0 1 20 1  0
10.2937 10228465 628.437 1 461 10.1288 2 10228465 10228466 13 0 1 20 1  0
10.0675 10228672 628.45 1 447 9.75892 1 10228672 10228673 13 0 1 20 1  0
10.3104 10228487 628.438 1 463 10.1821 3 10228487 10228488 13 0 1 20 1  0
10.2997 10331409 634.762 1 514 11.5873 1 10331409 10331410 13 0 1 20 1  0
10.0205 10444758 641.726 1 570 13.2399 1 10444758 10444759 13 0 1 20 1  0
10.1059 10444654 641.72 1 673 16.6333 6 10444654 10444655 13 0 1 20 1  0
10.0561 10444684 641.721 1 645 15.6609 3 10444684 10444685 13 0 1 20 1  0
10.0586 10444587 641.715 2 640 15.4913 3 10444587 10444588 13 0 1 20 1  0
10.0184 10444523 641.711 1 659 16.1421 1 10444523 10444524 13 0 1 20 1  0
10.3039 10331286 634.754 8 663 16.2814 1 10331286 10331287 13 0 1 20 1  0
13.2502 10445064 641.745 12 690 17.2436 4 10311994 10314456 13 0 1 20 1  0
0 10221568 628.013 12 690 17.2436 4 10415568 10416008 13 0 1 20 1  0
10.1062 10415762 639.944 8 779 20.7076 1 10415762 10415763 13 0 1 20 1  0
10.9372 10334480 634.95 12 2801 797.127 4 10333248 10335806 13 0 1 20 1  0
129.545 10673886 655.804 12 18 0.355443 40 10507228 10575242 13 0 1 20 1  0
0 10483712 644.119 12 0 0 59 10659478 10687330 13 0 1 20 1  0
10.3831 10619882 652.486 8 2 0.0394922 2 10619882 10619883 13 0 1 20 1  0
11.2878 10716129 658.399 8 143 2.8512 2 10529885 10529893 13 0 1 20 1  0
68.4659 10672300 655.706 5 126 2.50651 245 10558840 10562230 13 0 1 20 1  0
43.4489 10530027 646.965 6 163 3.25999 66 10529815 10530093 13 0 1 20 1  0
0 10483712 644.119 8 106 2.10381 31967 10532779 10532780 13 0 1 20 1  0
10.0444 10529990 646.963 2 175 3.50716 2 10529990 10529991 13 0 1 20 1  0
68.6556 10643341 653.927 6 141 2.81052 339 10558809 10562301 13 0 1 20 1  0
10.5613 10529934 646.959 1 112 2.22433 4 10529934 10529935 13 0 1 20 1  0
48.2046 10701600 657.506 5 130 2.5874 9 10561112 10561367 13 0 1 20 1  0
47.3817 10559030 648.747 4 134 2.66842 11 10529875 10530098 13 0 1 20 1  0
11.9598 10545547 647.918 1 124 2.46611 1 10529907 10530099 13 0 1 20 1  0
10.4864 10529882 646.956 1 137 2.72927 3 10529882 10529883 13 0 1 20 1  0
10.6371 10529898 646.957 1 126 2.50651 1 10529898 10529899 13 0 1 20 1  0
11.6317 10716146 658.4 3 140 2.7902 2 10532558 10532841 13 0 1 20 1  0
10.8388 10529860 646.955 1 145 2.89191 2 10529860 10529861 13 0 1 20 1  0
11.9812 10529849 646.954 1 148 2.95305 3 10529849 10529850 13 0 1 20 1  0
10.8185 10529835 646.953 1 154 3.07556 1 10529835 10529836 13 0 1 20 1  0
11.4037 10529827 646.953 1 156 3.11648 6 10529827 10529828 13 0 1 20 1  0
10.653 10529802 646.951 1 169 3.38338 1 10529802 10529803 13 0 1 20 1  0
10.3365 10642994 653.906 8 473 10.4507 1 10642994 10642995 13 0 1 20 1  0
10.2042 10671959 655.685 8 473 10.4507 1 10671925 10671926 13 0 1 20 1  0
0 10483712 644.119 8 473 10.4507 1 10671959 10671960 13 0 1 20 1  0
10.82 10639680 653.702 12 1306 55.7148 13 10525732 10526720 13 0 1 20 1  0
0 10483712 644.119 12 1295 54.6173 823 10639456 10639964 13 0 1 20 1  0
207.159 10525328 646.676 12 1428 69.4095 240 10507200 10588132 13 0 1 20 1  0
11.2239 10856907 667.048 8 2 0.0394922 2 10856907 10856908 13 0 1 20 1  0
11.2517 10973788 674.229 8 1 0.0197462 1 10858459 10858460 13 0 1 20 1  0
0 10745856 660.225 8 1 0.0197462 13303 10973788 10973789 13 0 1 20 1  0
10.7014 10975198 674.316 8 3 0.059238 2 10975198 10975199 13 0 1 20 1  0
12.5489 10785612 662.668 1 456 9.99597 1844 10756566 10756568 13 0 1 20 1  0
10.5414 10858451 667.143 8 4 0.0789836 1 10858451 10858452 13 0 1 20 1  0
11.9472 10983381 674.819 8 262 5.35308 88 10785742 10785746 13 0 1 20 1  0
10.0024 10983593 674.832 1 5 0.0987291 1 10983593 10983594 13 0 1 20 1  0
12.0176 10870197 667.865 8 477 10.5591 26 10756470 10756475 13 0 1 20 1  0
10.7873 10870636 667.892 1 10 0.197458 2 10786033 10786037 13 0 1 20 1  0
10.3841 10983585 674.831 1 16 0.315943 1 10786029 10786032 13 0 1 20 1  0
11.7874 10899101 669.641 8 530 12.0472 53 10756419 10756428 13 0 1 20 1  0
10.1123 10983486 674.825 1 135 2.6887 1 10785942 10785943 13 0 1 20 1  0
11.289 10983373 674.818 1 310 6.42284 93 10785689 10785693 13 0 1 20 1  0
10.0843 10870482 667.882 2 218 4.40651 1 10870482 10870483 13 0 1 20 1  0
10.6213 10870424 667.879 1 240 4.87612 2 10785798 10785799 13 0 1 20 1  0
10.4051 10899396 669.659 1 256 5.22223 5 10785856 10785857 13 0 1 20 1  0
10.5993 10870392 667.877 2 290 5.97193 1 10785766 10785771 13 0 1 20 1  0
10.0895 10983332 674.816 1 306 6.33203 2 10983332 10983333 13 0 1 20 1  0
10.8779 10983296 674.814 1 329 6.85864 1 10785677 10785680 13 0 1 20 1  0
10.1598 10899322 669.654 1 334 6.97459 1 10899322 10899323 13 0 1 20 1  0
10.6768 10983325 674.815 1 338 7.06775 1 10785670 10785672 13 0 1 20 1  0
10.6451 10983316 674.815 1 351 7.37298 1 10785644 10785646 13 0 1 20 1  0
10.7726 10899292 669.652 1 367 7.75402 1 10785633 10785635 13 0 1 20 1  0
11.3026 10899275 669.651 1 391 8.33735 1 10785554 10785556 13 0 1 20 1  0
10.7594 10870280 667.87 2 409 8.78467 2 10785575 10785577 13 0 1 20 1  0
11.2433 10983207 674.808 1 439 9.55029 1 10785514 10785519 13 0 1 20 1  0
10.9328 10756569 660.884 8 493 10.9979 32 10756569 10756570 13 0 1 20 1  0
10.5357 10870198 667.865 1 477 10.5591 1 10785561 10785563 13 0 1 20 1  0
10.2654 10756538 660.882 1 491 10.9426 9 10756538 10756539 13 0 1 20 1  0
10.1163 10756465 660.877 1 484 10.75 1 10756465 10756466 13 0 1 20 1  0
10.0568 10756574 660.884 1 488 10.8599 1 10756574 10756575 13 0 1 20 1  0
11.2958 10899102 669.641 1 530 12.0472 50 10756426 10756429 13 0 1 20 1  0
10.2106 10756436 660.875 1 519 11.73 13 10756436 10756437 13 0 1 20 1  0
10.0894 10899020 669.636 1 534 12.1636 1 10899020 10899021 13 0 1 20 1  0
10.7025 10899012 669.635 1 543 12.4279 1 10785427 10785436 13 0 1 20 1  0
10.0518 10899066 669.639 1 554 12.7552 1 10899066 10899067 13 0 1 20 1  0
10.0101 10898999 669.634 1 558 12.8754 1 10898999 10899000 13 0 1 20 1  0
10.3188 10784520 662.601 8 1065 35.8578 1 10784520 10784521 13 0 1 20 1  0
43.5682 2888468 177.467 9 2858 881.919 541 2888021 2888946 13 0 1 20 1 1
