14.7025 83486 5.12938 10 197 3.96445 299 82834 84315 13 0 1 20 1  0
10.0067 107585 6.61002 7 98 1.94347 1 107585 107586 13 0 1 20 1  0
10.3274 406030 24.9465 12 1031 33.6587 1 405632 406358 13 0 1 20 1  0
11.3046 524059 32.1982 8 0 0 26712 524059 524060 13 0 1 20 1  0
12.517 538183 33.066 1 0 0 1 524319 524321 13 0 1 20 1  0
10.1554 524320 32.2142 2 0 0 1 524320 524321 13 0 1 20 1  0
12.5328 548104 33.6755 2 0 0 2 525576 525577 13 0 1 20 1  0
11.8065 562282 34.5466 3 0 0 1 538181 538185 13 0 1 20 1  0
11.2888 597572 36.7148 4 0 0 1 557051 557057 13 0 1 20 1  0
29.7464 673050 41.3522 10 524 11.8736 13520 672288 680664 13 0 1 20 1  0
10.3567 525480 32.2855 2 1 0.0197462 1 525480 525481 13 0 1 20 1  0
10.8688 601167 36.9357 3 1 0.0197462 1 556798 556800 13 0 1 20 1  0
10.0355 566579 34.8106 6 3 0.059238 2 566579 566580 13 0 1 20 1  0
13.963 680012 41.7799 7 505 11.3328 4 674014 674106 13 0 1 20 1  0
10.385 679433 41.7444 4 723 18.4735 1 672118 672313 13 0 1 20 1  0
10.0935 643625 39.5443 4 854 24.0241 2 643625 643626 13 0 1 20 1  0
10.0136 671475 41.2554 3 850 23.8371 1 671475 671476 13 0 1 20 1  0
10.9464 671420 41.252 2 863 24.4495 2 671420 671421 13 0 1 20 1  0
11.27 671314 41.2455 2 924 27.5022 28 671228 671229 13 0 1 20 1  0
10.0237 671405 41.2511 2 874 24.9778 1 671405 671406 13 0 1 20 1  0
10.8734 671202 41.2387 2 957 29.2854 14 671105 671106 13 0 1 20 1  0
10.7541 670976 41.2248 2 981 30.645 22 670976 670978 13 0 1 20 1  0
11.586 678288 41.674 3 962 29.5642 1 671057 671291 13 0 1 20 1  0
11.1024 678246 41.6714 3 973 30.1858 1 671108 671237 13 0 1 20 1  0
13.5547 670919 41.2213 3 997 31.5821 19 670780 670782 13 0 1 20 1  0
10.369 670786 41.2131 2 1032 33.7216 18 670786 670787 13 0 1 20 1  0
10.3655 670600 41.2017 2 1040 34.2286 4 670600 670601 13 0 1 20 1  0
10.0475 670644 41.2044 3 1030 33.596 1 670644 670645 13 0 1 20 1  0
10.4742 670550 41.1986 3 1034 33.8477 4 670550 670551 13 0 1 20 1  0
10.2581 670482 41.1944 3 1039 34.1649 2 670482 670483 13 0 1 20 1  0
10.6867 670391 41.1888 2 1087 37.3496 5 670391 670392 13 0 1 20 1  0
10.063 670213 41.1779 3 1103 38.4702 1 670213 670214 13 0 1 20 1  0
10.1117 669969 41.1629 4 1125 40.0618 1 669969 669970 13 0 1 20 1  0
10.533 670067 41.1689 3 1152 42.0986 5 670067 670068 13 0 1 20 1  0
10.2243 669706 41.1467 3 1197 45.7103 4 669706 669707 13 0 1 20 1  0
10.1923 669890 41.158 3 1187 44.8834 1 669890 669891 13 0 1 20 1  0
13.3467 676140 41.542 4 1244 49.7938 8 669255 669258 13 0 1 20 1  0
10.3137 669331 41.1237 3 1244 49.7938 4 669331 669332 13 0 1 20 1  0
10.0808 669255 41.119 3 1249 50.248 1 669255 669256 13 0 1 20 1  0
11.7314 675832 41.5231 4 1286 53.7348 1 669076 669093 13 0 1 20 1  0
10.8717 668586 41.0779 3 1346 59.8878 2 668586 668587 13 0 1 20 1  0
10.4089 668170 41.0524 3 1357 61.0873 1 668170 668171 13 0 1 20 1  0
10.4624 667245 40.9955 4 1449 72.0757 2 667245 667246 13 0 1 20 1  0
10.1047 666905 40.9746 4 1498 78.6923 1 666905 666906 13 0 1 20 1  0
10.2209 666060 40.9227 4 1560 87.9231 1 666060 666061 13 0 1 20 1  0
10.1292 667086 40.9858 5 1740 121.209 1 667086 667087 13 0 1 20 1  0
10.498 666860 40.9719 5 1767 127.178 2 666845 666862 13 0 1 20 1  0
10.2413 665462 40.886 5 1877 154.665 1 665461 665464 13 0 1 20 1  0
10.9297 785004 48.2306 8 0 0 484 785004 785005 13 0 1 20 1  0
12.7692 951045 58.4322 8 0 0 1 785010 785011 13 0 1 20 1  0
13.9442 951046 58.4323 1 0 0 2 785004 785012 13 0 1 20 1  0
13.7792 944586 58.0354 2 0 0 7 785004 785007 13 0 1 20 1  0
14.7394 852255 52.3625 3 0 0 1 785004 785012 13 0 1 20 1  0
13.8435 842511 51.7639 4 3 0.059238 9 786635 786645 13 0 1 20 1  0
12.581 841626 51.7095 6 3 0.059238 22 841610 841664 13 0 1 20 1  0
10.3327 785007 48.2308 2 1 0.0197462 3 785007 785008 13 0 1 20 1  0
13.1531 979606 60.187 3 1 0.0197462 1 834690 834694 13 0 1 20 1  0
13.6068 834690 51.2834 3 2 0.0394922 3 785004 785006 13 0 1 20 1  0
10.013 798412 49.0544 4 2 0.0394922 1 798412 798413 13 0 1 20 1  0
10.0832 789771 48.5235 2 3 0.059238 1 789771 789772 13 0 1 20 1  0
13.1773 859201 52.7893 3 3 0.059238 1 785003 785005 13 0 1 20 1  0
12.4895 856448 52.6202 4 4 0.0789836 4 841626 841636 13 0 1 20 1  0
11.9992 852401 52.3715 10 165 3.30108 12 852157 852549 13 0 1 20 1  0
14.2291 867420 53.2943 12 2952 1041.9 5 863680 869142 13 0 1 20 1  0
27.8598 1080025 66.3567 11 282 5.79369 13579 1078388 1081877 13 0 1 20 1  0
10.0162 1210058 74.346 3 1 0.0197462 1 1210058 1210060 13 0 1 20 1  0
0 1046528 64.2987 5 4 0.0789836 9393 1153768 1153770 13 0 1 20 1  0
10.1385 1077570 66.2059 3 822 22.5606 1 1077570 1077571 13 0 1 20 1  0
10.0678 1077540 66.2041 3 826 22.7395 1 1077540 1077541 13 0 1 20 1  0
10.0381 1077501 66.2017 3 833 23.0553 1 1077501 1077502 13 0 1 20 1  0
10.3026 1077425 66.197 3 859 24.2597 8 1077425 1077426 13 0 1 20 1  0
11.2736 1077267 66.1873 3 945 28.6257 9 1077028 1077032 13 0 1 20 1  0
11.5475 1076899 66.1647 3 1278 52.9618 4 1074888 1074889 13 0 1 20 1  0
10.4775 1076797 66.1584 3 1303 55.4134 1 1074701 1074707 13 0 1 20 1  0
10.3771 1076577 66.1449 3 1312 56.3224 1 1074587 1074609 13 0 1 20 1  0
10.5398 1065499 65.4643 7 1909 163.718 1 1065466 1065537 13 0 1 20 1  0
10.0013 1064918 65.4286 6 1924 168.141 1 1064918 1064919 13 0 1 20 1  0
10.0607 1062758 65.2959 6 2000 192.449 1 1062758 1062761 13 0 1 20 1  0
10.1869 1062068 65.2535 12 2022 200.117 2 1061502 1062444 13 0 1 20 1  0
10.965 1060597 65.1631 8 2074 219.476 2 1060076 1060729 13 0 1 20 1  0
10.5404 1062564 65.2839 12 2307 331.882 2 1061808 1063040 13 0 1 20 1  0
10.4745 1349184 82.8939 8 0 0 1 1349184 1349185 13 0 1 20 1  0
10.5847 1567296 96.2947 8 0 0 1 1351861 1351862 13 0 1 20 1  0
0 1308672 80.4048 8 0 0 178 1358375 1358377 13 0 1 20 1  0
11.4943 1506638 92.5678 1 0 0 1 1312197 1312202 13 0 1 20 1  0
10.3706 1367101 83.9947 2 0 0 1 1367101 1367102 13 0 1 20 1  0
10.6374 1492789 91.7169 2 0 0 2 1367324 1367326 13 0 1 20 1  0
11.415 1484675 91.2184 3 1 0.0197462 4 1382622 1382626 13 0 1 20 1  0
12.4996 1314161 80.7421 5 0 0 4 1312194 1312207 13 0 1 20 1  0
12.4423 1313188 80.6823 6 0 0 8 1312197 1312203 13 0 1 20 1  0
10.004 1449637 89.0657 2 1 0.0197462 1 1449637 1449638 13 0 1 20 1  0
10.3866 1540926 94.6745 4 1 0.0197462 1 1313179 1313188 13 0 1 20 1  0
11.8854 1329799 81.7029 7 8 0.157966 9 1329455 1329823 13 0 1 20 1  0
10.0351 1382622 84.9483 4 4 0.0789836 1 1382622 1382623 13 0 1 20 1  0
10.0577 1467155 90.142 5 7 0.13822 1 1467155 1467158 13 0 1 20 1  0
13.3216 1380636 84.8263 11 332 6.92815 31 1379931 1381610 13 0 1 20 1  0
11.0874 1329249 81.6691 4 461 10.1288 33 1329240 1329270 13 0 1 20 1  0
0 1308672 80.4048 4 448 9.78513 5 1329267 1329289 13 0 1 20 1  0
10.0069 1327323 81.5507 4 451 9.86397 1 1327323 1327324 13 0 1 20 1  0
10.1536 1323035 81.2873 4 473 10.4507 3 1323035 1323036 13 0 1 20 1  0
10.1395 1327611 81.5684 4 461 10.1288 1 1327611 1327612 13 0 1 20 1  0
0 1308672 80.4048 11 463 10.1821 3 1323603 1324091 13 0 1 20 1  0
11.6458 1323989 81.3459 11 476 10.532 2 1323563 1329898 13 0 1 20 1  0
10.5785 1322700 81.2667 5 894 25.9629 3 1322694 1322702 13 0 1 20 1  0
14.9103 1319352 81.061 10 2700 666.401 6 1317377 1323735 13 0 1 20 1  0
13.4931 1572965 96.643 8 0 0 6438 1572965 1572966 13 0 1 20 1  0
13.6571 1777824 109.229 8 0 0 1 1572969 1572973 13 0 1 20 1  0
16.3709 1697002 104.264 2 0 0 7 1573530 1573538 13 0 1 20 1  0
12.3171 1572971 96.6433 2 0 0 2 1572971 1572972 13 0 1 20 1  0
18.0469 1640557 100.796 4 0 0 4 1575433 1575441 13 0 1 20 1  0
19.8746 1636315 100.535 5 2 0.0394922 42 1624967 1624993 13 0 1 20 1  0
10.1073 1624979 99.8387 4 5 0.0987291 2 1624979 1624980 13 0 1 20 1  0
18.159 1806945 111.019 6 5 0.0987291 703 1624954 1624969 13 0 1 20 1  0
31.1975 1828028 112.314 12 92 1.82347 4532 1825022 1831064 13 0 1 20 1  0
10.0662 1573531 96.6777 3 1 0.0197462 2 1573531 1573532 13 0 1 20 1  0
10.706 1742924 107.085 3 7 0.13822 3 1636299 1636319 13 0 1 20 1  0
13.6882 1664232 102.25 3 3 0.059238 1 1575084 1575086 13 0 1 20 1  0
10.241 1575082 96.773 3 4 0.0789836 2 1575082 1575083 13 0 1 20 1  0
11.0008 1675823 102.963 4 9 0.177712 6 1636300 1636314 13 0 1 20 1  0
10.1652 1775387 109.08 5 53 1.04766 3 1775386 1775390 13 0 1 20 1  0
10.9601 1639695 100.743 9 495 11.0534 13 1639602 1639804 13 0 1 20 1  0
10.5758 1823299 112.023 5 1365 61.9742 4 1823283 1823311 13 0 1 20 1  0
10.7028 1634035 100.395 7 1485 76.8811 2 1633655 1634052 13 0 1 20 1  0
11.2675 1806784 111.009 12 2384 380.463 3 1805742 1807648 13 0 1 20 1  0
11.3008 2036624 125.13 8 0 0 1 1832992 1832998 13 0 1 20 1  0
10.4511 1832995 112.619 2 1 0.0197462 195 1832995 1832996 13 0 1 20 1  0
12.2307 2036625 125.13 1 0 0 1 1832993 1832999 13 0 1 20 1  0
12.0183 1968634 120.953 2 0 0 1 1832994 1832999 13 0 1 20 1  0
12.0599 1961259 120.5 3 1 0.0197462 8 1832993 1832996 13 0 1 20 1  0
10.0351 1859200 114.229 4 0 0 1 1859200 1859201 13 0 1 20 1  0
11.4545 1873907 115.133 5 0 0 11 1855917 1855920 13 0 1 20 1  0
11.4605 2075246 127.503 2 1 0.0197462 1 1855915 1855917 13 0 1 20 1  0
10.0006 1874230 115.153 3 4 0.0789836 1 1874230 1874231 13 0 1 20 1  0
10.381 2058057 126.447 3 4 0.0789836 2 1922434 1922437 13 0 1 20 1  0
10.3163 2059026 126.507 5 9 0.177712 2 1961233 1961238 13 0 1 20 1  0
12.9289 1964356 120.69 12 173 3.46586 67 1963396 1965942 13 0 1 20 1  0
0 1832960 112.617 12 490 10.915 1 1963064 1965490 13 0 1 20 1  0
10.8076 1882312 115.649 11 2731 704.065 2 1881140 1883341 13 0 1 20 1  0
18.7828 2211945 135.902 10 266 5.44065 3407 2206384 2206767 13 0 1 20 1  0
0 2095104 128.723 10 110 2.18413 9 2211839 2212914 13 0 1 20 1  0
0 2095104 128.723 4 536 12.2221 29 2211678 2211681 13 0 1 20 1  0
0 2095104 128.723 5 1036 33.9743 1081 2210458 2210460 13 0 1 20 1  0
19.6657 2357248 144.829 9 1197 45.7103 2322 2209322 2209871 13 0 1 20 1  0
11.4564 2194334 134.82 7 2033 204.065 14 2193750 2195428 13 0 1 20 1  0
0 2095104 128.723 7 2033 204.065 4 2195910 2195968 13 0 1 20 1  0
13.2587 2355610 144.729 12 2524 487.715 23 2353654 2357250 13 0 1 20 1  0
0 2095104 128.723 8 2452 429.241 5 2356629 2357237 13 0 1 20 1  0
12.0851 2344824 144.066 12 2953 1043.75 8 2340930 2347088 13 0 1 20 1  0
10.0716 2392829 147.015 1 0 0 1 2392829 2392830 13 0 1 20 1  0
10.6444 2612476 160.511 3 0 0 3 2361492 2361926 13 0 1 20 1  0
53.6507 2362156 145.131 11 216 4.36416 31876 2360504 2365319 13 0 1 20 1  0
10.4239 2365999 145.367 4 0 0 1 2361496 2361928 13 0 1 20 1  0
10.734 2362732 145.166 5 2 0.0394922 2 2361506 2361645 13 0 1 20 1  0
10.6036 2362470 145.15 4 194 3.90176 2 2361190 2361826 13 0 1 20 1  0
10.2287 2360631 145.037 2 437 9.49843 1 2360631 2360632 13 0 1 20 1  0
10.3489 2360428 145.025 2 520 11.7587 2 2360428 2360429 13 0 1 20 1  0
10.0471 2360392 145.022 2 539 12.31 1 2360392 2360393 13 0 1 20 1  0
10.0486 2359426 144.963 2 811 22.0745 1 2359426 2359427 13 0 1 20 1  0
10.1929 2359376 144.96 2 828 22.8294 2 2359376 2359377 13 0 1 20 1  0
10.1861 2359355 144.959 2 825 22.6947 3 2359355 2359356 13 0 1 20 1  0
10.1192 2359410 144.962 2 826 22.7395 1 2359410 2359411 13 0 1 20 1  0
10.1108 2359320 144.957 2 837 23.2373 2 2359320 2359321 13 0 1 20 1  0
10.2879 2359268 144.953 2 857 24.1652 8 2359268 2359269 13 0 1 20 1  0
10.4132 2359167 144.947 3 858 24.2124 10 2359167 2359168 13 0 1 20 1  0
10.1378 2359210 144.95 2 860 24.307 1 2359210 2359211 13 0 1 20 1  0
10.2964 2361316 145.079 2 876 25.0749 1 2359206 2359210 13 0 1 20 1  0
10.2919 2359129 144.945 2 891 25.8131 4 2359129 2359130 13 0 1 20 1  0
10.7635 2361292 145.078 2 887 25.6145 1 2359097 2359110 13 0 1 20 1  0
10.2429 2359084 144.942 2 894 25.9629 2 2359084 2359085 13 0 1 20 1  0
10.3571 2358995 144.937 2 900 26.2647 4 2358995 2358996 13 0 1 20 1  0
10.3973 2359033 144.939 2 899 26.2142 3 2359033 2359034 13 0 1 20 1  0
10.3579 2358925 144.932 2 940 28.3547 7 2358925 2358926 13 0 1 20 1  0
10.3829 2358885 144.93 2 921 27.3448 2 2358885 2358886 13 0 1 20 1  0
11.093 2358846 144.927 2 933 27.9789 4 2358846 2358847 13 0 1 20 1  0
10.631 2358621 144.914 2 978 30.4721 14 2358621 2358622 13 0 1 20 1  0
10.1982 2358805 144.925 2 947 28.7348 2 2358805 2358806 13 0 1 20 1  0
10.2079 2358777 144.923 2 952 29.009 3 2358777 2358778 13 0 1 20 1  0
10.6441 2358552 144.909 2 983 30.7608 7 2358552 2358553 13 0 1 20 1  0
10.5495 2358746 144.921 2 972 30.1288 3 2358746 2358747 13 0 1 20 1  0
10.9329 2361278 145.077 2 960 29.4524 1 2358800 2358812 13 0 1 20 1  0
10.8906 2361149 145.069 2 968 29.9019 1 2358769 2358772 13 0 1 20 1  0
10.709 2358519 144.907 2 1000 31.7606 8 2358519 2358520 13 0 1 20 1  0
10.3965 2358432 144.902 2 1013 32.5446 5 2358432 2358433 13 0 1 20 1  0
10.2564 2358478 144.905 2 1003 31.94 1 2358478 2358479 13 0 1 20 1  0
10.0089 2358459 144.904 2 1004 32 1 2358459 2358460 13 0 1 20 1  0
10.2997 2358266 144.892 3 1026 33.3459 5 2358266 2358267 13 0 1 20 1  0
10.3976 2358181 144.887 2 1077 36.6646 15 2358181 2358182 13 0 1 20 1  0
10.1089 2358219 144.889 2 1051 34.937 1 2358219 2358220 13 0 1 20 1  0
12.3529 2361088 145.065 4 1062 35.6586 1 2358594 2358623 13 0 1 20 1  0
10.765 2357971 144.874 3 1076 36.5967 5 2357971 2357972 13 0 1 20 1  0
11.3796 2361216 145.073 3 1068 36.058 1 2358379 2358384 13 0 1 20 1  0
10.6713 2358047 144.878 2 1090 37.5574 13 2358047 2358048 13 0 1 20 1  0
10.1776 2358109 144.882 2 1074 36.4614 1 2358109 2358110 13 0 1 20 1  0
10.0643 2358004 144.876 3 1080 36.8689 1 2358004 2358005 13 0 1 20 1  0
10.5747 2357788 144.862 3 1100 38.2578 11 2357788 2357789 13 0 1 20 1  0
10.6764 2357918 144.87 2 1129 40.3576 6 2357808 2357810 13 0 1 20 1  0
10.4906 2357721 144.858 3 1101 38.3285 3 2357721 2357722 13 0 1 20 1  0
11.5414 2587730 158.99 12 1705 113.884 24 2586484 2589094 13 0 1 20 1  0
10.1334 2359715 144.981 7 1976 184.417 2 2359709 2359717 13 0 1 20 1  0
10.7537 2572738 158.069 12 2636 594.894 2 2571420 2574316 13 0 1 20 1  0
29.7016 2821731 173.367 11 573 13.332 8668 2754737 2756690 13 0 1 20 1  0
0 2619392 160.935 7 6 0.118475 16503 2823257 2823385 13 0 1 20 1  0
26.2432 2756458 169.357 9 193 3.88089 1561 2756105 2756871 13 0 1 20 1  0
10.0695 2820366 173.283 2 788 21.0851 1 2820366 2820367 13 0 1 20 1  0
10.3847 2754502 169.237 3 848 23.744 6 2754502 2754503 13 0 1 20 1  0
10.0556 2753397 169.169 5 1116 39.4034 1 2753397 2753398 13 0 1 20 1  0
10.0984 2752877 169.137 3 1168 43.3509 2 2752877 2752878 13 0 1 20 1  0
10.0766 2752498 169.113 3 1220 47.6672 1 2752498 2752499 13 0 1 20 1  0
12.1757 2751578 169.057 4 1335 58.7111 18 2751462 2751472 13 0 1 20 1  0
11.643 2751277 169.038 4 1360 61.4184 15 2751245 2751282 13 0 1 20 1  0
10.2253 2751194 169.033 4 1358 61.1975 1 2751194 2751195 13 0 1 20 1  0
10.659 3088949 189.785 8 201 4.04822 9 3088900 3088974 13 0 1 20 1  0
10.8964 3381964 207.788 9 428 9.26654 20 3381888 3382023 13 0 1 20 1  0
11.1321 3381394 207.753 8 784 20.9167 30 3381226 3381439 13 0 1 20 1  0
10.1332 3379064 207.61 8 1157 42.4863 1 3379049 3379128 13 0 1 20 1  0
10.2274 3439898 211.347 2 0 0 1 3439898 3439902 13 0 1 20 1  0
0 3405824 209.254 2 0 0 4 3499167 3499168 13 0 1 20 1  0
10.0728 3531635 216.984 3 2 0.0394922 1 3531635 3531637 13 0 1 20 1  0
10.6496 3667944 225.358 11 3193 1597.48 7 3667672 3667969 13 0 1 20 1  0
11.0972 4010849 246.427 11 2560 519.874 2 4009186 4011923 13 0 1 20 1  0
13.2197 3930112 241.466 12 2786 776.201 9 3930112 3931952 13 0 1 20 1  0
11.7398 4285046 263.273 8 0 0 1 4193969 4193972 13 0 1 20 1  0
0 4192256 257.572 8 0 0 3080 4194565 4194567 13 0 1 20 1  0
11.4996 4282597 263.123 1 0 0 1 4193970 4193972 13 0 1 20 1  0
10.7627 4193967 257.677 2 2 0.0394922 2 4193967 4193968 13 0 1 20 1  0
12.4844 4280986 263.024 2 1 0.0197462 9 4193968 4193970 13 0 1 20 1  0
17.0271 4336135 266.412 8 211 4.25852 891 4330204 4330415 13 0 1 20 1  0
12.0332 4277830 262.83 3 2 0.0394922 2 4277828 4277832 13 0 1 20 1  0
11.2736 4425576 271.907 4 7 0.13822 1 4280974 4280977 13 0 1 20 1  0
10.7321 4425238 271.887 5 18 0.355443 6 4424914 4424921 13 0 1 20 1  0
10.0784 4229419 259.855 3 11 0.217204 1 4229419 4229421 13 0 1 20 1  0
10.0204 4424914 271.867 5 19 0.375194 1 4424914 4424915 13 0 1 20 1  0
19.253 4424824 271.861 10 230 4.66179 3663 4329870 4330507 13 0 1 20 1  0
10.2198 4329997 266.035 3 323 6.7202 1 4329997 4329998 13 0 1 20 1  0
13.6423 4436416 272.573 8 971 30.0719 31 4418941 4419090 13 0 1 20 1  0
17.4756 4449972 273.406 12 1069 36.1249 411 4419140 4421544 13 0 1 20 1  0
0 4192256 257.572 8 1272 52.3891 90 4447210 4449148 13 0 1 20 1  0
14.7067 4416990 271.38 8 1462 73.7761 229 4416286 4417806 13 0 1 20 1  0
12.4862 4447224 273.237 12 2125 240.276 18 4445434 4448748 13 0 1 20 1  0
0 4192256 257.572 8 2069 217.536 2 4448129 4449457 13 0 1 20 1  0
11.0331 4400594 270.372 12 2325 342.652 2 4399204 4401928 13 0 1 20 1  0
0 4192256 257.572 12 2325 342.652 1 4443338 4444538 13 0 1 20 1  0
12.4703 4454396 273.678 12 3117 1396.06 4 4453336 4454402 13 0 1 20 1  0
10.2591 4483241 275.45 8 0 0 2 4483241 4483242 13 0 1 20 1  0
52.1336 4531954 278.443 10 195 3.92265 17063 4531057 4533338 13 0 1 20 1  0
0 4454400 273.678 8 0 0 14403 4483255 4483256 13 0 1 20 1  0
10.1259 4462245 274.16 1 0 0 1 4462245 4462246 13 0 1 20 1  0
11.0201 4532442 278.473 1 0 0 1 4483343 4483347 13 0 1 20 1  0
10.0559 4483976 275.495 2 1 0.0197462 1 4483976 4483977 13 0 1 20 1  0
10.3418 4533305 278.526 2 1 0.0197462 1 4485038 4485039 13 0 1 20 1  0
10.4397 4532375 278.469 3 1 0.0197462 1 4531785 4531871 13 0 1 20 1  0
10.0387 4508385 276.995 3 3 0.059238 1 4508385 4508386 13 0 1 20 1  0
11.0274 4532411 278.471 3 3 0.059238 1 4531781 4532003 13 0 1 20 1  0
14.0926 4625251 284.175 8 232 4.70454 2 4625147 4625328 13 0 1 20 1  0
10.0433 4531959 278.444 2 334 6.97459 1 4531165 4531556 13 0 1 20 1  0
10.0671 4530726 278.368 2 903 26.4168 1 4530040 4530047 13 0 1 20 1  0
10.1751 4518540 277.619 5 1882 156.046 1 4518540 4518544 13 0 1 20 1  0
11.4642 4518214 277.599 5 1909 163.718 1 4517515 4517520 13 0 1 20 1  0
10.7739 4516856 277.516 5 1951 176.405 1 4516844 4516869 13 0 1 20 1  0
67.2411 4814504 295.803 12 220 4.44892 15597 4716544 4720724 13 0 1 20 1  0
10.3112 4717414 289.838 4 1315 56.6286 38566 4717414 4717415 13 0 1 20 1  0
12.4051 4728331 290.509 2 0 0 4 4728327 4728337 13 0 1 20 1  0
10.8651 4932068 303.026 1 0 0 1 4728350 4728351 13 0 1 20 1  0
11.9778 4817838 296.008 4 0 0 1 4728332 4728336 13 0 1 20 1  0
11.8537 4818036 296.02 2 1 0.0197462 1 4728326 4728334 13 0 1 20 1  0
12.5109 4818063 296.022 3 1 0.0197462 4 4728326 4728334 13 0 1 20 1  0
11.1727 4818136 296.026 3 3 0.059238 2 4728324 4728329 13 0 1 20 1  0
14.468 4813663 295.751 4 528 11.9892 95 4811822 4811834 13 0 1 20 1  0
10.3066 4813334 295.731 2 642 15.559 1 4811691 4811693 13 0 1 20 1  0
10.9482 4813170 295.721 2 666 16.3865 1 4811569 4811581 13 0 1 20 1  0
10.5947 4813496 295.741 2 669 16.4919 1 4811605 4811608 13 0 1 20 1  0
11.352 4813238 295.725 2 675 16.7043 1 4811493 4811495 13 0 1 20 1  0
11.4692 4813359 295.733 2 697 17.4994 1 4811420 4811427 13 0 1 20 1  0
11.7132 4814500 295.803 4 701 17.6468 1 4813032 4813848 13 0 1 20 1  0
11.1645 4815029 295.835 4 708 17.9068 1 4813001 4813009 13 0 1 20 1  0
11.692 4812498 295.68 2 803 21.7263 4 4811000 4811004 13 0 1 20 1  0
11.4419 4814747 295.818 5 818 22.3829 1 4813062 4813945 13 0 1 20 1  0
11.3521 4812528 295.682 2 821 22.5161 1 4810904 4810906 13 0 1 20 1  0
11.2131 4812436 295.676 2 826 22.7395 1 4811018 4811052 13 0 1 20 1  0
11.352 4812336 295.67 2 923 27.4496 2 4810487 4810509 13 0 1 20 1  0
11.5726 4812451 295.677 2 858 24.2124 1 4810838 4811293 13 0 1 20 1  0
11.5978 4812378 295.672 2 866 24.5926 1 4810805 4810809 13 0 1 20 1  0
11.0012 4812289 295.667 2 896 26.0632 1 4810648 4810662 13 0 1 20 1  0
0 4716544 289.784 12 904 26.4676 1 4808970 4816750 13 0 1 20 1  0
14.0431 4812107 295.656 3 924 27.5022 8 4810475 4811388 13 0 1 20 1  0
11.0493 4813577 295.746 3 919 27.2403 1 4811455 4811644 13 0 1 20 1  0
11.3315 4813465 295.739 3 974 30.2429 3 4810882 4811439 13 0 1 20 1  0
11.2714 4813234 295.725 3 1006 32.1203 1 4811597 4811761 13 0 1 20 1  0
11.3001 4811838 295.639 2 1008 32.241 1 4810010 4810013 13 0 1 20 1  0
10.3386 4810007 295.527 2 1011 32.4229 1 4810007 4810008 13 0 1 20 1  0
10.061 4809821 295.515 3 1025 33.2836 1 4809821 4809822 13 0 1 20 1  0
14.5495 4813026 295.712 6 1046 34.6134 2 4812810 4813473 13 0 1 20 1  0
11.455 4813326 295.731 3 1065 35.8578 1 4811878 4811879 13 0 1 20 1  0
10.5995 4814205 295.785 3 1083 37.0742 3 4810318 4811248 13 0 1 20 1  0
10.0653 4807349 295.364 3 1337 58.9234 1 4807349 4807350 13 0 1 20 1  0
10.3102 4717136 289.821 3 1344 59.6722 1 4717136 4717137 13 0 1 20 1  0
10.604 4809658 295.505 2 1363 61.7513 1 4809658 4809659 13 0 1 20 1  0
10.2867 4802765 295.082 5 1700 112.874 1 4802636 4802639 13 0 1 20 1  0
10.0879 4809318 295.484 7 2242 295.729 1 4809314 4809319 13 0 1 20 1  0
11.1905 4985574 306.314 8 0 0 1 4985574 4985575 13 0 1 20 1  0
11.8668 5100913 313.4 8 0 0 1 4991959 4991960 13 0 1 20 1  0
0 4978688 305.891 8 0 0 7172 4991984 4991985 13 0 1 20 1  0
12.0031 5100914 313.4 1 0 0 1 4992439 4992442 13 0 1 20 1  0
12.7805 5158259 316.923 2 1 0.0197462 3 5001509 5001518 13 0 1 20 1  0
12.0639 5076530 311.902 2 0 0 1 4992439 4992441 13 0 1 20 1  0
13.4102 5156656 316.825 3 0 0 1 5001511 5001520 13 0 1 20 1  0
10.2322 5001505 307.292 3 4 0.0789836 5 5001505 5001506 13 0 1 20 1  0
14.6097 5149627 316.393 5 0 0 9 5107092 5107103 13 0 1 20 1  0
32.8676 5153319 316.62 9 216 4.36416 10884 5149067 5153710 13 0 1 20 1  0
11.1843 4992437 306.735 2 1 0.0197462 1 4992437 4992438 13 0 1 20 1  0
11.3035 5047694 310.13 2 2 0.0394922 3 5001513 5001516 13 0 1 20 1  0
10.1865 5084654 312.401 2 3 0.059238 1 5084643 5084655 13 0 1 20 1  0
10.5024 5151513 316.509 4 6 0.118475 1 5149602 5149634 13 0 1 20 1  0
10.3226 5147672 316.273 3 1417 68.0515 1 5147672 5147674 13 0 1 20 1  0
12.4699 4997912 307.072 10 2073 219.087 3 4996804 4998908 13 0 1 20 1  0
10.2465 4998091 307.083 6 2079 221.433 1 4998086 4998101 13 0 1 20 1  0
10.5639 4979433 305.936 8 2396 388.649 4 4978695 4979455 13 0 1 20 1  0
10.9299 5253659 322.785 8 0 0 1 5253659 5253660 13 0 1 20 1  0
11.4065 5419281 332.961 8 0 0 1 5255111 5255112 13 0 1 20 1  0
0 5240832 321.997 8 0 0 13183 5255603 5255604 13 0 1 20 1  0
10.2256 5253660 322.785 1 0 0 1 5253660 5253661 13 0 1 20 1  0
11.2976 5449628 334.825 1 0 0 1 5312516 5312517 13 0 1 20 1  0
11.2877 5385906 330.91 2 0 0 1 5331805 5331809 13 0 1 20 1  0
11.1972 5346611 328.496 3 0 0 1 5331807 5331809 13 0 1 20 1  0
12.5799 5371163 330.004 5 0 0 5 5356935 5357102 13 0 1 20 1  0
38.5104 5357158 329.144 11 379 8.04386 12303 5355521 5358558 13 0 1 20 1  0
10.5714 5376529 330.334 2 1 0.0197462 1 5331805 5331808 13 0 1 20 1  0
10.1743 5341547 328.185 3 1 0.0197462 1 5341547 5341548 13 0 1 20 1  0
11.452 5366020 329.688 3 1 0.0197462 1 5346608 5346611 13 0 1 20 1  0
11.6272 5361662 329.421 4 1 0.0197462 1 5356950 5356971 13 0 1 20 1  0
10.124 5331804 327.586 3 2 0.0394922 1 5331804 5331805 13 0 1 20 1  0
10.006 5356256 329.088 2 644 15.6269 1 5356256 5356257 13 0 1 20 1  0
10.0153 5356364 329.095 2 808 21.9435 1 5356364 5356365 13 0 1 20 1  0
10.3959 5354442 328.977 3 937 28.1931 4 5354442 5354443 13 0 1 20 1  0
10.0603 5354379 328.973 3 946 28.6802 2 5354379 5354380 13 0 1 20 1  0
10.2763 5354284 328.967 3 972 30.1288 1 5354284 5354285 13 0 1 20 1  0
10.2515 5353951 328.947 3 1037 34.0377 12 5353951 5353952 13 0 1 20 1  0
10.1609 5354101 328.956 2 1006 32.1203 1 5354101 5354102 13 0 1 20 1  0
13.3028 5353778 328.936 3 1073 36.3938 3 5353763 5353784 13 0 1 20 1  0
10.8761 5348725 328.626 9 1652 103.618 12 5348363 5349133 13 0 1 20 1  0
10.1322 5339752 328.074 6 2023 200.473 1 5339744 5339754 13 0 1 20 1  0
10.5003 5338726 328.011 12 2053 211.443 4 5338000 5339454 13 0 1 20 1  0
10.2579 5338822 328.017 6 2078 221.041 1 5338812 5338847 13 0 1 20 1  0
10.4725 5334273 327.738 5 2189 269.182 1 5334268 5334278 13 0 1 20 1  0
10.0072 5324148 327.116 7 2398 390.03 1 5324148 5324149 13 0 1 20 1  0
11.132 5320935 326.918 8 2445 423.944 2 5320498 5321060 13 0 1 20 1  0
12.5196 5502974 338.103 11 2939 1018.15 52 5501956 5502977 13 0 1 20 1  0
11.5551 5453570 335.067 12 3150 1480.19 1 5452096 5470698 13 0 1 20 1  0
10.0825 5769087 354.453 8 0 0 1 5769087 5769088 13 0 1 20 1  0
11.9111 5807655 356.822 8 0 0 1 5772279 5772280 13 0 1 20 1  0
0 5765120 354.209 8 0 0 1171 5781943 5781957 13 0 1 20 1  0
12.7057 5781947 355.243 3 1 0.0197462 9 5781943 5781953 13 0 1 20 1  0
12.8456 6025842 370.228 4 1 0.0197462 3 5781944 5781956 13 0 1 20 1  0
12.6295 5998736 368.562 5 2 0.0394922 7 5781949 5781957 13 0 1 20 1  0
11.8957 5808966 356.903 6 2 0.0394922 6 5807646 5807664 13 0 1 20 1  0
13.1294 5999761 368.625 4 2 0.0394922 4 5781942 5781954 13 0 1 20 1  0
10.0311 5804053 356.601 6 2 0.0394922 1 5804053 5804054 13 0 1 20 1  0
10.902 5813869 357.204 6 4 0.0789836 3 5808951 5808974 13 0 1 20 1  0
10.1384 5785640 355.47 4 6 0.118475 2 5785640 5785641 13 0 1 20 1  0
14.4144 5990620 368.064 9 1013 32.5446 1911 5990280 5990915 13 0 1 20 1  0
0 5765120 354.209 5 909 26.7231 27 5991346 5991360 13 0 1 20 1  0
11.5743 5962224 366.319 8 2192 270.619 11 5960896 5962459 13 0 1 20 1  0
10.0909 6296165 386.836 8 0 0 1 6296165 6296166 13 0 1 20 1  0
11.6479 6314229 387.946 8 0 0 1 6297411 6297412 13 0 1 20 1  0
0 6289408 386.421 8 0 0 1117 6314229 6314230 13 0 1 20 1  0
10.3371 6314230 387.946 1 0 0 1 6314230 6314231 13 0 1 20 1  0
12.7476 6315994 388.055 1 0 0 3 6315993 6315996 13 0 1 20 1  0
12.56 6520631 400.628 1 0 0 1 6319686 6319692 13 0 1 20 1  0
13.1076 6337442 389.372 2 0 0 4 6315994 6315996 13 0 1 20 1  0
12.6501 6523263 400.789 3 0 0 4 6319687 6319691 13 0 1 20 1  0
12.7196 6455159 396.605 5 0 0 10 6444026 6444031 13 0 1 20 1  0
12.115 6454186 396.545 4 1 0.0197462 6 6447293 6447308 13 0 1 20 1  0
12.1171 6498522 399.269 2 1 0.0197462 2 6319684 6319689 13 0 1 20 1  0
10.0053 6443051 395.861 4 2 0.0394922 1 6443051 6443052 13 0 1 20 1  0
10.0305 6377581 391.839 5 3 0.059238 1 6377581 6377582 13 0 1 20 1  0
10.0894 6450900 396.343 5 4 0.0789836 1 6450900 6450901 13 0 1 20 1  0
10.7733 6454501 396.565 5 4 0.0789836 1 6451225 6451230 13 0 1 20 1  0
10.059 6447958 396.163 4 5 0.0987291 1 6447958 6447959 13 0 1 20 1  0
10.5832 6451225 396.363 5 6 0.118475 3 6450896 6450898 13 0 1 20 1  0
10.1463 6439448 395.64 4 9 0.177712 1 6439447 6439449 13 0 1 20 1  0
15.8982 6550598 402.469 12 2001 192.791 35 6547978 6551554 13 0 1 20 1  0
14.4555 6537092 401.639 12 2279 315.796 59 6531888 6541584 13 0 1 20 1  0
0 6289408 386.421 10 2247 298.364 20 6538396 6538772 13 0 1 20 1  0
11.8231 6774858 416.247 8 0 0 1 6563744 6563748 13 0 1 20 1  0
0 6551552 402.527 8 0 0 629 6568080 6568081 13 0 1 20 1  0
12.0885 6780102 416.569 1 0 0 1 6563745 6563748 13 0 1 20 1  0
12.2748 6716618 412.669 2 0 0 1 6563746 6563748 13 0 1 20 1  0
12.7401 6619545 406.705 3 0 0 3 6575147 6575183 13 0 1 20 1  0
18.0442 6567714 403.52 12 905 26.5185 743 6554014 6570390 13 0 1 20 1  0
12.4381 6718631 412.793 2 1 0.0197462 1 6555634 6555636 13 0 1 20 1  0
10.0585 6555633 402.778 3 2 0.0394922 2 6555633 6555634 13 0 1 20 1  0
10.3576 6563742 403.276 2 2 0.0394922 1 6563742 6563743 13 0 1 20 1  0
10.8292 6630885 407.402 2 2 0.0394922 1 6575147 6575175 13 0 1 20 1  0
10.3129 6777804 416.428 3 4 0.0789836 1 6575148 6575171 13 0 1 20 1  0
0 6551552 402.527 10 378 8.01957 8 6574161 6574764 13 0 1 20 1  0
10.0312 6567971 403.536 5 856 24.1181 2 6567971 6567972 13 0 1 20 1  0
0 6551552 402.527 12 960 29.4524 1 6737428 6738590 13 0 1 20 1  0
15.5785 6551552 402.527 12 2047 209.202 91 6551552 6553112 13 0 1 20 1  0
13.3447 6732924 413.671 12 3171 1536.35 1 6730162 6735228 13 0 1 20 1  0
10.0449 6820015 419.022 8 0 0 1 6820015 6820016 13 0 1 20 1  0
11.4386 6969057 428.179 8 0 0 1 6820338 6820342 13 0 1 20 1  0
11.3603 7035938 432.288 8 0 0 1 6828123 6828124 13 0 1 20 1  0
0 6813696 418.633 8 0 0 3546 6831201 6831202 13 0 1 20 1  0
10.3064 6820339 419.042 1 0 0 1 6820339 6820340 13 0 1 20 1  0
12.4447 6971199 428.31 3 0 0 7 6820338 6820343 13 0 1 20 1  0
15.1595 7017582 431.16 6 0 0 26 6898870 6898883 13 0 1 20 1  0
34.8248 7012300 430.836 12 383 8.14128 4978 6996348 7018612 13 0 1 20 1  0
10.0937 6896265 423.707 2 2 0.0394922 1 6896265 6896266 13 0 1 20 1  0
10.1929 7022408 431.457 2 2 0.0394922 1 6898226 6898228 13 0 1 20 1  0
10.0793 6898222 423.827 4 2 0.0394922 1 6898222 6898223 13 0 1 20 1  0
12.1349 6904115 424.189 5 3 0.059238 3 6898870 6898887 13 0 1 20 1  0
10.5624 6903787 424.169 4 6 0.118475 1 6903783 6903790 13 0 1 20 1  0
10.9802 6975518 428.576 12 2444 423.192 3 6974356 6976860 13 0 1 20 1  0
11.9075 6813698 418.634 12 2761 742.539 1 6813696 6814748 13 0 1 20 1  0
10.6429 7104358 436.492 8 0 0 1 7104358 7104359 13 0 1 20 1  0
10.6882 7127189 437.894 8 0 0 1 7105718 7105724 13 0 1 20 1  0
0 7075840 434.74 8 0 0 1200 7127188 7127191 13 0 1 20 1  0
11.1257 7127190 437.895 1 0 0 1 7105718 7105724 13 0 1 20 1  0
12.5737 7105720 436.575 2 0 0 3 7105718 7105724 13 0 1 20 1  0
12.9001 7161977 440.032 4 3 0.059238 19 7155398 7155404 13 0 1 20 1  0
13.0733 7191536 441.848 7 0 0 32 7158621 7158672 13 0 1 20 1  0
10.0285 7155070 439.607 3 1 0.0197462 1 7155070 7155071 13 0 1 20 1  0
10.4289 7158512 439.819 2 2 0.0394922 1 7127187 7127188 13 0 1 20 1  0
10.3167 7156713 439.708 3 2 0.0394922 1 7156713 7156714 13 0 1 20 1  0
10.4276 7153767 439.527 3 3 0.059238 1 7153767 7153768 13 0 1 20 1  0
10.0021 7154747 439.588 4 3 0.059238 1 7154747 7154748 13 0 1 20 1  0
10.7571 7293458 448.11 5 3 0.059238 1 7161972 7161981 13 0 1 20 1  0
15.7331 7158117 439.795 9 227 4.59778 704 7157884 7158331 13 0 1 20 1  0
13.7713 7195137 442.069 9 357 7.51516 124 7157641 7158023 13 0 1 20 1  0
10.0887 7191830 441.866 12 898 26.1638 1 7191740 7191872 13 0 1 20 1  0
14.1074 7337642 450.825 10 3043 1224.37 12 7335448 7337985 13 0 1 20 1  0
10.179 7340962 451.029 8 0 0 1 7340962 7340963 13 0 1 20 1  0
10.6051 7585811 466.072 8 0 0 1 7355285 7355287 13 0 1 20 1  0
0 7337984 450.846 8 0 0 28 7389879 7389880 13 0 1 20 1  0
10.5522 7355286 451.909 1 0 0 1 7355286 7355287 13 0 1 20 1  0
11.0003 7585811 466.072 1 0 0 1 7402070 7402075 13 0 1 20 1  0
0 7337984 450.846 1 0 0 43 7402788 7402790 13 0 1 20 1  0
11.0468 7585663 466.063 2 0 0 2 7402071 7402074 13 0 1 20 1  0
10.2169 7555554 464.213 3 0 0 1 7555554 7555555 13 0 1 20 1  0
11.9679 7583486 465.929 4 0 0 6 7583483 7583495 13 0 1 20 1  0
13.0957 7566456 464.883 12 2413 400.548 7 7564518 7582114 13 0 1 20 1  0
0 7337984 450.846 9 2410 398.422 2 7581620 7581820 13 0 1 20 1  0
10.2346 7579147 465.663 10 2444 423.192 1 7577911 7579558 13 0 1 20 1  0
11.0177 7600112 466.951 12 2876 910.525 4 7599524 7600130 13 0 1 20 1  0
30.3616 7615059 467.869 11 362 7.63429 12810 7613742 7616569 13 0 1 20 1  0
11.3739 7819290 480.417 8 0 0 1 7615149 7615155 13 0 1 20 1  0
13.0734 7602232 467.081 9 1879 155.216 10470 7601420 7603244 13 0 1 20 1  0
11.5512 7618294 468.068 1 0 0 1 7615104 7615166 13 0 1 20 1  0
12.3404 7616444 467.954 3 1 0.0197462 5 7615105 7615180 13 0 1 20 1  0
11.0458 7612845 467.733 2 1 0.0197462 2 7612845 7612846 13 0 1 20 1  0
10.1647 7621676 468.276 2 2 0.0394922 1 7614481 7614483 13 0 1 20 1  0
10.3715 7615161 467.875 2 549 12.6058 1 7614144 7614146 13 0 1 20 1  0
10.9315 7615215 467.879 3 584 13.6728 3 7613999 7614103 13 0 1 20 1  0
10.0489 7614159 467.814 2 783 20.8748 1 7614159 7614160 13 0 1 20 1  0
10.7149 7606194 467.325 4 1669 106.807 1 7606194 7606198 13 0 1 20 1  0
10.7682 7605117 467.258 6 1732 119.495 3 7605098 7605138 13 0 1 20 1  0
10.2901 7604673 467.231 5 1787 131.787 1 7604668 7604676 13 0 1 20 1  0
10.6253 7887936 484.635 8 0 0 1 7887936 7887937 13 0 1 20 1  0
11.1537 7967705 489.536 8 0 0 1 7890000 7890001 13 0 1 20 1  0
0 7862272 483.058 8 0 0 996 7891276 7891284 13 0 1 20 1  0
10.5234 7889998 484.761 2 2 0.0394922 3 7889998 7889999 13 0 1 20 1  0
11.007 7967706 489.536 1 0 0 1 7891277 7891284 13 0 1 20 1  0
12.3482 7891278 484.84 3 1 0.0197462 5 7891276 7891281 13 0 1 20 1  0
13.2728 8036416 493.757 4 2 0.0394922 12 7957445 7957450 13 0 1 20 1  0
11.7715 7960708 489.106 2 1 0.0197462 2 7891276 7891281 13 0 1 20 1  0
12.2137 7989178 490.855 5 3 0.059238 6 7964642 7964643 13 0 1 20 1  0
10.6275 7905426 485.709 2 2 0.0394922 1 7891276 7891280 13 0 1 20 1  0
12.0977 7984738 490.582 3 2 0.0394922 3 7891276 7891280 13 0 1 20 1  0
10.1001 7962349 489.207 5 3 0.059238 1 7962349 7962350 13 0 1 20 1  0
10.0072 8004883 491.82 3 6 0.118475 1 8004883 8004885 13 0 1 20 1  0
11.3072 7988192 490.794 5 7 0.13822 2 7979361 7979364 13 0 1 20 1  0
10.4139 8083074 496.624 5 8 0.157966 1 7988188 7988195 13 0 1 20 1  0
10.2377 8121686 498.996 12 215 4.343 1 8120692 8121718 13 0 1 20 1  0
11.0015 7896226 485.144 12 1922 167.545 2 7895318 7897476 13 0 1 20 1  0
10.3561 8130247 499.522 8 0 0 1 8130247 8130248 13 0 1 20 1  0
10.552 8300952 510.01 8 0 0 1 8131436 8131441 13 0 1 20 1  0
0 8124416 499.164 8 0 0 2120 8156546 8156549 13 0 1 20 1  0
11.1418 8300953 510.011 1 0 0 1 8131437 8131441 13 0 1 20 1  0
10.6417 8232877 505.828 2 0 0 1 8131438 8131440 13 0 1 20 1  0
14.0501 8309442 510.532 6 6 0.118475 31 8309422 8309486 13 0 1 20 1  0
29.3422 8337912 512.281 12 179 3.58989 7901 8124416 8129850 13 0 1 20 1  0
10.3426 8184898 502.88 2 1 0.0197462 1 8184898 8184899 13 0 1 20 1  0
10.9456 8336112 512.171 4 1133 40.6555 7 8333113 8333158 13 0 1 20 1  0
10.2536 8332751 511.964 3 1157 42.4863 1 8332751 8332752 13 0 1 20 1  0
10.3822 8335748 512.148 8 1512 80.6896 2 8335592 8335832 13 0 1 20 1  0
11.6405 8324442 511.454 12 2097 228.624 12 8322666 8326188 13 0 1 20 1  0
10.2941 8294808 509.633 12 2508 474.068 2 8294374 8295472 13 0 1 20 1  0
10.0584 8293890 509.577 7 2520 484.267 1 8293890 8293891 13 0 1 20 1  0
18.2347 8639069 530.784 9 358 7.53893 3218 8610248 8614225 13 0 1 20 1  0
0 8386560 515.27 7 6 0.118475 4521 8639633 8639791 13 0 1 20 1  0
20.7079 8611666 529.101 10 115 2.28468 3188 8610643 8614665 13 0 1 20 1  0
10.0382 8607051 528.817 4 1260 51.2614 1 8607051 8607052 13 0 1 20 1  0
10.0756 8605466 528.72 3 1425 69.0365 1 8605466 8605467 13 0 1 20 1  0
10.0748 8605088 528.697 4 1458 73.2487 2 8605088 8605089 13 0 1 20 1  0
10.127 8605308 528.71 4 1458 73.2487 1 8605306 8605313 13 0 1 20 1  0
10.539 8604903 528.685 5 1458 73.2487 1 8604901 8604963 13 0 1 20 1  0
10.2694 8604703 528.673 4 1493 77.9907 4 8604700 8604708 13 0 1 20 1  0
10.8674 8604435 528.656 4 1531 83.4801 13 8603824 8603826 13 0 1 20 1  0
10.0701 8602136 528.515 4 1646 102.515 1 8602136 8602137 13 0 1 20 1  0
10.6829 8602396 528.531 4 1667 106.426 2 8602392 8602399 13 0 1 20 1  0
10.1139 8601989 528.506 4 1678 108.534 1 8601989 8601990 13 0 1 20 1  0
12.3873 8599045 528.325 4 1806 136.318 60 8598595 8598648 13 0 1 20 1  0
10.0826 8600140 528.393 4 1765 126.726 1 8600140 8600141 13 0 1 20 1  0
10.011 8596779 528.186 5 1889 158 1 8596779 8596780 13 0 1 20 1  0
10.6152 8597238 528.214 5 1889 158 1 8597217 8597241 13 0 1 20 1  0
11.116 8533062 524.271 12 2847 864.882 1 8530136 8534660 13 0 1 20 1  0
10.781 8888580 546.114 3 2 0.0394922 3 8649416 8649418 13 0 1 20 1  0
10.0238 8648761 531.38 3 1 0.0197462 383 8648761 8648762 13 0 1 20 1  0
10.3928 8889566 546.175 4 2 0.0394922 2 8649751 8649756 13 0 1 20 1  0
10.6922 8888256 546.094 3 1 0.0197462 1 8649423 8649424 13 0 1 20 1  0
10.0339 8649756 531.441 4 1 0.0197462 1 8649756 8649757 13 0 1 20 1  0
10.4323 8873854 545.21 4 1 0.0197462 1 8650078 8650080 13 0 1 20 1  0
11.141 8874513 545.25 5 2 0.0394922 1 8648759 8648769 13 0 1 20 1  0
10.5253 8871572 545.069 4 3 0.059238 1 8649750 8649755 13 0 1 20 1  0
10.7756 8877457 545.431 5 3 0.059238 2 8648760 8648764 13 0 1 20 1  0
10.8167 8877779 545.451 5 4 0.0789836 2 8649419 8649422 13 0 1 20 1  0
10.0903 8972985 551.3 4 2 0.0394922 1 8972985 8972990 13 0 1 20 1  0
11.3993 9435849 579.739 5 1 0.0197462 4 9435192 9435195 13 0 1 20 1  0
10.1143 9435191 579.698 3 1 0.0197462 123 9435191 9435192 13 0 1 20 1  0
10.8873 9510742 584.34 5 2 0.0394922 5 9435515 9435525 13 0 1 20 1  0
21.3807 9596188 589.59 10 703 17.7208 5829 9589914 9591025 13 0 1 20 1  0
0 9435136 579.695 10 50 0.988221 2318 9597210 9598147 13 0 1 20 1  0
0 9435136 579.695 6 1321 57.2457 3 9592950 9592972 13 0 1 20 1  0
13.0993 9579582 588.57 8 1854 148.468 314 9578949 9580307 13 0 1 20 1  0
0 9435136 579.695 8 1781 130.387 139 9585852 9586099 13 0 1 20 1  0
13.0698 9833799 604.189 8 201 4.04822 181 9833735 9833872 13 0 1 20 1  0
11.8134 9844688 604.858 10 203 4.09018 8 9844564 9844828 13 0 1 20 1  0
0 9697280 595.801 8 322 6.69721 14 9844133 9844158 13 0 1 20 1  0
10.5549 9983976 613.415 5 1 0.0197462 2 9983970 9983981 13 0 1 20 1  0
0 9959424 611.907 5 1 0.0197462 1 9985937 9985938 13 0 1 20 1  0
12.3173 10052596 617.631 12 1902 161.694 44 10051256 10054648 13 0 1 20 1  0
0 9959424 611.907 6 1821 140.005 7 10055041 10055100 13 0 1 20 1  0
10.077 10332346 634.819 2 0 0 1 10328215 10328220 13 0 1 20 1  0
0 10221568 628.013 2 0 0 16221 10332346 10332347 13 0 1 20 1  0
10.3051 10328216 634.566 3 2 0.0394922 3 10328216 10328217 13 0 1 20 1  0
32.9945 10435214 641.14 10 122 2.42574 15407 10434386 10437908 13 0 1 20 1  0
15.3793 10467956 643.151 8 121 2.40557 55 10437291 10437483 13 0 1 20 1  0
10.5219 10435224 641.14 2 529 12.0181 1 10433918 10433921 13 0 1 20 1  0
10.6278 10464050 642.911 5 899 26.2142 1 10433599 10434147 13 0 1 20 1  0
10.0478 10418534 640.115 5 2013 196.944 1 10418534 10418535 13 0 1 20 1  0
0 10221568 628.013 7 2227 287.961 2 10411128 10411439 13 0 1 20 1  0
0 10221568 628.013 12 2298 326.624 2 10406050 10409712 13 0 1 20 1  0
11.0185 10654764 654.629 5 0 0 2 10507222 10507248 13 0 1 20 1  0
0 10483712 644.119 5 0 0 33 10540604 10540612 13 0 1 20 1  0
10.5857 10507107 645.557 8 94 1.86345 9 10507088 10507129 13 0 1 20 1  0
10.0027 10549762 648.177 2 1 0.0197462 1 10549762 10549763 13 0 1 20 1  0
10.0096 10551726 648.298 2 1 0.0197462 1 10551726 10551727 13 0 1 20 1  0
10.1983 10570769 649.468 3 1 0.0197462 2 10549759 10549762 13 0 1 20 1  0
11.1211 10647899 654.207 5 1 0.0197462 2 10507221 10507244 13 0 1 20 1  0
10.6468 10570610 649.458 8 109 2.16404 5 10507069 10507112 13 0 1 20 1  0
10.7853 10649577 654.31 8 2398 390.03 1 10649493 10651126 13 0 1 20 1  0
10.8452 10790841 662.989 5 0 0 2 10787240 10787245 13 0 1 20 1  0
0 10745856 660.225 5 0 0 17 10790185 10790193 13 0 1 20 1  0
10.0689 10982530 674.767 2 1 0.0197462 1 10982530 10982531 13 0 1 20 1  0
10.0185 10791167 663.009 4 1 0.0197462 1 10791167 10791168 13 0 1 20 1  0
10.2233 10884932 668.77 4 1 0.0197462 2 10884932 10884933 13 0 1 20 1  0
10.4785 10791496 663.029 5 1 0.0197462 1 10790843 10790848 13 0 1 20 1  0
10.3938 11008112 676.338 8 0 0 164 11008112 11008113 13 0 1 20 1  0
10.6144 11076758 680.556 8 0 0 1 11008116 11008120 13 0 1 20 1  0
11.0051 11076760 680.556 2 0 0 3 11048750 11048751 13 0 1 20 1  0
10.6987 11008118 676.339 2 0 0 2 11008118 11008119 13 0 1 20 1  0
13.032 11064782 679.82 5 2 0.0394922 25 11064116 11064138 13 0 1 20 1  0
10.0661 11047450 678.755 3 2 0.0394922 1 11047450 11047451 13 0 1 20 1  0
10.4463 11270506 692.46 8 0 0 26083 11270506 11270507 13 0 1 20 1  0
11.7371 11272557 692.586 8 0 0 1 11272557 11272558 13 0 1 20 1  0
10.1319 11272558 692.586 1 0 0 1 11272558 11272559 13 0 1 20 1  0
13.0406 11274711 692.718 3 2 0.0394922 10 11274708 11274715 13 0 1 20 1  0
12.9934 11459492 704.071 3 1 0.0197462 2 11274711 11274717 13 0 1 20 1  0
43.2828 11455584 703.831 12 313 6.49115 15772 11452168 11458846 13 0 1 20 1  0
10.2315 11271253 692.506 2 1 0.0197462 1 11271253 11271254 13 0 1 20 1  0
13.3344 11334203 696.373 2 1 0.0197462 1 11274710 11274718 13 0 1 20 1  0
10.0794 11456606 703.894 2 345 7.23163 1 11453897 11453900 13 0 1 20 1  0
11.7034 11456335 703.877 3 499 11.1647 5 11453338 11453397 13 0 1 20 1  0
10.0465 11456390 703.881 2 511 11.5022 1 11456390 11456391 13 0 1 20 1  0
10.0589 11456289 703.874 2 518 11.7014 1 11456289 11456290 13 0 1 20 1  0
12.1475 11456258 703.872 3 570 13.2399 2 11453077 11453227 13 0 1 20 1  0
11.4035 11456226 703.87 3 578 13.4863 3 11453079 11453162 13 0 1 20 1  0
10.2589 11455616 703.833 2 669 16.4919 1 11455616 11455617 13 0 1 20 1  0
10.343 11455552 703.829 3 744 19.2888 1 11452721 11452722 13 0 1 20 1  0
11.627 11453965 703.732 3 820 22.4716 6 11452311 11452333 13 0 1 20 1  0
13.6604 11454600 703.771 4 960 29.4524 3 11451645 11451647 13 0 1 20 1  0
12.1314 11454520 703.766 3 996 31.5228 5 11451555 11451562 13 0 1 20 1  0
10.7618 11453875 703.726 3 847 23.6975 1 11452219 11452237 13 0 1 20 1  0
12.323 11453563 703.707 3 893 25.9129 2 11452103 11452110 13 0 1 20 1  0
10.129 11454449 703.761 2 1007 32.1806 1 11453115 11453116 13 0 1 20 1  0
10.4038 11451323 703.569 2 1062 35.6586 3 11451323 11451324 13 0 1 20 1  0
10.3977 11451275 703.566 3 1059 35.4605 2 11451275 11451276 13 0 1 20 1  0
10.1564 11451235 703.564 2 1073 36.3938 1 11451235 11451236 13 0 1 20 1  0
10.2927 11451249 703.565 2 1075 36.529 1 11451249 11451250 13 0 1 20 1  0
10.654 11451139 703.558 2 1094 37.8361 2 11451139 11451140 13 0 1 20 1  0
10.3527 11451206 703.562 2 1086 37.2806 1 11451206 11451207 13 0 1 20 1  0
10.984 11451172 703.56 2 1089 37.4881 4 11451172 11451173 13 0 1 20 1  0
10.6091 11450785 703.536 2 1161 42.7988 10 11450785 11450786 13 0 1 20 1  0
10.2811 11450700 703.531 3 1144 41.4852 3 11450700 11450701 13 0 1 20 1  0
10.0403 11450761 703.535 3 1134 40.7303 1 11450761 11450762 13 0 1 20 1  0
11.6279 11453802 703.722 3 1139 41.1061 1 11450978 11451029 13 0 1 20 1  0
10.1314 11450611 703.526 3 1146 41.6378 1 11450611 11450612 13 0 1 20 1  0
10.0178 11450507 703.519 3 1171 43.5895 1 11450507 11450508 13 0 1 20 1  0
10.2675 11450398 703.512 3 1177 44.0706 6 11450398 11450399 13 0 1 20 1  0
11.6418 11453669 703.713 4 1229 48.4543 2 11451350 11452275 13 0 1 20 1  0
11.1448 11453867 703.726 3 1184 44.6381 1 11450554 11450654 13 0 1 20 1  0
10.4776 11450289 703.506 3 1188 44.9654 3 11450289 11450290 13 0 1 20 1  0
10.2167 11450465 703.517 2 1200 45.9612 1 11450465 11450466 13 0 1 20 1  0
11.8408 11450195 703.5 3 1346 59.8878 5 11449040 11449045 13 0 1 20 1  0
10.276 11450451 703.516 2 1225 48.103 1 11450451 11450452 13 0 1 20 1  0
10.2351 11448560 703.399 3 1379 63.5565 2 11448560 11448561 13 0 1 20 1  0
11.8578 11450837 703.539 3 1458 73.2487 1 11448026 11448042 13 0 1 20 1  0
10.5481 11435391 702.59 7 2117 236.888 3 11435306 11435452 13 0 1 20 1  0
10.0455 11400608 700.453 12 2657 617.469 1 11400550 11400642 13 0 1 20 1  0
10.3686 11520680 707.831 8 2719 689.239 1 11514772 11514783 13 0 1 20 1  0
0 11270144 692.438 8 2719 689.239 1 11520654 11520724 13 0 1 20 1  0
24.3172 11594758 712.382 10 531 12.0762 6892 11594111 11599761 13 0 1 20 1  0
0 11532288 708.544 6 0 0 40215 11597935 11597967 13 0 1 20 1  0
34.6585 11613638 713.542 12 985 30.8769 5733 11591276 11596606 13 0 1 20 1  0
10.0285 11594862 712.388 3 804 21.7696 1 11593545 11593552 13 0 1 20 1  0
10.69 11616870 713.74 4 883 25.4171 2 11612291 11614730 13 0 1 20 1  0
10.172 11592762 712.259 3 978 30.4721 5 11592762 11592763 13 0 1 20 1  0
10.7896 11617316 713.768 6 960 29.4524 2 11611933 11614603 13 0 1 20 1  0
11.4545 11592382 712.236 3 1128 40.2834 20 11591965 11592092 13 0 1 20 1  0
11.6822 11614962 713.623 4 1025 33.2836 1 11611619 11613925 13 0 1 20 1  0
10.1447 11592143 712.221 3 1092 37.6966 1 11592143 11592144 13 0 1 20 1  0
10.1587 11592073 712.217 2 1252 50.5225 4 11591160 11591162 13 0 1 20 1  0
10.9211 11591973 712.211 3 1160 42.7205 5 11591904 11591924 13 0 1 20 1  0
10.8315 11591844 712.203 3 1174 43.8294 15 11591746 11591749 13 0 1 20 1  0
10.1123 11591701 712.194 3 1147 41.7143 1 11591701 11591702 13 0 1 20 1  0
10.295 11614238 713.579 3 1154 42.2533 1 11591810 11591910 13 0 1 20 1  0
10.1155 11591619 712.189 3 1186 44.8015 2 11591619 11591620 13 0 1 20 1  0
10.1527 11591482 712.181 4 1172 43.6694 9 11591482 11591483 13 0 1 20 1  0
10.1372 11591356 712.173 3 1204 46.2977 4 11591356 11591357 13 0 1 20 1  0
10.2921 11591565 712.186 3 1189 45.0476 1 11591565 11591566 13 0 1 20 1  0
10.1302 11591675 712.193 3 1202 46.1291 1 11591675 11591676 13 0 1 20 1  0
10.2229 11591195 712.163 3 1254 50.7063 4 11591195 11591196 13 0 1 20 1  0
11.316 11614927 713.621 3 1226 48.1906 1 11591703 11591762 13 0 1 20 1  0
10.4034 11590785 712.138 3 1343 59.5647 31 11590785 11590786 13 0 1 20 1  0
10.5715 11614275 713.581 3 1230 48.5426 1 11591424 11591514 13 0 1 20 1  0
11.2552 11613497 713.533 3 1231 48.6309 1 11591114 11591134 13 0 1 20 1  0
10.0681 11591157 712.161 3 1236 49.0751 1 11591157 11591158 13 0 1 20 1  0
10.06 11590789 712.138 3 1252 50.5225 1 11590789 11590790 13 0 1 20 1  0
10.3754 11615042 713.628 3 1259 51.1685 1 11590949 11591091 13 0 1 20 1  0
10.2502 11590299 712.108 4 1296 54.7162 3 11590299 11590300 13 0 1 20 1  0
10.2816 11589961 712.087 3 1373 62.8736 9 11589961 11589962 13 0 1 20 1  0
12.2647 11609328 713.277 3 1368 62.31 13 11590372 11590378 13 0 1 20 1  0
12.707 11609118 713.264 3 1370 62.5349 20 11589973 11589974 13 0 1 20 1  0
10.7413 11609316 713.276 3 1344 59.6722 2 11592220 11592227 13 0 1 20 1  0
11.9494 11609092 713.263 3 1394 65.2952 3 11590262 11590263 13 0 1 20 1  0
11.6493 11609360 713.279 3 1350 60.3213 2 11591100 11591102 13 0 1 20 1  0
10.0275 11590393 712.114 3 1352 60.5392 1 11590393 11590394 13 0 1 20 1  0
10.2928 11608884 713.25 3 1359 61.3079 1 11608884 11608885 13 0 1 20 1  0
11.0193 11608813 713.245 3 1400 66.0036 3 11608286 11608300 13 0 1 20 1  0
10.2726 11589806 712.078 3 1402 66.2414 2 11589806 11589807 13 0 1 20 1  0
11.3917 11614405 713.589 3 1378 63.4422 1 11590501 11590518 13 0 1 20 1  0
11.6091 11609000 713.257 3 1401 66.1224 2 11589694 11589696 13 0 1 20 1  0
11.5783 11608795 713.244 3 1392 65.0608 4 11590456 11590457 13 0 1 20 1  0
11.2856 11608386 713.219 3 1422 68.6655 2 11591850 11591852 13 0 1 20 1  0
12.159 11608928 713.253 3 1391 64.9438 1 11590146 11590148 13 0 1 20 1  0
10.1523 11589691 712.071 4 1401 66.1224 4 11589691 11589692 13 0 1 20 1  0
12.0684 11589426 712.054 3 1465 74.174 28 11588878 11588882 13 0 1 20 1  0
10.0732 11608724 713.24 3 1396 65.5305 1 11608724 11608725 13 0 1 20 1  0
11.8158 11608595 713.232 3 1419 68.2965 5 11589412 11589419 13 0 1 20 1  0
10.1668 11608036 713.198 3 1416 67.9294 1 11608036 11608037 13 0 1 20 1  0
11.56 11608552 713.229 3 1426 69.1606 2 11589621 11589622 13 0 1 20 1  0
11.8488 11588910 712.023 3 1486 77.0189 21 11588738 11588742 13 0 1 20 1  0
10.5866 11608461 713.224 3 1428 69.4095 1 11589671 11589673 13 0 1 20 1  0
10.1888 11608337 713.216 3 1432 69.9098 1 11608337 11608338 13 0 1 20 1  0
10.4611 11589082 712.033 3 1457 73.1175 6 11589082 11589083 13 0 1 20 1  0
10.6007 11589778 712.076 2 1437 70.5401 1 11589770 11589779 13 0 1 20 1  0
10.489 11591448 712.179 3 1479 76.0589 3 11591443 11591450 13 0 1 20 1  0
10.1421 11588977 712.027 3 1460 73.5119 10 11588977 11588978 13 0 1 20 1  0
12.3754 11607802 713.183 3 1443 71.3039 1 11589007 11589009 13 0 1 20 1  0
12.3296 11591638 712.19 3 1452 72.4646 5 11589072 11589100 13 0 1 20 1  0
10.4837 11614539 713.597 3 1462 73.7761 1 11589236 11589237 13 0 1 20 1  0
10.0348 11607936 713.192 4 1467 74.4404 1 11607936 11607937 13 0 1 20 1  0
10.8891 11591290 712.169 3 1473 75.2454 1 11589052 11589075 13 0 1 20 1  0
11.1231 11613840 713.554 5 1477 75.7868 1 11591459 11591513 13 0 1 20 1  0
11.0593 11591511 712.182 3 1478 75.9228 1 11588896 11588918 13 0 1 20 1  0
10.6964 11614270 713.581 3 1478 75.9228 1 11588971 11588975 13 0 1 20 1  0
11.3387 11607458 713.162 3 1488 77.2954 1 11588710 11588713 13 0 1 20 1  0
11.543 11613642 713.542 3 1507 79.9706 2 11588683 11588708 13 0 1 20 1  0
10.322 11588442 711.994 3 1533 83.7793 7 11588441 11588443 13 0 1 20 1  0
10.1678 11588293 711.985 3 1522 82.1467 1 11588293 11588294 13 0 1 20 1  0
10.0547 11606771 713.12 4 1535 84.0796 2 11606771 11606772 13 0 1 20 1  0
10.2823 11588152 711.976 3 1539 84.6832 5 11588152 11588153 13 0 1 20 1  0
10.2006 11606407 713.098 3 1541 84.9866 2 11606407 11606408 13 0 1 20 1  0
10.0627 11606177 713.083 4 1543 85.2911 1 11606177 11606178 13 0 1 20 1  0
10.0598 11606652 713.113 3 1545 85.5967 1 11606652 11606653 13 0 1 20 1  0
10.1497 11587905 711.961 4 1548 86.0571 1 11587905 11587906 13 0 1 20 1  0
10.3612 11606447 713.1 3 1549 86.2111 1 11606447 11606448 13 0 1 20 1  0
10.1183 11606056 713.076 3 1562 88.2379 2 11606056 11606057 13 0 1 20 1  0
10.0633 11606286 713.09 3 1556 87.2967 1 11606286 11606287 13 0 1 20 1  0
10.7515 11613421 713.529 5 1714 115.725 3 11609392 11609534 13 0 1 20 1  0
11.3439 11613018 713.504 6 1920 166.95 24 11612994 11613029 13 0 1 20 1  0
10.1416 11606324 713.093 4 1947 175.156 1 11606324 11606325 13 0 1 20 1  0
0 11532288 708.544 6 1947 175.156 1 11612904 11612948 13 0 1 20 1  0
14.9291 11610527 713.351 9 2283 318.046 232 11609742 11612082 13 0 1 20 1  0
0 11532288 708.544 5 2182 265.858 75 11611647 11611662 13 0 1 20 1  0
11.1253 11577306 711.31 6 2395 387.96 4 11574819 11574897 13 0 1 20 1  0
10.1666 11576652 711.269 6 2398 390.03 1 11576649 11576663 13 0 1 20 1  0
10.4509 11576423 711.255 5 2405 394.904 1 11576418 11576425 13 0 1 20 1  0
10.0571 11573248 711.06 6 2447 425.45 1 11573248 11573256 13 0 1 20 1  0
10.3095 11564576 710.528 8 2592 550.234 1 11564411 11565000 13 0 1 20 1  0
10.041 11562538 710.402 8 2619 577.225 1 11562538 11562540 13 0 1 20 1  0
10.0784 11794421 724.649 9 2883 921.899 1 11794403 11794433 13 0 1 20 1  0
10.7479 11794408 724.648 12 3103 1361.82 1 11793762 11794434 13 0 1 20 1  0
12.6171 12242502 752.179 8 0 0 1 12060517 12060520 13 0 1 20 1  0
0 12056576 740.756 8 0 0 268 12061167 12061174 13 0 1 20 1  0
12.3165 12242502 752.179 1 0 0 1 12060518 12060520 13 0 1 20 1  0
11.8609 12099376 743.386 2 0 0 1 12060518 12060520 13 0 1 20 1  0
13.0969 12086731 742.609 3 1 0.0197462 4 12061168 12061171 13 0 1 20 1  0
10.2006 12061828 741.079 4 0 0 1 12061828 12061829 13 0 1 20 1  0
12.3223 12124075 744.903 4 0 0 7 12086728 12086736 13 0 1 20 1  0
10.4895 12127902 745.138 5 0 0 1 12127898 12127906 13 0 1 20 1  0
11.222 12137566 745.732 2 1 0.0197462 2 12061823 12061825 13 0 1 20 1  0
10.7154 12195013 749.262 5 2 0.0394922 2 12127896 12127904 13 0 1 20 1  0
10.4667 12124187 744.91 8 2 0.0394922 1 12124183 12124194 13 0 1 20 1  0
11.4651 12205810 749.925 3 3 0.059238 1 12061819 12061824 13 0 1 20 1  0
10.1136 12095430 743.143 5 4 0.0789836 1 12095430 12095434 13 0 1 20 1  0
15.1459 12337795 758.034 8 0 0 1 12336092 12336099 13 0 1 20 1  0
0 12318720 756.862 8 0 0 429 12337795 12337796 13 0 1 20 1  0
16.311 12336096 757.93 2 0 0 7 12336093 12336100 13 0 1 20 1  0
16.2453 12370802 760.062 3 0 0 16 12336093 12336100 13 0 1 20 1  0
21.6335 12452514 765.082 8 3 0.059238 210 12452382 12453278 13 0 1 20 1  0
13.3341 12456908 765.352 5 3 0.059238 9 12370798 12370811 13 0 1 20 1  0
11.9597 12355129 759.099 2 2 0.0394922 1 12336089 12336094 13 0 1 20 1  0
10.8488 12601598 774.242 8 0 0 1 12601598 12601599 13 0 1 20 1  0
15.2376 12684623 779.343 8 0 0 1 12608339 12608340 13 0 1 20 1  0
0 12580864 772.968 8 0 0 2289 12614560 12614566 13 0 1 20 1  0
10.9482 12601598 774.242 1 0 0 1 12601598 12601599 13 0 1 20 1  0
17.5553 12684625 779.343 2 0 0 9 12614561 12614567 13 0 1 20 1  0
26.3826 12696541 780.075 6 3 0.059238 6722 12696493 12696620 13 0 1 20 1  0
10.17 12606094 774.518 2 5 0.0987291 4 12606094 12606095 13 0 1 20 1  0
19.8566 12829642 788.253 4 2 0.0394922 6 12696502 12696613 13 0 1 20 1  0
12.7195 12614553 775.038 3 6 0.118475 3 12606091 12606094 13 0 1 20 1  0
10.8947 12625067 775.684 2 5 0.0987291 2 12614552 12614557 13 0 1 20 1  0
13.3376 12822876 787.837 3 5 0.0987291 1 12606092 12606095 13 0 1 20 1  0
11.3493 12690333 779.694 3 9 0.177712 2 12614545 12614550 13 0 1 20 1  0
10.0725 12580896 772.97 9 2408 397.011 1 12580895 12580904 13 0 1 20 1  0
12.3144 12847081 789.325 8 0 0 1 12847081 12847082 13 0 1 20 1  0
12.3503 13036991 800.993 8 0 0 1 12861456 12861457 13 0 1 20 1  0
0 12843008 789.074 8 0 0 172 12865295 12865301 13 0 1 20 1  0
11.4391 12847082 789.325 1 0 0 1 12847082 12847083 13 0 1 20 1  0
13.7146 12882762 791.517 1 0 0 2 12861456 12861457 13 0 1 20 1  0
13.0704 12887711 791.821 2 0 0 1 12865297 12865301 13 0 1 20 1  0
13.1638 12945536 795.374 3 0 0 4 12865298 12865301 13 0 1 20 1  0
12.1626 13077356 803.473 5 1 0.0197462 7 12925116 12925125 13 0 1 20 1  0
10.6091 12865298 790.444 2 1 0.0197462 1 12865298 12865299 13 0 1 20 1  0
13.7602 12900191 792.588 3 1 0.0197462 2 12865296 12865298 13 0 1 20 1  0
12.4098 13076684 803.431 4 1 0.0197462 5 12890967 12890972 13 0 1 20 1  0
10.014 12890968 792.021 4 2 0.0394922 1 12890968 12890969 13 0 1 20 1  0
10.004 12925116 794.119 5 3 0.059238 1 12925116 12925117 13 0 1 20 1  0
10.5513 13076357 803.411 6 5 0.0987291 1 13076349 13076361 13 0 1 20 1  0
0 12843008 789.074 7 2781 769.349 309 13085433 13085524 13 0 1 20 1  0
10.1726 13080920 803.692 1 2808 807.084 1 13080920 13080921 13 0 1 20 1  0
10.8671 13106033 805.235 8 0 0 702 13106033 13106034 13 0 1 20 1  0
14.3384 13357187 820.666 8 0 0 1 13118597 13118598 13 0 1 20 1  0
10.2784 13118597 806.007 1 0 0 2 13118597 13118598 13 0 1 20 1  0
16.0905 13365750 821.192 2 0 0 11 13132061 13132064 13 0 1 20 1  0
10.0792 13132063 806.834 3 0 0 1 13132063 13132064 13 0 1 20 1  0
16.5056 13328427 818.898 4 1 0.0197462 23 13181082 13181089 13 0 1 20 1  0
10.0583 13181089 809.846 4 0 0 1 13181089 13181090 13 0 1 20 1  0
18.1537 13214294 811.886 5 4 0.0789836 20 13214279 13214316 13 0 1 20 1  0
14.2089 13293090 816.727 6 2 0.0394922 127 13214284 13214333 13 0 1 20 1  0
13.3386 13322970 818.563 8 1 0.0197462 9 13293153 13293195 13 0 1 20 1  0
10.2526 13135650 807.054 2 5 0.0987291 2 13135650 13135651 13 0 1 20 1  0
10.3248 13251095 814.147 2 7 0.13822 2 13145588 13145590 13 0 1 20 1  0
10.1223 13145588 807.665 3 8 0.157966 1 13145588 13145589 13 0 1 20 1  0
11.3583 13306925 817.577 6 14 0.276446 8 13214259 13214263 13 0 1 20 1  0
12.2815 13367296 821.287 12 2043 207.722 114 13366338 13367298 13 0 1 20 1  0
0 13105152 805.18 5 2045 208.461 37 13367271 13367290 13 0 1 20 1  0
10.011 13337676 819.467 6 2494 462.441 1 13337674 13337677 13 0 1 20 1  0
10.5907 13302452 817.303 12 2754 733.378 1 13301770 13304500 13 0 1 20 1  0
12.2161 13319766 818.366 10 2831 840.685 11 13317113 13321764 13 0 1 20 1  0
0 13105152 805.18 8 2831 840.685 2 13320802 13320804 13 0 1 20 1  0
10.4952 13301847 817.265 8 2928 998.485 1 13301730 13301883 13 0 1 20 1  0
26.1759 13392498 822.835 12 510 11.4739 4480 13390204 13395736 13 0 1 20 1  0
10.6188 13443880 825.992 8 0 0 1 13391708 13391727 13 0 1 20 1  0
10.3481 13608146 836.084 8 0 0 1 13391730 13391752 13 0 1 20 1  0
0 13367296 821.287 8 0 0 16188 13391755 13391769 13 0 1 20 1  0
11.1959 13443880 825.992 1 0 0 1 13391676 13391769 13 0 1 20 1  0
11.3355 13471639 827.697 2 0 0 1 13391681 13391769 13 0 1 20 1  0
11.1862 13602269 835.723 2 0 0 1 13391811 13391817 13 0 1 20 1  0
11.5387 13485312 828.538 3 0 0 1 13391682 13391768 13 0 1 20 1  0
22.5319 13523384 830.877 9 590 13.8609 2892 13390311 13394111 13 0 1 20 1  0
10.6311 13475559 827.938 2 1 0.0197462 1 13391688 13391749 13 0 1 20 1  0
10.4602 13553927 832.753 2 1 0.0197462 1 13391766 13391768 13 0 1 20 1  0
10.2477 13413352 824.116 3 1 0.0197462 1 13413351 13413355 13 0 1 20 1  0
12.8691 13527517 831.131 4 2 0.0394922 2 13391678 13391814 13 0 1 20 1  0
11.3083 13473922 827.838 3 2 0.0394922 1 13391675 13391765 13 0 1 20 1  0
10.5164 13393004 822.866 3 329 6.85864 4 13391238 13391248 13 0 1 20 1  0
10.0453 13524601 830.951 4 331 6.90496 1 13391230 13391386 13 0 1 20 1  0
10.1507 13394241 822.942 3 335 6.99785 1 13392995 13392996 13 0 1 20 1  0
10.0103 13390615 822.719 4 1061 35.5925 1 13390615 13390616 13 0 1 20 1  0
10.2489 13390710 822.725 3 1064 35.7913 1 13390710 13390711 13 0 1 20 1  0
10.7777 13520922 830.725 3 1073 36.3938 1 13391688 13391714 13 0 1 20 1  0
10.0146 13516760 830.47 4 1207 46.5516 1 13516760 13516761 13 0 1 20 1  0
10.3337 13516482 830.453 5 1251 50.4309 1 13516481 13516491 13 0 1 20 1  0
13.8839 13514789 830.349 6 1539 84.6832 88 13384212 13388084 13 0 1 20 1  0
10.0695 13388163 822.569 3 1498 78.6923 1 13388163 13388164 13 0 1 20 1  0
10.3442 13515232 830.376 3 1501 79.1161 1 13387844 13387845 13 0 1 20 1  0
10.4531 13385576 822.41 4 1502 79.2579 2 13385575 13385578 13 0 1 20 1  0
10.1342 13385490 822.404 3 1503 79.4 1 13385490 13385491 13 0 1 20 1  0
10.5844 13385761 822.421 3 1506 79.8276 1 13385761 13385763 13 0 1 20 1  0
10.2964 13515261 830.378 3 1519 81.7069 1 13387560 13387562 13 0 1 20 1  0
10.1544 13386372 822.459 3 1539 84.6832 1 13386372 13386373 13 0 1 20 1  0
10.2087 13386399 822.46 3 1549 86.2111 1 13386399 13386400 13 0 1 20 1  0
10.7735 13382540 822.223 3 1622 98.2178 8 13382539 13382544 13 0 1 20 1  0
10.1389 13514478 830.33 3 1567 89.0299 1 13514478 13514479 13 0 1 20 1  0
10.0173 13386579 822.471 3 1571 89.6685 1 13386579 13386580 13 0 1 20 1  0
10.1657 13382436 822.217 4 1649 103.065 2 13382436 13382437 13 0 1 20 1  0
10.4998 13514451 830.328 3 1573 89.9895 1 13384446 13384448 13 0 1 20 1  0
10.053 13381812 822.179 4 1633 100.165 3 13381812 13381813 13 0 1 20 1  0
10.9515 13513971 830.298 4 1588 92.4334 1 13383280 13383281 13 0 1 20 1  0
10.3272 13386869 822.489 3 1591 92.93 1 13386868 13386870 13 0 1 20 1  0
10.1271 13382705 822.233 4 1609 95.9651 2 13382705 13382706 13 0 1 20 1  0
10.5057 13386143 822.445 3 1634 100.343 2 13383828 13383830 13 0 1 20 1  0
10.3015 13382900 822.245 4 1684 109.701 4 13382899 13382901 13 0 1 20 1  0
10.1043 13383082 822.257 4 1599 94.2671 2 13383082 13383083 13 0 1 20 1  0
10.0106 13383238 822.266 3 1619 97.6934 1 13383238 13383239 13 0 1 20 1  0
10.0291 13381580 822.164 4 1621 98.0427 1 13381580 13381581 13 0 1 20 1  0
10.2426 13382002 822.19 4 1657 104.546 2 13382002 13382006 13 0 1 20 1  0
11.1665 13629440 837.393 12 3035 1207.12 3 13628520 13629442 13 0 1 20 1  0
11.9509 13367318 821.288 12 3285 1880.56 3 13367296 13368942 13 0 1 20 1  0
10.0283 13645766 838.396 8 0 0 1 13645766 13645767 13 0 1 20 1  0
10.2415 13886842 853.208 8 0 0 1 13650951 13650955 13 0 1 20 1  0
0 13629440 837.393 8 0 0 1589 13657188 13657189 13 0 1 20 1  0
10.8737 13886843 853.208 1 0 0 1 13639435 13639440 13 0 1 20 1  0
11.1887 13650953 838.715 2 0 0 4 13639436 13639440 13 0 1 20 1  0
11.1657 13689886 841.107 2 1 0.0197462 2 13637567 13637568 13 0 1 20 1  0
11.609 13806167 848.251 3 1 0.0197462 3 13639435 13639437 13 0 1 20 1  0
22.3712 13791566 847.354 11 315 6.5368 6137 13790465 13792710 13 0 1 20 1  0
10.1036 13631680 837.53 2 1 0.0197462 1 13631680 13631681 13 0 1 20 1  0
12.0752 13793319 847.461 5 3 0.059238 7 13689890 13689897 13 0 1 20 1  0
10.5167 13639433 838.007 3 2 0.0394922 2 13639433 13639434 13 0 1 20 1  0
10.452 13689679 841.094 8 92 1.82347 6 13689662 13689718 13 0 1 20 1  0
10.5334 13691594 841.211 12 96 1.90345 1 13691210 13691676 13 0 1 20 1  0
0 13629440 837.393 12 319 6.62833 1 13890852 13891586 13 0 1 20 1  0
10.079 13791287 847.337 3 527 11.9602 1 13791287 13791288 13 0 1 20 1  0
0 13629440 837.393 12 536 12.2221 1 13890500 13891292 13 0 1 20 1  0
0 13629440 837.393 12 892 25.8629 4 13888110 13890474 13 0 1 20 1  0
10.3574 13789561 847.231 3 1058 35.3947 1 13788903 13788916 13 0 1 20 1  0
12.2081 14140358 868.784 8 0 0 1 13927133 13927135 13 0 1 20 1  0
0 13891584 853.499 8 0 0 33 13935081 13935083 13 0 1 20 1  0
10.52 13927134 855.683 1 0 0 1 13927134 13927135 13 0 1 20 1  0
12.1084 14140359 868.784 1 0 0 1 13935082 13935083 13 0 1 20 1  0
0 13891584 853.499 1 0 0 71 13943530 13943531 13 0 1 20 1  0
12.3415 14140749 868.808 2 0 0 1 13948743 13948766 13 0 1 20 1  0
13.2566 14088842 865.618 3 0 0 6 13948741 13948768 13 0 1 20 1  0
13.9152 13948851 857.017 8 0 0 40 13948743 13948895 13 0 1 20 1  0
10.2041 14086337 865.465 3 4 0.0789836 1 14086337 14086339 13 0 1 20 1  0
23.0037 14158386 869.891 6 3 0.059238 17618 14156005 14156013 13 0 1 20 1  0
16.039 14410844 885.402 8 0 0 1 14156034 14156035 13 0 1 20 1  0
11.1272 14153877 869.614 1 0 0 1 14153877 14153878 13 0 1 20 1  0
18.8588 14313981 879.451 1 0 0 1 14155040 14155045 13 0 1 20 1  0
20.6939 14410850 885.403 3 1 0.0197462 15 14155353 14155374 13 0 1 20 1  0
10.654 14155705 869.727 1 1 0.0197462 5 14155705 14155706 13 0 1 20 1  0
10.0929 14155043 869.686 4 0 0 2 14155043 14155044 13 0 1 20 1  0
20.2481 14367046 882.711 4 0 0 4 14157820 14157840 13 0 1 20 1  0
12.492 14397978 884.612 1 1 0.0197462 1 14157473 14157500 13 0 1 20 1  0
17.5139 14280010 877.364 2 1 0.0197462 1 14155704 14155708 13 0 1 20 1  0
10.3798 14154393 869.646 3 1 0.0197462 1 14154393 14154394 13 0 1 20 1  0
17.7952 14311369 879.29 3 1 0.0197462 1 14155037 14155045 13 0 1 20 1  0
19.6404 14329358 880.396 5 2 0.0394922 7 14157955 14157985 13 0 1 20 1  0
18.0263 14327068 880.255 6 1 0.0197462 2 14157975 14157989 13 0 1 20 1  0
10.0704 14246384 875.298 1 2 0.0394922 1 14246384 14246385 13 0 1 20 1  0
10.2386 14414285 885.614 1 2 0.0394922 1 14247344 14247345 13 0 1 20 1  0
14.3677 14230029 874.293 2 2 0.0394922 1 14156006 14156007 13 0 1 20 1  0
14.6336 14405420 885.069 2 2 0.0394922 1 14157470 14157513 13 0 1 20 1  0
19.8554 14229373 874.253 5 2 0.0394922 3 14157465 14157627 13 0 1 20 1  0
17.1492 14313981 879.451 5 2 0.0394922 1 14157812 14157839 13 0 1 20 1  0
17.0251 14292410 878.126 4 3 0.059238 1 14157468 14157548 13 0 1 20 1  0
12.3024 14409402 885.314 6 3 0.059238 1 14157459 14157619 13 0 1 20 1  0
11.2626 14412038 885.476 2 4 0.0789836 1 14157468 14157484 13 0 1 20 1  0
10.021 14156000 869.745 4 4 0.0789836 1 14156000 14156001 13 0 1 20 1  0
11.7778 14415246 885.673 3 6 0.118475 2 14157955 14157956 13 0 1 20 1  0
13.6364 14408440 885.255 3 5 0.0987291 1 14157466 14157486 13 0 1 20 1  0
11.1623 14239501 874.875 2 6 0.118475 1 14157465 14157479 13 0 1 20 1  0
11.2898 14415632 885.696 2 6 0.118475 1 14158360 14158420 13 0 1 20 1  0
13.1084 14358735 882.201 4 6 0.118475 3 14157466 14157482 13 0 1 20 1  0
11.6635 14399572 884.71 4 8 0.157966 3 14157465 14157471 13 0 1 20 1  0
12.9636 14223150 873.87 5 9 0.177712 7 14157460 14157475 13 0 1 20 1  0
10.2477 14156738 869.79 4 320 6.65127 7 14156731 14156739 13 0 1 20 1  0
18.2025 14681996 902.062 8 0 0 2 14681954 14681955 13 0 1 20 1  0
0 14678016 901.817 8 0 0 939 14681996 14681997 13 0 1 20 1  0
20.7915 14683864 902.177 1 0 0 4 14681996 14681998 13 0 1 20 1  0
22.4142 14724285 904.66 3 0 0 8 14681996 14681999 13 0 1 20 1  0
13.4887 14719621 904.373 5 5 0.0987291 18 14715084 14715099 13 0 1 20 1  0
12.9391 14683197 902.136 1 1 0.0197462 2 14683196 14683199 13 0 1 20 1  0
10.2453 14681992 902.062 3 2 0.0394922 2 14681992 14681993 13 0 1 20 1  0
18.0973 14726615 904.803 3 4 0.0789836 14 14683467 14683469 13 0 1 20 1  0
10.321 14683463 902.152 2 6 0.118475 5 14683463 14683464 13 0 1 20 1  0
14.1572 14812879 910.103 2 3 0.059238 1 14683469 14683471 13 0 1 20 1  0
18.4064 14835059 911.466 3 3 0.059238 21 14683860 14683862 13 0 1 20 1  0
16.3452 14715095 904.095 4 5 0.0987291 19 14684301 14684307 13 0 1 20 1  0
10.1801 14684304 902.204 1 5 0.0987291 3 14684304 14684305 13 0 1 20 1  0
10.3556 14802404 909.46 4 17 0.335692 1 14802403 14802407 13 0 1 20 1  0
10.7496 14721748 904.504 12 364 7.68211 4 14721502 14721882 13 0 1 20 1  0
10.1112 14719968 904.395 12 613 14.5966 1 14719916 14720964 13 0 1 20 1  0
13.7001 14959930 919.138 8 0 0 1 14959930 14959931 13 0 1 20 1  0
20.0997 15035514 923.782 8 0 0 1 14959942 14959943 13 0 1 20 1  0
0 14940160 917.923 8 0 0 1046 14960547 14960549 13 0 1 20 1  0
10.0451 14942088 918.042 1 0 0 1 14942088 14942089 13 0 1 20 1  0
26.2475 15082879 926.692 2 0 0 7 14960548 14960550 13 0 1 20 1  0
27.3573 15069447 925.867 3 0 0 99 14962211 14962218 13 0 1 20 1  0
10.0742 15005447 921.935 5 0 0 1 15005447 15005448 13 0 1 20 1  0
19.3704 15006567 922.003 5 1 0.0197462 33 15005441 15005447 13 0 1 20 1  0
10.0656 14959928 919.138 1 1 0.0197462 1 14959928 14959929 13 0 1 20 1  0
14.1172 15114449 928.632 2 4 0.0789836 8 14961698 14961700 13 0 1 20 1  0
10.1187 14960547 919.176 2 1 0.0197462 1 14960547 14960548 13 0 1 20 1  0
21.0943 14986217 920.753 2 1 0.0197462 1 14961703 14961706 13 0 1 20 1  0
17.3699 15008366 922.114 2 2 0.0394922 10 14961701 14961704 13 0 1 20 1  0
10.2898 14961700 919.247 1 3 0.059238 1 14961700 14961701 13 0 1 20 1  0
10.1648 14942390 918.06 3 7 0.13822 2 14942390 14942391 13 0 1 20 1  0
21.7824 15061781 925.396 3 3 0.059238 9 14961699 14961702 13 0 1 20 1  0
10.1191 14962205 919.278 1 6 0.118475 1 14962205 14962206 13 0 1 20 1  0
11.9432 15074015 926.147 2 10 0.197458 2 15006564 15006565 13 0 1 20 1  0
11.7794 15204202 934.146 8 0 0 1 15204202 15204203 13 0 1 20 1  0
20.2459 15281880 938.919 8 0 0 14 15212261 15212262 13 0 1 20 1  0
0 15202304 934.03 8 0 0 45733 15212265 15212267 13 0 1 20 1  0
22.7743 15282092 938.932 1 0 0 12 15212261 15212268 13 0 1 20 1  0
22.251 15463273 950.063 1 0 0 1 15225037 15225038 13 0 1 20 1  0
25.5435 15372200 944.468 3 0 0 5 15212263 15212268 13 0 1 20 1  0
57.5499 15456447 949.644 10 262 5.35308 21058 15455632 15462675 13 0 1 20 1  0
11.3961 15212263 934.641 1 2 0.0394922 1 15212263 15212264 13 0 1 20 1  0
17.0541 15459787 949.849 2 2 0.0394922 1 15234278 15234281 13 0 1 20 1  0
10.9545 15429475 947.987 1 4 0.0789836 1 15234783 15234785 13 0 1 20 1  0
14.1094 15462496 950.016 2 4 0.0789836 11 15234782 15234785 13 0 1 20 1  0
15.3506 15285690 939.153 3 8 0.157966 35 15257564 15257574 13 0 1 20 1  0
10.3632 15211985 934.624 2 7 0.13822 1 15211985 15211986 13 0 1 20 1  0
16.6384 15295244 939.74 3 7 0.13822 1 15210810 15210812 13 0 1 20 1  0
10.1242 15212247 934.64 2 8 0.157966 1 15212247 15212248 13 0 1 20 1  0
10.166 15210802 934.552 3 12 0.236951 2 15210802 15210803 13 0 1 20 1  0
10.1279 15211127 934.572 3 17 0.335692 4 15211127 15211128 13 0 1 20 1  0
10.1678 15257532 937.423 3 36 0.711146 6 15257532 15257533 13 0 1 20 1  0
11.34 15458257 949.755 3 396 8.46073 1 15455830 15456446 13 0 1 20 1  0
10.5526 15453842 949.484 3 885 25.5156 13 15453842 15453843 13 0 1 20 1  0
10.2058 15453680 949.474 3 912 26.8774 1 15453680 15453681 13 0 1 20 1  0
10.6327 15455158 949.565 3 1005 32.0601 1 15454499 15454500 13 0 1 20 1  0
10.1744 15454905 949.549 1 1033 33.7846 1 15454905 15454906 13 0 1 20 1  0
14.3801 15454542 949.527 3 1136 40.8802 7 15452125 15452183 13 0 1 20 1  0
16.0694 15454685 949.536 3 1112 39.1141 1 15452298 15452384 13 0 1 20 1  0
14.5923 15454649 949.534 3 1121 39.7679 2 15452278 15452292 13 0 1 20 1  0
10.4868 15453776 949.48 3 1315 56.6286 1 15450698 15450699 13 0 1 20 1  0
11.8721 15453467 949.461 2 1341 59.3501 1 15451513 15451514 13 0 1 20 1  0
10.0386 15446656 949.042 4 1615 96.9984 2 15446656 15446657 13 0 1 20 1  0
10.0166 15446231 949.016 4 1569 89.3487 1 15446231 15446232 13 0 1 20 1  0
10.2813 15445938 948.998 4 1633 100.165 4 15445938 15445939 13 0 1 20 1  0
10.1197 15445440 948.968 4 1610 96.1366 1 15445440 15445441 13 0 1 20 1  0
10.1535 15445720 948.985 4 1613 96.6528 1 15445720 15445721 13 0 1 20 1  0
10.2104 15444147 948.888 4 1674 107.763 1 15444147 15444148 13 0 1 20 1  0
10.3047 15444250 948.895 4 1682 109.311 1 15444250 15444251 13 0 1 20 1  0
10.0688 15445598 948.977 5 1688 110.486 1 15445598 15445599 13 0 1 20 1  0
10.0898 15443314 948.837 5 1735 120.135 2 15443314 15443315 13 0 1 20 1  0
10.0738 15442923 948.813 5 1717 116.345 1 15442923 15442924 13 0 1 20 1  0
10.0016 15442525 948.789 6 1732 119.495 1 15442525 15442526 13 0 1 20 1  0
15.1014 15429097 947.964 8 2134 244.145 172 15427248 15430775 13 0 1 20 1  0
0 15202304 934.03 7 2092 226.604 164 15430367 15430444 13 0 1 20 1  0
10.0225 15436518 948.42 6 2101 230.254 1 15436492 15436519 13 0 1 20 1  0
10.2325 15435732 948.371 7 2114 235.629 2 15435712 15435734 13 0 1 20 1  0
15.6998 15464448 950.136 12 2215 281.893 85 15462504 15464450 13 0 1 20 1  0
0 15202304 934.03 12 2363 366.549 2 15414326 15425914 13 0 1 20 1  0
13.1596 15317419 941.102 10 2398 390.03 7 15315830 15319253 13 0 1 20 1  0
20.4651 16123001 990.597 8 0 0 1 15989092 15989095 13 0 1 20 1  0
16.4948 16244206 998.044 8 0 0 1 15989764 15989771 13 0 1 20 1  0
13.1094 15990066 982.43 7 1547 85.9034 7586 15988836 15991007 13 0 1 20 1  0
26.544 16122998 990.597 3 1 0.0197462 18 15989761 15989770 13 0 1 20 1  0
37.7795 16135694 991.377 6 1 0.0197462 9754 16047736 16047795 13 0 1 20 1  0
21.8478 16186515 994.499 2 1 0.0197462 6 15989762 15989770 13 0 1 20 1  0
10.1208 15990417 982.451 5 9 0.177712 2 15990417 15990418 13 0 1 20 1  0
20.7999 16124283 990.676 3 3 0.059238 15 15989757 15989765 13 0 1 20 1  0
10.0147 16107389 989.638 1 5 0.0987291 1 16107389 16107390 13 0 1 20 1  0
13.97 16145814 991.999 6 7 0.13822 1 16135637 16135774 13 0 1 20 1  0
10.6003 15989747 982.41 3 10 0.197458 2 15989747 15989748 13 0 1 20 1  0
10.1237 16047739 985.973 5 17 0.335692 2 16047739 16047740 13 0 1 20 1  0
10.1291 16182458 994.25 3 26 0.513479 2 16135627 16135686 13 0 1 20 1  0
11.648 16137010 991.458 2 223 4.51263 13 16135292 16135342 13 0 1 20 1  0
10.1259 16136216 991.409 2 443 9.65436 2 16136216 16136217 13 0 1 20 1  0
10.9283 16136333 991.416 3 459 10.0756 2 16134832 16134840 13 0 1 20 1  0
10.6882 16137444 991.484 3 463 10.1821 1 16134826 16134860 13 0 1 20 1  0
10.1583 16134383 991.296 3 661 16.2117 1 16134383 16134384 13 0 1 20 1  0
10.0004 15994223 982.685 10 682 16.9545 1 15994223 15994224 13 0 1 20 1  0
10.3961 16132686 991.192 3 1101 38.3285 3 16132685 16132687 13 0 1 20 1  0
11.0559 16132545 991.184 4 1134 40.7303 4 16132374 16132431 13 0 1 20 1  0
10.0867 16132446 991.177 4 1123 39.9146 2 16132446 16132447 13 0 1 20 1  0
10.1699 16132375 991.173 4 1133 40.6555 2 16132375 16132376 13 0 1 20 1  0
19.8167 16220148 996.566 12 2607 565.069 1354 16200388 16201612 13 0 1 20 1  0
0 15988736 982.348 7 1847 146.631 964 16250097 16250881 13 0 1 20 1  0
10.0001 16247008 998.216 3 2189 269.182 1 16247008 16247009 13 0 1 20 1  0
10.0549 16151846 992.369 7 2218 283.398 1 16151846 16151847 13 0 1 20 1  0
10.3158 16221260 996.634 8 2602 560.08 3 16221221 16222253 13 0 1 20 1  0
0 15988736 982.348 12 2607 565.069 1 16215532 16225396 13 0 1 20 1  0
14.633 16202518 995.483 12 2786 776.201 13 16198578 16205816 13 0 1 20 1  0
65.5691 13081543 803.73 8 2804 801.379 348 13081273 13081806 13 0 1 20 1 1
