0 122701 209.634
1 122702 209.623
2 122702 209.619
3 122703 209.588
4 122703 209.599
5 122702 209.541
6 122702 209.536
7 122702 209.629
8 122702 209.666
9 122702 209.631
10 122702 209.577
11 122702 209.52
12 122702 209.569
13 122702 209.554
14 122702 209.571
15 122702 209.554
16 122701 209.643
17 122702 209.577
18 122702 209.529
19 122702 209.612
20 122702 209.555
21 122702 209.589
22 122702 209.515
23 122702 209.52
24 122702 209.574
25 122702 209.643
26 122703 209.663
27 122703 209.642
28 122703 209.677
29 122702 209.731
30 122702 209.823
31 122702 209.833
32 122702 209.889
33 122701 209.873
34 122701 209.947
35 122701 210.058
36 122701 210.024
37 122701 210.078
38 122701 210.102
39 122701 209.985
40 122700 209.929
41 122700 209.985
42 122700 210.063
43 122700 210.081
44 122700 210.087
45 122700 210.08
46 122700 210.041
47 122700 210.071
48 122700 209.928
49 122699 209.923
50 122699 209.924
51 122699 209.829
52 122699 209.919
53 122698 209.971
54 122698 209.917
55 122698 209.946
56 122698 209.875
57 122698 209.905
58 122697 209.848
59 122697 209.836
60 122697 209.905
61 122697 209.826
62 122697 209.784
63 122697 209.738
64 122697 209.747
65 122696 209.724
66 122696 209.647
67 122696 209.58
68 122695 209.559
69 122695 209.492
70 122695 209.525
71 122695 209.595
72 122695 209.601
73 122695 209.514
74 122695 209.476
75 122695 209.512
76 122695 209.39
77 122695 209.414
78 122695 209.388
79 122695 209.39
80 122695 209.452
81 122695 209.498
82 122694 209.603
83 122694 209.646
84 122694 209.569
85 122694 209.462
86 122694 209.467
87 122694 209.418
88 122694 209.441
89 122694 209.339
90 122694 209.335
91 122694 209.416
92 122694 209.348
93 122694 209.373
94 122694 209.324
95 122694 209.32
96 122694 209.302
97 122694 209.371
98 122694 209.351
99 122694 209.226
100 122694 209.297
101 122694 209.365
102 122694 209.399
103 122693 209.339
104 122693 209.309
105 122694 209.372
106 122694 209.332
107 122694 209.366
108 122694 209.464
109 122694 209.432
110 122694 209.414
111 122694 209.377
112 122694 209.317
113 122694 209.327
114 122694 209.301
115 122694 209.322
116 122694 209.37
117 122694 209.354
118 122694 209.405
119 122694 209.426
120 122694 209.388
121 122694 209.461
122 122694 209.503
123 122694 209.432
124 122694 209.42
125 122694 209.401
126 122694 209.451
127 122694 209.431
128 122694 209.373
129 122695 209.315
130 122695 209.339
131 122694 209.496
132 122695 209.456
133 122695 209.418
134 122695 209.287
135 122695 209.377
136 122694 209.409
137 122695 209.391
138 122694 209.4
139 122695 209.368
140 122694 209.372
141 122695 209.356
142 122695 209.384
143 122695 209.399
144 122695 209.419
145 122695 209.359
146 122695 209.314
147 122695 209.308
148 122694 209.35
149 122695 209.358
150 122695 209.385
151 122695 209.369
152 122695 209.357
153 122695 209.346
154 122695 209.351
155 122695 209.365
156 122695 209.344
157 122695 209.358
158 122695 209.372
159 122695 209.351
160 122695 209.402
161 122695 209.45
162 122695 209.415
163 122695 209.37
164 122695 209.373
165 122695 209.4
166 122695 209.475
167 122695 209.445
168 122695 209.548
169 122695 209.565
170 122695 209.629
171 122695 209.572
172 122695 209.554
173 122695 209.562
174 122695 209.71
175 122695 209.724
176 122695 209.774
177 122695 209.806
178 122695 209.842
179 122695 209.862
180 122695 209.824
181 122695 209.777
182 122695 209.709
183 122695 209.675
184 122695 209.745
185 122695 209.732
186 122695 209.781
187 122695 209.84
188 122695 209.889
189 122695 209.87
190 122695 209.922
191 122695 209.941
192 122695 209.944
193 122695 209.877
194 122695 209.983
195 122695 209.988
196 122695 210.023
197 122695 210.016
198 122695 209.964
199 122695 209.961
200 122695 209.881
201 122695 209.873
202 122695 209.904
203 122695 209.988
204 122695 209.985
205 122695 210.023
206 122695 209.865
207 122695 209.814
208 122695 209.764
209 122695 209.767
210 122695 209.762
211 122695 209.775
212 122695 209.735
213 122695 209.815
214 122695 209.888
215 122695 209.913
216 122695 209.902
217 122695 209.946
218 122695 209.93
219 122695 209.87
220 122695 209.869
221 122695 209.949
222 122695 209.884
223 122695 209.923
224 122695 209.96
225 122695 209.954
226 122695 209.87
227 122695 209.878
228 122695 209.899
229 122695 209.849
230 122694 209.908
231 122694 209.9
232 122694 209.883
233 122694 209.856
234 122692 209.697
235 122692 209.636
236 122692 209.58
237 122692 209.584
238 122692 209.652
239 122691 209.735
240 122689 209.629
241 122688 209.729
242 122688 209.672
243 122688 209.635
244 122688 209.671
245 122688 209.685
246 122687 209.669
247 122687 209.662
248 122686 209.695
249 122684 209.771
250 122685 209.628
251 122683 209.644
252 122682 209.605
253 122682 209.531
254 122681 209.535
255 122680 209.586
256 122678 209.486
257 122678 209.549
258 122678 209.515
259 122678 209.452
260 122678 209.345
261 122678 209.46
262 122678 209.437
263 122678 209.413
264 122678 209.391
265 122678 209.423
266 122680 209.559
267 122680 209.624
268 122680 209.704
269 122680 209.637
270 122680 209.628
271 122681 209.578
272 122684 209.715
273 122685 209.587
274 122685 209.541
275 122685 209.57
276 122685 209.535
277 122685 209.495
278 122685 209.538
279 122685 209.577
280 122686 209.517
281 122688 209.478
282 122688 209.616
283 122690 209.657
284 122690 209.646
285 122690 209.643
286 122692 209.683
287 122692 209.583
288 122695 209.627
289 122695 209.655
290 122695 209.734
291 122695 209.691
292 122695 209.801
293 122695 209.733
294 122695 209.744
295 122695 209.693
296 122695 209.689
297 122695 209.675
298 122695 209.608
299 122695 209.55
300 122695 209.556
301 122695 209.667
302 122695 209.713
303 122696 209.728
304 122695 209.714
305 122695 209.704
306 122696 209.755
307 122696 209.766
308 122695 209.771
309 122696 209.788
310 122696 209.68
311 122696 209.684
312 122696 209.72
313 122695 209.668
314 122695 209.618
315 122695 209.57
316 122695 209.551
317 122696 209.563
318 122696 209.451
319 122696 209.442
320 122696 209.492
321 122696 209.512
322 122696 209.46
323 122696 209.537
324 122696 209.415
325 122696 209.449
326 122696 209.474
327 122697 209.624
328 122697 209.712
329 122697 209.767
330 122697 209.806
331 122697 209.91
332 122697 209.891
333 122697 209.858
334 122698 209.791
335 122697 209.807
336 122698 209.871
337 122698 209.763
338 122698 209.768
339 122698 209.694
340 122698 209.728
341 122698 209.75
342 122698 209.84
343 122698 209.78
344 122698 209.769
345 122699 209.722
346 122699 209.761
347 122699 209.743
348 122699 209.721
349 122699 209.745
350 122699 209.79
351 122699 209.81
352 122699 209.765
353 122699 209.681
354 122699 209.709
355 122699 209.753
356 122699 209.89
357 122699 209.913
358 122699 209.793
359 122699 209.698
360 122699 209.664
361 122699 209.551
362 122699 209.569
363 122698 209.477
364 122696 209.567
365 122696 209.553
366 122694 209.847
367 122694 209.842
368 122694 209.831
369 122694 209.986
370 122694 210.046
371 122694 210.06
372 122694 210.036
373 122694 210.061
374 122694 210.042
375 122693 209.979
376 122693 209.974
377 122693 209.991
378 122693 209.951
379 122693 210.011
380 122693 210.066
381 122693 210.052
382 122693 210.062
383 122693 210.027
384 122693 210.084
385 122692 210.161
386 122692 210.199
387 122692 210.12
388 122692 210.069
389 122692 210.042
390 122692 210.091
391 122692 210.124
392 122692 210.115
393 122692 210.172
394 122692 210.145
395 122693 210.115
396 122695 210.015
397 122694 210.045
398 122696 209.8
399 122696 209.787
400 122696 209.743
401 122696 209.771
402 122696 209.682
403 122696 209.722
404 122696 209.735
405 122696 209.643
406 122696 209.578
407 122696 209.698
408 122696 209.714
409 122696 209.797
410 122696 209.815
411 122696 209.779
412 122696 209.752
413 122696 209.797
414 122696 209.767
415 122696 209.786
416 122696 209.726
417 122696 209.672
418 122696 209.621
419 122696 209.697
420 122696 209.72
421 122696 209.725
422 122696 209.732
423 122696 209.682
424 122696 209.729
425 122696 209.772
426 122696 209.769
427 122696 209.806
428 122696 209.81
429 122696 209.732
430 122696 209.664
431 122696 209.634
432 122696 209.602
433 122696 209.574
434 122696 209.619
435 122695 209.652
436 122695 209.637
437 122696 209.706
438 122695 209.794
439 122695 209.745
440 122696 209.734
441 122695 209.654
442 122695 209.626
443 122695 209.607
444 122695 209.634
445 122695 209.521
446 122695 209.567
447 122695 209.584
448 122695 209.636
449 122695 209.667
450 122695 209.666
451 122695 209.62
452 122695 209.664
453 122695 209.648
454 122695 209.662
455 122695 209.7
456 122695 209.683
457 122695 209.68
458 122695 209.683
459 122695 209.705
460 122695 209.68
461 122695 209.714
462 122695 209.761
463 122695 209.794
464 122695 209.857
465 122695 209.862
466 122695 209.873
467 122695 209.746
468 122695 209.818
469 122695 209.849
470 122695 209.818
471 122695 209.868
472 122695 209.867
473 122695 209.915
474 122695 209.983
475 122695 209.963
476 122695 210.007
477 122695 210.112
478 122695 210.046
479 122695 210.074
480 122695 210.021
481 122695 210.066
482 122695 210.024
483 122695 209.993
484 122695 209.935
485 122695 209.943
486 122695 209.951
487 122695 209.951
488 122695 209.971
489 122695 209.952
490 122695 209.912
491 122696 209.957
492 122695 209.984
493 122696 210.009
494 122696 210.036
495 122696 210.067
496 122695 210.076
497 122696 210.077
498 122696 210.087
499 122696 210.175
500 122696 210.116
501 122696 210.065
502 122696 210.071
503 122696 210.036
504 122696 210.061
505 122696 210.033
506 122696 209.989
507 122696 210.069
508 122696 210.034
509 122696 209.974
510 122696 210.07
511 122696 210.063
