10.8389 2303 0.141496 8 0 0 743 2303 2304 13 0 1 20 1  0
22.1963 109067 6.70108 8 0 0 1 2663 2664 13 0 1 20 1  0
21.9156 216765 13.318 8 0 0 1 2995 2996 13 0 1 20 1  0
11.6168 2304 0.141558 1 0 0 1 2304 2305 13 0 1 20 1  0
22.2542 109067 6.70108 1 0 0 1 2663 2664 13 0 1 20 1  0
19.599 180534 11.092 1 0 0 1 2995 2997 13 0 1 20 1  0
0 2048 0.125829 1 0 0 822 4620 4621 13 0 1 20 1  0
16.0617 157688 9.68835 2 0 0 1 6581 6583 13 0 1 20 1  0
11.215 112333 6.90174 3 0 0 3 90138 90141 13 0 1 20 1  0
10.9324 2995 0.184013 1 1 0.0197462 1 2995 2996 13 0 1 20 1  0
11.5913 5935 0.364646 1 1 0.0197462 1 5935 5936 13 0 1 20 1  0
10.4027 33668 2.06856 2 1 0.0197462 1 33668 33669 13 0 1 20 1  0
10.238 83612 5.13712 3 1 0.0197462 1 83612 83613 13 0 1 20 1  0
10.3387 167478 10.2898 2 2 0.0394922 1 167478 167479 13 0 1 20 1  0
10.1465 254620 15.6439 2 2 0.0394922 1 254620 254621 13 0 1 20 1  0
12.3506 260497 16.0049 8 0 0 838 260497 260498 13 0 1 20 1  0
21.2592 417134 25.6287 8 0 0 1 260825 260826 13 0 1 20 1  0
20.9092 521544 32.0437 8 0 0 1 261465 261466 13 0 1 20 1  0
11.6045 260825 16.0251 1 0 0 1 260825 260826 13 0 1 20 1  0
17.9923 450896 27.703 1 0 0 1 262129 262130 13 0 1 20 1  0
19.702 496423 30.5002 1 0 0 1 262411 262412 13 0 1 20 1  0
0 260096 15.9803 1 0 0 831 262456 262457 13 0 1 20 1  0
11.0589 273219 16.7866 2 0 0 1 273219 273220 13 0 1 20 1  0
15.9367 458241 28.1543 2 0 0 1 273878 273879 13 0 1 20 1  0
10.2768 316629 19.4537 3 0 0 1 316629 316630 13 0 1 20 1  0
10.207 272571 16.7468 1 1 0.0197462 1 272571 272572 13 0 1 20 1  0
10.5078 404412 24.8471 1 1 0.0197462 1 273552 273553 13 0 1 20 1  0
10.5922 321195 19.7342 2 1 0.0197462 1 321195 321196 13 0 1 20 1  0
10.6414 350900 21.5593 2 1 0.0197462 1 340596 340597 13 0 1 20 1  0
10.5977 309445 19.0123 2 2 0.0394922 1 309445 309447 13 0 1 20 1  0
10.045 363301 22.3212 2 3 0.059238 1 363301 363302 13 0 1 20 1  0
11.8001 522518 32.1035 8 0 0 999 522518 522519 13 0 1 20 1  0
22.3089 572441 35.1708 8 0 0 1 522532 522533 13 0 1 20 1  0
10.6125 522518 32.1035 1 0 0 1 522518 522519 13 0 1 20 1  0
24.7148 572441 35.1708 1 0 0 1 522532 522534 13 0 1 20 1  0
0 522240 32.0864 1 0 0 1196 522821 522822 13 0 1 20 1  0
22.6105 738637 45.3819 2 0 0 5 522532 522534 13 0 1 20 1  0
11.5743 522532 32.1044 1 1 0.0197462 1 522532 522533 13 0 1 20 1  0
13.5782 697085 42.8289 2 1 0.0197462 2 579897 579898 13 0 1 20 1  0
10.3574 552211 33.9278 2 2 0.0394922 2 552211 552212 13 0 1 20 1  0
10.0548 578639 35.5516 3 1 0.0197462 1 578639 578640 13 0 1 20 1  0
10.5325 654337 40.2025 2 2 0.0394922 1 654337 654338 13 0 1 20 1  0
10.8213 634761 38.9997 3 2 0.0394922 1 634761 634763 13 0 1 20 1  0
10.8286 740151 45.4749 2 3 0.059238 3 740151 740152 13 0 1 20 1  0
11.2071 552034 33.917 4 7 0.13822 28 552031 552036 13 0 1 20 1  0
10.2259 784486 48.1988 8 0 0 846 784486 784487 13 0 1 20 1  0
22.7192 866755 53.2534 8 0 0 1 784519 784520 13 0 1 20 1  0
22.3857 1004771 61.7331 8 0 0 1 784990 784991 13 0 1 20 1  0
10.6668 785181 48.2415 1 0 0 1 785181 785182 13 0 1 20 1  0
22.8345 866756 53.2535 1 0 0 4 785315 785316 13 0 1 20 1  0
22.2407 1004772 61.7332 1 0 0 2 785505 785506 13 0 1 20 1  0
0 784384 48.1926 1 0 0 926 785990 785992 13 0 1 20 1  0
10.171 785505 48.2614 2 0 0 1 785505 785506 13 0 1 20 1  0
12.1245 845608 51.9542 2 1 0.0197462 2 845608 845609 13 0 1 20 1  0
12.0954 847837 52.0911 2 1 0.0197462 4 847837 847838 13 0 1 20 1  0
10.0351 1022396 62.816 3 1 0.0197462 1 1022396 1022397 13 0 1 20 1  0
10.1268 958768 58.9067 3 2 0.0394922 1 958768 958769 13 0 1 20 1  0
10.7601 998249 61.3324 2 4 0.0789836 1 998249 998250 13 0 1 20 1  0
10.1435 846527 52.0106 3 4 0.0789836 1 846527 846528 13 0 1 20 1  0
11.3372 906829 55.7156 6 93 1.84346 108 906812 906848 13 0 1 20 1  0
10.3254 1046526 64.2986 12 73 1.4447 1 1046432 1046530 13 0 1 20 1  0
10.4636 784384 48.1926 12 2697 662.864 1 784384 784602 13 0 1 20 1  0
13.0609 1046866 64.3194 8 0 0 832 1046866 1046867 13 0 1 20 1  0
20.3458 1167595 71.737 8 0 0 1 1047842 1047843 13 0 1 20 1  0
20.9426 1297128 79.6955 8 0 0 1 1047859 1047860 13 0 1 20 1  0
11.542 1046865 64.3194 2 0 0 2 1046865 1046866 13 0 1 20 1  0
25.285 1190107 73.1202 1 0 0 2 1047341 1047342 13 0 1 20 1  0
20.0047 1281133 78.7128 1 0 0 1 1047842 1047843 13 0 1 20 1  0
0 1046528 64.2987 1 0 0 917 1048173 1048174 13 0 1 20 1  0
19.0879 1129032 69.3677 2 0 0 3 1051255 1051257 13 0 1 20 1  0
10.9294 1109839 68.1885 1 1 0.0197462 1 1109839 1109840 13 0 1 20 1  0
10.0299 1183583 72.7193 1 1 0.0197462 1 1183583 1183584 13 0 1 20 1  0
10.4854 1084724 66.6454 2 1 0.0197462 1 1084724 1084725 13 0 1 20 1  0
11.3701 1297071 79.692 2 2 0.0394922 4 1281132 1281133 13 0 1 20 1  0
10.8021 1059261 65.081 2 2 0.0394922 1 1059261 1059262 13 0 1 20 1  0
10.2312 1308831 80.4146 8 0 0 1787 1308831 1308832 13 0 1 20 1  0
25.0182 1405769 86.3704 8 0 0 1 1308869 1308870 13 0 1 20 1  0
23.6317 1564343 96.1132 8 0 0 1 1309196 1309197 13 0 1 20 1  0
31.0386 1429622 87.836 1 0 0 1 1309667 1309669 13 0 1 20 1  0
32.8049 1430108 87.8658 2 0 0 4 1309989 1309991 13 0 1 20 1  0
23.3758 1429275 87.8147 3 0 0 4 1426024 1426066 13 0 1 20 1  0
16.2139 1428474 87.7654 4 0 0 15 1426025 1426066 13 0 1 20 1  0
16.8044 1426079 87.6183 7 2 0.0394922 96 1426003 1426118 13 0 1 20 1  0
10.6514 1322902 81.2791 2 1 0.0197462 2 1322902 1322903 13 0 1 20 1  0
10.3707 1373472 84.3861 2 2 0.0394922 1 1373472 1373473 13 0 1 20 1  0
11.3954 1571160 96.5321 8 0 0 897 1571160 1571161 13 0 1 20 1  0
22.9368 1707590 104.914 8 0 0 1 1571204 1571205 13 0 1 20 1  0
25.1094 1790147 109.987 8 0 0 1 1571492 1571493 13 0 1 20 1  0
10.0427 1571160 96.5321 1 0 0 1 1571160 1571161 13 0 1 20 1  0
20.8473 1707591 104.914 1 0 0 1 1571204 1571205 13 0 1 20 1  0
20.8861 1814297 111.47 1 0 0 1 1571493 1571494 13 0 1 20 1  0
0 1570816 96.5109 1 0 0 998 1571521 1571523 13 0 1 20 1  0
17.1541 1786238 109.746 2 0 0 7 1573296 1573299 13 0 1 20 1  0
10.0367 1685072 103.531 3 0 0 1 1685072 1685073 13 0 1 20 1  0
11.7018 1591421 97.7769 1 1 0.0197462 1 1591421 1591422 13 0 1 20 1  0
11.7618 1766324 108.523 1 1 0.0197462 1 1601863 1601864 13 0 1 20 1  0
10.9627 1586207 97.4566 2 1 0.0197462 1 1586207 1586208 13 0 1 20 1  0
11.3136 1643302 100.964 2 2 0.0394922 2 1643302 1643303 13 0 1 20 1  0
10.2645 1662228 102.127 2 3 0.059238 1 1662228 1662229 13 0 1 20 1  0
10.4262 1815599 111.55 2 3 0.059238 1 1707588 1707589 13 0 1 20 1  0
10.1311 1761763 108.243 3 3 0.059238 1 1761763 1761764 13 0 1 20 1  0
13.3784 1833042 112.622 8 0 0 887 1833042 1833043 13 0 1 20 1  0
24.2715 1969951 121.034 8 0 0 1 1833366 1833367 13 0 1 20 1  0
23.4839 2090043 128.412 8 0 0 1 1834205 1834206 13 0 1 20 1  0
24.355 2082546 127.952 1 0 0 1 1833042 1833044 13 0 1 20 1  0
0 1832960 112.617 1 0 0 868 1833367 1833368 13 0 1 20 1  0
19.0278 1898492 116.643 2 0 0 6 1834863 1834867 13 0 1 20 1  0
10.3472 1871078 114.959 3 0 0 1 1871078 1871079 13 0 1 20 1  0
10.2331 1893923 116.363 1 1 0.0197462 1 1893923 1893924 13 0 1 20 1  0
11.5343 1911548 117.446 1 1 0.0197462 1 1911548 1911549 13 0 1 20 1  0
10.0221 1834865 112.734 2 1 0.0197462 1 1834865 1834866 13 0 1 20 1  0
12.3127 1922960 118.147 2 1 0.0197462 2 1840070 1840071 13 0 1 20 1  0
11.1458 2075042 127.491 2 2 0.0394922 1 1922959 1922960 13 0 1 20 1  0
10.1002 1934717 118.869 3 2 0.0394922 1 1934717 1934718 13 0 1 20 1  0
10.9763 1994107 122.518 2 3 0.059238 1 1898490 1898492 13 0 1 20 1  0
32.2388 2329926 143.151 7 1 0.0197462 3157 2272206 2272300 13 0 1 20 1  0
0 2095104 128.723 8 0 0 2465 2095593 2095594 13 0 1 20 1  0
16.5261 2095403 128.742 1 0 0 1 2095403 2095404 13 0 1 20 1  0
21.9245 2147486 131.942 1 0 0 1 2095593 2095595 13 0 1 20 1  0
33.3629 2330779 143.203 1 0 0 1 2095925 2095926 13 0 1 20 1  0
16.8185 2348197 144.273 1 0 0 1 2096219 2096220 13 0 1 20 1  0
44.3701 2331432 143.243 3 0 0 61 2114525 2114529 13 0 1 20 1  0
10.4542 2138998 131.42 1 1 0.0197462 1 2138998 2138999 13 0 1 20 1  0
10.1146 2179142 133.886 2 1 0.0197462 1 2179142 2179143 13 0 1 20 1  0
10.2991 2257787 138.718 2 3 0.059238 1 2257787 2257788 13 0 1 20 1  0
10.2826 2328949 143.091 4 3 0.059238 1 2328949 2328950 13 0 1 20 1  0
11.4401 2357634 144.853 8 0 0 830 2357634 2357635 13 0 1 20 1  0
22.4286 2495086 153.298 8 0 0 1 2357958 2357959 13 0 1 20 1  0
19.9369 2578010 158.393 8 0 0 1 2358469 2358470 13 0 1 20 1  0
10.1168 2357635 144.853 1 0 0 1 2357635 2357636 13 0 1 20 1  0
18.9184 2500643 153.639 1 0 0 1 2357959 2357960 13 0 1 20 1  0
18.4131 2585669 158.863 1 0 0 1 2357993 2357994 13 0 1 20 1  0
0 2357248 144.829 1 0 0 1014 2358470 2358471 13 0 1 20 1  0
16.6429 2453303 150.731 2 0 0 2 2359296 2359298 13 0 1 20 1  0
10.8891 2521866 154.943 3 0 0 1 2459514 2459517 13 0 1 20 1  0
10.2407 2396827 147.261 1 1 0.0197462 1 2396827 2396828 13 0 1 20 1  0
10.9133 2512069 154.342 1 1 0.0197462 1 2450687 2450688 13 0 1 20 1  0
10.3886 2366289 145.385 2 1 0.0197462 1 2366289 2366290 13 0 1 20 1  0
11.16 2559731 157.27 2 1 0.0197462 1 2459514 2459515 13 0 1 20 1  0
10.2156 2466364 151.533 3 1 0.0197462 1 2466364 2466365 13 0 1 20 1  0
10.0631 2377903 146.098 2 2 0.0394922 1 2377903 2377904 13 0 1 20 1  0
10.4204 2459514 151.113 3 2 0.0394922 1 2459514 2459515 13 0 1 20 1  0
10.2069 2545359 156.387 2 3 0.059238 1 2545359 2545360 13 0 1 20 1  0
10.0485 2619446 160.939 8 0 0 848 2619446 2619447 13 0 1 20 1  0
24.5328 2700103 165.894 8 0 0 1 2619793 2619794 13 0 1 20 1  0
22.5634 2797710 171.891 8 0 0 1 2620748 2620749 13 0 1 20 1  0
12.3497 2620092 160.978 1 0 0 1 2620092 2620093 13 0 1 20 1  0
22.7806 2700103 165.894 1 0 0 2 2620749 2620750 13 0 1 20 1  0
21.7418 2791181 171.49 1 0 0 1 2621075 2621076 13 0 1 20 1  0
0 2619392 160.935 1 0 0 1199 2621567 2621569 13 0 1 20 1  0
17.5682 2766044 169.946 2 0 0 1 2622049 2622051 13 0 1 20 1  0
18.6424 2858913 175.652 2 0 0 1 2622553 2622555 13 0 1 20 1  0
10.0185 2639055 162.144 3 0 0 1 2639055 2639056 13 0 1 20 1  0
14.2234 2856959 175.532 3 0 0 5 2646242 2646244 13 0 1 20 1  0
10.357 2660284 163.448 1 1 0.0197462 1 2660284 2660285 13 0 1 20 1  0
11.5781 2669091 163.989 2 1 0.0197462 1 2669091 2669092 13 0 1 20 1  0
11.2934 2762464 169.726 2 1 0.0197462 1 2671050 2671051 13 0 1 20 1  0
11.1603 2671052 164.109 3 1 0.0197462 1 2671052 2671053 13 0 1 20 1  0
10.6112 2717732 166.977 3 2 0.0394922 2 2717732 2717733 13 0 1 20 1  0
10.6325 2731116 167.8 2 2 0.0394922 2 2731116 2731117 13 0 1 20 1  0
10.2049 2881886 177.063 8 0 0 580 2881886 2881887 13 0 1 20 1  0
21.7793 3103872 190.702 8 0 0 1 2882388 2882389 13 0 1 20 1  0
10.9498 2882250 177.085 1 0 0 1 2882250 2882251 13 0 1 20 1  0
18.6132 3070061 188.625 1 0 0 1 2882388 2882389 13 0 1 20 1  0
18.7533 3122141 191.824 1 0 0 4 2882571 2882572 13 0 1 20 1  0
0 2881536 177.042 1 0 0 748 2882716 2882718 13 0 1 20 1  0
11.4664 2985497 183.429 7 0 0 5 2985145 2985532 13 0 1 20 1  0
11.3583 2889755 177.547 1 1 0.0197462 2 2889755 2889756 13 0 1 20 1  0
11.6367 2938058 180.514 1 1 0.0197462 2 2938058 2938059 13 0 1 20 1  0
10.51 3038581 186.69 2 2 0.0394922 1 3038581 3038582 13 0 1 20 1  0
10.8098 3021068 185.614 7 2 0.0394922 2 2985143 2985518 13 0 1 20 1  0
11.1689 3143831 193.157 8 0 0 1450 3143831 3143832 13 0 1 20 1  0
20.6174 3150543 193.569 8 0 0 1 3145286 3145287 13 0 1 20 1  0
32.9098 3370188 207.064 8 1 0.0197462 1835 3369273 3370396 13 0 1 20 1  0
22.5203 3150543 193.569 1 0 0 1 3143831 3143833 13 0 1 20 1  0
19.5313 3364353 206.706 2 0 0 4 3143831 3143833 13 0 1 20 1  0
11.0651 3196887 196.417 1 1 0.0197462 3 3196887 3196888 13 0 1 20 1  0
10.0608 3305922 203.116 1 1 0.0197462 1 3221052 3221053 13 0 1 20 1  0
10.2573 3369262 207.007 4 1 0.0197462 1 3369262 3369263 13 0 1 20 1  0
10.5153 3221052 197.901 2 2 0.0394922 1 3221052 3221053 13 0 1 20 1  0
10.4635 3204158 196.863 12 1665 106.048 1 3203866 3204486 13 0 1 20 1  0
13.4425 3405956 209.262 8 0 0 483 3405956 3405957 13 0 1 20 1  0
21.5758 3464913 212.884 8 0 0 1 3406282 3406283 13 0 1 20 1  0
12.0261 3405957 209.262 1 0 0 1 3405957 3405958 13 0 1 20 1  0
19.1348 3451191 212.041 1 0 0 1 3406282 3406283 13 0 1 20 1  0
0 3405824 209.254 1 0 0 542 3407120 3407121 13 0 1 20 1  0
16.3292 3422467 210.276 2 0 0 3 3413137 3413139 13 0 1 20 1  0
11.0391 3498207 214.93 2 1 0.0197462 2 3498207 3498208 13 0 1 20 1  0
10.1909 3521714 216.374 1 1 0.0197462 1 3521714 3521715 13 0 1 20 1  0
13.0572 3669437 225.45 8 0 0 1 3669437 3669438 13 0 1 20 1  0
17.7176 3718723 228.478 8 0 0 1 3669750 3669751 13 0 1 20 1  0
0 3667968 225.36 8 0 0 433 3670928 3670929 13 0 1 20 1  0
20.368 3720544 228.59 1 0 0 5 3669437 3669439 13 0 1 20 1  0
0 3667968 225.36 1 0 0 547 3669750 3669752 13 0 1 20 1  0
10.123 3672402 225.632 2 0 0 1 3672402 3672403 13 0 1 20 1  0
14.1453 3767008 231.445 3 0 0 3 3767004 3767011 13 0 1 20 1  0
10.4491 3831033 235.379 2 1 0.0197462 1 3789566 3789567 13 0 1 20 1  0
10.6435 3931123 241.528 8 0 0 1 3931123 3931124 13 0 1 20 1  0
18.2358 4129456 253.714 8 0 0 1 3931924 3931925 13 0 1 20 1  0
0 3930112 241.466 8 0 0 336 3931964 3931965 13 0 1 20 1  0
11.1746 3931123 241.528 1 0 0 1 3931123 3931124 13 0 1 20 1  0
18.3515 4149045 254.917 1 0 0 1 3931610 3931611 13 0 1 20 1  0
0 3930112 241.466 1 0 0 404 3931924 3931926 13 0 1 20 1  0
10.0345 3932909 241.638 2 0 0 1 3932909 3932910 13 0 1 20 1  0
13.3821 4153617 255.198 2 0 0 1 3937806 3937807 13 0 1 20 1  0
10.3396 3974412 244.188 1 1 0.0197462 1 3974412 3974413 13 0 1 20 1  0
10.5482 4016492 246.773 2 1 0.0197462 1 4016492 4016493 13 0 1 20 1  0
10.4686 4106315 252.292 2 1 0.0197462 2 4106315 4106316 13 0 1 20 1  0
12.4347 4192313 257.576 8 0 0 1325 4192313 4192314 13 0 1 20 1  0
18.683 4221509 259.37 8 0 0 1 4192973 4192974 13 0 1 20 1  0
13.0041 4192314 257.576 1 0 0 1 4192314 4192315 13 0 1 20 1  0
19.8594 4221510 259.37 1 0 0 1 4194414 4194416 13 0 1 20 1  0
17.0762 4426539 271.967 1 0 0 1 4194466 4194467 13 0 1 20 1  0
10.262 4195591 257.777 2 0 0 1 4195591 4195592 13 0 1 20 1  0
13.1947 4321451 265.51 2 0 0 1 4199510 4199511 13 0 1 20 1  0
11.2517 4434064 272.429 3 0 0 1 4415383 4415388 13 0 1 20 1  0
13.5378 4416470 271.348 10 19 0.375194 45 4414832 4416820 13 0 1 20 1  0
15.7044 4433815 272.414 9 19 0.375194 211 4415087 4416566 13 0 1 20 1  0
10.2284 4388019 269.6 2 1 0.0197462 1 4388019 4388020 13 0 1 20 1  0
12.1205 4454400 273.678 12 27 0.533239 2 4453838 4454402 13 0 1 20 1  0
14.3218 4455866 273.768 7 3 0.059238 1495 4455825 4456577 13 0 1 20 1  0
19.0854 4686443 287.935 8 0 0 1 4454967 4454968 13 0 1 20 1  0
17.4866 4713910 289.623 8 0 0 1 4455273 4455274 13 0 1 20 1  0
21.0046 4485967 275.618 1 0 0 1 4454967 4454969 13 0 1 20 1  0
14.3289 4642366 285.227 2 0 0 1 4455889 4455892 13 0 1 20 1  0
11.5185 4456203 273.789 3 0 0 1 4455870 4455894 13 0 1 20 1  0
10.0595 4467361 274.475 2 1 0.0197462 1 4467361 4467362 13 0 1 20 1  0
10.7575 4563356 280.373 2 1 0.0197462 1 4485967 4485968 13 0 1 20 1  0
13.0778 4511710 277.199 7 5 0.0987291 2 4455836 4456559 13 0 1 20 1  0
19.4568 4849693 297.965 8 0 0 1 4716803 4716805 13 0 1 20 1  0
0 4716544 289.784 8 0 0 651 4716843 4716844 13 0 1 20 1  0
18.8993 4849694 297.965 1 0 0 1 4716804 4716806 13 0 1 20 1  0
17.5814 4945031 303.823 1 0 0 1 4716843 4716845 13 0 1 20 1  0
0 4716544 289.784 1 0 0 713 4717281 4717283 13 0 1 20 1  0
13.7627 4792554 294.454 2 0 0 1 4716804 4716806 13 0 1 20 1  0
10.2296 4716805 289.8 2 1 0.0197462 1 4716805 4716806 13 0 1 20 1  0
10.4162 4923143 302.478 2 1 0.0197462 1 4912385 4912386 13 0 1 20 1  0
10.1696 4969666 305.336 3 2 0.0394922 1 4969666 4969667 13 0 1 20 1  0
13.9748 4979140 305.918 8 0 0 2440 4979140 4979141 13 0 1 20 1  0
55.0841 5137857 315.67 8 1 0.0197462 6792 5137642 5140520 13 0 1 20 1  0
12.4432 4979141 305.918 1 0 0 1 4979141 4979142 13 0 1 20 1  0
33.7672 5139331 315.76 1 0 0 3 4979641 4979642 13 0 1 20 1  0
30.3001 5138159 315.688 2 0 0 3 4982253 4982255 13 0 1 20 1  0
10.0612 5002973 307.383 1 1 0.0197462 1 5002973 5002974 13 0 1 20 1  0
10.5537 4984576 306.252 2 1 0.0197462 1 4984576 4984577 13 0 1 20 1  0
15.7233 5240861 321.998 8 0 0 499 5240861 5240862 13 0 1 20 1  0
19.9862 5392333 331.305 8 0 0 1 5241183 5241184 13 0 1 20 1  0
19.4192 5465145 335.779 1 0 0 1 5240861 5240863 13 0 1 20 1  0
0 5240832 321.997 1 0 0 632 5241184 5241185 13 0 1 20 1  0
13.4872 5282350 324.548 2 0 0 1 5240861 5240863 13 0 1 20 1  0
11.0042 5419103 332.95 1 1 0.0197462 1 5419103 5419104 13 0 1 20 1  0
10.114 5303874 325.87 2 1 0.0197462 1 5303874 5303875 13 0 1 20 1  0
11.0369 5473328 336.281 2 1 0.0197462 1 5369505 5369506 13 0 1 20 1  0
13.079 5503346 338.126 8 0 0 1067 5503346 5503347 13 0 1 20 1  0
19.6039 5535045 340.073 8 0 0 1 5503667 5503669 13 0 1 20 1  0
20.6341 5520031 339.151 1 0 0 1 5503346 5503348 13 0 1 20 1  0
14.3102 5747840 353.147 2 0 0 1 5503667 5503670 13 0 1 20 1  0
13.6707 5542482 340.53 7 1 0.0197462 17 5540510 5540543 13 0 1 20 1  0
10.3408 5535662 340.111 1 1 0.0197462 2 5535662 5535663 13 0 1 20 1  0
11.1666 5597411 343.905 1 1 0.0197462 1 5597411 5597412 13 0 1 20 1  0
11.0506 5591815 343.561 2 1 0.0197462 1 5591815 5591816 13 0 1 20 1  0
10.2471 5541157 340.449 8 3 0.059238 1 5541157 5541159 13 0 1 20 1  0
10.3726 5542084 340.506 6 206 4.15321 1 5542074 5542087 13 0 1 20 1  0
20.6041 5986416 367.805 8 0 0 1 5765131 5765133 13 0 1 20 1  0
10.3686 6026607 370.275 8 0 0 1 5765423 5765424 13 0 1 20 1  0
0 5765120 354.209 8 0 0 526 5765942 5765943 13 0 1 20 1  0
16.1301 5765132 354.21 1 0 0 732 5765132 5765133 13 0 1 20 1  0
22.5583 5909075 363.054 1 0 0 1 5765423 5765424 13 0 1 20 1  0
15.7193 5930292 364.357 2 0 0 1 5765132 5765134 13 0 1 20 1  0
10.3201 5810605 357.004 1 1 0.0197462 2 5810605 5810606 13 0 1 20 1  0
11.8083 5869252 360.607 2 1 0.0197462 2 5783407 5783408 13 0 1 20 1  0
10.1929 5781487 355.215 2 1 0.0197462 1 5781487 5781488 13 0 1 20 1  0
10.1373 5867290 360.486 2 2 0.0394922 1 5811152 5811153 13 0 1 20 1  0
10.6336 5990608 368.063 12 116 2.30481 1 5990438 5990746 13 0 1 20 1  0
15.5596 5960774 366.23 12 203 4.09018 57 5945486 5964752 13 0 1 20 1  0
14.3457 5956816 365.987 12 1156 42.4085 24 5955548 5958832 13 0 1 20 1  0
11.1909 5998126 368.525 12 1332 58.3941 4 5978958 5978978 13 0 1 20 1  0
0 5765120 354.209 12 1320 57.1424 2 5997710 5999220 13 0 1 20 1  0
14.1175 5952694 365.734 12 1856 148.997 13 5950598 5954564 13 0 1 20 1  0
11.062 5948844 365.497 12 2543 504.432 4 5948158 5950766 13 0 1 20 1  0
14.0298 5898230 362.387 12 2455 431.531 4 5894606 5900642 13 0 1 20 1  0
10.3305 5993912 368.266 12 2522 485.988 1 5993376 5994588 13 0 1 20 1  0
11.5476 6027549 370.333 8 0 0 1333 6027549 6027550 13 0 1 20 1  0
22.0187 6070319 372.96 8 0 0 1 6027879 6027881 13 0 1 20 1  0
15.5917 6288352 386.356 8 0 0 1 6029006 6029007 13 0 1 20 1  0
13.5352 6027550 370.333 1 0 0 1 6027550 6027551 13 0 1 20 1  0
34.6652 6197155 380.753 3 0 0 111 6091899 6091902 13 0 1 20 1  0
20.5215 6281502 385.935 1 0 0 1 6029342 6029343 13 0 1 20 1  0
13.0431 6262517 384.769 6 0 0 4 6197130 6197183 13 0 1 20 1  0
12.6757 6259911 384.609 7 0 0 8 6259872 6259953 13 0 1 20 1  0
10.223 6095451 374.504 1 1 0.0197462 1 6095451 6095452 13 0 1 20 1  0
10.6244 6067700 372.799 2 1 0.0197462 2 6067700 6067701 13 0 1 20 1  0
10.6351 6102304 374.926 3 1 0.0197462 1 6102304 6102305 13 0 1 20 1  0
25.9648 6318242 388.193 8 0 0 1 6289653 6289655 13 0 1 20 1  0
0 6289408 386.421 8 0 0 1209 6289690 6289692 13 0 1 20 1  0
18.2083 6289654 386.436 1 0 0 1 6289654 6289655 13 0 1 20 1  0
23.013 6318242 388.193 1 0 0 4 6289691 6289693 13 0 1 20 1  0
22.0101 6373920 391.614 2 0 0 4 6289653 6289656 13 0 1 20 1  0
10.0242 6388183 392.49 5 0 0 1 6388183 6388184 13 0 1 20 1  0
13.4203 6501773 399.469 7 1 0.0197462 16 6340495 6340554 13 0 1 20 1  0
13.5025 6526260 400.973 12 131 2.60765 14 6525858 6529136 13 0 1 20 1  0
10.0399 6340517 389.561 7 5 0.0987291 1 6340517 6340518 13 0 1 20 1  0
0 6289408 386.421 9 2568 527.303 426 6461023 6461141 13 0 1 20 1  0
13.4191 6552651 402.595 8 0 0 1 6552651 6552652 13 0 1 20 1  0
21.3359 6712754 412.432 8 0 0 1 6553257 6553258 13 0 1 20 1  0
19.5186 6781661 416.665 8 0 0 1 6553585 6553586 13 0 1 20 1  0
0 6551552 402.527 8 0 0 620 6554563 6554564 13 0 1 20 1  0
12.5658 6551626 402.532 1 0 0 1 6551626 6551627 13 0 1 20 1  0
20.8733 6669005 409.744 1 0 0 1 6551953 6551954 13 0 1 20 1  0
0 6551552 402.527 1 0 0 915 6552651 6552653 13 0 1 20 1  0
16.0231 6746320 414.494 3 0 0 8 6614859 6614862 13 0 1 20 1  0
10.4402 6682102 410.548 1 1 0.0197462 1 6682102 6682103 13 0 1 20 1  0
10.3377 6581373 404.36 2 1 0.0197462 1 6581373 6581374 13 0 1 20 1  0
10.15 6775645 416.296 2 1 0.0197462 1 6682102 6682104 13 0 1 20 1  0
10.2087 6631840 407.46 5 15 0.296194 1 6631838 6631844 13 0 1 20 1  0
13.0941 6640606 407.999 12 143 2.8512 27 6638548 6642036 13 0 1 20 1  0
10.391 6603927 405.745 7 20 0.394946 1 6603923 6603933 13 0 1 20 1  0
10.0278 6633474 407.561 6 26 0.513479 1 6633474 6633475 13 0 1 20 1  0
15.0249 6630212 407.36 12 1806 136.318 187 6628044 6632860 13 0 1 20 1  0
0 6551552 402.527 12 1851 147.678 3 6800748 6801338 13 0 1 20 1  0
12.4266 6798812 417.719 12 2033 204.065 6 6796894 6800184 13 0 1 20 1  0
49.3119 6865689 421.828 7 2 0.0394922 5891 6865584 6867195 13 0 1 20 1  0
18.5646 7059062 433.709 8 0 0 1 6814457 6814459 13 0 1 20 1  0
0 6813696 418.633 8 0 0 1659 6814789 6814791 13 0 1 20 1  0
36.2417 6868644 422.009 1 0 0 2 6813832 6813834 13 0 1 20 1  0
20.6395 7072625 434.542 1 0 0 1 6814458 6814459 13 0 1 20 1  0
34.0133 6866629 421.886 2 0 0 7 6813832 6813835 13 0 1 20 1  0
10.3013 6820185 419.032 2 1 0.0197462 1 6820185 6820186 13 0 1 20 1  0
0 6813696 418.633 5 246 5.00544 1 6865616 6865618 13 0 1 20 1  0
0 6813696 418.633 6 467 10.2892 72 6865520 6865524 13 0 1 20 1  0
20.2624 7204420 442.64 8 0 0 1 7075907 7075909 13 0 1 20 1  0
18.1317 7327423 450.197 8 0 0 1 7076220 7076222 13 0 1 20 1  0
0 7075840 434.74 8 0 0 717 7076395 7076396 13 0 1 20 1  0
19.8441 7203581 442.588 1 0 0 1 7075908 7075910 13 0 1 20 1  0
18.8555 7297335 448.348 1 0 0 1 7076221 7076223 13 0 1 20 1  0
0 7075840 434.74 1 0 0 929 7076395 7076396 13 0 1 20 1  0
14.9717 7298302 448.408 2 0 0 1 7075907 7075910 13 0 1 20 1  0
11.1654 7216256 443.367 3 0 0 1 7160802 7160805 13 0 1 20 1  0
13.8088 7160748 439.956 7 1 0.0197462 21 7160703 7160800 13 0 1 20 1  0
10.3811 7082756 435.165 2 1 0.0197462 1 7082756 7082757 13 0 1 20 1  0
10.8451 7101515 436.317 2 1 0.0197462 1 7101515 7101516 13 0 1 20 1  0
13.9503 7338471 450.876 8 0 0 527 7338471 7338472 13 0 1 20 1  0
20.3449 7540033 463.26 8 0 0 1 7338794 7338795 13 0 1 20 1  0
13.285 7338472 450.876 1 0 0 1 7338472 7338473 13 0 1 20 1  0
21.6868 7469813 458.945 1 0 0 2 7338795 7338796 13 0 1 20 1  0
18.7299 7593574 466.549 1 0 0 1 7339647 7339648 13 0 1 20 1  0
0 7337984 450.846 1 0 0 698 7340100 7340102 13 0 1 20 1  0
10.031 7340101 450.976 2 0 0 1 7340101 7340102 13 0 1 20 1  0
11.8759 7466285 458.729 3 0 0 2 7466221 7466223 13 0 1 20 1  0
14.5319 7467733 458.818 7 4 0.0789836 36 7467712 7467783 13 0 1 20 1  0
10.4919 7445428 457.447 1 1 0.0197462 1 7445428 7445429 13 0 1 20 1  0
10.4438 7549512 463.842 2 1 0.0197462 2 7502100 7502101 13 0 1 20 1  0
10.6123 7489689 460.166 2 1 0.0197462 2 7489689 7489690 13 0 1 20 1  0
11.7638 7444418 457.385 12 2193 271.099 9 7442072 7445438 13 0 1 20 1  0
10.5044 7425450 456.22 12 3016 1167.12 1 7425154 7425808 13 0 1 20 1  0
19.5962 7731435 475.019 8 0 0 1 7600585 7600587 13 0 1 20 1  0
13.8601 7861615 483.018 8 0 0 1 7600615 7600616 13 0 1 20 1  0
0 7600128 466.952 8 0 0 554 7601100 7601101 13 0 1 20 1  0
14.3961 7600586 466.98 1 0 0 1 7600586 7600587 13 0 1 20 1  0
21.2665 7641636 469.502 1 0 0 3 7601100 7601101 13 0 1 20 1  0
19.097 7842860 481.865 1 0 0 1 7601409 7601410 13 0 1 20 1  0
0 7600128 466.952 1 0 0 747 7602714 7602716 13 0 1 20 1  0
10.8869 7751399 476.246 1 1 0.0197462 1 7751399 7751400 13 0 1 20 1  0
10.299 7638977 469.339 2 1 0.0197462 1 7638977 7638978 13 0 1 20 1  0
11.6798 7774559 477.669 2 1 0.0197462 1 7641637 7641638 13 0 1 20 1  0
10.4864 7813799 480.08 3 1 0.0197462 1 7813799 7813800 13 0 1 20 1  0
10.1952 7616139 467.936 2 2 0.0394922 1 7616139 7616140 13 0 1 20 1  0
10.3479 7732740 475.1 3 2 0.0394922 2 7732740 7732741 13 0 1 20 1  0
10.4675 7812542 480.003 12 134 2.66842 1 7812434 7812596 13 0 1 20 1  0
12.2877 7846766 482.105 12 2185 267.277 1 7844322 7848748 13 0 1 20 1  0
10.5779 7600184 466.955 12 3256 1786.3 1 7600128 7601256 13 0 1 20 1  0
14.927 7862593 483.078 8 0 0 530 7862593 7862594 13 0 1 20 1  0
19.2728 8006866 491.942 8 0 0 1 7862952 7862953 13 0 1 20 1  0
23.2115 8006867 491.942 1 0 0 2 7862593 7862595 13 0 1 20 1  0
0 7862272 483.058 1 0 0 694 7862952 7862954 13 0 1 20 1  0
12.5182 7928483 487.126 3 0 0 16 7928003 7928007 13 0 1 20 1  0
10.4116 8100997 497.725 1 1 0.0197462 1 8100997 8100998 13 0 1 20 1  0
10.965 7970319 489.696 2 1 0.0197462 1 7921964 7921966 13 0 1 20 1  0
11.0072 8069100 495.765 11 146 2.91228 1 8068934 8069245 13 0 1 20 1  0
10.9434 7862822 483.092 10 1774 128.773 5 7862272 7863178 13 0 1 20 1  0
10.6291 7929310 487.177 12 2236 292.597 1 7928742 7930028 13 0 1 20 1  0
13.6257 8124986 499.199 8 0 0 683 8124986 8124987 13 0 1 20 1  0
20.9176 8250315 506.899 8 0 0 1 8125191 8125192 13 0 1 20 1  0
19.5719 8375166 514.57 8 0 0 1 8125661 8125662 13 0 1 20 1  0
10.0556 8124986 499.199 1 0 0 1 8124986 8124987 13 0 1 20 1  0
21.9535 8250316 506.899 1 0 0 3 8125191 8125193 13 0 1 20 1  0
0 8124416 499.164 1 0 0 848 8125484 8125485 13 0 1 20 1  0
10.6051 8240840 506.317 1 1 0.0197462 1 8240840 8240841 13 0 1 20 1  0
10.6745 8249983 506.879 2 1 0.0197462 2 8249983 8249984 13 0 1 20 1  0
11.3227 8167536 501.813 7 2 0.0394922 3 8167508 8167557 13 0 1 20 1  0
10.8803 8375670 514.601 12 2420 405.553 2 8374838 8376372 13 0 1 20 1  0
12.3468 8386724 515.28 8 0 0 1364 8386724 8386725 13 0 1 20 1  0
40.6173 8393862 515.719 8 3 0.059238 4699 8393635 8395381 13 0 1 20 1  0
17.6654 8643815 531.076 8 0 0 1 8387085 8387086 13 0 1 20 1  0
17.7809 8643816 531.076 1 0 0 1 8387086 8387087 13 0 1 20 1  0
0 8386560 515.27 5 241 4.89763 26 8393680 8393687 13 0 1 20 1  0
15.1938 8648862 531.386 8 0 0 668 8648862 8648863 13 0 1 20 1  0
19.0981 8720953 535.815 8 0 0 1 8649494 8649495 13 0 1 20 1  0
18.3298 8653952 531.699 1 0 0 1 8648862 8648864 13 0 1 20 1  0
16.4119 8894152 546.457 1 0 0 1 8649495 8649496 13 0 1 20 1  0
0 8648704 531.376 1 0 0 681 8649529 8649530 13 0 1 20 1  0
12.6692 8731408 536.458 2 0 0 1 8648861 8648865 13 0 1 20 1  0
11.0976 8719140 535.704 12 60 1.18646 1 8648716 8649406 13 0 1 20 1  0
10.6602 8648934 531.391 12 267 5.46259 3 8648716 8649138 13 0 1 20 1  0
19.3795 9095675 558.838 8 0 0 1 8911156 8911158 13 0 1 20 1  0
19.5109 9158273 562.684 8 0 0 1 8911630 8911631 13 0 1 20 1  0
0 8910848 547.482 8 0 0 738 8912347 8912348 13 0 1 20 1  0
21.1364 8933095 548.849 1 0 0 1 8911156 8911158 13 0 1 20 1  0
21.8386 9143307 561.765 1 0 0 2 8911630 8911631 13 0 1 20 1  0
0 8910848 547.482 1 0 0 918 8912288 8912289 13 0 1 20 1  0
10.6624 9118408 560.235 1 1 0.0197462 1 9118408 9118409 13 0 1 20 1  0
11.8702 8980821 551.782 2 1 0.0197462 2 8933095 8933097 13 0 1 20 1  0
13.9094 9173142 563.598 8 0 0 1559 9173142 9173143 13 0 1 20 1  0
52.9179 9367813 575.558 4 0 0 453 9367801 9367834 13 0 1 20 1  0
18.5957 9400595 577.573 8 0 0 1 9173693 9173694 13 0 1 20 1  0
20.0799 9180249 564.034 1 0 0 1 9173660 9173662 13 0 1 20 1  0
10.0873 9365604 575.423 3 0 0 1 9365604 9365605 13 0 1 20 1  0
10.0814 9232832 567.265 2 1 0.0197462 1 9232832 9232833 13 0 1 20 1  0
12.1818 9435206 579.699 8 0 0 630 9435206 9435207 13 0 1 20 1  0
18.2044 9596466 589.607 8 0 0 1 9435692 9435693 13 0 1 20 1  0
21.0037 9602957 590.006 1 0 0 3 9435206 9435208 13 0 1 20 1  0
0 9435136 579.695 1 0 0 781 9435693 9435694 13 0 1 20 1  0
11.1022 9439457 579.96 2 0 0 1 9439457 9439458 13 0 1 20 1  0
10.362 9625208 591.373 2 2 0.0394922 1 9625208 9625209 13 0 1 20 1  0
18.7755 9822099 603.47 8 0 0 1 9697625 9697627 13 0 1 20 1  0
0 9697280 595.801 8 0 0 557 9697660 9697661 13 0 1 20 1  0
14.2657 9697626 595.822 1 0 0 1 9697626 9697627 13 0 1 20 1  0
20.2329 9725265 597.52 1 0 0 1 9697660 9697662 13 0 1 20 1  0
19.2329 9920864 609.538 1 0 0 1 9698121 9698122 13 0 1 20 1  0
0 9697280 595.801 1 0 0 681 9698609 9698610 13 0 1 20 1  0
10.0048 9698122 595.853 2 0 0 1 9698122 9698123 13 0 1 20 1  0
14.883 9708914 596.516 2 0 0 1 9700575 9700577 13 0 1 20 1  0
13.2838 9825417 603.674 3 0 0 3 9825414 9825420 13 0 1 20 1  0
10.7301 9923312 609.688 2 1 0.0197462 1 9923312 9923313 13 0 1 20 1  0
10.0642 9960241 611.957 8 0 0 1 9960241 9960242 13 0 1 20 1  0
26.5933 10207763 627.165 8 0 0 1 9961547 9961548 13 0 1 20 1  0
0 9959424 611.907 8 0 0 1133 9962029 9962030 13 0 1 20 1  0
11.5477 9960242 611.957 1 0 0 1 9960242 9960243 13 0 1 20 1  0
25.7542 10095577 620.272 1 0 0 1 9962029 9962030 13 0 1 20 1  0
19.1496 10120135 621.781 2 0 0 1 9972167 9972170 13 0 1 20 1  0
27.7968 10094941 620.233 10 3 0.059238 876 10094211 10095537 13 0 1 20 1  0
10.4057 10107711 621.018 1 1 0.0197462 1 10107711 10107712 13 0 1 20 1  0
11.9463 10207762 627.165 2 2 0.0394922 8 10074688 10074690 13 0 1 20 1  0
11.013 10074689 618.989 2 1 0.0197462 1 10074689 10074690 13 0 1 20 1  0
10.4728 10072067 618.828 2 3 0.059238 1 10072067 10072068 13 0 1 20 1  0
11.4857 10155782 623.971 12 1989 188.725 1 10154802 10158110 13 0 1 20 1  0
10.3005 10221640 628.018 8 0 0 565 10221640 10221641 13 0 1 20 1  0
19.763 10320372 634.084 8 0 0 1 10221961 10221962 13 0 1 20 1  0
11.0165 10221640 628.018 1 0 0 1 10221640 10221641 13 0 1 20 1  0
20.4123 10380208 637.76 1 0 0 1 10221962 10221963 13 0 1 20 1  0
0 10221568 628.013 1 0 0 594 10222003 10222004 13 0 1 20 1  0
10.6255 10222004 628.04 2 0 0 1 10222004 10222005 13 0 1 20 1  0
22.6678 10483421 644.101 5 0 0 1320 10483400 10483446 13 0 1 20 1  0
10.2855 10235575 628.874 2 1 0.0197462 1 10235575 10235576 13 0 1 20 1  0
11.5229 10402440 639.126 2 1 0.0197462 1 10307294 10307295 13 0 1 20 1  0
10.1153 10463124 642.854 2 2 0.0394922 1 10463124 10463125 13 0 1 20 1  0
10.5769 10483829 644.126 8 0 0 1728 10483829 10483830 13 0 1 20 1  0
21.0344 10488148 644.392 8 0 0 12 10484516 10484517 13 0 1 20 1  0
18.2577 10716353 658.413 8 0 0 1 10486003 10486004 13 0 1 20 1  0
12.7985 10484517 644.169 1 0 0 1 10484517 10484518 13 0 1 20 1  0
24.0369 10488149 644.392 1 0 0 2 10484842 10484843 13 0 1 20 1  0
18.4516 10744109 660.118 1 0 0 1 10486015 10486016 13 0 1 20 1  0
32.568 10492119 644.636 5 0 0 1767 10488141 10488190 13 0 1 20 1  0
15.6442 10488566 644.417 2 1 0.0197462 20 10488148 10488151 13 0 1 20 1  0
12.6773 10488310 644.402 4 15 0.296194 12 10488305 10488315 13 0 1 20 1  0
17.4042 10745900 660.228 8 0 0 933 10745900 10745901 13 0 1 20 1  0
27.4263 10911761 670.419 8 0 0 162 10745938 10745939 13 0 1 20 1  0
23.0783 10796943 663.364 1 0 0 1 10745900 10745902 13 0 1 20 1  0
29.1387 10911762 670.419 1 0 0 2 10745938 10745939 13 0 1 20 1  0
0 10745856 660.225 1 0 0 1057 10746548 10746550 13 0 1 20 1  0
11.3856 10905511 670.035 1 1 0.0197462 4 10905511 10905512 13 0 1 20 1  0
11.2915 10912701 670.476 3 0 0 3 10911759 10911766 13 0 1 20 1  0
10.1786 10805913 663.915 1 1 0.0197462 1 10805913 10805914 13 0 1 20 1  0
10.2312 10800350 663.573 2 1 0.0197462 1 10800350 10800351 13 0 1 20 1  0
10.7093 10912383 670.457 2 1 0.0197462 1 10842228 10842229 13 0 1 20 1  0
10.1177 10757094 660.916 3 8 0.157966 1 10757094 10757095 13 0 1 20 1  0
15.4379 11001394 675.926 12 1067 35.9911 2169 11000498 11003004 13 0 1 20 1  0
0 10745856 660.225 12 654 15.9691 9 11003112 11003320 13 0 1 20 1  0
10.6719 10994786 675.52 12 1742 121.642 3 10994078 10995608 13 0 1 20 1  0
11.7084 10958198 673.272 12 2629 587.554 5 10956522 10960640 13 0 1 20 1  0
0 10745856 660.225 12 2577 535.788 3 11007886 11008002 13 0 1 20 1  0
13.2377 11008162 676.341 8 0 0 823 11008162 11008163 13 0 1 20 1  0
20.4494 11038288 678.192 8 0 0 1 11008195 11008197 13 0 1 20 1  0
12.3796 11008163 676.341 1 0 0 1 11008163 11008164 13 0 1 20 1  0
21.3542 11206378 688.52 1 0 0 1 11008196 11008198 13 0 1 20 1  0
0 11008000 676.331 1 0 0 995 11008659 11008660 13 0 1 20 1  0
18.5583 11046135 678.674 2 0 0 3 11008196 11008198 13 0 1 20 1  0
10.1544 11066219 679.908 1 1 0.0197462 1 11066219 11066220 13 0 1 20 1  0
10.0629 11200161 688.138 2 4 0.0789836 2 11200161 11200162 13 0 1 20 1  0
10.0313 11018684 676.988 12 209 4.21635 1 11018668 11018688 13 0 1 20 1  0
10.2115 11270437 692.456 8 0 0 873 11270437 11270438 13 0 1 20 1  0
26.8896 11304170 694.528 8 0 0 1 11270482 11270483 13 0 1 20 1  0
22.8692 11439575 702.847 8 0 0 1 11270806 11270807 13 0 1 20 1  0
10.8735 11270438 692.456 1 0 0 1 11270438 11270439 13 0 1 20 1  0
23.5414 11304171 694.528 1 0 0 4 11270482 11270484 13 0 1 20 1  0
0 11270144 692.438 1 0 0 1174 11270806 11270808 13 0 1 20 1  0
17.5595 11449719 703.471 2 0 0 2 11270805 11270807 13 0 1 20 1  0
13.0505 11522619 707.95 2 0 0 1 11271428 11271430 13 0 1 20 1  0
10.1938 11298938 694.207 2 1 0.0197462 1 11298938 11298939 13 0 1 20 1  0
10.5625 11412432 701.18 3 2 0.0394922 1 11412432 11412433 13 0 1 20 1  0
13.6744 11532276 708.543 12 1660 105.106 6 11531126 11532290 13 0 1 20 1  0
11.6503 11532156 708.536 11 2114 235.629 6 11531145 11532289 13 0 1 20 1  0
10.7923 11529577 708.377 11 2333 347.55 1 11529087 11531195 13 0 1 20 1  0
13.9143 11532418 708.552 8 0 0 770 11532418 11532419 13 0 1 20 1  0
22.5442 11645947 715.527 8 0 0 1 11532462 11532463 13 0 1 20 1  0
19.8598 11781359 723.847 8 0 0 1 11532920 11532922 13 0 1 20 1  0
14.6707 11532419 708.552 1 0 0 1 11532419 11532420 13 0 1 20 1  0
22.6014 11646934 715.588 1 0 0 1 11532463 11532464 13 0 1 20 1  0
0 11532288 708.544 1 0 0 1117 11532921 11532923 13 0 1 20 1  0
10.1584 11532462 708.554 2 0 0 1 11532462 11532463 13 0 1 20 1  0
17.1621 11576937 711.287 2 0 0 1 11532921 11532923 13 0 1 20 1  0
10.7674 11541284 709.096 3 0 0 2 11541284 11541291 13 0 1 20 1  0
10.1046 11535217 708.724 3 2 0.0394922 2 11535217 11535218 13 0 1 20 1  0
10.3551 11537220 708.847 12 389 8.28817 1 11537162 11537284 13 0 1 20 1  0
14.2851 11794447 724.651 8 0 0 1879 11794447 11794448 13 0 1 20 1  0
26.3226 11921696 732.469 8 0 0 1 11794458 11794459 13 0 1 20 1  0
26.3997 12007076 737.715 8 0 0 1 11794907 11794908 13 0 1 20 1  0
25.0416 11921696 732.469 1 0 0 3 11794447 11794449 13 0 1 20 1  0
23.5306 12007076 737.715 1 0 0 1 11794459 11794460 13 0 1 20 1  0
10.2013 11795425 724.711 2 0 0 1 11795425 11795426 13 0 1 20 1  0
10.2667 11899121 731.082 3 0 0 1 11899121 11899122 13 0 1 20 1  0
22.9528 12014707 738.184 4 4 0.0789836 76 12011978 12011985 13 0 1 20 1  0
11.2113 11862811 728.851 1 1 0.0197462 1 11862811 11862812 13 0 1 20 1  0
13.109 12011978 738.016 2 3 0.059238 5 12011977 12011980 13 0 1 20 1  0
18.9531 12015260 738.218 3 2 0.0394922 3 12011980 12011982 13 0 1 20 1  0
10.3565 11951404 734.294 12 782 20.8329 1 11950744 11951628 13 0 1 20 1  0
10.5956 11949768 734.194 12 1220 47.6672 2 11949372 11950508 13 0 1 20 1  0
10.6706 12056944 740.779 8 0 0 725 12056944 12056945 13 0 1 20 1  0
22.5652 12224976 751.102 8 0 0 1 12056980 12056981 13 0 1 20 1  0
18.8557 12242971 752.208 8 0 0 1 12057142 12057143 13 0 1 20 1  0
12.4762 12056945 740.779 1 0 0 1 12056945 12056946 13 0 1 20 1  0
20.598 12133703 745.495 1 0 0 1 12056981 12056982 13 0 1 20 1  0
20.2622 12238060 751.906 1 0 0 1 12057142 12057143 13 0 1 20 1  0
0 12056576 740.756 1 0 0 1019 12057927 12057928 13 0 1 20 1  0
16.9843 12224650 751.082 2 0 0 1 12060081 12060083 13 0 1 20 1  0
10.0242 12140340 745.902 3 0 0 1 12140340 12140341 13 0 1 20 1  0
12.4298 12232597 751.571 3 0 0 3 12216800 12216801 13 0 1 20 1  0
10.0695 12085318 742.522 1 1 0.0197462 1 12085318 12085319 13 0 1 20 1  0
10.6274 12061909 741.084 2 1 0.0197462 1 12061909 12061910 13 0 1 20 1  0
11.1202 12200769 749.615 2 1 0.0197462 1 12092444 12092445 13 0 1 20 1  0
10.1577 12309699 756.308 2 2 0.0394922 2 12309699 12309700 13 0 1 20 1  0
10.3739 12216797 750.6 2 3 0.059238 1 12216797 12216798 13 0 1 20 1  0
10.7906 12304386 755.981 12 1849 147.154 3 12303660 12305962 13 0 1 20 1  0
47.0772 12470992 766.218 7 0 0 5122 12470666 12471097 13 0 1 20 1  0
23.1365 12539646 770.436 8 0 0 1 12319659 12319661 13 0 1 20 1  0
0 12318720 756.862 8 0 0 1657 12319971 12319972 13 0 1 20 1  0
15.0576 12319151 756.889 1 0 0 2 12319151 12319152 13 0 1 20 1  0
10.1334 12436573 764.103 1 1 0.0197462 1 12436573 12436574 13 0 1 20 1  0
0 12318720 756.862 7 759 19.8874 1 12469971 12469972 13 0 1 20 1  0
10.8728 12581830 773.028 8 0 0 1 12581830 12581831 13 0 1 20 1  0
26.8176 12616499 775.158 8 0 0 1 12582292 12582293 13 0 1 20 1  0
19.9568 12778386 785.104 8 0 0 1 12583271 12583272 13 0 1 20 1  0
0 12580864 772.968 8 0 0 742 12583758 12583759 13 0 1 20 1  0
10.1015 12581308 772.996 1 0 0 1 12581308 12581309 13 0 1 20 1  0
24.0643 12616499 775.158 1 0 0 2 12581796 12581797 13 0 1 20 1  0
20.6962 12837898 788.76 1 0 0 3 12582292 12582294 13 0 1 20 1  0
0 12580864 772.968 1 0 0 1070 12582779 12582780 13 0 1 20 1  0
10.1881 12582293 773.056 2 0 0 1 12582293 12582294 13 0 1 20 1  0
10.8979 12617450 775.216 1 1 0.0197462 1 12617450 12617451 13 0 1 20 1  0
14.5769 12653090 777.406 3 6 0.118475 21 12653088 12653094 13 0 1 20 1  0
10.9631 12697935 780.161 2 1 0.0197462 1 12617450 12617451 13 0 1 20 1  0
10.2349 12660652 777.87 3 1 0.0197462 1 12660652 12660653 13 0 1 20 1  0
10.6833 12603745 774.374 2 2 0.0394922 1 12603745 12603746 13 0 1 20 1  0
15.9778 12843271 789.091 8 0 0 659 12843271 12843272 13 0 1 20 1  0
22.0951 12985710 797.842 8 0 0 1 12843786 12843787 13 0 1 20 1  0
18.0638 13083777 803.867 8 0 0 1 12843790 12843791 13 0 1 20 1  0
20.4672 12985711 797.842 1 0 0 1 12843271 12843273 13 0 1 20 1  0
0 12843008 789.074 1 0 0 901 12843790 12843791 13 0 1 20 1  0
17.4527 12963148 796.456 2 0 0 2 12843271 12843273 13 0 1 20 1  0
10.2257 12973286 797.079 1 1 0.0197462 1 12973286 12973287 13 0 1 20 1  0
10.1024 12867310 790.568 2 1 0.0197462 1 12867310 12867311 13 0 1 20 1  0
10.2174 13075930 803.385 2 1 0.0197462 1 12941371 12941372 13 0 1 20 1  0
14.37 13105357 805.193 8 0 0 677 13105357 13105358 13 0 1 20 1  0
19.7451 13138220 807.212 8 0 0 1 13105850 13105851 13 0 1 20 1  0
26.2062 13322096 818.51 8 0 0 1 13106338 13106339 13 0 1 20 1  0
21.6012 13109771 805.464 1 0 0 1 13105357 13105359 13 0 1 20 1  0
24.2352 13322097 818.51 1 0 0 2 13105850 13105852 13 0 1 20 1  0
0 13105152 805.18 1 0 0 970 13106339 13106340 13 0 1 20 1  0
11.9774 13163269 808.751 3 0 0 1 13124613 13124623 13 0 1 20 1  0
11.1166 13124618 806.377 4 0 0 8 13124617 13124622 13 0 1 20 1  0
10.2719 13122361 806.238 1 1 0.0197462 1 13122361 13122362 13 0 1 20 1  0
10.4572 13303379 817.36 2 1 0.0197462 1 13303379 13303380 13 0 1 20 1  0
10.0873 13317890 818.251 2 1 0.0197462 1 13312984 13312985 13 0 1 20 1  0
10.9091 13156852 808.357 2 2 0.0394922 1 13156852 13156853 13 0 1 20 1  0
10.2121 13255472 814.416 2 2 0.0394922 1 13255472 13255473 13 0 1 20 1  0
14.0818 13367586 821.304 8 0 0 855 13367586 13367587 13 0 1 20 1  0
23.2401 13421563 824.621 8 0 0 1 13367619 13367620 13 0 1 20 1  0
24.7973 13614769 836.491 8 0 0 1 13368105 13368106 13 0 1 20 1  0
25.9268 13421563 824.621 1 0 0 4 13367586 13367588 13 0 1 20 1  0
26.1812 13614769 836.491 1 0 0 1 13368068 13368069 13 0 1 20 1  0
16.2793 13629279 837.383 1 0 0 1 13368566 13368568 13 0 1 20 1  0
0 13367296 821.287 1 0 0 1323 13368600 13368601 13 0 1 20 1  0
10.546 13371644 821.554 3 0 0 1 13371644 13371645 13 0 1 20 1  0
12.4047 13469622 827.574 3 0 0 2 13391482 13391486 13 0 1 20 1  0
10.5169 13547089 832.333 1 1 0.0197462 1 13547089 13547090 13 0 1 20 1  0
12.4114 13485124 828.526 2 1 0.0197462 2 13421562 13421564 13 0 1 20 1  0
10.3224 13392466 822.833 2 2 0.0394922 1 13392466 13392467 13 0 1 20 1  0
10.4232 13400312 823.315 2 3 0.059238 1 13400312 13400313 13 0 1 20 1  0
10.066 13367402 821.293 12 116 2.30481 1 13367400 13367414 13 0 1 20 1  0
10.754 13367324 821.288 12 2109 233.547 1 13367296 13368050 13 0 1 20 1  0
10.1737 13448544 826.279 12 2324 342.045 1 13448524 13449928 13 0 1 20 1  0
11.3446 13629768 837.413 8 0 0 4187 13629768 13629769 13 0 1 20 1  0
50.5365 13802271 848.011 3 0 0 5174 13642550 13642554 13 0 1 20 1  0
18.2222 13763500 845.629 2 0 0 1 13629768 13629770 13 0 1 20 1  0
45.06 13804163 848.128 2 0 0 5 13630258 13630261 13 0 1 20 1  0
10.2633 13641538 838.136 2 1 0.0197462 2 13641538 13641539 13 0 1 20 1  0
10.8429 13789639 847.235 3 1 0.0197462 1 13789639 13789640 13 0 1 20 1  0
10.2119 13799747 847.856 2 2 0.0394922 1 13799747 13799748 13 0 1 20 1  0
10.1278 13737020 844.003 2 3 0.059238 1 13737020 13737021 13 0 1 20 1  0
10.3786 13799908 847.866 3 4 0.0789836 1 13799908 13799909 13 0 1 20 1  0
10.0513 13891598 853.5 8 0 0 821 13891598 13891599 13 0 1 20 1  0
22.473 14016824 861.194 8 0 0 1 13892425 13892427 13 0 1 20 1  0
26.0055 14100159 866.314 8 0 0 1 13892458 13892459 13 0 1 20 1  0
10.2701 13891599 853.5 1 0 0 1180 13891599 13891600 13 0 1 20 1  0
21.5567 14100159 866.314 1 0 0 1 13892426 13892427 13 0 1 20 1  0
18.0932 13895882 853.763 2 0 0 2 13892425 13892428 13 0 1 20 1  0
15.4951 14111270 866.996 2 0 0 1 13892458 13892460 13 0 1 20 1  0
12.6229 14016821 861.193 3 0 0 1 13895880 13895885 13 0 1 20 1  0
10.4495 13907939 854.504 1 1 0.0197462 2 13907939 13907940 13 0 1 20 1  0
12.6022 13993206 859.743 2 4 0.0789836 20 13993205 13993207 13 0 1 20 1  0
10.58 14082373 865.221 2 1 0.0197462 1 13908448 13908449 13 0 1 20 1  0
10.0769 14106701 866.716 3 1 0.0197462 1 14106701 14106702 13 0 1 20 1  0
10.8109 14022702 861.555 2 2 0.0394922 1 14022702 14022703 13 0 1 20 1  0
20.7114 14271714 876.854 8 0 0 1 14153886 14153888 13 0 1 20 1  0
23.4774 14353066 881.852 8 0 0 1 14154373 14154374 13 0 1 20 1  0
0 14153728 869.605 8 0 0 759 14154408 14154409 13 0 1 20 1  0
21.5041 14230682 874.333 1 0 0 1 14153887 14153889 13 0 1 20 1  0
22.8416 14353067 881.852 1 0 0 2 14154373 14154375 13 0 1 20 1  0
0 14153728 869.605 1 0 0 1150 14154406 14154409 13 0 1 20 1  0
17.0608 14331181 880.508 2 0 0 2 14153887 14153889 13 0 1 20 1  0
10.8545 14163998 870.236 3 0 0 1 14163997 14164001 13 0 1 20 1  0
10.7955 14264328 876.4 1 1 0.0197462 1 14264328 14264329 13 0 1 20 1  0
11.425 14339020 880.989 1 1 0.0197462 1 14331180 14331181 13 0 1 20 1  0
11.4594 14178722 871.141 2 1 0.0197462 1 14178722 14178723 13 0 1 20 1  0
12.1534 14311392 879.292 2 1 0.0197462 1 14238026 14238027 13 0 1 20 1  0
10.7427 14281234 877.439 7 1 0.0197462 3 14281215 14281250 13 0 1 20 1  0
10.8952 14173689 870.831 2 2 0.0394922 1 14173689 14173690 13 0 1 20 1  0
10.8068 14292678 878.142 7 2 0.0394922 1 14281214 14281251 13 0 1 20 1  0
10.2522 14154405 869.647 2 3 0.059238 1 14154405 14154406 13 0 1 20 1  0
10.6604 14349471 881.631 2 3 0.059238 1 14349471 14349472 13 0 1 20 1  0
15.3569 14416449 885.747 8 0 0 844 14416449 14416450 13 0 1 20 1  0
25.4643 14607233 897.468 8 0 0 1 14416578 14416579 13 0 1 20 1  0
12.271 14416449 885.747 1 0 0 1 14416449 14416450 13 0 1 20 1  0
21.8097 14536484 893.122 1 0 0 1 14416579 14416580 13 0 1 20 1  0
17.0641 14674656 901.611 1 0 0 1 14417068 14417070 13 0 1 20 1  0
0 14415872 885.711 1 0 0 1290 14417561 14417563 13 0 1 20 1  0
10.9647 14416120 885.726 2 0 0 1 14416120 14416121 13 0 1 20 1  0
16.1389 14496160 890.644 2 0 0 1 14417068 14417070 13 0 1 20 1  0
15.1703 14604005 897.27 3 0 0 3 14418081 14418083 13 0 1 20 1  0
10.3207 14626634 898.66 1 1 0.0197462 1 14626634 14626635 13 0 1 20 1  0
11.5464 14431115 886.648 2 1 0.0197462 1 14431115 14431116 13 0 1 20 1  0
11.0292 14596258 896.794 2 1 0.0197462 1 14488318 14488319 13 0 1 20 1  0
10.8269 14598120 896.908 3 1 0.0197462 1 14598118 14598121 13 0 1 20 1  0
10.2087 14453787 888.041 4 1 0.0197462 1 14453787 14453788 13 0 1 20 1  0
10.825 14456304 888.195 2 2 0.0394922 2 14456304 14456305 13 0 1 20 1  0
10.6252 14586159 896.174 2 2 0.0394922 1 14528503 14528504 13 0 1 20 1  0
10.1937 14418077 885.847 2 3 0.059238 1 14418077 14418078 13 0 1 20 1  0
11.2864 14677968 901.814 12 1266 51.8223 3 14677388 14678018 13 0 1 20 1  0
10.3067 14678256 901.832 8 0 0 803 14678256 14678257 13 0 1 20 1  0
22.8674 14844384 912.039 8 0 0 1 14678288 14678289 13 0 1 20 1  0
19.6533 14888802 914.768 8 0 0 1 14678448 14678449 13 0 1 20 1  0
11.2514 14678257 901.832 1 0 0 1 14678257 14678258 13 0 1 20 1  0
21.3067 14764690 907.143 1 0 0 1 14678288 14678290 13 0 1 20 1  0
19.8715 14866734 913.412 1 0 0 1 14678738 14678739 13 0 1 20 1  0
0 14678016 901.817 1 0 0 1215 14678772 14678774 13 0 1 20 1  0
18.49 14830342 911.176 2 0 0 2 14678288 14678291 13 0 1 20 1  0
10.1121 14682684 902.104 3 0 0 1 14682684 14682685 13 0 1 20 1  0
10.4873 14926982 917.114 1 1 0.0197462 1 14926982 14926983 13 0 1 20 1  0
10.1156 14693142 902.747 2 1 0.0197462 1 14693142 14693143 13 0 1 20 1  0
10.6443 14775597 907.813 2 1 0.0197462 1 14695889 14695890 13 0 1 20 1  0
24.063 15111177 928.431 8 0 0 1 14940208 14940210 13 0 1 20 1  0
23.0944 15173868 932.282 8 0 0 1 14940248 14940250 13 0 1 20 1  0
0 14940160 917.923 8 0 0 818 14940694 14940695 13 0 1 20 1  0
22.1084 15038685 923.977 1 0 0 1 14940208 14940210 13 0 1 20 1  0
24.7498 15143501 930.417 1 0 0 1 14940249 14940250 13 0 1 20 1  0
0 14940160 917.923 1 0 0 1202 14940694 14940696 13 0 1 20 1  0
18.3476 15022686 922.994 2 0 0 6 14940208 14940211 13 0 1 20 1  0
20.6572 15189540 933.245 2 0 0 2 14940248 14940251 13 0 1 20 1  0
10.7959 15006685 922.011 2 1 0.0197462 2 15006685 15006686 13 0 1 20 1  0
10.029 15143177 930.397 1 1 0.0197462 1 15143177 15143178 13 0 1 20 1  0
10.9336 15141178 930.274 2 1 0.0197462 1 15010277 15010278 13 0 1 20 1  0
10.472 15063176 925.482 3 1 0.0197462 1 15063176 15063177 13 0 1 20 1  0
10.098 15010275 922.231 2 2 0.0394922 1 15010275 15010276 13 0 1 20 1  0
10.1082 15147412 930.657 3 3 0.059238 1 15147412 15147413 13 0 1 20 1  0
13.1998 14940160 917.923 12 2935 1010.96 1 14940160 14941786 13 0 1 20 1  0
11.1145 15202745 934.057 8 0 0 854 15202745 15202746 13 0 1 20 1  0
25.0206 15255813 937.317 8 0 0 1 15203056 15203058 13 0 1 20 1  0
21.8934 15419715 947.387 8 0 0 1 15203098 15203099 13 0 1 20 1  0
25.6139 15295757 939.771 1 0 0 7 15202745 15202747 13 0 1 20 1  0
21.6024 15372047 944.459 1 0 0 2 15203057 15203058 13 0 1 20 1  0
0 15202304 934.03 1 0 0 1201 15203098 15203100 13 0 1 20 1  0
10.0074 15203057 934.076 2 0 0 1 15203057 15203058 13 0 1 20 1  0
14.6922 15443230 948.832 2 0 0 1 15203577 15203580 13 0 1 20 1  0
11.0127 15213371 934.709 1 1 0.0197462 2 15213371 15213372 13 0 1 20 1  0
11.7869 15395875 945.923 1 1 0.0197462 1 15253202 15253203 13 0 1 20 1  0
10.1468 15230153 935.741 2 1 0.0197462 1 15230153 15230154 13 0 1 20 1  0
10.9948 15382488 945.1 3 1 0.0197462 3 15295752 15295754 13 0 1 20 1  0
10.2853 15255810 937.317 2 3 0.059238 1 15255810 15255811 13 0 1 20 1  0
11.2645 15464584 950.144 8 0 0 840 15464584 15464585 13 0 1 20 1  0
24.2267 15548037 955.271 8 0 0 1 15464637 15464638 13 0 1 20 1  0
12.6139 15464584 950.144 1 0 0 1 15464584 15464585 13 0 1 20 1  0
20.2071 15565167 956.324 1 0 0 1 15464637 15464639 13 0 1 20 1  0
21.6974 15718801 965.763 1 0 0 1 15464918 15464920 13 0 1 20 1  0
0 15464448 950.136 1 0 0 1173 15465108 15465109 13 0 1 20 1  0
16.0896 15688115 963.878 2 0 0 2 15464636 15464639 13 0 1 20 1  0
10.2381 15468364 950.376 3 0 0 1 15468364 15468365 13 0 1 20 1  0
11.7921 15493513 951.921 3 0 0 1 15493512 15493514 13 0 1 20 1  0
10.0531 15577428 957.077 1 1 0.0197462 1 15577428 15577429 13 0 1 20 1  0
10.2945 15615764 959.432 1 1 0.0197462 1 15615764 15615765 13 0 1 20 1  0
10.1387 15582138 957.367 2 1 0.0197462 1 15582138 15582139 13 0 1 20 1  0
10.5079 15687450 963.837 2 2 0.0394922 1 15687450 15687451 13 0 1 20 1  0
10.1619 15520608 953.586 2 3 0.059238 1 15520608 15520609 13 0 1 20 1  0
10.1234 15611726 959.184 12 1909 163.718 2 15611672 15611932 13 0 1 20 1  0
25.725 15893493 976.496 8 0 0 1 15726634 15726636 13 0 1 20 1  0
0 15726592 966.242 8 0 0 826 15726939 15726940 13 0 1 20 1  0
27.5162 15788536 970.048 1 0 0 3 15726635 15726637 13 0 1 20 1  0
0 15726592 966.242 1 0 0 1187 15726939 15726941 13 0 1 20 1  0
20.5894 15863781 974.671 2 0 0 1 15726634 15726638 13 0 1 20 1  0
11.5077 15832105 972.724 1 1 0.0197462 1 15832105 15832106 13 0 1 20 1  0
10.5125 15908837 977.439 1 1 0.0197462 1 15869987 15869988 13 0 1 20 1  0
10.4711 15726636 966.245 2 1 0.0197462 1 15726636 15726637 13 0 1 20 1  0
12.3374 15893494 976.496 2 1 0.0197462 1 15762039 15762040 13 0 1 20 1  0
10.5397 15940314 979.373 2 2 0.0394922 1 15940314 15940315 13 0 1 20 1  0
10.3209 15786282 969.909 12 364 7.68211 1 15786140 15786422 13 0 1 20 1  0
13.8384 15988775 982.35 8 0 0 704 15988775 15988776 13 0 1 20 1  0
21.9394 16079895 987.949 8 0 0 1 15989798 15989799 13 0 1 20 1  0
23.706 16218943 996.492 8 0 0 1 15990129 15990130 13 0 1 20 1  0
10.2896 15988776 982.35 1 0 0 840 15988776 15988777 13 0 1 20 1  0
21.2426 16040395 985.522 1 0 0 1 15989798 15989799 13 0 1 20 1  0
18.0995 16229074 997.114 1 0 0 1 15990093 15990094 13 0 1 20 1  0
22.3481 16247050 998.219 3 0 0 46 15992407 15992409 13 0 1 20 1  0
10.1978 16048560 986.023 2 3 0.059238 3 16048560 16048561 13 0 1 20 1  0
10.1532 16033542 985.101 2 1 0.0197462 1 16033542 16033543 13 0 1 20 1  0
10.2109 16080217 987.969 3 1 0.0197462 1 16080217 16080218 13 0 1 20 1  0
10.3432 16248940 998.335 12 152 3.03469 1 16248892 16248958 13 0 1 20 1  0
10.4414 16251541 998.495 8 0 0 602 16251541 16251542 13 0 1 20 1  0
33.3284 16333659 1003.54 3 0 0 68 16266594 16266597 13 0 1 20 1  0
15.0374 16510689 1014.42 8 0 0 1 16252562 16252563 13 0 1 20 1  0
10.304 16252055 998.526 1 0 0 1 16252055 16252056 13 0 1 20 1  0
18.3536 16501393 1013.85 1 0 0 1 16252522 16252523 13 0 1 20 1  0
0 16250880 998.454 1 0 0 695 16252562 16252563 13 0 1 20 1  0
10.2967 16256948 998.827 2 0 0 1 16256948 16256949 13 0 1 20 1  0
10.1026 16384520 1006.66 12 659 16.1421 1 16384504 16384542 13 0 1 20 1  0
10.0695 16383956 1006.63 12 934 28.0323 1 16383870 16383972 13 0 1 20 1  0
11.7567 16513305 1014.58 8 0 0 583 16513305 16513306 13 0 1 20 1  0
21.3635 16754541 1029.4 8 0 0 1 16513632 16513633 13 0 1 20 1  0
16.4142 16775092 1030.66 8 0 0 1 16513665 16513666 13 0 1 20 1  0
13.2939 16513306 1014.58 1 0 0 1 16513306 16513307 13 0 1 20 1  0
26.1346 16615319 1020.85 3 0 0 318 16615308 16615325 13 0 1 20 1  0
0 16513024 1014.56 1 0 0 664 16513665 16513667 13 0 1 20 1  0
10.5298 16698404 1025.95 2 2 0.0394922 1 16698404 16698405 13 0 1 20 1  0
14.95 16775746 1030.7 8 0 0 472 16775746 16775747 13 0 1 20 1  0
24.4146 16834814 1034.33 8 0 0 1 16776395 16776396 13 0 1 20 1  0
14.9789 16775746 1030.7 1 0 0 2 16775746 16775747 13 0 1 20 1  0
25.1538 16793375 1031.79 1 0 0 3 16776395 16776397 13 0 1 20 1  0
0 16775168 1030.67 1 0 0 476 16776538 16776540 13 0 1 20 1  0
11.1384 16834816 1034.33 3 0 0 1 16793372 16793378 13 0 1 20 1  0
13.343 16920990 1039.63 7 0 0 8 16827007 16827040 13 0 1 20 1  0
10.3659 16810804 1032.86 1 1 0.0197462 1 16810804 16810805 13 0 1 20 1  0
10.235 16886506 1037.51 2 1 0.0197462 1 16886506 16886507 13 0 1 20 1  0
10.2065 16827020 1033.85 7 2 0.0394922 1 16827020 16827021 13 0 1 20 1  0
10.0156 17037947 1046.81 8 0 0 362 17037947 17037948 13 0 1 20 1  0
21.1407 17165753 1054.66 8 0 0 1 17038761 17038762 13 0 1 20 1  0
11.8357 17037948 1046.81 1 0 0 1 17037948 17037949 13 0 1 20 1  0
23.3967 17046954 1047.36 1 0 0 3 17038134 17038135 13 0 1 20 1  0
0 17037312 1046.77 1 0 0 520 17038762 17038763 13 0 1 20 1  0
10.4052 17056742 1047.97 3 0 0 1 17056741 17056747 13 0 1 20 1  0
13.1582 17299692 1062.89 8 0 0 942 17299692 17299693 13 0 1 20 1  0
21.8639 17478736 1073.89 8 0 0 1 17299750 17299751 13 0 1 20 1  0
12.1779 17299693 1062.89 1 0 0 1 17299693 17299694 13 0 1 20 1  0
20.2251 17412343 1069.81 1 0 0 1 17301158 17301159 13 0 1 20 1  0
16.1494 17484612 1074.25 2 0 0 1 17301191 17301193 13 0 1 20 1  0
14.7256 17517623 1076.28 7 3 0.059238 27 17309040 17309105 13 0 1 20 1  0
10.641 17420470 1070.31 2 1 0.0197462 1 17420470 17420471 13 0 1 20 1  0
10.8503 17470117 1073.36 2 1 0.0197462 1 17470117 17470118 13 0 1 20 1  0
10.084 17313031 1063.71 5 1 0.0197462 1 17313031 17313032 13 0 1 20 1  0
10.1249 17309088 1063.47 6 1 0.0197462 1 17309088 17309089 13 0 1 20 1  0
11.4848 17439573 1071.49 4 4 0.0789836 9 17439572 17439574 13 0 1 20 1  0
10.0207 17424598 1070.57 6 4 0.0789836 1 17424598 17424599 13 0 1 20 1  0
10.8484 17561642 1078.99 8 0 0 361 17561642 17561643 13 0 1 20 1  0
18.8143 17786188 1092.78 8 0 0 1 17561783 17561784 13 0 1 20 1  0
18.6741 17723026 1088.9 1 0 0 1 17561783 17561785 13 0 1 20 1  0
0 17561600 1078.98 1 0 0 533 17561951 17561952 13 0 1 20 1  0
14.4921 17685202 1086.58 2 0 0 1 17561783 17561785 13 0 1 20 1  0
10.1063 17582376 1080.26 3 0 0 1 17582376 17582377 13 0 1 20 1  0
12.0763 17761145 1091.24 3 0 0 1 17613639 17613646 13 0 1 20 1  0
10.3059 17613643 1082.18 4 0 0 1 17613641 17613645 13 0 1 20 1  0
11.7405 17666452 1085.43 7 2 0.0394922 6 17666423 17666476 13 0 1 20 1  0
10.2325 17823980 1095.11 8 0 0 1167 17823980 17823981 13 0 1 20 1  0
21.1328 17872486 1098.09 8 0 0 1 17824989 17824990 13 0 1 20 1  0
15.7476 17824990 1095.17 1 0 0 1 17824990 17824991 13 0 1 20 1  0
20.6278 17911971 1100.51 1 0 0 1 17825638 17825639 13 0 1 20 1  0
15.3778 18015246 1106.86 2 0 0 1 17824989 17824992 13 0 1 20 1  0
12.8112 17918766 1100.93 3 0 0 3 17901384 17901387 13 0 1 20 1  0
13.4825 17983994 1104.94 7 0 0 4 17900746 17900768 13 0 1 20 1  0
10.0224 17883264 1098.75 2 1 0.0197462 1 17883264 17883265 13 0 1 20 1  0
10.3971 17888517 1099.07 2 1 0.0197462 1 17888517 17888518 13 0 1 20 1  0
14.2309 17999645 1105.9 7 4 0.0789836 13 17900759 17900765 13 0 1 20 1  0
10.1088 18086095 1111.21 8 0 0 474 18086095 18086096 13 0 1 20 1  0
22.2363 18093921 1111.69 8 0 0 1 18087226 18087227 13 0 1 20 1  0
10.2869 18086053 1111.21 1 0 0 1 18086053 18086054 13 0 1 20 1  0
21.7733 18317582 1125.43 1 0 0 1 18086096 18086097 13 0 1 20 1  0
19.2366 18347604 1127.28 1 0 0 1 18087227 18087228 13 0 1 20 1  0
0 18085888 1111.2 1 0 0 731 18087536 18087537 13 0 1 20 1  0
19.1263 18217049 1119.26 2 0 0 1 18091120 18091123 13 0 1 20 1  0
10.2343 18196149 1117.97 3 0 0 1 18196149 18196150 13 0 1 20 1  0
14.7591 18309154 1124.91 3 0 0 2 18217046 18217052 13 0 1 20 1  0
10.932 18266300 1122.28 4 0 0 2 18266297 18266305 13 0 1 20 1  0
11.0722 18185866 1117.34 1 1 0.0197462 1 18185866 18185867 13 0 1 20 1  0
11.1452 18249554 1121.25 1 1 0.0197462 1 18208617 18208618 13 0 1 20 1  0
11.9691 18165000 1116.06 2 2 0.0394922 17 18164999 18165001 13 0 1 20 1  0
11.1709 18289846 1123.73 2 1 0.0197462 1 18208618 18208619 13 0 1 20 1  0
11.0296 18231446 1120.14 3 2 0.0394922 4 18165001 18165003 13 0 1 20 1  0
13.1822 18348579 1127.34 8 0 0 1410 18348579 18348580 13 0 1 20 1  0
21.4598 18436822 1132.76 8 0 0 7 18349576 18349577 13 0 1 20 1  0
15.6469 18604610 1143.07 8 0 0 1 18349883 18349884 13 0 1 20 1  0
12.6498 18348580 1127.34 1 0 0 1 18348580 18348581 13 0 1 20 1  0
29.616 18436821 1132.76 2 0 0 2 18349925 18349927 13 0 1 20 1  0
35.7343 18506491 1137.04 4 0 0 67 18357336 18357344 13 0 1 20 1  0
10.9754 18518574 1137.78 1 1 0.0197462 1 18518574 18518575 13 0 1 20 1  0
10.2828 18427173 1132.17 6 3 0.059238 2 18427173 18427174 13 0 1 20 1  0
10.2624 18488530 1135.94 3 4 0.0789836 1 18488530 18488531 13 0 1 20 1  0
11.3162 18609904 1143.39 12 33 0.651829 1 18608798 18610178 13 0 1 20 1  0
11.9815 18611092 1143.47 8 0 0 1 18611092 18611093 13 0 1 20 1  0
19.1452 18728619 1150.69 8 0 0 1 18612079 18612080 13 0 1 20 1  0
0 18610176 1143.41 8 0 0 518 18612397 18612398 13 0 1 20 1  0
10.9128 18611093 1143.47 1 0 0 1 18611093 18611094 13 0 1 20 1  0
22.5131 18674253 1147.35 1 0 0 1 18611751 18611752 13 0 1 20 1  0
18.4636 18798631 1154.99 1 0 0 1 18612080 18612081 13 0 1 20 1  0
0 18610176 1143.41 1 0 0 848 18612434 18612435 13 0 1 20 1  0
21.4223 18772617 1153.39 2 0 0 3 18612433 18612436 13 0 1 20 1  0
10.0537 18683679 1147.93 4 0 0 1 18683679 18683680 13 0 1 20 1  0
11.3999 18758171 1152.5 1 1 0.0197462 2 18758171 18758172 13 0 1 20 1  0
10.6139 18700044 1148.93 2 2 0.0394922 2 18700044 18700045 13 0 1 20 1  0
11.8661 18769724 1153.21 12 2732 705.314 1 18768394 18770402 13 0 1 20 1  0
14.8187 18873327 1159.58 8 0 0 1 18873327 18873328 13 0 1 20 1  0
19.9682 18900927 1161.27 8 0 0 1 18874628 18874629 13 0 1 20 1  0
0 18872320 1159.52 8 0 0 477 18876289 18876290 13 0 1 20 1  0
11.5131 18873024 1159.56 1 0 0 1 18873024 18873025 13 0 1 20 1  0
23.1223 18940604 1163.71 1 0 0 3 18873327 18873329 13 0 1 20 1  0
16.9373 19133556 1175.57 1 0 0 1 18873369 18873370 13 0 1 20 1  0
0 18872320 1159.52 1 0 0 660 18874327 18874328 13 0 1 20 1  0
10.4268 18998531 1167.27 6 0 0 2 18998529 18998535 13 0 1 20 1  0
10.0732 18933378 1163.27 2 1 0.0197462 1 18933378 18933379 13 0 1 20 1  0
10.5853 18964084 1165.15 2 1 0.0197462 1 18964084 18964085 13 0 1 20 1  0
125.845 6452639 396.45 9 2635 593.84 1017 6452017 6453143 13 0 1 20 1 1
