14.4909 82219 5.05154 8 0 0 1 3913 3915 13 0 1 20 1  0
0 2048 0.125829 8 0 0 919 8312 8313 13 0 1 20 1  0
14.5786 154664 9.50256 1 0 0 1 3914 3916 13 0 1 20 1  0
13.4243 160522 9.86247 2 0 0 3 3626 3628 13 0 1 20 1  0
12.871 4909 0.301609 3 3 0.059238 2 3624 3630 13 0 1 20 1  0
13.7396 168668 10.363 4 2 0.0394922 5 13999 14007 13 0 1 20 1  0
13.3864 157936 9.70359 5 3 0.059238 6 11409 11414 13 0 1 20 1  0
10.8647 3630 0.223027 2 1 0.0197462 4 3630 3631 13 0 1 20 1  0
12.1984 6553 0.402616 2 1 0.0197462 1 3915 3916 13 0 1 20 1  0
14.8979 147875 9.08544 3 1 0.0197462 2 3627 3631 13 0 1 20 1  0
10.5624 172231 10.5819 2 2 0.0394922 1 4911 4912 13 0 1 20 1  0
10.7177 167367 10.283 3 4 0.0789836 1 3626 3628 13 0 1 20 1  0
11.4389 146099 8.97632 4 5 0.0987291 1 13998 14003 13 0 1 20 1  0
11.0928 262544 16.1307 8 0 0 1 262544 262545 13 0 1 20 1  0
12.9626 463421 28.4726 8 0 0 1 286703 286704 13 0 1 20 1  0
0 260096 15.9803 8 0 0 20 303319 303320 13 0 1 20 1  0
15.315 463421 28.4726 1 0 0 7 262544 262546 13 0 1 20 1  0
0 260096 15.9803 1 0 0 22 262552 262553 13 0 1 20 1  0
10.4166 262554 16.1313 3 3 0.059238 3 262554 262556 13 0 1 20 1  0
10.6605 504774 31.0133 10 32 0.63206 1 504438 504879 13 0 1 20 1  0
11.9519 260101 15.9806 11 2019 199.054 4 260096 261095 13 0 1 20 1  0
10.0448 390844 24.0135 12 3215 1661.03 1 390700 390866 13 0 1 20 1  0
10.3941 535921 32.927 8 0 0 1 535921 535922 13 0 1 20 1  0
15.0845 704852 43.3061 8 0 0 1 541100 541101 13 0 1 20 1  0
0 522240 32.0864 8 0 0 355 541435 541436 13 0 1 20 1  0
10.0025 527155 32.3884 1 0 0 1 527155 527156 13 0 1 20 1  0
15.189 713768 43.8539 1 0 0 1 535922 535923 13 0 1 20 1  0
13.4547 747583 45.9315 2 0 0 4 564942 564955 13 0 1 20 1  0
11.8878 745317 45.7923 5 0 0 1 564947 564957 13 0 1 20 1  0
12.9412 660934 40.6078 12 386 8.21461 19 658616 661662 13 0 1 20 1  0
10.2065 661844 40.6637 2 1 0.0197462 1 661844 661845 13 0 1 20 1  0
10.1207 745985 45.8333 2 1 0.0197462 1 744009 744010 13 0 1 20 1  0
10.4303 744009 45.7119 3 1 0.0197462 1 744009 744026 13 0 1 20 1  0
10.4638 728599 44.7651 5 4 0.0789836 2 726641 726645 13 0 1 20 1  0
12.7913 745648 45.8126 5 2 0.0394922 5 654682 654691 13 0 1 20 1  0
10.5861 662144 40.6821 6 1 0.0197462 1 654997 655009 13 0 1 20 1  0
10.2663 725986 44.6046 2 2 0.0394922 1 725986 725987 13 0 1 20 1  0
10.2129 726004 44.6057 2 2 0.0394922 1 726004 726005 13 0 1 20 1  0
12.0597 730870 44.9047 3 2 0.0394922 1 655672 655676 13 0 1 20 1  0
10.6046 734609 45.1344 4 2 0.0394922 1 728593 728597 13 0 1 20 1  0
10.0838 653713 40.1641 5 3 0.059238 2 653713 653714 13 0 1 20 1  0
10.1143 726651 44.6454 4 3 0.059238 1 726651 726652 13 0 1 20 1  0
10.0956 654693 40.2243 4 4 0.0789836 1 654693 654694 13 0 1 20 1  0
10.3808 659948 40.5472 9 21 0.414699 1 659292 659958 13 0 1 20 1  0
10.0479 653555 40.1544 3 333 6.95136 1 653555 653556 13 0 1 20 1  0
12.6639 661556 40.646 6 884 25.4663 89 660889 660921 13 0 1 20 1  0
0 522240 32.0864 5 749 19.4868 22 661664 661696 13 0 1 20 1  0
10.082 658905 40.4831 4 754 19.6863 1 658905 658906 13 0 1 20 1  0
10.238 659386 40.5127 4 761 19.9683 1 659386 659387 13 0 1 20 1  0
10.0911 661949 40.6701 3 787 21.0429 1 661949 661950 13 0 1 20 1  0
10.2736 658681 40.4694 5 800 21.5969 1 658679 658685 13 0 1 20 1  0
10.4065 659151 40.4982 5 811 22.0745 6 659147 659156 13 0 1 20 1  0
10.1212 660177 40.5613 6 1132 40.5808 1 660171 660181 13 0 1 20 1  0
18.3377 654088 40.1872 12 2017 198.348 1387 649174 657984 13 0 1 20 1  0
0 522240 32.0864 5 1889 158 2108 655694 655695 13 0 1 20 1  0
10.0872 791599 48.6358 8 0 0 1 791599 791600 13 0 1 20 1  0
12.1766 828642 50.9118 8 0 0 1 804267 804268 13 0 1 20 1  0
0 784384 48.1926 8 0 0 66 808160 808161 13 0 1 20 1  0
10.1396 828643 50.9118 1 0 0 1 828643 828644 13 0 1 20 1  0
13.0785 934063 57.3888 3 1 0.0197462 12 844732 844736 13 0 1 20 1  0
10.0719 846020 51.9795 2 1 0.0197462 1 846020 846021 13 0 1 20 1  0
12.2506 1020171 62.6793 2 1 0.0197462 1 917500 917502 13 0 1 20 1  0
10.1839 917494 56.3708 4 1 0.0197462 3 917494 917495 13 0 1 20 1  0
11.5326 933412 57.3488 5 2 0.0394922 4 844720 844727 13 0 1 20 1  0
11.4234 845055 51.9202 3 2 0.0394922 1 844732 844736 13 0 1 20 1  0
10.1813 844731 51.9003 3 4 0.0789836 1 844731 844732 13 0 1 20 1  0
10.1818 929850 57.13 3 4 0.0789836 1 929850 929851 13 0 1 20 1  0
11.8766 1018256 62.5616 12 203 4.09018 5 1017322 1020054 13 0 1 20 1  0
12.6859 1067274 65.5733 2 0 0 12 1067249 1067283 13 0 1 20 1  0
12.7967 1260078 77.4192 8 0 0 1 1067255 1067256 13 0 1 20 1  0
0 1046528 64.2987 8 0 0 56 1067261 1067266 13 0 1 20 1  0
11.8261 1067275 65.5734 1 0 0 1 1067255 1067280 13 0 1 20 1  0
10.3872 1084482 66.6306 2 1 0.0197462 1 1084482 1084483 13 0 1 20 1  0
11.1872 1113734 68.4278 2 1 0.0197462 1 1113734 1113735 13 0 1 20 1  0
10.3662 1229074 75.5143 3 2 0.0394922 1 1067285 1067288 13 0 1 20 1  0
10.848 1076560 66.1438 9 293 6.03907 2 1076481 1076626 13 0 1 20 1  0
10.1957 1076360 66.1316 11 614 14.6291 1 1076319 1076438 13 0 1 20 1  0
15.954 1175877 72.2459 7 2173 261.645 663 1173951 1179831 13 0 1 20 1  0
10.2478 1179605 72.4749 6 2083 223.012 1 1179498 1179613 13 0 1 20 1  0
0 1046528 64.2987 5 2134 244.145 1162 1176771 1176800 13 0 1 20 1  0
10.075 1178582 72.4121 5 2168 259.333 1 1174907 1177884 13 0 1 20 1  0
10.5518 1321477 81.1915 8 0 0 1 1321477 1321478 13 0 1 20 1  0
14.165 1515254 93.0972 8 0 0 1 1323760 1323761 13 0 1 20 1  0
0 1308672 80.4048 8 0 0 82 1325042 1325043 13 0 1 20 1  0
11.5056 1321478 81.1916 1 0 0 1 1321478 1321479 13 0 1 20 1  0
13.4385 1515244 93.0966 1 0 0 5 1323761 1323763 13 0 1 20 1  0
0 1308672 80.4048 1 0 0 40 1325043 1325044 13 0 1 20 1  0
11.53 1409573 86.6042 3 1 0.0197462 4 1409572 1409574 13 0 1 20 1  0
10.5563 1343604 82.551 11 116 2.30481 1 1343557 1343928 13 0 1 20 1  0
11.7341 1320122 81.1083 12 152 3.03469 2 1316534 1323726 13 0 1 20 1  0
10.1206 1574708 96.7501 8 0 0 1 1574708 1574709 13 0 1 20 1  0
15.5883 1651699 101.48 8 0 0 1 1583990 1583991 13 0 1 20 1  0
0 1570816 96.5109 8 0 0 158 1585611 1585612 13 0 1 20 1  0
15.0144 1651700 101.48 1 0 0 5 1596985 1596987 13 0 1 20 1  0
0 1570816 96.5109 1 0 0 93 1598928 1598929 13 0 1 20 1  0
10.6435 1596984 98.1187 2 1 0.0197462 2 1596984 1596985 13 0 1 20 1  0
12.5761 1751639 107.621 3 1 0.0197462 3 1651700 1651704 13 0 1 20 1  0
10.0386 1647156 101.201 3 1 0.0197462 1 1647156 1647157 13 0 1 20 1  0
10.2756 1646826 101.181 4 1 0.0197462 2 1646826 1646827 13 0 1 20 1  0
11.2715 1734566 106.572 3 3 0.059238 3 1679596 1679598 13 0 1 20 1  0
11.2118 1689675 103.814 4 2 0.0394922 1 1651697 1651700 13 0 1 20 1  0
10.6329 1647576 101.227 3 4 0.0789836 3 1647576 1647578 13 0 1 20 1  0
10.9278 1832961 112.617 8 0 0 418 1832961 1832962 13 0 1 20 1  0
16.0764 2094022 128.657 8 0 0 1 1833136 1833137 13 0 1 20 1  0
11.6596 1833136 112.628 1 0 0 1 1833136 1833137 13 0 1 20 1  0
19.3917 2094029 128.657 2 0 0 16 1910713 1910719 13 0 1 20 1  0
10.0725 1888780 116.047 2 0 0 1 1888780 1888781 13 0 1 20 1  0
10.1749 1910716 117.394 3 1 0.0197462 3 1910716 1910717 13 0 1 20 1  0
12.9784 1915571 117.693 5 0 0 11 1915560 1915591 13 0 1 20 1  0
13.608 2093702 128.637 3 1 0.0197462 2 1915560 1915582 13 0 1 20 1  0
12.7955 1915896 117.713 5 1 0.0197462 5 1915560 1915593 13 0 1 20 1  0
10.0235 1865964 114.645 5 8 0.157966 2 1865964 1865965 13 0 1 20 1  0
10.5422 2096792 128.827 8 0 0 1 2096792 2096793 13 0 1 20 1  0
14.2715 2303271 141.513 8 0 0 1 2098417 2098418 13 0 1 20 1  0
0 2095104 128.723 8 0 0 516 2100844 2100845 13 0 1 20 1  0
10.9074 2101792 129.134 2 0 0 2 2101792 2101793 13 0 1 20 1  0
13.6399 2277448 139.926 1 0 0 1 2101808 2101810 13 0 1 20 1  0
14.0763 2325484 142.878 2 0 0 1 2101808 2101811 13 0 1 20 1  0
14.4866 2276517 139.869 5 2 0.0394922 23 2276183 2276189 13 0 1 20 1  0
12.6198 2277142 139.908 5 0 0 4 2276491 2276524 13 0 1 20 1  0
10.9119 2177148 133.764 7 6 0.118475 5 2177141 2177198 13 0 1 20 1  0
11.2966 2312356 142.071 2 1 0.0197462 1 2312356 2312357 13 0 1 20 1  0
10.147 2301478 141.403 2 2 0.0394922 1 2277168 2277169 13 0 1 20 1  0
10.2056 2276195 139.849 3 2 0.0394922 1 2276195 2276196 13 0 1 20 1  0
11.303 2293073 140.886 3 4 0.0789836 1 2276192 2276196 13 0 1 20 1  0
15.4125 2278372 139.983 12 232 4.70454 13 2177254 2179370 13 0 1 20 1  0
13.812 2178560 133.851 12 480 10.6407 16 2175626 2179090 13 0 1 20 1  0
0 2095104 128.723 12 480 10.6407 1 2277922 2278312 13 0 1 20 1  0
10.8269 2275706 139.819 4 1186 44.8015 2 2275701 2275710 13 0 1 20 1  0
10.0336 2357791 144.863 8 0 0 1195 2357791 2357792 13 0 1 20 1  0
17.1007 2543960 156.301 12 444 9.68046 695 2542274 2546684 13 0 1 20 1  0
10.0022 2358267 144.892 1 0 0 1 2358267 2358268 13 0 1 20 1  0
18.8741 2612601 160.518 1 0 0 2 2359733 2359734 13 0 1 20 1  0
10.0123 2371752 145.72 2 0 0 1 2371752 2371753 13 0 1 20 1  0
14.4657 2489715 152.968 3 0 0 4 2470279 2470286 13 0 1 20 1  0
12.208 2545549 156.399 2 1 0.0197462 2 2489716 2489723 13 0 1 20 1  0
10.2047 2466050 151.514 4 1 0.0197462 1 2466050 2466051 13 0 1 20 1  0
11.6419 2616821 160.777 5 1 0.0197462 2 2486829 2486848 13 0 1 20 1  0
10.0485 2510221 154.228 2 2 0.0394922 1 2510221 2510222 13 0 1 20 1  0
13.4412 2542611 156.218 3 2 0.0394922 3 2464757 2464762 13 0 1 20 1  0
13.8366 2486844 152.792 5 4 0.0789836 20 2486826 2486856 13 0 1 20 1  0
11.82 2464758 151.435 3 3 0.059238 1 2464757 2464761 13 0 1 20 1  0
10.1956 2463787 151.375 3 4 0.0789836 1 2463787 2463788 13 0 1 20 1  0
11.5246 2511810 154.326 3 5 0.0987291 3 2463786 2463788 13 0 1 20 1  0
13.3736 2470282 151.774 4 4 0.0789836 3 2463316 2463319 13 0 1 20 1  0
11.681 2501121 153.669 4 6 0.118475 2 2470280 2470284 13 0 1 20 1  0
0 2357248 144.829 10 216 4.36416 1 2543183 2545363 13 0 1 20 1  0
12.8935 2392238 146.979 9 373 7.89849 92 2392068 2392426 13 0 1 20 1  0
14.1986 2537427 155.9 9 2602 560.08 8 2535533 2539873 13 0 1 20 1  0
10.8533 2620376 160.996 8 0 0 1 2620376 2620377 13 0 1 20 1  0
14.9799 2626227 161.355 8 0 0 1 2621020 2621021 13 0 1 20 1  0
0 2619392 160.935 8 0 0 430 2621679 2621680 13 0 1 20 1  0
10.9905 2619882 160.966 1 0 0 1 2619882 2619883 13 0 1 20 1  0
16.7342 2628502 161.495 1 0 0 13 2620377 2620378 13 0 1 20 1  0
10.6801 2626227 161.355 2 1 0.0197462 1 2626227 2626228 13 0 1 20 1  0
10.0056 2624261 161.235 6 1 0.0197462 1 2624261 2624262 13 0 1 20 1  0
10.3926 2746228 168.728 2 2 0.0394922 1 2746228 2746229 13 0 1 20 1  0
11.9477 2824459 173.535 3 2 0.0394922 2 2670739 2670741 13 0 1 20 1  0
12.1233 2756451 169.356 4 5 0.0987291 6 2742653 2742656 13 0 1 20 1  0
10.815 2667172 163.871 5 4 0.0789836 4 2667169 2667177 13 0 1 20 1  0
10.1879 2670738 164.09 3 3 0.059238 1 2670738 2670739 13 0 1 20 1  0
12.5439 2743300 168.548 3 3 0.059238 3 2742658 2742659 13 0 1 20 1  0
11.1007 2742975 168.528 3 4 0.0789836 2 2742974 2742977 13 0 1 20 1  0
10.7965 2743619 168.568 4 8 0.157966 1 2742650 2742654 13 0 1 20 1  0
10.9069 2884032 177.195 8 0 0 1 2884032 2884033 13 0 1 20 1  0
15.3411 2915854 179.15 8 0 0 1 2888397 2888398 13 0 1 20 1  0
0 2881536 177.042 8 0 0 548 2889870 2889871 13 0 1 20 1  0
10.0586 2884033 177.195 1 0 0 1 2884033 2884034 13 0 1 20 1  0
14.9742 3122998 191.877 1 0 0 2 2887275 2887276 13 0 1 20 1  0
10.9782 3052723 187.559 2 1 0.0197462 2 3052722 3052724 13 0 1 20 1  0
12.6698 3055004 187.699 3 2 0.0394922 7 2892658 2892659 13 0 1 20 1  0
10.9307 2885834 177.306 3 3 0.059238 3 2885833 2885835 13 0 1 20 1  0
12.6461 2932514 180.174 4 4 0.0789836 8 2885831 2885833 13 0 1 20 1  0
11.628 3057780 187.87 6 3 0.059238 3 3051425 3051427 13 0 1 20 1  0
10.1693 2892657 177.725 3 4 0.0789836 1 2892657 2892658 13 0 1 20 1  0
10.5398 3047853 187.26 5 5 0.0987291 2 2932507 2932509 13 0 1 20 1  0
10.4337 3064088 188.258 5 7 0.13822 4 3047851 3047857 13 0 1 20 1  0
10.3197 3079024 189.175 4 8 0.157966 1 2932504 2932508 13 0 1 20 1  0
11.3034 3090783 189.898 9 15 0.296194 8 3090766 3090801 13 0 1 20 1  0
10.3139 3056538 187.794 12 126 2.50651 1 3056160 3056600 13 0 1 20 1  0
11.5901 3137436 192.764 12 245 4.98385 1 3137088 3137614 13 0 1 20 1  0
10.8641 3056870 187.814 5 679 16.847 19 3056857 3056882 13 0 1 20 1  0
11.9993 3143680 193.148 12 2150 251.179 3 3143022 3143682 13 0 1 20 1  0
12.2302 3144094 193.173 8 0 0 515 3144094 3144095 13 0 1 20 1  0
14.9331 3280794 201.572 8 0 0 1 3144420 3144421 13 0 1 20 1  0
11.1807 3144421 193.193 1 0 0 1 3144421 3144422 13 0 1 20 1  0
14.0095 3166177 194.53 1 0 0 1 3145067 3145068 13 0 1 20 1  0
13.1261 3159865 194.142 4 2 0.0394922 7 3149809 3149811 13 0 1 20 1  0
10.9198 3159527 194.121 3 1 0.0197462 2 3159527 3159528 13 0 1 20 1  0
10.4735 3181310 195.46 2 2 0.0394922 1 3160523 3160524 13 0 1 20 1  0
10.2909 3149806 193.524 3 2 0.0394922 2 3149806 3149807 13 0 1 20 1  0
12.7475 3160522 194.182 3 2 0.0394922 2 3158244 3158247 13 0 1 20 1  0
11.4224 3167657 194.621 5 7 0.13822 8 3158240 3158250 13 0 1 20 1  0
10.3581 3157570 194.001 3 3 0.059238 2 3157570 3157571 13 0 1 20 1  0
13.4308 3158241 194.042 4 3 0.059238 8 3149807 3149811 13 0 1 20 1  0
11.4006 3179037 195.32 3 4 0.0789836 3 3158241 3158245 13 0 1 20 1  0
10.3214 3165730 194.502 6 10 0.197458 3 3165729 3165733 13 0 1 20 1  0
10.0422 3169938 194.761 3 6 0.118475 1 3169938 3169939 13 0 1 20 1  0
10.1501 3157918 194.022 4 9 0.177712 1 3157918 3157919 13 0 1 20 1  0
10.7643 3169604 194.74 5 12 0.236951 2 3169602 3169611 13 0 1 20 1  0
10.7677 3158136 194.036 12 181 3.63133 3 3157834 3158754 13 0 1 20 1  0
12.219 3166639 194.558 11 394 8.4113 12 3158491 3159100 13 0 1 20 1  0
0 3143680 193.148 11 394 8.4113 3 3166379 3167119 13 0 1 20 1  0
10.4057 3165734 194.503 4 750 19.5266 1 3165731 3165735 13 0 1 20 1  0
0 3143680 193.148 4 750 19.5266 1 3165884 3165899 13 0 1 20 1  0
11.0642 3250562 199.715 12 841 23.4205 7 3249960 3250986 13 0 1 20 1  0
10.5613 3166136 194.527 3 824 22.6499 4 3166133 3166137 13 0 1 20 1  0
10.0259 3169372 194.726 5 829 22.8744 1 3169372 3169373 13 0 1 20 1  0
11.0516 3157249 193.981 4 980 30.5873 4 3157243 3157263 13 0 1 20 1  0
0 3143680 193.148 4 980 30.5873 3 3165591 3165592 13 0 1 20 1  0
10.4787 3168888 194.696 5 1002 31.8801 4 3168886 3168892 13 0 1 20 1  0
10.2927 3157312 193.985 6 1272 52.3891 1 3157306 3157324 13 0 1 20 1  0
10.2178 3155797 193.892 5 1403 66.3606 1 3155795 3155800 13 0 1 20 1  0
10.073 3155399 193.868 6 1491 77.7119 1 3155395 3155400 13 0 1 20 1  0
13.6864 3155142 193.852 5 1759 125.38 329 3154745 3156426 13 0 1 20 1  0
0 3143680 193.148 4 1737 120.564 238 3155914 3155915 13 0 1 20 1  0
10.346 3156155 193.914 4 1750 123.387 1 3155548 3155555 13 0 1 20 1  0
10.3768 3154007 193.782 4 1815 138.518 1 3154007 3154009 13 0 1 20 1  0
11.6811 3243616 199.288 6 2074 219.476 15 3243578 3243944 13 0 1 20 1  0
11.9375 3242972 199.248 12 2362 365.9 5 3241324 3245318 13 0 1 20 1  0
16.2139 3243391 199.274 10 2584 542.482 164 3238861 3245722 13 0 1 20 1  0
0 3143680 193.148 7 2582 540.561 52 3243296 3243406 13 0 1 20 1  0
10.9644 3410696 209.553 8 0 0 1 3410696 3410697 13 0 1 20 1  0
15.1944 3420922 210.181 8 0 0 1 3415075 3415076 13 0 1 20 1  0
0 3405824 209.254 8 0 0 1266 3419298 3419299 13 0 1 20 1  0
10.1918 3412476 209.663 1 0 0 1 3412476 3412477 13 0 1 20 1  0
17.1752 3619692 222.394 1 0 0 5 3412647 3412648 13 0 1 20 1  0
10.2092 3437850 211.221 5 1 0.0197462 3 3437850 3437851 13 0 1 20 1  0
16.1463 3478779 213.736 5 4 0.0789836 19 3437849 3437859 13 0 1 20 1  0
13.2846 3484612 214.095 5 0 0 1 3466425 3466429 13 0 1 20 1  0
12.6529 3482677 213.976 6 1 0.0197462 2 3476161 3476182 13 0 1 20 1  0
10.6423 3476989 213.626 2 1 0.0197462 1 3476989 3476990 13 0 1 20 1  0
10.0502 3444343 211.62 3 1 0.0197462 1 3444343 3444344 13 0 1 20 1  0
13.9467 3483006 213.996 6 5 0.0987291 26 3472275 3472295 13 0 1 20 1  0
10.6939 3440107 211.36 2 2 0.0394922 1 3440107 3440108 13 0 1 20 1  0
10.4252 3437540 211.202 3 2 0.0394922 2 3437540 3437541 13 0 1 20 1  0
13.9342 3488200 214.315 4 2 0.0394922 3 3437536 3437538 13 0 1 20 1  0
11.9141 3476521 213.597 3 3 0.059238 1 3437538 3437541 13 0 1 20 1  0
11.3548 3475028 213.506 3 4 0.0789836 3 3437537 3437540 13 0 1 20 1  0
10.0828 3570718 219.385 7 6 0.118475 1 3570717 3570719 13 0 1 20 1  0
10.1819 3439147 211.301 5 7 0.13822 1 3439147 3439148 13 0 1 20 1  0
10.6688 3444187 211.611 3 8 0.157966 1 3437531 3437537 13 0 1 20 1  0
11.187 3473911 213.437 4 8 0.157966 2 3437532 3437535 13 0 1 20 1  0
10.0429 3439799 211.341 6 13 0.256698 1 3439799 3439800 13 0 1 20 1  0
10.433 3482746 213.98 5 877 25.1235 2 3482744 3482753 13 0 1 20 1  0
11.6578 3438736 211.276 12 1668 106.616 8 3437536 3440568 13 0 1 20 1  0
10.6108 3602830 221.358 12 3225 1690.75 1 3601806 3604172 13 0 1 20 1  0
10.3632 3667972 225.36 8 0 0 134 3667972 3667973 13 0 1 20 1  0
14.5073 3707279 227.775 8 0 0 1 3669282 3669283 13 0 1 20 1  0
10.5556 3671699 225.589 1 0 0 1 3671699 3671700 13 0 1 20 1  0
15.3072 3673104 225.676 3 0 0 17 3672061 3672067 13 0 1 20 1  0
0 3667968 225.36 1 0 0 91 3672847 3672848 13 0 1 20 1  0
10.4635 3727541 229.02 2 2 0.0394922 1 3727541 3727542 13 0 1 20 1  0
11.7634 3800232 233.486 3 3 0.059238 4 3673100 3673107 13 0 1 20 1  0
10.1677 3799582 233.446 3 4 0.0789836 1 3799582 3799583 13 0 1 20 1  0
10.4285 3917355 240.682 5 3085 1319.04 1 3917346 3917358 13 0 1 20 1  0
10.926 3916061 240.603 5 3087 1323.73 1 3916054 3916067 13 0 1 20 1  0
0 3667968 225.36 5 3087 1323.73 160 3927259 3927275 13 0 1 20 1  0
10.0779 3916466 240.628 5 3088 1326.08 1 3916466 3916467 13 0 1 20 1  0
10.0068 3922324 240.988 5 3088 1326.08 1 3922324 3922325 13 0 1 20 1  0
10.6863 3916972 240.659 5 3090 1330.79 1 3916957 3916975 13 0 1 20 1  0
13.1041 3926505 241.244 5 3103 1361.82 4 3925684 3925699 13 0 1 20 1  0
10.7205 3927324 241.295 5 3097 1347.41 1 3924729 3924737 13 0 1 20 1  0
11.2609 3926833 241.265 4 3103 1361.82 2 3926501 3926515 13 0 1 20 1  0
10.9899 3925752 241.198 5 3102 1359.41 1 3925749 3925757 13 0 1 20 1  0
13.7455 3927580 241.311 6 3104 1364.24 3 3924492 3924504 13 0 1 20 1  0
14.6483 3928333 241.357 5 3105 1366.66 3 3925245 3925262 13 0 1 20 1  0
13.2297 3929905 241.453 5 3106 1369.09 2 3926327 3926340 13 0 1 20 1  0
12.4425 3929262 241.414 6 3106 1369.09 1 3926327 3926498 13 0 1 20 1  0
10.2049 3928557 241.371 6 3107 1371.52 2 3927900 3927905 13 0 1 20 1  0
10.1753 3930016 241.46 5 3107 1371.52 1 3930011 3930020 13 0 1 20 1  0
10.5658 3930115 241.466 8 0 0 5308 3930115 3930116 13 0 1 20 1  0
15.3466 4014401 246.645 8 0 0 1 3933511 3933512 13 0 1 20 1  0
11.2475 3933694 241.686 1 0 0 1 3933694 3933695 13 0 1 20 1  0
17.2287 4019926 246.984 1 0 0 3 3943110 3943111 13 0 1 20 1  0
10.4729 3943111 242.265 2 0 0 1 3943111 3943112 13 0 1 20 1  0
20.3183 4023827 247.224 3 0 0 8 3958055 3958085 13 0 1 20 1  0
14.1301 3958072 243.184 5 0 0 325 3955302 3955314 13 0 1 20 1  0
19.487 3960178 243.313 6 4 0.0789836 22 3953693 3953695 13 0 1 20 1  0
10.2844 3954989 242.995 3 7 0.13822 2 3953696 3953700 13 0 1 20 1  0
10.3886 3953040 242.875 3 2 0.0394922 2 3953040 3953041 13 0 1 20 1  0
12.4454 3962133 243.433 5 2 0.0394922 1 3955315 3955321 13 0 1 20 1  0
11.8863 4091230 251.365 6 2 0.0394922 1 3954651 3954667 13 0 1 20 1  0
13.2148 4044001 248.463 3 3 0.059238 1 3952730 3952732 13 0 1 20 1  0
14.4102 4033604 247.825 4 3 0.059238 1 3952725 3952729 13 0 1 20 1  0
15.8179 3968636 243.833 5 5 0.0987291 5 3953687 3953694 13 0 1 20 1  0
13.1204 3961171 243.374 3 4 0.0789836 1 3952728 3952732 13 0 1 20 1  0
13.0206 3963446 243.514 4 4 0.0789836 5 3952725 3952728 13 0 1 20 1  0
12.072 3970914 243.973 3 5 0.0987291 1 3952727 3952731 13 0 1 20 1  0
13.0985 4044639 248.503 5 5 0.0987291 1 3954333 3954344 13 0 1 20 1  0
14.7002 3960516 243.334 5 8 0.157966 11 3953686 3953695 13 0 1 20 1  0
10.3025 3952727 242.856 3 7 0.13822 1 3952727 3952728 13 0 1 20 1  0
10.5266 4058096 249.329 3 8 0.157966 1 3952724 3952727 13 0 1 20 1  0
10.977 4024167 247.245 4 12 0.236951 2 3952718 3952722 13 0 1 20 1  0
10.4926 4103095 252.094 4 11 0.217204 1 3953030 3953032 13 0 1 20 1  0
12.229 4032314 247.745 7 15 0.296194 7 3956971 3957969 13 0 1 20 1  0
10.0324 3959538 243.274 5 16 0.315943 1 3959538 3959539 13 0 1 20 1  0
10.5099 4038791 248.143 6 22 0.434452 2 3959525 3959536 13 0 1 20 1  0
10.1536 3957128 243.126 3 274 5.61661 1 3957126 3957129 13 0 1 20 1  0
12.3828 3960677 243.344 5 334 6.97459 94 3955156 3955173 13 0 1 20 1  0
10.0196 3955488 243.025 5 329 6.85864 1 3955488 3955489 13 0 1 20 1  0
14.0636 3959622 243.279 4 827 22.7844 526 3954106 3954108 13 0 1 20 1  0
10.0426 3955125 243.003 5 403 8.63459 2 3955125 3955126 13 0 1 20 1  0
11.0696 3963602 243.524 3 339 7.09109 3 3960671 3960685 13 0 1 20 1  0
10.0023 3960354 243.324 4 351 7.37298 1 3960354 3960355 13 0 1 20 1  0
11.1719 4074927 250.364 3 453 9.91668 41 3959676 3959682 13 0 1 20 1  0
10.4114 3955836 243.047 4 720 18.3591 1 3955835 3955841 13 0 1 20 1  0
10.2104 3958655 243.22 3 806 21.8564 2 3958655 3958656 13 0 1 20 1  0
10.1655 3958996 243.241 3 807 21.8999 1 3958996 3958997 13 0 1 20 1  0
10.1085 3954755 242.98 5 822 22.5606 3 3954755 3954756 13 0 1 20 1  0
10.0228 3958801 243.229 4 831 22.9647 1 3958801 3958802 13 0 1 20 1  0
10.0636 3955734 243.04 4 876 25.0749 1 3955734 3955735 13 0 1 20 1  0
10.3365 3954419 242.959 5 967 29.8454 2 3953696 3953700 13 0 1 20 1  0
10.7565 3953995 242.933 4 1028 33.4707 5 3953994 3953999 13 0 1 20 1  0
11.547 3953505 242.903 5 1054 35.1325 46 3953485 3953534 13 0 1 20 1  0
10.9625 3958979 243.24 4 1068 36.058 6 3953443 3953486 13 0 1 20 1  0
12.7005 3959219 243.254 5 1120 39.6948 47 3953352 3953402 13 0 1 20 1  0
10.8785 3959514 243.273 3 1131 40.5063 2 3958203 3958205 13 0 1 20 1  0
10.3717 3957578 243.154 5 1625 98.745 1 3957576 3957580 13 0 1 20 1  0
14.4544 3930161 241.469 8 2072 218.698 77 3930112 3931684 13 0 1 20 1  0
10.9744 3956381 243.08 11 2373 373.11 1 3955717 3956973 13 0 1 20 1  0
0 3930112 241.466 11 2373 373.11 1 4024234 4025683 13 0 1 20 1  0
10.0146 3943061 242.262 9 2719 689.239 1 3943061 3943062 13 0 1 20 1  0
26.3417 4353555 267.482 3 0 0 42 4193665 4193670 13 0 1 20 1  0
12.9536 4197248 257.879 12 81 1.60397 3686 4193330 4200134 13 0 1 20 1  0
10.0928 4193661 257.659 4 0 0 2 4193661 4193662 13 0 1 20 1  0
21.4421 4239059 260.448 9 17 0.335692 1340 4215687 4217970 13 0 1 20 1  0
19.529 4373688 268.719 7 2 0.0394922 1168 4238853 4239340 13 0 1 20 1  0
10.7209 4215302 258.988 3 4 0.0789836 2 4215302 4215303 13 0 1 20 1  0
10.0183 4214483 258.938 5 3 0.059238 1 4214483 4214484 13 0 1 20 1  0
14.777 4452464 273.559 5 6 0.118475 27 4214475 4214485 13 0 1 20 1  0
12.9071 4239488 260.474 3 6 0.118475 1 4209937 4209939 13 0 1 20 1  0
11.9908 4453906 273.648 3 7 0.13822 5 4209935 4209938 13 0 1 20 1  0
10.0608 4209935 258.658 3 8 0.157966 2 4209935 4209936 13 0 1 20 1  0
10.0144 4201565 258.144 6 8 0.157966 1 4201565 4201566 13 0 1 20 1  0
13.0194 4241410 260.592 4 9 0.177712 1 4209934 4209937 13 0 1 20 1  0
13.956 4453756 273.639 5 11 0.217204 42 4214470 4214486 13 0 1 20 1  0
10.0582 4229731 259.875 4 18 0.355443 1 4229731 4229732 13 0 1 20 1  0
10.0272 4219173 259.226 4 20 0.394946 1 4219173 4219174 13 0 1 20 1  0
14.3229 4216355 259.053 11 77 1.5243 10 4196205 4198836 13 0 1 20 1  0
10.6464 4218143 259.163 4 143 2.8512 7 4218140 4218153 13 0 1 20 1  0
10.2297 4216526 259.063 3 133 2.64815 1 4216525 4216527 13 0 1 20 1  0
10.011 4215543 259.003 5 144 2.87155 1 4215543 4215544 13 0 1 20 1  0
12.038 4325451 265.756 5 153 3.05512 88 4215507 4215524 13 0 1 20 1  0
10.7217 4359074 267.822 3 280 5.74931 13 4238615 4238629 13 0 1 20 1  0
10.6445 4370184 268.504 12 1029 33.5333 2 4369738 4370942 13 0 1 20 1  0
12.1606 4455180 273.726 8 0 0 1609 4455180 4455181 13 0 1 20 1  0
17.5648 4483443 275.463 8 0 0 29 4455508 4455509 13 0 1 20 1  0
10.5041 4455181 273.726 1 0 0 1 4455181 4455182 13 0 1 20 1  0
17.782 4522066 277.836 1 0 0 1 4455508 4455509 13 0 1 20 1  0
14.9724 4483444 275.463 2 0 0 1 4474498 4474501 13 0 1 20 1  0
15.9999 4478594 275.165 3 1 0.0197462 92 4457498 4457501 13 0 1 20 1  0
10.503 4457500 273.869 2 2 0.0394922 2 4457500 4457501 13 0 1 20 1  0
16.4626 4515434 277.428 5 4 0.0789836 34 4456027 4456045 13 0 1 20 1  0
10.3401 4456044 273.779 3 3 0.059238 2 4456044 4456045 13 0 1 20 1  0
10.1063 4475644 274.984 6 3 0.059238 1 4475644 4475645 13 0 1 20 1  0
11.7476 4522044 277.834 8 12 0.236951 13 4500273 4500308 13 0 1 20 1  0
10.4112 4491580 275.963 3 8 0.157966 1 4457490 4457495 13 0 1 20 1  0
12.3479 4502528 276.635 9 29 0.572762 6 4477286 4477963 13 0 1 20 1  0
12.5448 4500218 276.493 7 30 0.592527 12 4477495 4477846 13 0 1 20 1  0
11.5472 4506908 276.904 9 17 0.335692 2 4477328 4477740 13 0 1 20 1  0
10.9764 4457383 273.862 4 234 4.74734 24 4457378 4457389 13 0 1 20 1  0
10.1393 4527982 278.199 4 250 5.09196 1 4527979 4527983 13 0 1 20 1  0
10.9009 4455123 273.723 8 2441 420.946 2 4455048 4455151 13 0 1 20 1  0
10.461 4715640 289.729 12 3298 1924.42 1 4715106 4716546 13 0 1 20 1  0
11.266 4716635 289.79 8 0 0 2748 4716635 4716636 13 0 1 20 1  0
16.9498 4774914 293.371 8 0 0 1 4716818 4716819 13 0 1 20 1  0
10.415 4716819 289.801 1 0 0 1 4716819 4716820 13 0 1 20 1  0
18.1661 4937512 303.361 1 0 0 25 4717790 4717791 13 0 1 20 1  0
13.3174 4921961 302.405 3 2 0.0394922 6 4774915 4774918 13 0 1 20 1  0
10.0987 4775238 293.391 2 1 0.0197462 1 4775238 4775239 13 0 1 20 1  0
10.4713 4774917 293.371 2 3 0.059238 2 4774917 4774918 13 0 1 20 1  0
11.8029 4873763 299.444 2 2 0.0394922 1 4775236 4775238 13 0 1 20 1  0
11.5776 4977612 305.824 5 2 0.0394922 1 4830920 4830924 13 0 1 20 1  0
10.7733 4872469 299.364 2 3 0.059238 1 4775236 4775237 13 0 1 20 1  0
12.6953 4835456 297.09 3 3 0.059238 2 4774914 4774917 13 0 1 20 1  0
11.9308 4976797 305.774 4 6 0.118475 2 4773477 4773482 13 0 1 20 1  0
10.1 4773465 293.282 6 4 0.0789836 2 4773465 4773466 13 0 1 20 1  0
11.866 4835128 297.07 6 5 0.0987291 7 4831230 4831239 13 0 1 20 1  0
10.4412 4897775 300.919 3 6 0.118475 1 4774913 4774915 13 0 1 20 1  0
10.0031 4920162 302.295 5 10 0.197458 1 4920162 4920163 13 0 1 20 1  0
10.6071 4934938 303.203 5 10 0.197458 1 4920968 4920972 13 0 1 20 1  0
15.772 4923246 302.484 8 819 22.4272 1082 4862864 4863723 13 0 1 20 1  0
10.7818 4833046 296.942 12 208 4.19529 1 4832974 4834032 13 0 1 20 1  0
0 4716544 289.784 11 254 5.17874 313 4935956 4936630 13 0 1 20 1  0
10.2375 4863671 298.824 6 664 16.3164 2 4863666 4863683 13 0 1 20 1  0
10.7627 4862090 298.727 8 1231 48.6309 7 4861987 4862867 13 0 1 20 1  0
10.0668 4920699 302.328 5 1434 70.1613 1 4920699 4920700 13 0 1 20 1  0
10.01 4861654 298.7 4 1481 76.332 1 4861654 4861655 13 0 1 20 1  0
10.0178 4860967 298.658 5 1559 87.7661 1 4860967 4860968 13 0 1 20 1  0
0 4716544 289.784 12 1668 106.616 1 4916978 4921078 13 0 1 20 1  0
10.5275 4914552 301.95 5 2120 238.153 1 4914548 4914557 13 0 1 20 1  0
10.149 4914338 301.937 5 2133 243.712 1 4914338 4914339 13 0 1 20 1  0
14.9556 4913782 301.903 12 2365 367.852 50 4908900 4916218 13 0 1 20 1  0
0 4716544 289.784 10 2341 352.518 1 4914483 4915691 13 0 1 20 1  0
0 4716544 289.784 6 2358 363.312 2 4915248 4915249 13 0 1 20 1  0
11.5603 4850044 297.987 12 2675 637.499 3 4848644 4851152 13 0 1 20 1  0
13.2942 4978870 305.902 8 0 0 7877 4978870 4978871 13 0 1 20 1  0
18.9125 5234678 321.619 8 0 0 1 4979048 4979049 13 0 1 20 1  0
18.9125 5235668 321.679 8 0 0 5 4979522 4979523 13 0 1 20 1  0
10.4352 4978871 305.902 1 0 0 1 4978871 4978872 13 0 1 20 1  0
25.145 5234682 321.619 2 0 0 6 4987352 4987353 13 0 1 20 1  0
16.1231 5065059 311.197 2 0 0 1 4979559 4979561 13 0 1 20 1  0
26.6548 5235662 321.679 4 0 0 9 4993324 4993327 13 0 1 20 1  0
30.293 5238557 321.857 5 1 0.0197462 46 4978733 4978738 13 0 1 20 1  0
10.0098 4990912 306.642 1 1 0.0197462 1 4990912 4990913 13 0 1 20 1  0
10.1294 5023349 308.635 1 1 0.0197462 1 5004209 5004210 13 0 1 20 1  0
15.7138 5020743 308.474 3 1 0.0197462 1 4978745 4978747 13 0 1 20 1  0
14.6759 4990596 306.622 3 2 0.0394922 1 4978744 4978747 13 0 1 20 1  0
15.0319 5039604 309.633 4 2 0.0394922 2 4978740 4978744 13 0 1 20 1  0
10.0274 5107867 313.827 7 4 0.0789836 2 5107867 5107868 13 0 1 20 1  0
12.4711 5129864 315.179 7 15 0.296194 6 5129843 5129877 13 0 1 20 1  0
11.1253 5065077 311.198 2 3 0.059238 1 4982813 4982814 13 0 1 20 1  0
10.0402 5001951 307.32 6 3 0.059238 1 5001951 5001952 13 0 1 20 1  0
10.3003 5017365 308.267 2 4 0.0789836 1 4989611 4989612 13 0 1 20 1  0
17.8967 5236932 321.757 4 4 0.0789836 3 4978740 4978742 13 0 1 20 1  0
12.5818 5038634 309.574 3 5 0.0987291 2 4978742 4978746 13 0 1 20 1  0
11.6216 5065332 311.214 8 6 0.118475 5 5065131 5065494 13 0 1 20 1  0
10.9337 5037006 309.474 3 7 0.13822 1 4978740 4978744 13 0 1 20 1  0
10.7353 5065404 311.218 3 8 0.157966 1 4978737 4978743 13 0 1 20 1  0
11.9148 5074010 311.747 4 8 0.157966 1 4979558 4979563 13 0 1 20 1  0
10.028 5034408 309.314 4 10 0.197458 1 5034408 5034409 13 0 1 20 1  0
10.0767 5086663 312.525 4 10 0.197458 1 5044467 5044469 13 0 1 20 1  0
10.0387 5029532 309.014 4 11 0.217204 1 5029532 5029533 13 0 1 20 1  0
10.0889 5040245 309.673 4 11 0.217204 1 5036354 5036355 13 0 1 20 1  0
10.736 5235015 321.639 4 358 7.53893 7 5235003 5235019 13 0 1 20 1  0
0 4978688 305.891 4 358 7.53893 2 5237907 5237914 13 0 1 20 1  0
10.1063 5234666 321.618 3 433 9.39508 1 5234666 5234667 13 0 1 20 1  0
10.2256 5237908 321.817 3 433 9.39508 1 5237757 5237759 13 0 1 20 1  0
12.3259 5237458 321.789 5 670 16.5272 124 5237137 5237146 13 0 1 20 1  0
0 4978688 305.891 6 669 16.4919 39 5237761 5237795 13 0 1 20 1  0
10.1903 5065423 311.22 8 806 21.8564 1 5065412 5065434 13 0 1 20 1  0
10.2787 5064808 311.182 4 838 23.283 1 5064807 5064828 13 0 1 20 1  0
16.298 5240641 321.985 11 1380 63.671 308 5063365 5065358 13 0 1 20 1  0
10.7616 5064520 311.164 11 1324 57.5567 14 5064018 5065001 13 0 1 20 1  0
0 4978688 305.891 8 1299 55.014 118 5240522 5240832 13 0 1 20 1  0
11.1316 5144588 316.083 5 3014 1162.99 1 5144583 5144596 13 0 1 20 1  0
0 4978688 305.891 5 3014 1162.99 20 5145396 5145403 13 0 1 20 1  0
12.4132 5145060 316.112 5 3015 1165.06 3 5144239 5144255 13 0 1 20 1  0
10.6215 5145523 316.141 5 3016 1167.12 1 5144227 5144230 13 0 1 20 1  0
10.0501 5145844 316.161 6 3016 1167.12 1 5145844 5145845 13 0 1 20 1  0
10.678 5144688 316.09 5 3017 1169.19 2 5144683 5144697 13 0 1 20 1  0
24.5794 5245376 322.276 6 1 0.0197462 7706 5245337 5245735 13 0 1 20 1  0
16.5842 5378491 330.454 8 0 0 1 5243898 5243899 13 0 1 20 1  0
11.5434 5241307 322.026 1 0 0 1 5241307 5241308 13 0 1 20 1  0
21.096 5378497 330.455 2 0 0 8 5245200 5245203 13 0 1 20 1  0
19.9292 5245367 322.275 3 0 0 3 5245349 5245410 13 0 1 20 1  0
10.0322 5501508 338.013 1 1 0.0197462 1 5378494 5378497 13 0 1 20 1  0
13.8741 5500866 337.973 2 1 0.0197462 3 5245346 5245401 13 0 1 20 1  0
19.6624 5246327 322.334 5 5 0.0987291 3 5245339 5245392 13 0 1 20 1  0
14.8951 5285619 324.748 3 3 0.059238 1 5245343 5245397 13 0 1 20 1  0
16.3917 5285315 324.73 4 3 0.059238 1 5245525 5245552 13 0 1 20 1  0
13.0776 5378152 330.434 3 4 0.0789836 2 5245342 5245393 13 0 1 20 1  0
11.445 5499557 337.893 3 6 0.118475 1 5245339 5245387 13 0 1 20 1  0
13.5634 5378787 330.473 4 6 0.118475 3 5245340 5245388 13 0 1 20 1  0
12.7784 5246651 322.354 5 9 0.177712 5 5245340 5245377 13 0 1 20 1  0
11.3169 5273583 324.009 6 17 0.335692 1 5245334 5245351 13 0 1 20 1  0
0 5240832 321.997 6 286 5.88266 2239 5294848 5294857 13 0 1 20 1  0
10.1135 5272210 323.925 2 658 16.1074 1 5272210 5272211 13 0 1 20 1  0
10.7522 5272183 323.923 3 667 16.4216 4 5243943 5243970 13 0 1 20 1  0
10.2419 5272147 323.921 2 679 16.847 1 5243901 5243922 13 0 1 20 1  0
10.4684 5245777 322.301 2 702 17.6838 1 5244138 5244181 13 0 1 20 1  0
10.0079 5242671 322.11 3 999 31.701 2 5242671 5242672 13 0 1 20 1  0
10.8666 5242433 322.095 4 1201 46.0451 13 5241475 5241484 13 0 1 20 1  0
10.288 5241415 322.033 4 1209 46.7216 4 5241413 5241416 13 0 1 20 1  0
10.3275 5241765 322.054 3 1207 46.5516 2 5241765 5241766 13 0 1 20 1  0
10.4221 5241589 322.043 4 1323 57.4529 1 5241588 5241593 13 0 1 20 1  0
10.0516 5241292 322.025 12 1380 63.671 1 5240920 5241338 13 0 1 20 1  0
10.7033 5240869 321.999 7 1500 78.9746 2 5240832 5241257 13 0 1 20 1  0
10.3133 5241386 322.031 5 1487 77.157 1 5241385 5241389 13 0 1 20 1  0
10.062 5241258 322.023 4 1535 84.0796 1 5241258 5241259 13 0 1 20 1  0
10.548 5386634 330.955 12 2954 1045.6 1 5385832 5387632 13 0 1 20 1  0
16.6419 5503240 338.119 3 0 0 4649 5503234 5503251 13 0 1 20 1  0
15.6793 5673270 348.566 1 0 0 2 5503236 5503251 13 0 1 20 1  0
15.5288 5759670 353.874 1 0 0 1 5503427 5503433 13 0 1 20 1  0
15.7539 5592856 343.625 2 0 0 5 5503464 5503472 13 0 1 20 1  0
17.1515 5505176 338.238 4 0 0 8 5503232 5503251 13 0 1 20 1  0
19.4756 5649260 347.091 6 0 0 9 5503541 5503562 13 0 1 20 1  0
13.983 5647992 347.013 7 0 0 33 5644737 5645413 13 0 1 20 1  0
16.3288 5593510 343.665 3 1 0.0197462 1 5503233 5503246 13 0 1 20 1  0
15.2789 5599334 344.023 4 3 0.059238 4 5503229 5503240 13 0 1 20 1  0
10.0533 5503124 338.112 2 2 0.0394922 1 5503124 5503125 13 0 1 20 1  0
15.8471 5646004 346.89 6 3 0.059238 1 5503446 5503558 13 0 1 20 1  0
13.356 5760660 353.935 4 4 0.0789836 1 5503468 5503471 13 0 1 20 1  0
10.8996 5742645 352.828 3 5 0.0987291 1 5503230 5503237 13 0 1 20 1  0
11.1612 5757736 353.755 4 6 0.118475 1 5503228 5503232 13 0 1 20 1  0
10.0264 5683049 349.167 3 8 0.157966 1 5673250 5673255 13 0 1 20 1  0
11.0009 5585680 343.184 5 12 0.236951 2 5503214 5503216 13 0 1 20 1  0
10.913 5633333 346.112 11 3066 1275.34 5 5632656 5633997 13 0 1 20 1  0
10.6664 5689851 349.584 5 3105 1366.66 1 5689848 5689857 13 0 1 20 1  0
0 5502976 338.103 5 3105 1366.66 2 5690334 5690343 13 0 1 20 1  0
10.0568 5691054 349.658 5 3107 1371.52 1 5691054 5691055 13 0 1 20 1  0
11.544 5774336 354.775 9 80 1.58404 12848 5774276 5774373 13 0 1 20 1  0
16.6252 5887619 361.735 8 0 0 1 5765853 5765859 13 0 1 20 1  0
38.371 5927783 364.203 7 0 0 191 5772627 5773703 13 0 1 20 1  0
10.1955 5765855 354.254 1 1 0.0197462 1 5765855 5765856 13 0 1 20 1  0
10.3367 5821715 357.686 1 1 0.0197462 1 5767147 5767148 13 0 1 20 1  0
12.5705 5816843 357.387 2 2 0.0394922 1 5765859 5765862 13 0 1 20 1  0
11.5463 5811816 357.078 2 3 0.059238 1 5765200 5765202 13 0 1 20 1  0
10.6356 5805166 356.669 2 4 0.0789836 2 5765199 5765201 13 0 1 20 1  0
19.7136 6023417 370.079 6 10 0.197458 149 5772640 5772691 13 0 1 20 1  0
10.4745 5806139 356.729 2 5 0.0987291 1 5765198 5765201 13 0 1 20 1  0
13.1253 5807114 356.789 3 7 0.13822 4 5765198 5765200 13 0 1 20 1  0
13.1864 5812611 357.127 3 6 0.118475 2 5765198 5765201 13 0 1 20 1  0
15.6672 5772678 354.673 4 6 0.118475 1 5765851 5765856 13 0 1 20 1  0
12.773 6012064 369.381 3 7 0.13822 2 5765853 5765858 13 0 1 20 1  0
12.3589 6025546 370.21 3 7 0.13822 1 5768784 5768787 13 0 1 20 1  0
10.0291 5801582 356.449 3 13 0.256698 2 5801582 5801583 13 0 1 20 1  0
15.1825 6012874 369.431 4 8 0.157966 3 5765848 5765855 13 0 1 20 1  0
19.3667 5772990 354.693 5 8 0.157966 1 5770753 5770763 13 0 1 20 1  0
13.8066 6014166 369.51 4 9 0.177712 1 5765848 5765853 13 0 1 20 1  0
11.6274 5811358 357.05 3 10 0.197458 1 5765848 5765854 13 0 1 20 1  0
11.3339 6015787 369.61 3 10 0.197458 1 5770749 5770757 13 0 1 20 1  0
13.0803 6025382 370.199 4 10 0.197458 1 5770748 5770758 13 0 1 20 1  0
10.9072 6026029 370.239 3 11 0.217204 1 5770748 5770757 13 0 1 20 1  0
13.0648 5811985 357.088 4 11 0.217204 1 5765846 5765850 13 0 1 20 1  0
10.9622 5811677 357.069 3 12 0.236951 2 5765846 5765851 13 0 1 20 1  0
11.67 5810050 356.969 4 12 0.236951 5 5770749 5770754 13 0 1 20 1  0
11.3253 6023104 370.06 4 12 0.236951 1 5772623 5772676 13 0 1 20 1  0
10.016 5772345 354.653 5 13 0.256698 1 5772345 5772346 13 0 1 20 1  0
10.0318 5800122 356.359 3 15 0.296194 1 5800122 5800123 13 0 1 20 1  0
11.0601 5814583 357.248 4 15 0.296194 2 5770748 5770751 13 0 1 20 1  0
10.428 5810368 356.989 4 17 0.335692 1 5806766 5806770 13 0 1 20 1  0
12.5819 6016597 369.66 5 17 0.335692 5 5772663 5772669 13 0 1 20 1  0
10.0384 5806768 356.768 4 18 0.355443 1 5806768 5806769 13 0 1 20 1  0
10.0119 5780468 355.152 6 31 0.612292 1 5780468 5780469 13 0 1 20 1  0
12.5613 5782397 355.27 7 38 0.750701 22 5774496 5774597 13 0 1 20 1  0
10.1623 5782005 355.246 3 240 4.87612 1 5782005 5782006 13 0 1 20 1  0
11.1139 6024493 370.145 3 301 6.21897 16 6024491 6024494 13 0 1 20 1  0
10.4527 6023200 370.065 2 304 6.28675 3 6023200 6023201 13 0 1 20 1  0
15.2668 6023537 370.086 4 808 21.9435 1009 5771315 5771336 13 0 1 20 1  0
11.4298 6022985 370.052 6 530 12.0472 26 6022656 6022671 13 0 1 20 1  0
10.9422 5780943 355.181 5 456 9.99597 19 5780930 5780953 13 0 1 20 1  0
10.0205 5773715 354.737 3 484 10.75 1 5773715 5773716 13 0 1 20 1  0
13.5811 6024509 370.146 5 792 21.2547 153 5771345 5771348 13 0 1 20 1  0
10.5621 6022667 370.033 3 539 12.31 8 6022667 6022668 13 0 1 20 1  0
10.122 5771631 354.609 3 530 12.0472 3 5771631 5771632 13 0 1 20 1  0
10.1299 6014198 369.512 3 543 12.4279 2 6014198 6014199 13 0 1 20 1  0
10.8959 5771390 354.594 6 727 18.6267 11 5771363 5771408 13 0 1 20 1  0
10.147 6019720 369.852 3 547 12.5463 1 6019720 6019721 13 0 1 20 1  0
10.2492 6016142 369.632 3 549 12.6058 1 6016142 6016143 13 0 1 20 1  0
10.0557 5771902 354.626 6 563 13.0266 3 5771902 5771903 13 0 1 20 1  0
10.5695 6017415 369.71 3 761 19.9683 4 6017415 6017416 13 0 1 20 1  0
11.119 5778447 355.028 4 824 22.6499 11 5778440 5778453 13 0 1 20 1  0
10.048 5780794 355.172 5 726 18.5883 1 5780794 5780795 13 0 1 20 1  0
10.3826 6022764 370.039 3 756 19.7666 3 6022764 6022765 13 0 1 20 1  0
10.4128 5785183 355.442 3 763 20.0494 2 5785183 5785184 13 0 1 20 1  0
12.6629 6026136 370.246 4 792 21.2547 25 6023559 6023576 13 0 1 20 1  0
10.1398 6013956 369.497 3 795 21.3825 5 6013956 6013957 13 0 1 20 1  0
10.5833 6023357 370.075 2 816 22.2944 1 6023357 6023358 13 0 1 20 1  0
12.7556 6022529 370.024 4 831 22.9647 21 5778431 5778443 13 0 1 20 1  0
10.0119 6023183 370.064 3 847 23.6975 1 6023183 6023184 13 0 1 20 1  0
10.0675 6022838 370.043 3 851 23.8837 1 6022838 6022839 13 0 1 20 1  0
11.5757 5778575 355.036 5 887 25.6145 2 5777913 5777945 13 0 1 20 1  0
12.3836 5777925 354.996 5 954 29.1193 51 5777899 5777955 13 0 1 20 1  0
11.9641 6022648 370.031 5 1485 76.8811 64 6022350 6022410 13 0 1 20 1  0
10.3072 6023025 370.055 4 1138 41.0307 5 6023025 6023031 13 0 1 20 1  0
12.0388 6023769 370.1 4 1121 39.7679 6 5777912 5777914 13 0 1 20 1  0
10.1175 5810682 357.008 3 1124 39.9881 1 5810682 5810683 13 0 1 20 1  0
10.1679 6022111 369.998 4 1130 40.4319 2 6022111 6022112 13 0 1 20 1  0
10.0257 5810584 357.002 5 1159 42.6423 1 5810584 5810588 13 0 1 20 1  0
11.7963 5777390 354.963 5 1201 46.0451 5 5777361 5777399 13 0 1 20 1  0
10.6505 6022944 370.05 4 1349 60.2127 1 6022302 6022313 13 0 1 20 1  0
10.8198 6023624 370.091 5 1487 77.157 5 6023617 6023627 13 0 1 20 1  0
11.2945 6021843 369.982 5 1481 76.332 16 6021832 6021851 13 0 1 20 1  0
10.5322 6024053 370.118 5 1465 74.174 1 6022060 6022074 13 0 1 20 1  0
10.6454 6021424 369.956 5 1522 82.1467 7 6021388 6021437 13 0 1 20 1  0
10.7958 6021146 369.939 5 1658 104.732 3 6021133 6021184 13 0 1 20 1  0
10.306 6020792 369.917 5 1691 111.078 1 6020792 6020805 13 0 1 20 1  0
10.3565 6020343 369.89 6 1716 116.138 1 6020329 6020378 13 0 1 20 1  0
11.0045 6010531 369.287 7 2409 397.716 5 6010198 6010608 13 0 1 20 1  0
11.2764 6012534 369.41 5 2732 705.314 2 6012520 6012538 13 0 1 20 1  0
10.1527 6009610 369.23 5 2732 705.314 1 6009610 6009611 13 0 1 20 1  0
10.1326 5995093 368.339 11 2869 899.292 1 5995067 5995137 13 0 1 20 1  0
10.64 6004635 368.925 9 2902 953.492 4 6004456 6004766 13 0 1 20 1  0
0 5765120 354.209 11 2871 902.487 1 6007100 6007914 13 0 1 20 1  0
10.0962 5974109 367.049 5 3083 1314.37 1 5974108 5974111 13 0 1 20 1  0
0 5765120 354.209 5 3083 1314.37 3174 5981567 5981568 13 0 1 20 1  0
11.0925 5981563 367.507 6 3083 1314.37 3 5971019 5971026 13 0 1 20 1  0
10.933 5974673 367.084 5 3084 1316.7 1 5974336 5974346 13 0 1 20 1  0
10.0265 5969958 366.794 6 3084 1316.7 1 5969958 5969959 13 0 1 20 1  0
11.3119 5982863 367.587 6 3085 1319.04 2 5980907 5980914 13 0 1 20 1  0
11.2088 5980595 367.448 4 3085 1319.04 1 5974902 5974904 13 0 1 20 1  0
11.9607 5974911 367.099 5 3085 1319.04 1 5970855 5970861 13 0 1 20 1  0
13.9587 5981816 367.523 4 3086 1321.38 3 5970287 5970289 13 0 1 20 1  0
15.1579 5991061 368.091 5 3086 1321.38 2 5970279 5970291 13 0 1 20 1  0
10.2556 5977031 367.229 3 3087 1323.73 1 5977031 5977032 13 0 1 20 1  0
13.2168 5980925 367.468 4 3087 1323.73 2 5977027 5977032 13 0 1 20 1  0
15.2668 5981249 367.488 5 3087 1323.73 1 5970525 5970535 13 0 1 20 1  0
19.0688 5992435 368.175 5 3104 1364.24 21 5983837 5983840 13 0 1 20 1  0
10.1446 5975491 367.134 4 3088 1326.08 1 5975491 5975492 13 0 1 20 1  0
12.5077 5993772 368.257 5 3095 1342.64 9 5981276 5981280 13 0 1 20 1  0
10.8452 6011614 369.354 4 3089 1328.43 1 5987905 5987910 13 0 1 20 1  0
10.3471 6013674 369.48 3 3096 1345.02 1 6013673 6013675 13 0 1 20 1  0
11.0057 5990284 368.043 5 3102 1359.41 1 5985578 5985582 13 0 1 20 1  0
12.0573 5985521 367.75 3 3103 1361.82 1 5985034 5985037 13 0 1 20 1  0
17.8894 5991522 368.119 6 3103 1361.82 1 5980645 5980669 13 0 1 20 1  0
14.8551 5990005 368.026 4 3104 1364.24 1 5984804 5984819 13 0 1 20 1  0
15.1199 5988218 367.916 5 3104 1364.24 1 5981400 5981407 13 0 1 20 1  0
10.0035 5988857 367.955 7 3104 1364.24 1 5988857 5988858 13 0 1 20 1  0
10.146 5999693 368.621 2 3105 1366.66 1 5999693 5999694 13 0 1 20 1  0
10.4183 6008447 369.159 2 3105 1366.66 2 6008447 6008448 13 0 1 20 1  0
18.4395 6009704 369.236 6 3106 1369.09 19 5985834 5985847 13 0 1 20 1  0
10.2301 5986379 367.803 5 3105 1366.66 1 5986379 5986380 13 0 1 20 1  0
10.1377 6000288 368.658 2 3106 1369.09 1 6000288 6000289 13 0 1 20 1  0
10.4243 5989088 367.97 3 3106 1369.09 1 5989088 5989089 13 0 1 20 1  0
13.4486 6021392 369.954 4 3106 1369.09 2 5987627 5987632 13 0 1 20 1  0
16.3686 5999798 368.628 5 3106 1369.09 2 5987459 5987467 13 0 1 20 1  0
10.5548 6020039 369.871 2 3107 1371.52 1 6020039 6020040 13 0 1 20 1  0
10.0547 5989849 368.016 3 3107 1371.52 1 5989849 5989850 13 0 1 20 1  0
15.66 6002509 368.794 5 3107 1371.52 3 5988707 5988720 13 0 1 20 1  0
10.2528 6000837 368.691 3 3108 1373.95 1 6000837 6000838 13 0 1 20 1  0
13.6305 6011232 369.33 6 3108 1373.95 4 5990918 5990929 13 0 1 20 1  0
11.2699 5999502 368.609 5 3109 1376.39 2 5990401 5990403 13 0 1 20 1  0
11.4306 6012974 369.437 6 3109 1376.39 2 5990396 5990404 13 0 1 20 1  0
10.8421 6011507 369.347 5 3124 1413.49 2 6011502 6011516 13 0 1 20 1  0
11.6237 5981755 367.519 10 3271 1834.45 1 5981239 5982529 13 0 1 20 1  0
13.9487 6066927 372.752 8 0 0 1 6027287 6027289 13 0 1 20 1  0
10.4744 6027306 370.318 4 2 0.0394922 701 6027306 6027307 13 0 1 20 1  0
15.2652 6037860 370.966 1 0 0 1 6027288 6027290 13 0 1 20 1  0
14.0038 6035587 370.826 2 0 0 2 6027288 6027290 13 0 1 20 1  0
12.7218 6032515 370.638 3 2 0.0394922 10 6027309 6027329 13 0 1 20 1  0
10.5785 6028114 370.367 2 1 0.0197462 1 6028114 6028115 13 0 1 20 1  0
11.9058 6055588 372.055 2 1 0.0197462 1 6028299 6028300 13 0 1 20 1  0
10.1608 6030208 370.496 3 1 0.0197462 2 6030208 6030209 13 0 1 20 1  0
11.4048 6035915 370.847 6 3 0.059238 2 6030235 6030237 13 0 1 20 1  0
10.4354 6226390 382.549 2 2 0.0394922 1 6031185 6031186 13 0 1 20 1  0
10.2628 6027980 370.359 3 3 0.059238 2 6027980 6027981 13 0 1 20 1  0
11.3845 6051359 371.795 4 3 0.059238 1 6027974 6027978 13 0 1 20 1  0
10.0461 6087083 373.99 3 4 0.0789836 1 6032513 6032515 13 0 1 20 1  0
10.681 6027290 370.317 12 3214 1658.09 1 6027264 6027588 13 0 1 20 1  0
10.973 6290211 386.471 8 0 0 1 6290211 6290212 13 0 1 20 1  0
17.1031 6470444 397.544 8 0 0 8 6290687 6290688 13 0 1 20 1  0
0 6289408 386.421 8 0 0 458 6290858 6290859 13 0 1 20 1  0
11.1654 6290212 386.471 1 0 0 2 6290212 6290213 13 0 1 20 1  0
16.1345 6471426 397.604 1 0 0 1 6290859 6290860 13 0 1 20 1  0
0 6289408 386.421 1 0 0 365 6291338 6291340 13 0 1 20 1  0
14.698 6291341 386.54 3 3 0.059238 12 6291339 6291344 13 0 1 20 1  0
13.5318 6471166 397.588 2 0 0 1 6363752 6363753 13 0 1 20 1  0
11.1614 6481172 398.203 3 0 0 1 6469577 6469581 13 0 1 20 1  0
10.9888 6469582 397.491 4 1 0.0197462 2 6469581 6469584 13 0 1 20 1  0
10.7356 6290399 386.482 2 2 0.0394922 2 6290399 6290400 13 0 1 20 1  0
10.8733 6549623 402.409 4 2 0.0394922 2 6469579 6469582 13 0 1 20 1  0
11.6755 6289412 386.421 12 2474 446.323 3 6289408 6290448 13 0 1 20 1  0
14.7992 6789514 417.148 8 0 0 1 6552443 6552445 13 0 1 20 1  0
0 6551552 402.527 8 0 0 2497 6552766 6552767 13 0 1 20 1  0
12.5292 6552444 402.582 1 0 0 1 6552444 6552445 13 0 1 20 1  0
16.8651 6647111 408.398 1 0 0 1 6552767 6552768 13 0 1 20 1  0
10.3845 6561776 403.156 2 0 0 1 6561776 6561777 13 0 1 20 1  0
16.8252 6605087 405.817 4 1 0.0197462 33 6564359 6564361 13 0 1 20 1  0
10.7438 6558797 402.972 2 1 0.0197462 2 6558797 6558798 13 0 1 20 1  0
13.5921 6623762 406.964 2 1 0.0197462 1 6561775 6561776 13 0 1 20 1  0
11.3894 6694723 411.324 2 2 0.0394922 1 6558795 6558797 13 0 1 20 1  0
14.0611 6684956 410.724 3 2 0.0394922 1 6558793 6558796 13 0 1 20 1  0
13.6218 6651525 408.67 3 3 0.059238 1 6558791 6558794 13 0 1 20 1  0
13.4681 6607050 405.937 4 5 0.0987291 4 6604775 6604786 13 0 1 20 1  0
11.2717 6672944 409.986 3 4 0.0789836 1 6605108 6605112 13 0 1 20 1  0
12.5115 6695370 411.364 4 5 0.0987291 3 6605086 6605112 13 0 1 20 1  0
11.2282 6622312 406.875 4 7 0.13822 1 6604775 6604783 13 0 1 20 1  0
11.1627 6646828 408.381 5 8 0.157966 1 6604771 6604781 13 0 1 20 1  0
11.2076 6645531 408.301 8 192 3.86003 17 6645497 6645556 13 0 1 20 1  0
10.5903 6804832 418.089 9 245 4.98385 1 6645417 6645492 13 0 1 20 1  0
10.1182 6621103 406.801 4 311 6.44559 2 6621103 6621104 13 0 1 20 1  0
10.3384 6645289 408.287 4 319 6.62833 4 6645289 6645292 13 0 1 20 1  0
11.4166 6646732 408.375 4 524 11.8736 10 6646069 6646081 13 0 1 20 1  0
10.0874 6646080 408.335 4 519 11.73 1 6646080 6646081 13 0 1 20 1  0
0 6551552 402.527 4 524 11.8736 7 6646718 6646738 13 0 1 20 1  0
10.6711 6607560 405.968 3 545 12.487 2 6605280 6605285 13 0 1 20 1  0
10.0932 6620608 406.77 3 810 22.0308 2 6620608 6620609 13 0 1 20 1  0
10.0995 6620760 406.779 5 836 23.1917 1 6620760 6620761 13 0 1 20 1  0
12.1799 6815031 418.715 8 0 0 1 6815031 6815032 13 0 1 20 1  0
14.6339 6818268 418.914 8 0 0 1 6815167 6815168 13 0 1 20 1  0
0 6813696 418.633 8 0 0 380 6818268 6818269 13 0 1 20 1  0
11.2564 6815032 418.716 1 0 0 1 6815032 6815033 13 0 1 20 1  0
14.3528 6940857 426.446 1 0 0 3 6815168 6815169 13 0 1 20 1  0
12.4042 6934706 426.068 2 1 0.0197462 3 6848642 6848644 13 0 1 20 1  0
10.1224 6848643 420.781 3 2 0.0394922 2 6848643 6848644 13 0 1 20 1  0
10.5571 6960691 427.665 4 1 0.0197462 1 6956483 6956487 13 0 1 20 1  0
10.8669 6963297 427.825 5 5 0.0987291 6 6963294 6963301 13 0 1 20 1  0
10.5501 6912627 424.712 2 2 0.0394922 1 6912627 6912628 13 0 1 20 1  0
11.4075 6931783 425.889 3 3 0.059238 3 6854028 6854030 13 0 1 20 1  0
11.5829 6924647 425.45 3 2 0.0394922 1 6917840 6917841 13 0 1 20 1  0
11.4169 6956485 427.406 4 3 0.059238 4 6956481 6956488 13 0 1 20 1  0
10.2743 6852079 420.992 4 3 0.059238 2 6852079 6852080 13 0 1 20 1  0
10.1616 6929528 425.75 3 4 0.0789836 1 6929528 6929529 13 0 1 20 1  0
12.1584 6958448 427.527 12 1575 90.3117 7 6956704 6959412 13 0 1 20 1  0
10.1847 7075959 434.747 8 0 0 369 7075959 7075960 13 0 1 20 1  0
14.3139 7186867 441.561 8 0 0 1 7079521 7079522 13 0 1 20 1  0
10.4817 7090753 435.656 1 0 0 1 7090753 7090754 13 0 1 20 1  0
14.3685 7284298 447.547 1 0 0 2 7103408 7103409 13 0 1 20 1  0
13.1885 7336530 450.756 7 11 0.217204 21 7333914 7333952 13 0 1 20 1  0
10.2066 7222442 443.747 3 3 0.059238 1 7222442 7222443 13 0 1 20 1  0
10.7511 7158877 439.841 5 5 0.0987291 5 7158872 7158882 13 0 1 20 1  0
10.3056 7258504 445.962 3 5 0.0987291 2 7258504 7258505 13 0 1 20 1  0
10.4577 7291137 447.967 3 4 0.0789836 2 7274576 7274577 13 0 1 20 1  0
10.1247 7282366 447.429 3 5 0.0987291 1 7274575 7274577 13 0 1 20 1  0
10.5855 7283340 447.488 4 6 0.118475 3 7258500 7258503 13 0 1 20 1  0
10.608 7333748 450.585 8 101 2.00355 3 7333721 7333783 13 0 1 20 1  0
10.6575 7281312 447.364 11 147 2.93266 1 7281278 7281350 13 0 1 20 1  0
11.5653 7338664 450.888 8 0 0 1125 7338664 7338665 13 0 1 20 1  0
16.1566 7542083 463.386 8 0 0 1 7339316 7339317 13 0 1 20 1  0
10.4539 7339317 450.928 1 0 0 1 7339317 7339318 13 0 1 20 1  0
17.6277 7358968 452.135 1 0 0 42 7339975 7339976 13 0 1 20 1  0
11.8066 7588853 466.259 4 2 0.0394922 7 7358915 7358917 13 0 1 20 1  0
10.0823 7493064 460.374 2 1 0.0197462 1 7493064 7493065 13 0 1 20 1  0
10.4322 7571482 465.192 2 2 0.0394922 1 7571482 7571483 13 0 1 20 1  0
10.079 7576998 465.531 2 2 0.0394922 1 7576998 7576999 13 0 1 20 1  0
10.4825 7555244 464.194 3 2 0.0394922 1 7555244 7555245 13 0 1 20 1  0
10.1551 7505260 461.123 3 3 0.059238 1 7505260 7505261 13 0 1 20 1  0
10.3225 7577969 465.59 3 3 0.059238 3 7577968 7577970 13 0 1 20 1  0
10.015 7512728 461.582 3 5 0.0987291 1 7512728 7512729 13 0 1 20 1  0
13.0143 7368649 452.73 6 6 0.118475 4 7339742 7339777 13 0 1 20 1  0
10.4919 7395038 454.351 5 6 0.118475 1 7358904 7358918 13 0 1 20 1  0
11.4647 7371564 452.909 9 100 1.98352 9 7371513 7371610 13 0 1 20 1  0
11.2912 7546130 463.634 9 261 5.33123 63 7546070 7546208 13 0 1 20 1  0
11.4589 7597727 466.804 9 276 5.66077 7 7546055 7546181 13 0 1 20 1  0
10.3113 7600345 466.965 8 0 0 1149 7600345 7600346 13 0 1 20 1  0
15.9658 7751445 476.249 8 0 0 1 7600508 7600509 13 0 1 20 1  0
14.8806 7856945 482.731 8 0 0 1 7600834 7600835 13 0 1 20 1  0
12.4424 7600508 466.975 1 0 0 1 7600508 7600509 13 0 1 20 1  0
17.7874 7615437 467.892 1 0 0 302 7602458 7602459 13 0 1 20 1  0
15.571 7799019 479.172 2 0 0 12 7611214 7611216 13 0 1 20 1  0
12.311 7618868 468.103 5 2 0.0394922 8 7615419 7615451 13 0 1 20 1  0
10.2697 7602321 467.087 3 7 0.13822 3 7602321 7602322 13 0 1 20 1  0
12.0958 7704415 473.359 5 5 0.0987291 9 7615419 7615427 13 0 1 20 1  0
10.0896 7603932 467.186 3 9 0.177712 1 7603932 7603933 13 0 1 20 1  0
10.2295 7613688 467.785 7 860 24.307 1 7613684 7613715 13 0 1 20 1  0
12.7091 7862246 483.056 10 2960 1056.79 11 7861711 7862273 13 0 1 20 1  0
13.6303 7862787 483.09 8 0 0 538 7862787 7862788 13 0 1 20 1  0
13.5544 8099082 497.608 8 0 0 1 7862949 7862950 13 0 1 20 1  0
10.3622 7862788 483.09 1 0 0 1 7862788 7862789 13 0 1 20 1  0
14.7182 8076360 496.212 1 0 0 1 7870580 7870581 13 0 1 20 1  0
13.0928 7959183 489.012 2 0 0 1 7914171 7914175 13 0 1 20 1  0
10.2372 7914173 486.247 3 0 0 1 7914173 7914174 13 0 1 20 1  0
11.503 8012620 492.295 4 1 0.0197462 9 7960840 7960842 13 0 1 20 1  0
12.4528 8010996 492.196 5 2 0.0394922 5 7959219 7959228 13 0 1 20 1  0
10.7487 7959186 489.012 7 0 0 3 7959171 7959197 13 0 1 20 1  0
11.9606 8009059 492.077 3 2 0.0394922 3 8009058 8009060 13 0 1 20 1  0
11.6751 7960006 489.063 8 330 6.88179 35 7959970 7960055 13 0 1 20 1  0
0 7862272 483.058 9 233 4.72593 3 7960048 7960150 13 0 1 20 1  0
10.6177 8010481 492.164 4 447 9.75892 19 8010477 8010489 13 0 1 20 1  0
10.5213 7957436 488.905 5 681 16.9186 1 7957422 7957440 13 0 1 20 1  0
10.1044 7972391 489.824 4 1178 44.1512 1 7972391 7972392 13 0 1 20 1  0
13.5576 7950557 488.482 11 2495 463.262 9 7949167 7952181 13 0 1 20 1  0
0 7862272 483.058 7 2496 464.084 1 7951034 7951098 13 0 1 20 1  0
10.1973 8111550 498.374 12 3049 1237.46 1 8111224 8111890 13 0 1 20 1  0
12.8155 8124416 499.164 12 3114 1388.65 6 8123038 8124418 13 0 1 20 1  0
12.1045 8125038 499.202 8 0 0 1078 8125038 8125039 13 0 1 20 1  0
15.2439 8146467 500.519 8 0 0 1 8125370 8125371 13 0 1 20 1  0
14.7057 8384538 515.146 8 0 0 1 8125694 8125695 13 0 1 20 1  0
10.2745 8124721 499.183 1 0 0 1 8124721 8124722 13 0 1 20 1  0
17.3522 8375942 514.618 1 0 0 2 8125039 8125040 13 0 1 20 1  0
11.0707 8199699 503.789 7 1 0.0197462 2 8199683 8199710 13 0 1 20 1  0
10.9643 8197797 503.673 4 3 0.059238 6 8197794 8197800 13 0 1 20 1  0
10.3376 8279755 508.708 3 5 0.0987291 2 8271638 8271640 13 0 1 20 1  0
14.5841 8211604 504.521 12 265 5.41873 303 8207978 8215894 13 0 1 20 1  0
0 8124416 499.164 8 214 4.32186 14 8209948 8209970 13 0 1 20 1  0
11.6606 8186905 503.003 9 962 29.5642 43 8186556 8187208 13 0 1 20 1  0
0 8124416 499.164 9 928 27.7132 2 8209322 8209358 13 0 1 20 1  0
13.9099 8205650 504.155 12 1263 51.5411 44 8204000 8208076 13 0 1 20 1  0
10.638 8205729 504.16 5 1207 46.5516 2 8205710 8205737 13 0 1 20 1  0
10.093 8204417 504.079 5 1207 46.5516 1 8204417 8204418 13 0 1 20 1  0
11.4535 8370338 514.274 12 2282 317.482 14 8368316 8372498 13 0 1 20 1  0
12.9079 8386560 515.27 12 2949 1036.37 9 8385218 8386562 13 0 1 20 1  0
10.0394 8386333 515.256 7 2849 867.955 1 8386333 8386338 13 0 1 20 1  0
10.9603 8387297 515.315 8 0 0 801 8387297 8387298 13 0 1 20 1  0
15.7 8594202 528.028 8 0 0 1 8387625 8387626 13 0 1 20 1  0
15.732 8614823 529.295 8 0 0 1 8387781 8387782 13 0 1 20 1  0
10.2813 8388594 515.395 1 0 0 1 8388594 8388595 13 0 1 20 1  0
16.8047 8467468 520.241 1 0 0 1 8390546 8390547 13 0 1 20 1  0
0 8386560 515.27 1 0 0 347 8391196 8391197 13 0 1 20 1  0
13.06 8523939 523.711 2 0 0 1 8467467 8467470 13 0 1 20 1  0
13.8916 8529780 524.07 7 1 0.0197462 13 8467439 8468441 13 0 1 20 1  0
12.2626 8468400 520.298 6 5 0.0987291 10 8467466 8467488 13 0 1 20 1  0
14.7484 8513224 523.052 7 2 0.0394922 2 8467433 8468441 13 0 1 20 1  0
13.626 8511028 522.918 8 237 4.81166 456 8510896 8511137 13 0 1 20 1  0
10.861 8523094 523.659 8 364 7.68211 7 8510648 8510773 13 0 1 20 1  0
10.1544 8467056 520.216 3 315 6.5368 1 8467056 8467057 13 0 1 20 1  0
0 8386560 515.27 3 531 12.0762 3 8510188 8510203 13 0 1 20 1  0
10.1054 8509366 522.815 4 715 18.1697 1 8509366 8509367 13 0 1 20 1  0
10.9702 8398786 516.021 10 2745 721.765 2 8398126 8400688 13 0 1 20 1  0
0 8386560 515.27 9 2745 721.765 1 8400806 8400836 13 0 1 20 1  0
11.1271 8649051 531.398 8 0 0 841 8649051 8649052 13 0 1 20 1  0
16.6667 8757607 538.067 8 0 0 1 8649697 8649698 13 0 1 20 1  0
14.6794 8897788 546.68 8 0 0 1 8650675 8650676 13 0 1 20 1  0
10.0022 8649698 531.437 1 0 0 1 8649698 8649699 13 0 1 20 1  0
15.8378 8776427 539.224 1 0 0 1 8650676 8650677 13 0 1 20 1  0
0 8648704 531.376 1 0 0 319 8661547 8661548 13 0 1 20 1  0
15.2719 8776408 539.222 7 2 0.0394922 192 8775401 8775470 13 0 1 20 1  0
10.1122 8774804 539.124 3 0 0 1 8774804 8774805 13 0 1 20 1  0
13.0183 8849800 543.732 4 1 0.0197462 7 8775460 8775463 13 0 1 20 1  0
15.9231 8847826 543.61 5 4 0.0789836 17 8775416 8775466 13 0 1 20 1  0
10.1054 8845797 543.486 2 1 0.0197462 1 8845797 8845798 13 0 1 20 1  0
12.6856 8816920 541.712 12 354 7.44396 10 8816260 8818594 13 0 1 20 1  0
12.1687 8890178 546.213 9 302 6.24154 55 8775507 8775643 13 0 1 20 1  0
14.0113 8910829 547.481 10 3098 1349.8 10 8908954 8910849 13 0 1 20 1  0
10.0592 9435770 579.734 8 0 0 13901 9435770 9435771 13 0 1 20 1  0
13.1801 9503719 583.908 8 0 0 2 9437392 9437393 13 0 1 20 1  0
13.306 9526466 585.306 8 0 0 1 9441118 9441119 13 0 1 20 1  0
16.5848 9527100 585.345 2 0 0 6 9479047 9479089 13 0 1 20 1  0
17.8961 9527418 585.365 4 0 0 1 9479047 9479093 13 0 1 20 1  0
27.3783 9528065 585.404 5 1 0.0197462 13 9479036 9479105 13 0 1 20 1  0
27.6167 9484937 582.755 7 0 0 1525 9479017 9479749 13 0 1 20 1  0
19.3641 9527733 585.384 5 3 0.059238 4 9479036 9479081 13 0 1 20 1  0
16.5015 9668244 594.017 4 1 0.0197462 2 9479380 9479413 13 0 1 20 1  0
17.9689 9696790 595.771 5 2 0.0394922 2 9479371 9479429 13 0 1 20 1  0
14.678 9592632 589.371 4 3 0.059238 1 9479377 9479398 13 0 1 20 1  0
20.3157 9587452 589.053 6 3 0.059238 1 9479030 9479092 13 0 1 20 1  0
21.3473 9590127 589.217 8 369 7.80208 837 9478412 9478519 13 0 1 20 1  0
14.7501 9639675 592.262 5 5 0.0987291 1 9479370 9479393 13 0 1 20 1  0
10.3182 9586122 588.971 6 9 0.177712 1 9483251 9483254 13 0 1 20 1  0
18.5282 9645055 592.592 8 441 9.60226 184 9481885 9482733 13 0 1 20 1  0
10.5485 9580230 588.609 7 27 0.533239 2 9484876 9484891 13 0 1 20 1  0
10.2765 9585393 588.927 7 61 1.2063 2 9484803 9484806 13 0 1 20 1  0
12.8761 9696886 595.777 8 374 7.92266 1 9483879 9484178 13 0 1 20 1  0
12.1061 9526658 585.318 9 375 7.94685 2 9482126 9484174 13 0 1 20 1  0
10.8214 9584563 588.876 5 376 7.97107 1 9482616 9482665 13 0 1 20 1  0
14.1267 9502042 583.805 9 562 12.9963 99 9481543 9483668 13 0 1 20 1  0
13.3538 9583793 588.828 6 748 19.4471 217 9480895 9481243 13 0 1 20 1  0
10.0113 9481101 582.519 3 707 17.8695 1 9481101 9481102 13 0 1 20 1  0
11.1334 9587749 589.071 4 899 26.2142 2 9481659 9481717 13 0 1 20 1  0
11.4251 9582360 588.74 4 1005 32.0601 8 9480905 9480939 13 0 1 20 1  0
15.1862 9711752 596.69 8 0 0 1 9697428 9697466 13 0 1 20 1  0
15.7261 9955388 611.659 8 0 0 1 9697473 9697474 13 0 1 20 1  0
16.0377 9700378 595.991 9 65 1.28571 38233 9697359 9697574 13 0 1 20 1  0
18.402 9751319 599.121 1 0 0 1 9697427 9697475 13 0 1 20 1  0
18.3515 9784736 601.174 1 0 0 1 9697756 9697803 13 0 1 20 1  0
18.732 9856291 605.57 1 0 0 1 9697810 9697818 13 0 1 20 1  0
21.8801 9954083 611.579 2 0 0 5 9697426 9697476 13 0 1 20 1  0
22.5242 9951797 611.438 3 0 0 7 9697426 9697476 13 0 1 20 1  0
28.4557 9919687 609.466 6 1 0.0197462 564 9697412 9697488 13 0 1 20 1  0
29.4863 9929428 610.064 6 0 0 284 9697414 9697494 13 0 1 20 1  0
14.667 9955385 611.659 2 1 0.0197462 1 9697426 9697462 13 0 1 20 1  0
26.728 9861943 605.918 5 1 0.0197462 1 9697421 9697475 13 0 1 20 1  0
25.1018 9802601 602.272 7 1 0.0197462 40 9697395 9697821 13 0 1 20 1  0
24.1238 9861342 605.881 10 107 2.12388 1249 9859326 9864227 13 0 1 20 1  0
16.305 9950835 611.379 3 2 0.0394922 2 9697421 9697459 13 0 1 20 1  0
26.91 9862909 605.977 5 2 0.0394922 2 9697416 9697472 13 0 1 20 1  0
27.9969 9816548 603.129 7 2 0.0394922 19 9697388 9697820 13 0 1 20 1  0
21.8311 9926498 609.884 5 3 0.059238 2 9697417 9697460 13 0 1 20 1  0
21.431 9927794 609.964 5 4 0.0789836 3 9697415 9697455 13 0 1 20 1  0
10.9787 9858687 605.718 3 5 0.0987291 1 9697418 9697432 13 0 1 20 1  0
14.1114 9859990 605.798 4 5 0.0987291 1 9697418 9697443 13 0 1 20 1  0
13.0475 9936231 610.482 4 6 0.118475 3 9697417 9697441 13 0 1 20 1  0
16.6332 9779516 600.853 5 6 0.118475 1 9697415 9697445 13 0 1 20 1  0
11.7821 9840185 604.581 4 7 0.13822 2 9697416 9697437 13 0 1 20 1  0
16.5385 9839348 604.53 8 104 2.06369 39 9699827 9700551 13 0 1 20 1  0
10.2815 9850249 605.199 4 9 0.177712 1 9751281 9751294 13 0 1 20 1  0
10.0325 9703283 596.17 6 9 0.177712 1 9703283 9703284 13 0 1 20 1  0
10.7212 9861273 605.877 5 11 0.217204 1 9700018 9700020 13 0 1 20 1  0
18.8583 9904718 608.546 8 415 8.93574 744 9707094 9707303 13 0 1 20 1  0
17.7083 9833362 604.162 8 196 3.94354 53 9707387 9707600 13 0 1 20 1  0
18.121 9778190 600.772 8 208 4.19529 18 9707356 9707600 13 0 1 20 1  0
14.9076 9783817 601.118 7 379 8.04386 21 9707146 9707270 13 0 1 20 1  0
10.6212 9860975 605.858 5 189 3.79751 1 9778196 9778243 13 0 1 20 1  0
10.1085 9913542 609.088 5 259 5.28758 1 9861642 9861644 13 0 1 20 1  0
13.7892 9913177 609.066 10 289 5.94958 1 9777548 9777798 13 0 1 20 1  0
10.5222 9860799 605.847 3 328 6.83551 7 9707343 9707347 13 0 1 20 1  0
10.0262 9903567 608.475 2 354 7.44396 1 9903567 9903568 13 0 1 20 1  0
10.018 9860726 605.843 3 354 7.44396 1 9860726 9860727 13 0 1 20 1  0
10.0432 9766047 600.026 3 361 7.61041 1 9766047 9766048 13 0 1 20 1  0
10.0286 9863244 605.998 3 384 8.1657 1 9863244 9863245 13 0 1 20 1  0
10.0025 9863131 605.991 2 434 9.42087 1 9863131 9863132 13 0 1 20 1  0
10.055 9750486 599.07 4 441 9.60226 1 9750486 9750487 13 0 1 20 1  0
10.3633 9832239 604.093 3 549 12.6058 4 9832239 9832252 13 0 1 20 1  0
10.0422 9783238 601.082 3 552 12.6953 1 9783238 9783239 13 0 1 20 1  0
10.017 9801081 602.178 4 552 12.6953 1 9801081 9801082 13 0 1 20 1  0
10.1875 9786671 601.293 3 584 13.6728 1 9786671 9786672 13 0 1 20 1  0
11.1947 9859629 605.776 4 914 26.9806 2 9859586 9859693 13 0 1 20 1  0
10.4486 9855800 605.54 12 1382 63.9006 1 9855238 9856294 13 0 1 20 1  0
10.0497 9854650 605.47 4 1533 83.7793 1 9854650 9854651 13 0 1 20 1  0
12.2143 9960288 611.96 8 0 0 3843 9960288 9960289 13 0 1 20 1  0
12.548 10007231 614.844 8 0 0 1 9963699 9963700 13 0 1 20 1  0
12.5272 10046087 617.232 8 0 0 1 9966939 9966940 13 0 1 20 1  0
15.31 9967389 612.396 3 1 0.0197462 9 9967368 9967403 13 0 1 20 1  0
15.2528 10214559 627.582 5 2 0.0394922 120 9967690 9967725 13 0 1 20 1  0
16.5544 9976458 612.954 5 2 0.0394922 1851 9967366 9967397 13 0 1 20 1  0
14.9804 9967710 612.416 4 1 0.0197462 3 9967370 9967402 13 0 1 20 1  0
11.7779 10213592 627.523 3 2 0.0394922 1 9967688 9967723 13 0 1 20 1  0
22.9669 10221556 628.012 12 1800 134.871 190 10119644 10125668 13 0 1 20 1  0
0 9959424 611.907 12 1756 124.712 39 10220294 10221570 13 0 1 20 1  0
0 9959424 611.907 5 1809 137.048 14 10221346 10221517 13 0 1 20 1  0
10.024 10123399 621.982 6 1825 141.005 1 10123399 10123400 13 0 1 20 1  0
10.5584 10221888 628.033 8 0 0 47925 10221888 10221889 13 0 1 20 1  0
14.6987 10327297 634.509 8 0 0 1 10222268 10222269 13 0 1 20 1  0
10.2214 10221625 628.017 1 0 0 1 10221625 10221626 13 0 1 20 1  0
19.0721 10377704 637.606 2 0 0 3 10221616 10221628 13 0 1 20 1  0
14.9189 10240763 629.192 3 0 0 1 10221615 10221627 13 0 1 20 1  0
21.5111 10378027 637.626 4 1 0.0197462 15 10221613 10221621 13 0 1 20 1  0
25.796 10316394 633.839 5 0 0 43 10221612 10221616 13 0 1 20 1  0
35.1574 10275562 631.331 7 0 0 956 10237418 10237517 13 0 1 20 1  0
24.2442 10439951 641.431 6 4 0.0789836 5094 10227468 10227483 13 0 1 20 1  0
23.1423 10255636 630.106 11 296 6.10639 3434 10254362 10256531 13 0 1 20 1  0
10.0988 10241773 629.255 2 2 0.0394922 1 10241773 10241774 13 0 1 20 1  0
18.6911 10316062 633.819 5 4 0.0789836 6 10221934 10221937 13 0 1 20 1  0
14.2122 10271066 631.054 8 154 3.07556 2 10255089 10256840 13 0 1 20 1  0
13.4622 10315233 633.768 6 345 7.23163 176 10254847 10254932 13 0 1 20 1  0
10.0626 10253915 630 3 827 22.7844 3 10253915 10253916 13 0 1 20 1  0
10.1326 10314504 633.723 2 773 20.4589 2 10314504 10314505 13 0 1 20 1  0
14.5149 10276641 631.397 9 786 21.0008 1 10253614 10254796 13 0 1 20 1  0
10.0089 10314438 633.719 2 807 21.8999 1 10314438 10314439 13 0 1 20 1  0
10.0469 10314138 633.701 2 836 23.1917 1 10314138 10314139 13 0 1 20 1  0
10.0058 10314377 633.715 2 837 23.2373 1 10314377 10314378 13 0 1 20 1  0
10.1171 10314206 633.705 2 854 24.0241 1 10314206 10314207 13 0 1 20 1  0
10.0056 10314263 633.708 2 875 25.0263 1 10314263 10314264 13 0 1 20 1  0
10.5068 10313622 633.669 2 940 28.3547 1 10313622 10313623 13 0 1 20 1  0
10.1046 10253018 629.945 4 966 29.7889 2 10253018 10253019 13 0 1 20 1  0
10.0984 10252770 629.93 4 958 29.341 2 10252770 10252771 13 0 1 20 1  0
10.1751 10252947 629.941 3 966 29.7889 2 10252947 10252948 13 0 1 20 1  0
11.8343 10275561 631.33 6 1140 41.1817 7 10252480 10252922 13 0 1 20 1  0
10.0659 10251030 629.823 5 1230 48.5426 2 10251030 10251031 13 0 1 20 1  0
10.0364 10231854 628.645 6 1286 53.7348 1 10231854 10231855 13 0 1 20 1  0
10.0253 10231426 628.619 5 1330 58.1837 1 10231426 10231427 13 0 1 20 1  0
10.0721 10430901 640.875 4 1455 72.8557 1 10430901 10430902 13 0 1 20 1  0
10.3864 10229852 628.522 5 1461 73.6439 2 10229850 10229865 13 0 1 20 1  0
10.3965 10430770 640.867 4 1463 73.9085 1 10430770 10430774 13 0 1 20 1  0
10.0053 10430456 640.847 4 1483 76.606 1 10430456 10430457 13 0 1 20 1  0
12.6297 10228390 628.432 7 1535 84.0796 57 10227962 10228775 13 0 1 20 1  0
10.1562 10249507 629.73 4 1529 83.182 1 10249507 10249508 13 0 1 20 1  0
12.1082 10429285 640.775 7 1547 85.9034 15 10227687 10228608 13 0 1 20 1  0
10.0503 10271025 631.052 4 1609 95.9651 2 10271024 10271026 13 0 1 20 1  0
0 10221568 628.013 6 2673 635.241 286 10361187 10361454 13 0 1 20 1  0
12.3685 10361092 636.585 4 2683 646.608 2 10360304 10360542 13 0 1 20 1  0
14.3803 10360916 636.575 3 2690 654.686 1 10360209 10361205 13 0 1 20 1  0
11.0764 10359306 636.476 2 2703 669.956 1 10359295 10360070 13 0 1 20 1  0
11.5076 10359272 636.474 2 2704 671.145 1 10359145 10359166 13 0 1 20 1  0
10.1168 10358601 636.432 3 2708 675.923 1 10358601 10358602 13 0 1 20 1  0
10.0505 10357949 636.392 5 2714 683.154 1 10357949 10357950 13 0 1 20 1  0
10.3023 10358195 636.407 5 2715 684.367 1 10358195 10358196 13 0 1 20 1  0
11.0368 10358416 636.421 5 2715 684.367 1 10358405 10358510 13 0 1 20 1  0
11.382 10356455 636.301 6 2723 694.146 1 10356441 10356472 13 0 1 20 1  0
15.3017 11046880 678.72 8 0 0 1 11008559 11008579 13 0 1 20 1  0
15.468 11263906 692.054 8 0 0 1 11008585 11008586 13 0 1 20 1  0
10.3679 11008551 676.365 3 5 0.0987291 9765 11008551 11008552 13 0 1 20 1  0
10.5843 11008087 676.337 1 0 0 1 11008087 11008088 13 0 1 20 1  0
17.9316 11011507 676.547 1 0 0 1 11008560 11008580 13 0 1 20 1  0
18.2296 11157507 685.517 1 0 0 1 11008586 11008587 13 0 1 20 1  0
18.3128 11216873 689.165 1 0 0 1 11009246 11009247 13 0 1 20 1  0
18.4608 11262278 691.954 1 0 0 1 11009858 11009886 13 0 1 20 1  0
27.292 11110580 682.634 6 1 0.0197462 436 11008568 11008590 13 0 1 20 1  0
18.2963 11214259 689.004 4 0 0 1 11009862 11009885 13 0 1 20 1  0
19.996 11228209 689.861 4 0 0 3 11010510 11010514 13 0 1 20 1  0
10.4875 11257074 691.635 2 2 0.0394922 1 11011798 11011799 13 0 1 20 1  0
15.7526 11173701 686.512 3 2 0.0394922 1 11009528 11009530 13 0 1 20 1  0
17.5474 11203540 688.345 4 3 0.059238 2 11009855 11009874 13 0 1 20 1  0
13.0092 11220082 689.362 3 4 0.0789836 1 11008552 11008564 13 0 1 20 1  0
16.8208 11242483 690.738 5 4 0.0789836 1 11009853 11009878 13 0 1 20 1  0
14.6249 11255146 691.516 6 4 0.0789836 1 11009853 11009883 13 0 1 20 1  0
11.7989 11230462 690 3 5 0.0987291 1 11009521 11009525 13 0 1 20 1  0
11.8341 11263884 692.053 3 5 0.0987291 3 11009847 11009849 13 0 1 20 1  0
11.48 11222674 689.521 4 8 0.157966 2 11013086 11013092 13 0 1 20 1  0
10.0216 11232078 690.099 4 10 0.197458 1 11230456 11230461 13 0 1 20 1  0
10.2597 11109579 682.573 5 15 0.296194 1 11109575 11109583 13 0 1 20 1  0
11.0755 11270133 692.437 11 3064 1270.82 1 11269918 11270145 13 0 1 20 1  0
10.5143 11270229 692.443 8 0 0 5685 11270229 11270230 13 0 1 20 1  0
14.6406 11274940 692.732 8 0 0 1 11270720 11270721 13 0 1 20 1  0
14.5654 11355395 697.675 8 0 0 1 11271045 11271046 13 0 1 20 1  0
14.5416 11442992 703.057 8 0 0 1 11271203 11271204 13 0 1 20 1  0
14.4862 11478015 705.209 8 0 0 1 11271354 11271360 13 0 1 20 1  0
10.8546 11270721 692.473 1 0 0 1 11270721 11270722 13 0 1 20 1  0
16.2673 11274941 692.732 1 0 0 1 11271046 11271047 13 0 1 20 1  0
16.1794 11355396 697.675 1 0 0 1 11271355 11271360 13 0 1 20 1  0
16.153 11442992 703.057 1 0 0 1 11271367 11271369 13 0 1 20 1  0
17.2436 11319523 695.471 3 0 0 51 11271356 11271360 13 0 1 20 1  0
12.7895 11281747 693.151 2 1 0.0197462 1 11274921 11274928 13 0 1 20 1  0
10.538 11271352 692.512 3 2 0.0394922 2 11271352 11271353 13 0 1 20 1  0
13.8103 11527341 708.24 5 1 0.0197462 1 11278496 11278502 13 0 1 20 1  0
14.5617 11493923 706.187 4 2 0.0394922 1 11278487 11278496 13 0 1 20 1  0
12.2471 11351807 697.455 3 3 0.059238 2 11274914 11274917 13 0 1 20 1  0
13.5088 11505275 706.884 4 3 0.059238 1 11278485 11278492 13 0 1 20 1  0
10.0266 11398522 700.325 12 2065 215.997 1 11398428 11398712 13 0 1 20 1  0
11.8647 11532375 708.549 8 0 0 5846 11532375 11532376 13 0 1 20 1  0
14.1385 11550392 709.656 8 0 0 1 11532523 11532533 13 0 1 20 1  0
14.251 11584476 711.75 8 0 0 1 11532539 11532540 13 0 1 20 1  0
14.4551 11618553 713.844 8 0 0 1 11532545 11532546 13 0 1 20 1  0
14.4248 11622467 714.084 8 0 0 1 11532550 11532558 13 0 1 20 1  0
14.3795 11694158 718.489 8 0 0 1 11532570 11532571 13 0 1 20 1  0
15.8226 11592245 712.227 1 0 0 5 11532523 11532533 13 0 1 20 1  0
15.973 11617902 713.804 1 0 0 1 11532539 11532540 13 0 1 20 1  0
17.9986 11542595 709.177 2 0 0 4 11532521 11532539 13 0 1 20 1  0
18.389 11596795 712.507 2 0 0 1 11532847 11532852 13 0 1 20 1  0
16.858 11653585 715.996 2 0 0 1 11533173 11533175 13 0 1 20 1  0
15.9243 11677606 717.472 3 0 0 3 11532849 11532850 13 0 1 20 1  0
17.1453 11565008 710.554 6 0 0 18 11544558 11544559 13 0 1 20 1  0
10.0687 11539342 708.977 5 4 0.0789836 2 11539342 11539343 13 0 1 20 1  0
10.4196 11532519 708.558 4 3 0.059238 3 11532519 11532520 13 0 1 20 1  0
15.1799 11557519 710.094 4 2 0.0394922 1 11532520 11532524 13 0 1 20 1  0
16.1444 11612037 713.444 5 2 0.0394922 1 11533493 11533509 13 0 1 20 1  0
11.4383 11593219 712.287 3 3 0.059238 2 11533497 11533503 13 0 1 20 1  0
14.1764 11565952 710.612 5 3 0.059238 2 11533497 11533504 13 0 1 20 1  0
10.0406 11550686 709.674 3 4 0.0789836 1 11550686 11550687 13 0 1 20 1  0
11.0833 11656162 716.155 4 5 0.0987291 1 11533489 11533493 13 0 1 20 1  0
10.5094 11565670 710.595 4 6 0.118475 1 11565668 11565673 13 0 1 20 1  0
10.4589 11678240 717.511 5 6 0.118475 1 11565001 11565006 13 0 1 20 1  0
11.0443 11795287 724.702 8 0 0 1 11795287 11795288 13 0 1 20 1  0
16.5546 12039540 739.709 8 0 0 1 11795942 11795943 13 0 1 20 1  0
0 11794432 724.65 8 0 0 2291 11796934 11796956 13 0 1 20 1  0
18.8311 12050605 740.389 1 0 0 1 11795942 11795944 13 0 1 20 1  0
20.8174 11970270 735.453 2 0 0 1 11796934 11796962 13 0 1 20 1  0
20.9934 12041168 739.809 3 0 0 2 11796935 11796966 13 0 1 20 1  0
18.9287 12052533 740.508 4 1 0.0197462 2 11796937 11796968 13 0 1 20 1  0
18.2944 12056434 740.747 5 1 0.0197462 7 11796928 11796972 13 0 1 20 1  0
17.1117 11796952 724.805 5 4 0.0789836 271 11796934 11796974 13 0 1 20 1  0
17.5982 12052206 740.487 3 1 0.0197462 1 11796937 11796966 13 0 1 20 1  0
11.1171 12041806 739.849 2 2 0.0394922 1 11970269 11970271 13 0 1 20 1  0
14.9599 12042459 739.889 3 2 0.0394922 1 11796940 11796961 13 0 1 20 1  0
12.6324 12049596 740.327 3 3 0.059238 2 11796940 11796943 13 0 1 20 1  0
10.9516 11826663 726.63 3 5 0.0987291 2 11826662 11826665 13 0 1 20 1  0
14.0361 11882005 730.03 6 5 0.0987291 5 11796930 11796977 13 0 1 20 1  0
11.2636 11939628 733.571 4 6 0.118475 3 11826661 11826665 13 0 1 20 1  0
10.4129 11872918 729.472 4 8 0.157966 2 11855716 11855719 13 0 1 20 1  0
12.2822 11881786 730.017 4 292 6.01667 92 11881778 11881804 13 0 1 20 1  0
10.0118 11840255 727.465 4 280 5.74931 2 11840255 11840256 13 0 1 20 1  0
0 11794432 724.65 4 285 5.86039 18 11881786 11881807 13 0 1 20 1  0
10.9073 11855651 728.411 4 306 6.33203 2 11796888 11796894 13 0 1 20 1  0
11.1069 11870112 729.3 3 505 11.3328 18 11870109 11870116 13 0 1 20 1  0
10.1625 11881696 730.011 3 661 16.2117 1 11881696 11881697 13 0 1 20 1  0
10.7938 11796484 724.776 3 746 19.3678 4 11796479 11796486 13 0 1 20 1  0
10.3224 11794768 724.671 5 1457 73.1175 2 11794767 11794782 13 0 1 20 1  0
13.0464 12056777 740.768 8 0 0 23942 12056777 12056778 13 0 1 20 1  0
12.7405 12199620 749.545 8 0 0 1 12057071 12057073 13 0 1 20 1  0
29.2031 12219150 750.745 12 418 9.01165 9639 12175986 12179694 13 0 1 20 1  0
12.422 12294381 755.367 8 0 0 1 12058098 12058099 13 0 1 20 1  0
10.774 12056778 740.768 1 0 0 1 12056778 12056779 13 0 1 20 1  0
14.6492 12065231 741.288 1 0 0 1 12057067 12057074 13 0 1 20 1  0
14.3904 12212568 750.34 1 0 0 1 12058368 12058376 13 0 1 20 1  0
17.2501 12154927 746.799 3 0 0 4 12058367 12058376 13 0 1 20 1  0
15.7792 12060654 741.007 3 0 0 1 12057068 12057076 13 0 1 20 1  0
22.4525 12179299 748.296 7 1 0.0197462 1098 12174067 12174125 13 0 1 20 1  0
10.2195 12062911 741.145 4 4 0.0789836 2 12062911 12062912 13 0 1 20 1  0
26.1221 12220855 750.849 7 0 0 8 12159479 12159490 13 0 1 20 1  0
10.1113 12057066 740.786 3 1 0.0197462 1 12057066 12057067 13 0 1 20 1  0
14.7546 12220800 750.846 3 1 0.0197462 1 12059014 12059016 13 0 1 20 1  0
15.7382 12237387 751.865 4 1 0.0197462 1 12059339 12059348 13 0 1 20 1  0
19.4505 12219518 750.767 5 1 0.0197462 2 12059347 12059352 13 0 1 20 1  0
12.4568 12276391 754.261 6 1 0.0197462 1 12070723 12070729 13 0 1 20 1  0
10.0483 12058364 740.866 4 2 0.0394922 1 12058364 12058365 13 0 1 20 1  0
10.0422 12080135 742.203 6 2 0.0394922 1 12080135 12080136 13 0 1 20 1  0
10.0876 12059334 740.925 3 3 0.059238 1 12059334 12059335 13 0 1 20 1  0
10.0832 12094388 743.079 4 6 0.118475 1 12094388 12094389 13 0 1 20 1  0
10.0269 12175681 748.074 4 984 30.8188 2 12175681 12175682 13 0 1 20 1  0
10.1052 12175113 748.039 5 1203 46.2133 15 12175113 12175114 13 0 1 20 1  0
10.2712 12174029 747.972 4 1251 50.4309 13 12174029 12174030 13 0 1 20 1  0
10.1672 12173891 747.964 3 1199 45.8774 10 12173891 12173892 13 0 1 20 1  0
10.1597 12174563 748.005 4 1268 52.0106 2 12174563 12174564 13 0 1 20 1  0
10.142 12173610 747.947 4 1301 55.2133 1 12173610 12173611 13 0 1 20 1  0
10.0543 12209459 750.149 3 1599 94.2671 3 12209459 12209460 13 0 1 20 1  0
10.08 12209174 750.132 4 1581 91.2849 1 12209174 12209175 13 0 1 20 1  0
10.0654 12208977 750.12 3 1594 93.4292 2 12208977 12208978 13 0 1 20 1  0
10.4935 12208627 750.098 4 1852 147.941 1 12202865 12202870 13 0 1 20 1  0
10.1229 12203414 749.778 4 1855 148.732 1 12203412 12203416 13 0 1 20 1  0
11.2573 12206648 749.976 4 1935 171.46 18 12204407 12204410 13 0 1 20 1  0
10.0811 12202576 749.726 4 1863 150.863 1 12202576 12202577 13 0 1 20 1  0
10.4257 12207266 750.014 4 1863 150.863 3 12206326 12206327 13 0 1 20 1  0
10.0047 12202360 749.713 6 1868 152.21 1 12202360 12202361 13 0 1 20 1  0
10.6787 12206107 749.943 3 1922 167.545 8 12205854 12205856 13 0 1 20 1  0
10.0014 12205047 749.878 3 1904 162.27 1 12205047 12205048 13 0 1 20 1  0
10.2509 12207157 750.008 4 1907 163.137 1 12207157 12207160 13 0 1 20 1  0
11.0521 12207101 750.004 4 1910 164.009 1 12206148 12206167 13 0 1 20 1  0
10.5257 12206460 749.965 3 1913 164.886 1 12206460 12206462 13 0 1 20 1  0
10.1795 12204824 749.864 4 1931 170.246 5 12204824 12204825 13 0 1 20 1  0
10.0814 12204747 749.86 3 1921 167.247 1 12204747 12204748 13 0 1 20 1  0
10.0767 12199923 749.563 4 1935 171.46 1 12199923 12199924 13 0 1 20 1  0
10.1112 12204686 749.856 4 1951 176.405 1 12204686 12204687 13 0 1 20 1  0
10.1233 12204354 749.836 4 1956 177.979 1 12204354 12204355 13 0 1 20 1  0
10.0129 12204184 749.825 3 1962 179.886 1 12204184 12204185 13 0 1 20 1  0
10.2137 12204116 749.821 4 1962 179.886 1 12204116 12204117 13 0 1 20 1  0
10.1301 12322949 757.122 8 0 0 25968 12322949 12322950 13 0 1 20 1  0
24.78 12507476 768.459 7 0 0 5407 12504481 12506563 13 0 1 20 1  0
10.1645 12326354 757.331 1 0 0 1 12326354 12326355 13 0 1 20 1  0
14.6298 12507129 768.438 1 0 0 1 12334963 12334964 13 0 1 20 1  0
10.0332 12369255 759.967 3 0 0 1 12369255 12369256 13 0 1 20 1  0
16.6904 12510694 768.657 3 0 0 1 12377036 12377037 13 0 1 20 1  0
10.0296 12377032 760.445 4 0 0 1 12377032 12377033 13 0 1 20 1  0
16.9987 12560016 771.687 4 0 0 1 12504823 12504876 13 0 1 20 1  0
21.4767 12505820 768.358 5 0 0 2 12369231 12369259 13 0 1 20 1  0
23.2426 12531774 769.952 6 0 0 195 12369227 12369261 13 0 1 20 1  0
17.6862 12580821 772.966 7 0 0 1 12507071 12507559 13 0 1 20 1  0
14.2792 12504849 768.298 3 1 0.0197462 4 12504505 12504538 13 0 1 20 1  0
18.034 12511971 768.735 5 2 0.0394922 3 12369241 12369254 13 0 1 20 1  0
12.0076 12504521 768.278 3 2 0.0394922 2 12504512 12504531 13 0 1 20 1  0
14.7304 12505167 768.317 4 2 0.0394922 1 12504501 12504533 13 0 1 20 1  0
11.0172 12558384 771.587 4 4 0.0789836 1 12504507 12504523 13 0 1 20 1  0
20.8365 12558224 771.577 12 581 13.5794 1021 12502302 12509966 13 0 1 20 1  0
12.605 12561000 771.748 8 4 0.0789836 1 12507378 12507546 13 0 1 20 1  0
10.7699 12512597 768.774 6 10 0.197458 2 12512592 12512602 13 0 1 20 1  0
17.8475 12579869 772.907 11 369 7.80208 805 12503933 12510766 13 0 1 20 1  0
10.3421 12557106 771.509 7 240 4.87612 4 12557070 12557119 13 0 1 20 1  0
19.1192 12529012 769.782 12 696 17.4627 1800 12502066 12509410 13 0 1 20 1  0
10.1285 12504458 768.274 3 658 16.1074 1 12504458 12504459 13 0 1 20 1  0
10.0826 12510066 768.618 3 660 16.1769 1 12510066 12510067 13 0 1 20 1  0
10.1125 12504114 768.253 3 665 16.3514 1 12504114 12504115 13 0 1 20 1  0
10.124 12556630 771.479 4 679 16.847 1 12504057 12504059 13 0 1 20 1  0
10.0558 12578024 772.794 2 940 28.3547 1 12578024 12578025 13 0 1 20 1  0
10.1016 12503685 768.226 2 993 31.3455 1 12502629 12502630 13 0 1 20 1  0
10.0018 12500120 768.007 4 1262 51.4477 1 12500120 12500121 13 0 1 20 1  0
12.7462 12554285 771.335 5 1328 57.974 5 12499931 12500755 13 0 1 20 1  0
10.1069 12524910 769.53 3 1354 60.7579 1 12524910 12524911 13 0 1 20 1  0
10.5748 12499780 767.986 3 1363 61.7513 3 12499779 12499782 13 0 1 20 1  0
12.6401 12548720 770.993 12 1805 136.076 326 12546648 12550558 13 0 1 20 1  0
10.1469 12575030 772.61 5 1580 91.122 1 12575025 12575031 13 0 1 20 1  0
10.917 12574298 772.565 4 1604 95.1124 3 12574293 12574300 13 0 1 20 1  0
10.8398 12552187 771.206 5 1613 96.6528 1 12549664 12549677 13 0 1 20 1  0
10.3497 12574006 772.547 6 1635 100.523 2 12573998 12574024 13 0 1 20 1  0
10.1397 12548773 770.997 3 1770 127.859 2 12548773 12548774 13 0 1 20 1  0
10.0098 12547464 770.916 5 1776 129.232 1 12547464 12547465 13 0 1 20 1  0
10.0402 12547748 770.934 4 1802 135.352 1 12547748 12547749 13 0 1 20 1  0
10.0064 12547294 770.906 4 1806 136.318 1 12547294 12547295 13 0 1 20 1  0
11.4259 12508502 768.522 12 2775 761.206 1 12507446 12509596 13 0 1 20 1  0
13.6609 12694922 779.976 8 0 0 1 12581104 12581139 13 0 1 20 1  0
13.2495 12808525 786.956 8 0 0 1 12581206 12581207 13 0 1 20 1  0
28.4908 12584730 773.206 11 271 5.5505 32587 12580864 12585925 13 0 1 20 1  0
18.1794 12622996 775.557 4 0 0 6 12580870 12580880 13 0 1 20 1  0
15.2761 12664264 778.092 1 0 0 1 12581102 12581143 13 0 1 20 1  0
21.8446 12616206 775.14 11 227 4.59778 240 12580864 12585861 13 0 1 20 1  0
28.9599 12602560 774.301 7 0 0 43 12585023 12586352 13 0 1 20 1  0
15.1685 12623631 775.596 3 1 0.0197462 1 12580866 12580874 13 0 1 20 1  0
13.4502 12632355 776.132 8 278 5.70501 5 12584622 12585393 13 0 1 20 1  0
11.3577 12600816 774.194 3 633 15.2561 3 12583723 12583887 13 0 1 20 1  0
10.3023 12597674 774.001 2 647 15.729 1 12583724 12583728 13 0 1 20 1  0
10.2735 12600696 774.187 3 670 16.5272 1 12583694 12583696 13 0 1 20 1  0
10.4736 12614440 775.031 3 862 24.4019 1 12582927 12582940 13 0 1 20 1  0
12.8085 12614459 775.032 8 864 24.4971 7 12594669 12594739 13 0 1 20 1  0
11.0231 12614094 775.01 3 921 27.3448 1 12582699 12582702 13 0 1 20 1  0
11.9124 12614046 775.007 3 929 27.7662 3 12582513 12582526 13 0 1 20 1  0
10.4534 12614183 775.015 3 931 27.8724 1 12582817 12582846 13 0 1 20 1  0
12.1125 12613972 775.002 3 947 28.7348 2 12582387 12582432 13 0 1 20 1  0
10.0013 12613823 774.993 3 961 29.5083 1 12613823 12613824 13 0 1 20 1  0
11.6005 12595028 773.839 3 998 31.6415 1 12582027 12582047 13 0 1 20 1  0
10.1455 12594496 773.806 4 1086 37.2806 1 12581592 12582059 13 0 1 20 1  0
10.4214 12594629 773.814 4 1097 38.0464 1 12582927 12582928 13 0 1 20 1  0
10.0956 12594328 773.795 3 1253 50.6143 2 12594328 12594329 13 0 1 20 1  0
10.6317 12594852 773.828 4 1359 61.3079 1 12592531 12592537 13 0 1 20 1  0
11.5754 12589754 773.514 5 1657 104.546 11 12589511 12590191 13 0 1 20 1  0
18.2941 12842990 789.073 12 2722 692.916 125 12840268 12843010 13 0 1 20 1  0
0 12580864 772.968 6 2729 701.572 17 12842323 12842327 13 0 1 20 1  0
10.8162 12810861 787.099 10 3109 1376.39 3 12810501 12813014 13 0 1 20 1  0
11.2112 12843008 789.074 12 3074 1293.56 7 12842468 12843010 13 0 1 20 1  0
11.5288 12826824 788.08 12 3187 1580.57 1 12825054 12827664 13 0 1 20 1  0
10.5989 12849757 789.489 8 0 0 1 12849757 12849758 13 0 1 20 1  0
12.1199 12876699 791.144 8 0 0 1 12855269 12855270 13 0 1 20 1  0
12.5771 13085713 803.986 8 0 0 1 12855604 12855605 13 0 1 20 1  0
0 12843008 789.074 8 0 0 46109 12858185 12858186 13 0 1 20 1  0
10.0013 12845534 789.23 1 0 0 1 12845534 12845535 13 0 1 20 1  0
25.1086 12912862 793.366 7 2 0.0394922 411 12888131 12888224 13 0 1 20 1  0
28.9094 12929691 794.4 10 327 6.81241 6072 12888930 12902899 13 0 1 20 1  0
21.0984 12897242 792.406 6 1 0.0197462 17 12887522 12887532 13 0 1 20 1  0
31.3993 12899256 792.53 11 310 6.42284 4265 12888877 12902407 13 0 1 20 1  0
10.0426 12887520 791.809 3 2 0.0394922 1 12887520 12887521 13 0 1 20 1  0
10.3375 12931945 794.539 3 2 0.0394922 1 12888481 12888488 13 0 1 20 1  0
10.2836 12889763 791.947 3 3 0.059238 1 12888160 12888169 13 0 1 20 1  0
12.7377 12890415 791.987 4 3 0.059238 1 12887513 12887525 13 0 1 20 1  0
10.0177 12890076 791.966 6 13 0.256698 3 12890076 12890077 13 0 1 20 1  0
10.1375 12902460 792.727 3 368 7.77803 1 12889502 12889505 13 0 1 20 1  0
10.0891 12888723 791.883 3 687 17.1348 12 12888723 12888724 13 0 1 20 1  0
10.1065 12921532 793.899 3 663 16.2814 6 12921530 12921535 13 0 1 20 1  0
11.4474 12928288 794.314 3 795 21.3825 4 12892401 12892407 13 0 1 20 1  0
10.0538 12921116 793.873 3 809 21.9871 1 12921116 12921117 13 0 1 20 1  0
11.5763 12924336 794.071 3 910 26.7744 3 12897080 12897640 13 0 1 20 1  0
10.0559 12924186 794.062 3 835 23.1461 2 12924186 12924187 13 0 1 20 1  0
10.0629 12909252 793.144 3 842 23.4665 1 12909252 12909253 13 0 1 20 1  0
10.126 12891674 792.064 3 857 24.1652 1 12891674 12891675 13 0 1 20 1  0
10.1634 12897018 792.393 3 875 25.0263 1 12897018 12897019 13 0 1 20 1  0
10.207 12924290 794.068 3 876 25.0749 1 12924290 12924291 13 0 1 20 1  0
10.0044 12896764 792.377 4 880 25.27 1 12896764 12896765 13 0 1 20 1  0
10.1425 12887557 791.811 3 894 25.9629 1 12887557 12887558 13 0 1 20 1  0
10.048 12923971 794.049 3 895 26.013 1 12923971 12923972 13 0 1 20 1  0
10.5758 12924568 794.085 3 1077 36.6646 1 12895963 12895977 13 0 1 20 1  0
10.0976 12925551 794.146 3 1124 39.9881 1 12895738 12895848 13 0 1 20 1  0
13.0134 12925369 794.135 4 1186 44.8015 8 12894790 12894892 13 0 1 20 1  0
10.3414 12894645 792.247 3 1212 46.9777 1 12894645 12894646 13 0 1 20 1  0
10.1846 12894540 792.241 4 1220 47.6672 2 12894540 12894541 13 0 1 20 1  0
12.3061 12924992 794.111 3 1229 48.4543 1 12894639 12894645 13 0 1 20 1  0
10.7548 12894068 792.211 3 1280 53.154 3 12894068 12894069 13 0 1 20 1  0
10.0824 12906364 792.967 3 1290 54.1253 2 12906364 12906365 13 0 1 20 1  0
10.0474 12921856 793.919 4 1422 68.6655 2 12921856 12921857 13 0 1 20 1  0
10.201 12921718 793.91 3 1335 58.7111 2 12921718 12921719 13 0 1 20 1  0
10.0188 12921514 793.898 3 1346 59.8878 1 12921514 12921515 13 0 1 20 1  0
10.0232 12921573 793.901 3 1353 60.6485 1 12921573 12921574 13 0 1 20 1  0
10.1037 12921743 793.912 3 1434 70.1613 1 12921743 12921744 13 0 1 20 1  0
10.0036 12921271 793.883 3 1454 72.7251 1 12921271 12921272 13 0 1 20 1  0
10.6812 12917624 793.659 5 1663 105.67 1 12917614 12917634 13 0 1 20 1  0
10.0606 12911219 793.265 5 1891 158.563 1 12911218 12911220 13 0 1 20 1  0
10.241 12877893 791.218 5 1995 190.747 1 12877065 12877069 13 0 1 20 1  0
0 12843008 789.074 5 1995 190.747 15 12877893 12877894 13 0 1 20 1  0
10.4633 12905885 792.938 5 2038 205.885 8 12905882 12905888 13 0 1 20 1  0
10.4467 12875174 791.051 6 2041 206.985 6 12874826 12875205 13 0 1 20 1  0
10.0235 12874885 791.033 5 2045 208.461 1 12874885 12874886 13 0 1 20 1  0
10.4644 12875434 791.067 5 2045 208.461 1 12875428 12875440 13 0 1 20 1  0
10.1955 12874876 791.032 11 2053 211.443 1 12874699 12875350 13 0 1 20 1  0
10.175 12875707 791.083 5 2055 212.195 1 12875706 12875708 13 0 1 20 1  0
10.2122 12874291 790.996 4 2070 217.923 1 12874291 12874292 13 0 1 20 1  0
10.1394 12874714 791.022 5 2070 217.923 2 12874710 12874715 13 0 1 20 1  0
10.1474 12874611 791.016 4 2072 218.698 1 12874611 12874612 13 0 1 20 1  0
10.0575 12874023 790.98 5 2077 220.649 1 12874023 12874024 13 0 1 20 1  0
10.0845 12876235 791.116 5 2077 220.649 1 12874426 12874427 13 0 1 20 1  0
10.8023 12872655 790.896 7 2155 253.418 1 12870967 12871027 13 0 1 20 1  0
12.544 12843016 789.075 12 2926 994.95 1 12843008 12845948 13 0 1 20 1  0
10.2449 13124017 806.34 8 0 0 1 13124017 13124018 13 0 1 20 1  0
10.2127 13147057 807.755 8 0 0 1 13145590 13145591 13 0 1 20 1  0
0 13105152 805.18 8 0 0 20889 13147057 13147058 13 0 1 20 1  0
12.1 13204627 811.292 3 0 0 3 13160157 13160199 13 0 1 20 1  0
14.0027 13199757 810.993 5 0 0 2 13160156 13160210 13 0 1 20 1  0
32.4971 13157628 808.405 12 1042 34.3564 12419 13155144 13159954 13 0 1 20 1  0
13.4758 13191645 810.495 5 1 0.0197462 4 13160155 13160193 13 0 1 20 1  0
10.0672 13199089 810.952 4 2 0.0394922 1 13190664 13190676 13 0 1 20 1  0
11.4338 13199425 810.973 5 2 0.0394922 1 13160155 13160170 13 0 1 20 1  0
13.2504 13198304 810.904 10 398 8.51027 25 13197998 13198607 13 0 1 20 1  0
11.5802 13158045 808.43 3 1033 33.7846 1 13157242 13157256 13 0 1 20 1  0
10.7394 13195656 810.741 7 1046 34.6134 1 13195384 13195726 13 0 1 20 1  0
13.9205 13194880 810.693 12 1059 35.4605 1 13193730 13196080 13 0 1 20 1  0
10.1859 13150436 807.963 3 1701 113.075 2 13150436 13150437 13 0 1 20 1  0
10.5161 13149562 807.909 4 1621 98.0427 4 13149562 13149563 13 0 1 20 1  0
10.1387 13150096 807.942 4 1708 114.494 5 13150096 13150097 13 0 1 20 1  0
10.0883 13150229 807.95 4 1714 115.725 1 13150229 13150230 13 0 1 20 1  0
10.0135 13149290 807.892 4 1729 118.858 1 13149290 13149291 13 0 1 20 1  0
11.1847 13368062 821.334 8 0 0 211 13368062 13368063 13 0 1 20 1  0
11.5617 13527418 831.125 8 0 0 1 13369360 13369361 13 0 1 20 1  0
10.0694 13369687 821.434 1 0 0 1 13369687 13369688 13 0 1 20 1  0
12.4614 13371960 821.573 1 0 0 1 13370657 13370658 13 0 1 20 1  0
0 13367296 821.287 1 0 0 70 13371636 13371637 13 0 1 20 1  0
10.1706 13410949 823.969 2 0 0 1 13410949 13410950 13 0 1 20 1  0
10.2922 13413226 824.109 2 0 0 1 13413225 13413227 13 0 1 20 1  0
10.8649 13431244 825.216 3 2 0.0394922 2 13431244 13431245 13 0 1 20 1  0
10.0877 13629657 837.406 8 0 0 355 13629657 13629658 13 0 1 20 1  0
13.7049 13632404 837.575 8 0 0 1 13629809 13629810 13 0 1 20 1  0
10.7023 13629657 837.406 1 0 0 1 13629657 13629658 13 0 1 20 1  0
14.1855 13745521 844.525 1 0 0 2 13631759 13631760 13 0 1 20 1  0
0 13629440 837.393 1 0 0 150 13631929 13631930 13 0 1 20 1  0
10.3045 13665838 839.629 6 1605 95.2823 3 13665835 13665843 13 0 1 20 1  0
10.1759 13667022 839.702 7 1669 106.807 1 13667017 13667047 13 0 1 20 1  0
12.7425 13899673 853.996 8 0 0 1 13899673 13899674 13 0 1 20 1  0
13.8973 13964264 857.964 8 0 0 1 13903066 13903067 13 0 1 20 1  0
0 13891584 853.499 8 0 0 222 13903240 13903241 13 0 1 20 1  0
10.7695 13899674 853.996 1 0 0 1 13899674 13899675 13 0 1 20 1  0
15.1058 14079776 865.061 1 0 0 1 13903241 13903242 13 0 1 20 1  0
0 13891584 853.499 1 0 0 141 13905841 13905842 13 0 1 20 1  0
13.0189 13950632 857.127 2 0 0 1 13926614 13926616 13 0 1 20 1  0
10.3518 14110122 866.926 3 0 0 3 14110122 14110123 13 0 1 20 1  0
10.0545 14110461 866.947 5 2 0.0394922 1 14110461 14110462 13 0 1 20 1  0
11.4662 14164797 870.285 8 0 0 1 14164797 14164798 13 0 1 20 1  0
13.1582 14187840 871.701 8 0 0 1 14166559 14166560 13 0 1 20 1  0
0 14153728 869.605 8 0 0 183 14170646 14170647 13 0 1 20 1  0
10.0514 14183953 871.462 1 0 0 1 14183953 14183954 13 0 1 20 1  0
12.3685 14321047 879.885 1 0 0 1 14187841 14187842 13 0 1 20 1  0
11.3297 14370546 882.926 2 0 0 1 14345208 14345213 13 0 1 20 1  0
12.3412 14345202 881.369 5 0 0 6 14345189 14345215 13 0 1 20 1  0
11.7231 14351578 881.761 4 2 0.0394922 5 14351576 14351580 13 0 1 20 1  0
10.0012 14345851 881.409 4 2 0.0394922 1 14345851 14345852 13 0 1 20 1  0
14.2925 14344076 881.3 12 188 3.7767 6 14343022 14346410 13 0 1 20 1  0
12.3909 14320853 879.873 10 72 1.42481 1 14317274 14317298 13 0 1 20 1  0
13.2424 14330089 880.441 11 72 1.42481 1 14316455 14334010 13 0 1 20 1  0
12.4198 14360670 882.32 12 73 1.4447 1 14356694 14363286 13 0 1 20 1  0
10.9677 14358598 882.192 8 235 4.76877 1 14351435 14351456 13 0 1 20 1  0
10.9372 14258974 876.071 12 361 7.61041 1 14257478 14261388 13 0 1 20 1  0
10.9004 14418582 885.878 8 0 0 1 14418582 14418583 13 0 1 20 1  0
11.2155 14548090 893.835 8 0 0 1 14419710 14419711 13 0 1 20 1  0
0 14415872 885.711 8 0 0 239 14421007 14421008 13 0 1 20 1  0
10.3204 14418583 885.878 1 0 0 1 14418583 14418584 13 0 1 20 1  0
11.5574 14466293 888.809 1 0 0 1 14466293 14466294 13 0 1 20 1  0
11.5799 14626969 898.681 4 1 0.0197462 5 14573279 14573280 13 0 1 20 1  0
12.3822 14574257 895.442 5 1 0.0197462 77 14572292 14572313 13 0 1 20 1  0
10.3402 14572304 895.322 4 1 0.0197462 2 14572304 14572305 13 0 1 20 1  0
10.0329 14455095 888.121 8 183 3.6728 1 14455095 14455110 13 0 1 20 1  0
10.1392 14573752 895.411 5 442 9.6283 1 14573748 14573754 13 0 1 20 1  0
11.1699 14573724 895.41 5 687 17.1348 7 14573713 14573736 13 0 1 20 1  0
12.4867 14573519 895.397 5 1158 42.5642 89 14573191 14573203 13 0 1 20 1  0
0 14415872 885.711 5 1146 41.6378 40 14573537 14573541 13 0 1 20 1  0
11.0856 14574363 895.449 5 1222 47.8411 10 14574041 14574043 13 0 1 20 1  0
10.6308 14570994 895.242 7 1782 130.619 4 14570729 14571045 13 0 1 20 1  0
0 14415872 885.711 7 1782 130.619 1 14571678 14571760 13 0 1 20 1  0
11.39 14692548 902.71 8 0 0 1 14692548 14692549 13 0 1 20 1  0
12.6497 14822407 910.689 8 0 0 1 14696116 14696117 13 0 1 20 1  0
12.784 14678122 901.824 12 103 2.04364 102 14678016 14685670 13 0 1 20 1  0
13.382 14722884 904.574 1 0 0 1 14696116 14696118 13 0 1 20 1  0
0 14678016 901.817 1 0 0 23 14708128 14708129 13 0 1 20 1  0
14.4564 14787821 908.564 3 0 0 4 14787818 14787824 13 0 1 20 1  0
10.1804 14916417 916.465 4 0 0 1 14916416 14916420 13 0 1 20 1  0
10.6183 14902131 915.587 5 1 0.0197462 3 14902123 14902134 13 0 1 20 1  0
10.3753 14712861 903.958 4 5 0.0987291 2 14712861 14712864 13 0 1 20 1  0
10.8918 14898160 915.343 12 220 4.44892 3 14897114 14898450 13 0 1 20 1  0
10.1186 14939173 917.863 5 731 18.781 2 14939172 14939175 13 0 1 20 1  0
13.7504 14899786 915.443 12 1429 69.5342 8 14685608 14687410 13 0 1 20 1  0
11.2586 14939055 917.856 6 1608 95.794 5 14938972 14939081 13 0 1 20 1  0
10.4173 14940160 917.923 12 1410 67.2009 1 14899810 14900692 13 0 1 20 1  0
0 14678016 901.817 12 1410 67.2009 3 14940034 14940162 13 0 1 20 1  0
11.9731 14896094 915.216 9 1672 107.379 25 14895877 14896372 13 0 1 20 1  0
0 14678016 901.817 6 1539 84.6832 6 14899358 14899398 13 0 1 20 1  0
10.1629 14787866 908.566 12 2957 1051.18 1 14787670 14788756 13 0 1 20 1  0
12.2764 14940020 917.915 12 3149 1477.57 7 14938202 14940162 13 0 1 20 1  0
10.1222 14962014 919.266 8 0 0 1 14962014 14962015 13 0 1 20 1  0
11.5559 15022743 922.997 8 0 0 1 14967209 14967210 13 0 1 20 1  0
0 14940160 917.923 8 0 0 256 14968497 14968498 13 0 1 20 1  0
10.2675 14949822 918.517 1 0 0 1 14949822 14949823 13 0 1 20 1  0
13.5124 14993323 921.19 2 0 0 2 14992668 14992675 13 0 1 20 1  0
15.5641 15177404 932.5 4 0 0 19 14992667 14992672 13 0 1 20 1  0
10.0853 14992668 921.149 2 1 0.0197462 1 14992668 14992669 13 0 1 20 1  0
10.1041 15088136 927.015 5 1 0.0197462 1 15088136 15088137 13 0 1 20 1  0
11.8697 15091049 927.194 3 2 0.0394922 2 14993323 14993328 13 0 1 20 1  0
16.2443 15089366 927.091 12 344 7.20815 323 15087554 15091478 13 0 1 20 1  0
10.3689 15203399 934.097 8 0 0 1 15203399 15203400 13 0 1 20 1  0
12.8336 15359743 943.703 8 0 0 1 15212357 15212358 13 0 1 20 1  0
0 15202304 934.03 8 0 0 165 15215598 15215599 13 0 1 20 1  0
10.2454 15218021 934.995 1 0 0 1 15218021 15218022 13 0 1 20 1  0
14.6255 15362192 943.853 3 0 0 17 15333612 15333630 13 0 1 20 1  0
14.723 15333614 942.097 2 0 0 6 15333611 15333631 13 0 1 20 1  0
10.5613 15373846 944.569 12 1334 58.6052 2 15373468 15374136 13 0 1 20 1  0
10.1332 15465155 950.179 8 0 0 502 15465155 15465156 13 0 1 20 1  0
13.9219 15484472 951.366 8 0 0 1 15469848 15469849 13 0 1 20 1  0
10.4514 15465152 950.179 4 3 0.059238 3 15465152 15465153 13 0 1 20 1  0
15.9212 15482893 951.269 2 0 0 3 15465154 15465157 13 0 1 20 1  0
22.108 15482015 951.215 5 0 0 57 15481993 15482041 13 0 1 20 1  0
16.9094 15626336 960.082 4 1 0.0197462 17 15481994 15482033 13 0 1 20 1  0
10.7561 15702509 964.762 8 85 1.68372 3 15702496 15702547 13 0 1 20 1  0
10.8019 15641138 960.991 12 93 1.84346 3 15640990 15642134 13 0 1 20 1  0
10.8767 15715762 965.576 8 186 3.73511 15 15715721 15715794 13 0 1 20 1  0
10.2062 15675029 963.074 4 644 15.6269 1 15675028 15675033 13 0 1 20 1  0
10.3544 15641692 961.026 5 1156 42.4085 6 15641691 15641700 13 0 1 20 1  0
10.6627 15727303 966.285 8 0 0 311 15727303 15727304 13 0 1 20 1  0
14.132 15828614 972.51 8 0 0 1 15728102 15728103 13 0 1 20 1  0
10.5457 15728280 966.345 1 0 0 1 15728280 15728281 13 0 1 20 1  0
16.7706 15766297 968.681 1 0 0 9 15728424 15728425 13 0 1 20 1  0
16.5876 15766420 968.689 2 0 0 1 15754766 15754772 13 0 1 20 1  0
12.5109 15793734 970.367 5 4 0.0789836 11 15749884 15749893 13 0 1 20 1  0
12.7713 15823286 972.183 12 496 11.0812 33 15822726 15823792 13 0 1 20 1  0
10.7814 15754776 967.973 4 3 0.059238 5 15754771 15754778 13 0 1 20 1  0
10.5325 15821654 972.082 3 3 0.059238 1 15754775 15754779 13 0 1 20 1  0
10.0627 15749891 967.673 4 8 0.157966 2 15749891 15749892 13 0 1 20 1  0
10.56 15990961 982.485 8 0 0 1 15990961 15990962 13 0 1 20 1  0
13.4993 16013998 983.9 8 0 0 1 15993208 15993209 13 0 1 20 1  0
0 15988736 982.348 8 0 0 1079 15993366 15993367 13 0 1 20 1  0
10.4998 15993367 982.632 1 0 0 1 15993367 15993368 13 0 1 20 1  0
15.3691 16200134 995.336 1 0 0 1 15993876 15993884 13 0 1 20 1  0
16.8924 16208029 995.821 3 0 0 6 15993877 15993881 13 0 1 20 1  0
17.0812 16209921 995.938 5 1 0.0197462 8 16023906 16023934 13 0 1 20 1  0
15.3583 16038692 985.417 7 3 0.059238 36 16038640 16039061 13 0 1 20 1  0
13.0579 16208937 995.877 2 1 0.0197462 1 15993873 15993880 13 0 1 20 1  0
10.8278 15993875 982.664 3 1 0.0197462 4 15993875 15993876 13 0 1 20 1  0
13.8154 16209263 995.897 4 3 0.059238 2 15993865 15993872 13 0 1 20 1  0
10.4245 16210234 995.957 3 4 0.0789836 1 16208024 16208025 13 0 1 20 1  0
11.8881 16202756 995.497 5 5 0.0987291 1 16038670 16038701 13 0 1 20 1  0
10.7835 16206331 995.717 5 7 0.13822 1 16038681 16038695 13 0 1 20 1  0
10.4097 16214772 996.236 5 9 0.177712 1 16038684 16038691 13 0 1 20 1  0
10.0696 16175236 993.806 5 11 0.217204 1 16175235 16175237 13 0 1 20 1  0
48.95 10360341 636.539 8 2693 658.178 515 10360052 10360890 13 0 1 20 1 1
