0 123768 294.385
1 123769 294.286
2 123768 293.932
3 123768 293.68
4 123768 293.534
5 123767 293.44
6 123766 293.092
7 123766 292.89
8 123766 292.768
9 123765 292.474
10 123765 292.324
11 123765 292.259
12 123765 292.276
13 123768 292.93
14 123768 292.839
15 123768 292.625
16 123768 292.5
17 123767 292.305
18 123769 291.953
19 123765 290.745
20 123765 290.966
21 123766 290.951
22 123766 290.697
23 123767 290.722
24 123767 290.569
25 123766 290.283
26 123765 290.443
27 123767 290.935
28 123767 291.042
29 123767 290.948
30 123768 291.014
31 123768 291.174
32 123767 290.699
33 123767 290.755
34 123767 290.851
35 123767 290.828
36 123767 290.705
37 123766 290.6
38 123769 291.151
39 123769 291.019
40 123768 291.103
41 123769 291.086
42 123769 291.033
43 123769 290.943
44 123769 290.802
45 123766 290.087
46 123765 290.363
47 123766 290.618
48 123765 290.524
49 123765 290.566
50 123765 290.431
51 123765 290.456
52 123765 290.215
53 123764 290.208
54 123764 290.294
55 123763 290.379
56 123763 290.361
57 123763 291.014
58 123767 292.63
59 123766 292.309
60 123766 292.042
61 123765 291.976
62 123765 291.993
63 123764 291.926
64 123766 292.142
65 123766 292.162
66 123766 292.088
67 123766 292.17
68 123766 292.085
69 123767 292.034
70 123765 291.573
71 123765 291.705
72 123764 291.699
73 123765 291.937
74 123765 291.979
75 123765 292.093
76 123764 291.992
77 123765 291.955
78 123765 291.617
79 123764 291.371
80 123765 291.603
81 123765 291.587
82 123765 291.6
83 123765 291.628
84 123764 291.564
85 123764 291.573
86 123763 291.802
87 123763 291.814
88 123764 291.893
89 123764 291.338
90 123760 289.55
91 123759 289.543
92 123760 289.717
93 123760 290.646
94 123762 291.073
95 123764 291.41
96 123763 291.865
97 123764 292.59
98 123764 292.509
99 123764 292.356
100 123764 292.512
101 123764 292.562
102 123765 292.58
103 123766 292.793
104 123766 292.578
105 123766 292.474
106 123766 292.629
107 123766 292.534
108 123766 292.612
109 123767 292.78
110 123766 292.823
111 123766 292.897
112 123766 292.77
113 123768 293.541
114 123770 294.553
115 123771 294.566
116 123771 294.612
117 123772 294.531
118 123773 294.326
119 123773 294.302
120 123772 294.351
121 123774 294.504
122 123775 294.643
123 123775 294.585
124 123775 294.712
125 123775 293.905
126 123773 293.365
127 123773 293.248
128 123772 292.498
129 123771 291.612
130 123771 291.773
131 123771 291.733
132 123771 291.682
133 123772 291.909
134 123772 291.866
135 123770 291.666
136 123770 291.785
137 123769 291.761
138 123769 291.625
139 123769 291.635
140 123769 291.651
141 123769 291.773
142 123770 291.853
143 123770 291.92
144 123770 291.927
145 123769 291.276
146 123770 293.36
147 123772 294.249
148 123772 294.205
149 123771 294.266
150 123771 294.201
151 123772 294.312
152 123772 294.258
153 123772 294.061
154 123771 293.906
155 123771 293.89
156 123771 293.753
157 123770 293.6
158 123770 293.586
159 123770 293.253
160 123770 293.359
161 123770 293.25
162 123770 293.051
163 123770 293.036
164 123770 293.022
165 123769 292.821
166 123769 292.836
167 123769 292.817
168 123770 292.731
169 123770 292.759
170 123770 292.693
171 123770 292.775
172 123770 292.727
173 123769 292.39
174 123769 292.299
175 123769 292.386
176 123770 292.466
177 123769 292.48
178 123766 289.458
179 123764 288.504
180 123764 288.575
181 123765 288.557
182 123765 289.271
183 123766 289.554
184 123766 289.633
185 123766 289.606
186 123765 289.549
187 123765 289.745
188 123767 290.292
189 123767 290.339
190 123767 290.44
191 123767 290.515
192 123766 290.432
193 123766 290.481
194 123767 290.6
195 123767 290.704
196 123767 290.759
197 123767 290.806
198 123767 290.751
199 123768 290.704
200 123768 290.931
201 123770 291.379
202 123770 291.372
203 123770 291.169
204 123769 291.144
205 123769 291.174
206 123769 291.233
207 123769 291.117
208 123769 290.982
209 123769 290.855
210 123769 290.863
211 123769 290.811
212 123769 290.78
213 123769 290.719
214 123768 289.968
215 123767 289.608
216 123766 289.518
217 123766 289.454
218 123767 289.447
219 123767 289.241
220 123765 288.543
221 123765 288.649
222 123765 288.856
223 123767 289.403
224 123767 289.38
225 123768 289.379
226 123767 289.442
227 123768 289.47
228 123767 289.401
229 123767 289.454
230 123767 289.583
231 123767 289.701
232 123766 289.492
233 123764 289.001
234 123764 289.036
235 123764 289.125
236 123765 289.336
237 123764 289.446
238 123765 289.261
239 123764 289.327
240 123765 289.43
241 123765 289.41
242 123765 289.339
243 123765 289.372
244 123765 289.373
245 123765 289.938
246 123766 289.951
247 123765 289.913
248 123765 289.879
249 123767 290.205
250 123767 290.372
251 123767 290.397
252 123767 290.483
253 123767 290.42
254 123767 290.101
255 123766 289.582
256 123765 289.663
257 123765 289.713
258 123765 289.679
259 123765 289.704
260 123765 289.646
261 123764 289.523
262 123764 289.411
263 123763 290.118
264 123765 294.931
265 123769 296.203
266 123769 296.304
267 123769 296.362
268 123769 296.369
269 123770 296.35
270 123770 296.369
271 123770 296.197
272 123769 296.054
273 123769 296.15
274 123769 296.275
275 123770 296.219
276 123770 296.216
277 123769 295.701
278 123769 295.716
279 123769 295.546
280 123769 295.494
281 123767 295.246
282 123767 295.073
283 123767 295.098
284 123767 295.086
285 123768 295.165
286 123768 295.251
287 123767 295.129
288 123767 295.122
289 123767 294.983
290 123767 294.998
291 123767 294.926
292 123767 295.014
293 123767 295.003
294 123768 295.139
295 123769 294.416
296 123767 289.659
297 123765 288.491
298 123765 288.355
299 123765 288.352
300 123765 288.188
301 123765 288.111
302 123765 288.224
303 123765 288.252
304 123765 288.364
305 123765 288.526
306 123765 288.432
307 123765 288.443
308 123764 288.454
309 123764 288.671
310 123765 288.737
311 123765 288.799
312 123765 288.857
313 123765 288.874
314 123765 288.865
315 123764 288.711
316 123765 288.813
317 123763 288.685
318 123763 288.656
319 123764 288.637
320 123764 288.635
321 123763 288.706
322 123763 288.618
323 123763 288.68
324 123763 288.66
325 123763 288.591
326 123763 288.491
327 123762 288.373
328 123762 288.314
329 123761 288.127
330 123761 289.718
331 123765 291.14
332 123766 291.662
333 123767 291.81
334 123767 291.853
335 123767 291.782
336 123767 291.719
337 123767 291.646
338 123767 291.627
339 123767 291.644
340 123767 291.553
341 123767 291.36
342 123766 291.318
343 123766 291.381
344 123766 291.437
345 123766 291.473
346 123767 291.488
347 123767 291.555
348 123767 291.479
349 123767 291.453
350 123767 291.456
351 123767 291.463
352 123767 291.531
353 123767 291.497
354 123767 291.44
355 123767 291.34
356 123767 291.346
357 123768 291.651
358 123768 291.7
359 123768 291.756
360 123769 291.83
361 123768 291.954
362 123768 290.547
363 123764 289.085
364 123762 288.636
365 123762 288.551
366 123762 288.464
367 123762 288.506
368 123762 288.596
369 123762 288.621
370 123763 288.779
371 123762 288.816
372 123762 289.018
373 123763 289.202
374 123764 289.368
375 123764 289.344
376 123765 289.408
377 123765 289.386
378 123764 289.415
379 123764 289.423
380 123765 289.528
381 123765 289.58
382 123765 289.656
383 123766 289.961
384 123766 289.897
385 123766 289.992
386 123766 290.037
387 123766 290.866
388 123767 291.081
389 123768 291.043
390 123768 291.116
391 123769 291.151
392 123768 293.078
393 123771 294.58
394 123771 294.479
395 123771 294.472
396 123771 294.375
397 123770 294.301
398 123770 294.242
399 123770 294.433
400 123771 294.533
401 123771 294.434
402 123771 294.358
403 123771 294.498
404 123772 294.399
405 123772 294.311
406 123770 293.993
407 123769 293.922
408 123770 293.809
409 123770 294.039
410 123772 294.326
411 123771 294.402
412 123771 294.335
413 123772 294.529
414 123771 294.587
415 123770 294.353
416 123770 294.331
417 123770 294.268
418 123770 294.414
419 123770 293.783
420 123770 293.785
421 123770 293.761
422 123769 293.827
423 123768 293.766
424 123768 291.812
425 123765 290.312
426 123765 290.301
427 123766 290.302
428 123765 290.346
429 123765 290.286
430 123766 290.392
431 123765 290.286
432 123765 290.185
433 123765 290.103
434 123764 290.004
435 123764 289.931
436 123764 289.944
437 123764 289.894
438 123764 289.985
439 123764 289.959
440 123764 289.883
441 123762 289.685
442 123761 289.415
443 123761 289.254
444 123761 289.151
445 123760 288.891
446 123760 288.689
447 123760 288.589
448 123760 288.861
449 123761 288.797
450 123761 288.664
451 123760 288.553
452 123760 288.392
453 123759 288.322
454 123759 288.12
455 123760 288.063
456 123760 288.043
457 123760 288.006
458 123760 287.974
459 123761 288.125
460 123761 288.21
461 123762 290.668
462 123767 292.483
463 123767 292.353
464 123767 292.355
465 123767 292.459
466 123767 292.487
467 123767 292.494
468 123768 292.496
469 123768 292.521
470 123768 292.541
471 123768 292.61
472 123768 292.602
473 123768 292.501
474 123769 292.616
475 123769 292.726
476 123768 292.737
477 123769 292.96
478 123769 292.949
479 123769 292.943
480 123768 292.657
481 123768 292.742
482 123770 292.991
483 123770 292.979
484 123770 292.919
485 123769 292.714
486 123768 292.739
487 123769 292.926
488 123768 292.823
489 123768 292.781
490 123768 292.691
491 123767 292.457
492 123766 292.338
493 123766 290.159
494 123761 288.359
495 123762 288.585
496 123762 288.423
497 123761 288.369
498 123762 288.407
499 123761 288.299
500 123761 288.268
501 123760 288.191
502 123760 288.215
503 123761 288.251
504 123761 288.336
505 123761 288.383
506 123760 288.265
507 123761 288.203
508 123762 288.293
509 123762 288.032
510 123762 288.157
511 123762 288.274
