10.2387 260094 15.9802 12 3165 1520.09 1 260024 260098 13 0 1 20 1  0
14.9527 484154 29.7464 12 486 10.8049 210 481622 484730 13 0 1 20 1  0
0 260096 15.9803 10 58 1.14679 155 447929 448615 13 0 1 20 1  0
14.21 454950 27.9521 11 58 1.14679 6 352882 353825 13 0 1 20 1  0
11.6293 354032 21.7517 10 64 1.26585 2 352687 354300 13 0 1 20 1  0
12.2659 511797 31.4448 11 315 6.5368 3 352719 353168 13 0 1 20 1  0
12.4029 351312 21.5846 12 737 19.0141 44 350632 352102 13 0 1 20 1  0
14.3055 450924 27.7048 12 1003 31.94 183 350178 350708 13 0 1 20 1  0
10.0003 481532 29.5853 3 840 23.3746 1 481532 481533 13 0 1 20 1  0
10.8771 480855 29.5437 6 1016 32.7279 34 450977 451377 13 0 1 20 1  0
11.771 481147 29.5617 3 975 30.3 5 480802 480805 13 0 1 20 1  0
0 260096 15.9803 3 975 30.3 46 481063 481064 13 0 1 20 1  0
10.0154 451138 27.7179 3 995 31.4636 1 451138 451139 13 0 1 20 1  0
10.1743 451112 27.7163 3 998 31.6415 1 451112 451113 13 0 1 20 1  0
10.0768 451011 27.7101 3 1040 34.2286 1 451011 451012 13 0 1 20 1  0
10.3192 451056 27.7129 3 1127 40.2094 1 451055 451057 13 0 1 20 1  0
10.7183 450868 27.7013 3 1149 41.8676 1 450513 450515 13 0 1 20 1  0
10.2194 350632 21.5428 3 1162 42.8772 1 350632 350633 13 0 1 20 1  0
10.3016 349308 21.4615 12 1184 44.6381 2 348968 349774 13 0 1 20 1  0
10.6908 350259 21.5199 3 1222 47.8411 1 350258 350262 13 0 1 20 1  0
10.366 449295 27.6047 3 1280 53.154 2 449295 449300 13 0 1 20 1  0
10.1161 449522 27.6186 3 1292 54.3216 1 449522 449523 13 0 1 20 1  0
10.0191 449089 27.592 4 1312 56.3224 1 449089 449090 13 0 1 20 1  0
10.4537 448594 27.5616 3 1317 56.8336 2 448594 448601 13 0 1 20 1  0
11.4191 448504 27.5561 4 1344 59.6722 1 448495 448513 13 0 1 20 1  0
10.7645 759526 46.6653 5 4 0.0789836 4 759523 759537 13 0 1 20 1  0
10.6201 575748 35.374 3 1 0.0197462 1 575746 575750 13 0 1 20 1  0
0 522240 32.0864 3 1 0.0197462 3 590038 590039 13 0 1 20 1  0
10.217 590692 36.2921 4 1 0.0197462 1 590692 590695 13 0 1 20 1  0
10.0138 568236 34.9124 5 4 0.0789836 1 568236 568237 13 0 1 20 1  0
12.8352 783057 48.111 9 38 0.750701 19 783001 783400 13 0 1 20 1  0
10.9195 779802 47.911 12 582 13.6105 3 777118 780454 13 0 1 20 1  0
12.7002 775052 47.6192 12 1349 60.2127 34 773862 776330 13 0 1 20 1  0
11.1506 773914 47.5493 7 1502 79.2579 17 773313 774101 13 0 1 20 1  0
0 522240 32.0864 3 1339 59.1364 227 774205 774206 13 0 1 20 1  0
10.4218 773628 47.5317 2 1378 63.4422 1 773628 773629 13 0 1 20 1  0
10.6122 775093 47.6217 3 1416 67.9294 10 775092 775095 13 0 1 20 1  0
10.0003 773555 47.5272 3 1399 65.885 1 773555 773556 13 0 1 20 1  0
10.7411 774925 47.6114 3 1443 71.3039 4 774311 774312 13 0 1 20 1  0
10.1443 774368 47.5772 3 1439 70.7938 2 774366 774369 13 0 1 20 1  0
10.0037 774275 47.5715 3 1443 71.3039 1 774275 774276 13 0 1 20 1  0
10.2478 774250 47.5699 3 1445 71.5602 1 774250 774251 13 0 1 20 1  0
10.0386 774218 47.568 3 1480 76.1954 1 774218 774219 13 0 1 20 1  0
11.0183 583762 35.8663 3 1503 79.4 2 583761 583764 13 0 1 20 1  0
12.845 582878 35.812 12 1626 98.9214 121 581032 584592 13 0 1 20 1  0
11.0994 582674 35.7995 4 1588 92.4334 2 581955 581990 13 0 1 20 1  0
10.2481 584599 35.9178 4 1613 96.6528 2 582043 582047 13 0 1 20 1  0
11.9501 584212 35.894 5 1623 98.3932 7 581072 581100 13 0 1 20 1  0
10.7676 582913 35.8142 3 1633 100.165 1 582011 582015 13 0 1 20 1  0
10.176 580971 35.6949 3 1648 102.881 1 580971 580972 13 0 1 20 1  0
10.3141 771592 47.4066 5 1784 131.085 1 771585 771599 13 0 1 20 1  0
10.0495 770438 47.3357 4 1850 147.416 1 770438 770439 13 0 1 20 1  0
11.7916 784386 48.1927 12 2422 406.995 19 784384 785626 13 0 1 20 1  0
12.9386 848383 52.1246 10 3150 1480.19 2 846500 850180 13 0 1 20 1  0
10.4764 1391258 85.4789 12 270 5.52849 1 1390516 1391596 13 0 1 20 1  0
10.231 1842553 113.206 8 288 5.92726 5 1842539 1842580 13 0 1 20 1  0
10.3627 2368935 145.547 1 0 0 1 2368935 2368936 13 0 1 20 1  0
10.5414 2542915 156.237 1 0 0 1 2410548 2410551 13 0 1 20 1  0
0 2357248 144.829 1 0 0 32 2412497 2412498 13 0 1 20 1  0
10.6804 2540637 156.097 2 0 0 1 2410547 2410550 13 0 1 20 1  0
11.6947 2420293 148.703 3 1 0.0197462 3 2410878 2410879 13 0 1 20 1  0
11.0738 2563006 157.471 4 0 0 1 2420292 2420296 13 0 1 20 1  0
10.0428 2410545 148.104 3 1 0.0197462 1 2410545 2410546 13 0 1 20 1  0
10.523 2943913 180.874 7 0 0 1 2943902 2943939 13 0 1 20 1  0
11.8578 3053846 187.628 12 142 2.83086 1 2941692 2943378 13 0 1 20 1  0
0 2881536 177.042 12 142 2.83086 1 3052812 3054920 13 0 1 20 1  0
10.2016 3558666 218.644 8 1073 36.3938 2 3558610 3558691 13 0 1 20 1  0
11.6344 3730976 229.231 8 183 3.6728 57 3730924 3731023 13 0 1 20 1  0
16.3111 3667976 225.36 12 2841 855.727 18 3667968 3670710 13 0 1 20 1  0
15.0361 4165520 255.93 12 585 13.7041 275 4164512 4168184 13 0 1 20 1  0
14.2215 4191362 257.517 12 171 3.4246 6 4188068 4192258 13 0 1 20 1  0
0 3930112 241.466 11 146 2.91228 1 4190432 4192257 13 0 1 20 1  0
0 3930112 241.466 3 859 24.2597 11 4165781 4165873 13 0 1 20 1  0
10.2273 4165437 255.924 3 915 27.0324 1 4165437 4165438 13 0 1 20 1  0
10.0726 4165113 255.905 3 956 29.23 1 4165113 4165114 13 0 1 20 1  0
10.2869 4163340 255.796 5 1165 43.1135 1 4163335 4163344 13 0 1 20 1  0
10.2388 4164096 255.842 6 1165 43.1135 1 4163356 4163542 13 0 1 20 1  0
0 3930112 241.466 6 1165 43.1135 201 4164035 4164310 13 0 1 20 1  0
10.2996 4163155 255.784 5 1272 52.3891 2 4163153 4163158 13 0 1 20 1  0
10.077 4163638 255.814 4 1212 46.9777 1 4163638 4163640 13 0 1 20 1  0
14.1788 4160724 255.635 12 1446 71.6888 282 4158026 4162258 13 0 1 20 1  0
10.9233 4163030 255.777 4 1319 57.0393 6 4163020 4163034 13 0 1 20 1  0
10.2247 4162326 255.733 4 1320 57.1424 1 4162326 4162327 13 0 1 20 1  0
10.3408 4163554 255.809 4 1320 57.1424 1 4163022 4163026 13 0 1 20 1  0
12.0121 4162668 255.754 4 1387 64.4781 9 4161725 4161739 13 0 1 20 1  0
10.0531 4162183 255.725 3 1401 66.1224 1 4162183 4162184 13 0 1 20 1  0
10.4953 4160050 255.593 3 1574 90.1505 2 4160050 4160054 13 0 1 20 1  0
10.1589 4160758 255.637 3 1475 75.5156 1 4160758 4160759 13 0 1 20 1  0
10.0583 4161069 255.656 3 1478 75.9228 1 4161069 4161070 13 0 1 20 1  0
10.2426 4161252 255.667 3 1484 76.7434 1 4161251 4161253 13 0 1 20 1  0
10.1407 4157999 255.467 4 1596 93.7635 1 4157999 4158000 13 0 1 20 1  0
10.7284 4158244 255.482 4 1644 102.15 1 4158241 4158255 13 0 1 20 1  0
10.1251 4152877 255.153 4 1809 137.048 1 4152877 4152878 13 0 1 20 1  0
10.3321 4155115 255.29 4 1813 138.026 1 4155114 4155116 13 0 1 20 1  0
11.069 4152697 255.142 5 1830 142.264 1 4152418 4152442 13 0 1 20 1  0
10.1191 4152345 255.12 5 1845 146.111 1 4152345 4152347 13 0 1 20 1  0
10.0992 4152141 255.108 5 1864 151.131 1 4152141 4152143 13 0 1 20 1  0
14.5935 4231736 259.998 11 182 3.65206 54 4230679 4232395 13 0 1 20 1  0
0 4192256 257.572 10 131 2.60765 1 4260550 4260567 13 0 1 20 1  0
10.0523 4260001 261.734 8 319 6.62833 1 4259994 4260013 13 0 1 20 1  0
11.3403 4258711 261.655 7 815 22.2503 49 4258611 4259043 13 0 1 20 1  0
0 4192256 257.572 3 805 21.813 8 4258785 4258810 13 0 1 20 1  0
10.5215 4257795 261.599 4 1036 33.9743 2 4257779 4257802 13 0 1 20 1  0
10.2068 4257279 261.567 3 1102 38.3993 2 4257279 4257283 13 0 1 20 1  0
10.3816 4787848 294.165 8 226 4.57647 2 4787826 4787871 13 0 1 20 1  0
10.1642 5867066 360.473 3 917 27.1362 1 5867065 5867067 13 0 1 20 1  0
10.5419 5866993 360.468 8 923 27.4496 1 5866674 5867083 13 0 1 20 1  0
10.4721 5866837 360.458 3 952 29.009 1 5866835 5866840 13 0 1 20 1  0
10.1829 5866796 360.456 2 968 29.9019 1 5866796 5866797 13 0 1 20 1  0
10.1418 5866429 360.433 3 1002 31.8801 1 5866429 5866430 13 0 1 20 1  0
11.0803 5866168 360.417 4 1045 34.549 7 5866123 5866190 13 0 1 20 1  0
0 5765120 354.209 3 1031 33.6587 6 5866331 5866333 13 0 1 20 1  0
10.3674 5865969 360.405 3 1080 36.8689 7 5865967 5865975 13 0 1 20 1  0
10.1296 5865891 360.4 2 1096 37.9762 2 5865891 5865892 13 0 1 20 1  0
10.4494 5865825 360.396 3 1094 37.8361 1 5865589 5865593 13 0 1 20 1  0
10.0965 5865785 360.394 2 1108 38.8267 1 5865785 5865786 13 0 1 20 1  0
10.3024 5864868 360.337 2 1186 44.8015 3 5864868 5864869 13 0 1 20 1  0
10.3938 5865195 360.358 5 1184 44.6381 5 5865134 5865222 13 0 1 20 1  0
10.2211 5865531 360.378 3 1185 44.7197 1 5865529 5865532 13 0 1 20 1  0
10.1833 6099784 374.771 7 0 0 1 6099769 6099790 13 0 1 20 1  0
18.0242 6094596 374.452 5 1288 53.9297 3007 6092970 6095713 13 0 1 20 1  0
0 6027264 370.315 11 247 5.02705 1 6275459 6275546 13 0 1 20 1  0
0 6027264 370.315 4 772 20.4176 9262 6097687 6097688 13 0 1 20 1  0
10.8803 6178368 379.599 3 788 21.0851 16 6097402 6097404 13 0 1 20 1  0
10.1349 6178265 379.593 2 784 20.9167 1 6178265 6178266 13 0 1 20 1  0
10.6756 6178221 379.59 2 813 22.1623 2 6097312 6097325 13 0 1 20 1  0
10.1965 6096407 374.563 2 865 24.5448 1 6096407 6096408 13 0 1 20 1  0
10.0802 6096563 374.573 3 887 25.6145 1 6096563 6096564 13 0 1 20 1  0
11.1237 6096510 374.57 3 986 30.9352 1 6095806 6095810 13 0 1 20 1  0
10.3773 6096354 374.56 3 1009 32.3015 1 6096014 6096017 13 0 1 20 1  0
10.4298 6096254 374.554 3 1079 36.8007 1 6095511 6095513 13 0 1 20 1  0
11.8834 6272933 385.409 3 1249 50.248 1 6093665 6093694 13 0 1 20 1  0
10.9871 6092929 374.35 3 1464 74.0411 22 6091750 6091753 13 0 1 20 1  0
10.1212 6092072 374.297 2 1437 70.5401 1 6092072 6092073 13 0 1 20 1  0
10.671 6092370 374.315 2 1439 70.7938 5 6092368 6092371 13 0 1 20 1  0
10.1067 6092116 374.3 2 1532 83.6296 3 6092116 6092117 13 0 1 20 1  0
10.1061 6092255 374.308 3 1525 82.5888 3 6092255 6092256 13 0 1 20 1  0
10.5022 6091900 374.286 2 1483 76.606 5 6091899 6091901 13 0 1 20 1  0
10.8022 6091963 374.29 3 1552 86.6747 12 6091962 6091967 13 0 1 20 1  0
10.2626 6092198 374.305 2 1454 72.7251 1 6092198 6092199 13 0 1 20 1  0
10.1615 6091674 374.272 2 1522 82.1467 2 6091674 6091675 13 0 1 20 1  0
10.4235 6091365 374.253 2 1559 87.7661 1 6091365 6091366 13 0 1 20 1  0
10.2508 6091329 374.251 2 1563 88.3958 2 6091329 6091330 13 0 1 20 1  0
10.2517 6091203 374.243 3 1564 88.5539 2 6091203 6091206 13 0 1 20 1  0
10.2619 6091274 374.248 2 1572 89.8289 1 6091274 6091275 13 0 1 20 1  0
10.3442 6091711 374.275 2 1573 89.9895 1 6091711 6091712 13 0 1 20 1  0
10.8703 6090525 374.202 3 1607 95.6231 7 6090473 6090474 13 0 1 20 1  0
10.1034 6090731 374.215 2 1593 93.2625 2 6090731 6090732 13 0 1 20 1  0
10.0155 6090276 374.187 2 1596 93.7635 1 6090276 6090277 13 0 1 20 1  0
10.5708 6090213 374.183 2 1604 95.1124 1 6090213 6090214 13 0 1 20 1  0
10.1098 6090115 374.177 3 1607 95.6231 1 6090115 6090116 13 0 1 20 1  0
10.1511 6090694 374.212 2 1618 97.5192 1 6090694 6090695 13 0 1 20 1  0
10.0937 6090632 374.208 3 1619 97.6934 1 6090632 6090633 13 0 1 20 1  0
10.0282 6090453 374.197 2 1630 99.6299 1 6090453 6090454 13 0 1 20 1  0
10.467 6090574 374.205 2 1642 101.786 1 6090574 6090575 13 0 1 20 1  0
10.2684 6090424 374.196 2 1713 115.519 1 6090424 6090425 13 0 1 20 1  0
10.7953 6088336 374.067 2 1743 121.859 3 6088336 6088338 13 0 1 20 1  0
10.567 6088598 374.083 3 1744 122.076 4 6088597 6088601 13 0 1 20 1  0
11.6039 6088669 374.088 3 1740 121.209 7 6088473 6088502 13 0 1 20 1  0
10.127 6088899 374.102 2 1726 118.225 1 6088899 6088900 13 0 1 20 1  0
10.1162 6088499 374.077 2 1740 121.209 3 6088499 6088500 13 0 1 20 1  0
10.0014 6089146 374.117 2 1730 119.07 1 6089146 6089147 13 0 1 20 1  0
10.2398 6088172 374.057 3 1735 120.135 1 6088172 6088173 13 0 1 20 1  0
12.0519 6454846 396.586 9 180 3.6106 13 6454775 6454939 13 0 1 20 1  0
0 6289408 386.421 6 0 0 3 6510704 6510714 13 0 1 20 1  0
11.8186 6510064 399.978 8 339 7.09109 161 6509906 6510158 13 0 1 20 1  0
10.229 6519492 400.558 11 205 4.13218 2 6519446 6519532 13 0 1 20 1  0
10.2498 6509405 399.938 3 572 13.3013 5 6509402 6509411 13 0 1 20 1  0
0 6289408 386.421 3 572 13.3013 13 6509686 6509688 13 0 1 20 1  0
10.0962 6509280 399.93 2 734 18.8973 2 6509280 6509281 13 0 1 20 1  0
10.0083 6508916 399.908 2 877 25.1235 1 6508916 6508917 13 0 1 20 1  0
13.2752 6606359 405.895 11 131 2.60765 14 6605340 6607041 13 0 1 20 1  0
12.271 6635020 407.656 11 119 2.36524 2 6606326 6606722 13 0 1 20 1  0
0 6551552 402.527 11 118 2.34509 4 6634023 6635347 13 0 1 20 1  0
10.2379 6604266 405.766 4 847 23.6975 1 6604265 6604271 13 0 1 20 1  0
10.1924 6603636 405.727 3 849 23.7905 1 6603635 6603637 13 0 1 20 1  0
0 6551552 402.527 3 849 23.7905 1 6604260 6604261 13 0 1 20 1  0
10.3029 6602459 405.655 3 1190 45.13 1 6602459 6602460 13 0 1 20 1  0
10.3434 7049214 433.104 12 112 2.22433 2 7049168 7049288 13 0 1 20 1  0
10.8153 7068770 434.305 12 2303 329.535 1 7066930 7069598 13 0 1 20 1  0
16.5685 7754802 476.455 12 133 2.64815 14 7722576 7758456 13 0 1 20 1  0
11.7113 7735932 475.296 12 141 2.81052 3 7701852 7703860 13 0 1 20 1  0
0 7600128 466.952 12 66 1.30557 143 7752576 7758514 13 0 1 20 1  0
18.7508 7817804 480.326 12 309 6.4001 532 7815110 7819014 13 0 1 20 1  0
16.6425 7858240 482.81 12 459 10.0756 66 7815246 7817996 13 0 1 20 1  0
11.4994 7815052 480.157 3 1041 34.2925 17 7815048 7815065 13 0 1 20 1  0
0 7600128 466.952 7 1026 33.3459 154 7815091 7815565 13 0 1 20 1  0
10.0907 7814844 480.144 3 1041 34.2925 1 7814844 7814845 13 0 1 20 1  0
10.2641 7814792 480.141 3 1067 35.9911 1 7814792 7814793 13 0 1 20 1  0
10.2465 7814415 480.118 4 1186 44.8015 3 7813790 7813803 13 0 1 20 1  0
10.4026 7814569 480.127 3 1141 41.2574 1 7814551 7814572 13 0 1 20 1  0
10.5145 7814506 480.123 3 1148 41.7909 2 7814505 7814508 13 0 1 20 1  0
10.5365 7813205 480.043 3 1225 48.103 1 7813203 7813206 13 0 1 20 1  0
10.0836 7812871 480.023 3 1255 50.7984 1 7812871 7812872 13 0 1 20 1  0
10.916 7812673 480.011 4 1352 60.5392 5 7811904 7811906 13 0 1 20 1  0
10.2265 7812784 480.017 3 1285 53.6376 3 7812784 7812786 13 0 1 20 1  0
10.075 7811787 479.956 3 1386 64.3622 1 7811787 7811789 13 0 1 20 1  0
10.7394 7811307 479.927 3 1439 70.7938 3 7811306 7811326 13 0 1 20 1  0
10.2169 7811165 479.918 3 1423 68.789 1 7811164 7811167 13 0 1 20 1  0
10.0774 7806067 479.605 4 1694 111.673 1 7806067 7806068 13 0 1 20 1  0
10.1796 7806421 479.626 4 1694 111.673 1 7806421 7806424 13 0 1 20 1  0
10.0403 7797485 479.077 4 2080 221.827 1 7797485 7797486 13 0 1 20 1  0
14.6315 7797738 479.093 12 2101 230.254 31 7792764 7800894 13 0 1 20 1  0
10.0976 7798421 479.135 4 2090 225.801 1 7798421 7798422 13 0 1 20 1  0
10.6479 7797244 479.063 4 2093 227.006 1 7797242 7797246 13 0 1 20 1  0
0 7600128 466.952 4 2093 227.006 9 7797770 7797824 13 0 1 20 1  0
10.6136 7797816 479.098 5 2093 227.006 2 7797231 7797254 13 0 1 20 1  0
10.2817 7796716 479.03 4 2101 230.254 2 7796715 7796717 13 0 1 20 1  0
10.0479 7796379 479.01 4 2114 235.629 1 7796378 7796380 13 0 1 20 1  0
10.1073 7795903 478.98 5 2162 256.586 1 7795901 7795904 13 0 1 20 1  0
11.4807 7877419 483.989 6 2107 232.719 10 7876312 7876393 13 0 1 20 1  0
0 7862272 483.058 6 2107 232.719 2 7876720 7876739 13 0 1 20 1  0
10.7462 8096858 497.471 12 3090 1330.79 5 8095362 8098022 13 0 1 20 1  0
10.1785 8336690 512.206 4 1656 104.359 1 8336690 8336691 13 0 1 20 1  0
10.0278 8335375 512.125 5 1660 105.106 1 8335374 8335376 13 0 1 20 1  0
10.7769 8370969 514.312 8 2811 811.39 9 8369918 8372007 13 0 1 20 1  0
0 8124416 499.164 8 2808 807.084 2 8371381 8372191 13 0 1 20 1  0
15.6109 8386560 515.27 12 2888 930.11 41 8384084 8386562 13 0 1 20 1  0
14.097 8506377 522.632 11 199 4.00631 27 8504837 8506900 13 0 1 20 1  0
10.0505 8452475 519.32 4 1800 134.871 1 8452475 8452476 13 0 1 20 1  0
10.25 8451932 519.287 4 1812 137.781 1 8451930 8451934 13 0 1 20 1  0
10.6281 8449998 519.168 5 1884 156.602 1 8449988 8450015 13 0 1 20 1  0
10.1016 8447955 519.042 6 1945 174.534 1 8447946 8447964 13 0 1 20 1  0
10.2496 8447676 519.025 5 1956 177.979 1 8447674 8447678 13 0 1 20 1  0
10.0863 8418877 517.256 6 1996 191.086 1 8418873 8418881 13 0 1 20 1  0
13.8809 8415615 517.055 7 2131 242.849 273 8414550 8417056 13 0 1 20 1  0
0 8386560 515.27 6 2005 194.166 301 8418215 8418842 13 0 1 20 1  0
10.4924 8414307 516.975 5 2165 257.956 1 8414304 8414312 13 0 1 20 1  0
10.1689 8414514 516.988 5 2177 263.509 2 8414511 8414516 13 0 1 20 1  0
10.8575 8413529 516.927 6 2202 275.464 1 8413486 8413664 13 0 1 20 1  0
10.4317 8389514 515.452 5 2309 333.062 1 8389510 8389520 13 0 1 20 1  0
10.4154 8389863 515.473 6 2313 335.434 2 8389837 8389879 13 0 1 20 1  0
12.4991 8420889 517.379 7 2573 532 47 8417736 8421315 13 0 1 20 1  0
22.0022 8386560 515.27 12 2733 706.566 306 8386560 8388496 13 0 1 20 1  0
10.3302 8410712 516.754 7 2658 618.565 2 8410695 8410723 13 0 1 20 1  0
10.4296 8389622 515.458 5 2682 645.462 1 8389618 8389627 13 0 1 20 1  0
13.8632 8402780 516.267 12 3109 1376.39 5 8398820 8405238 13 0 1 20 1  0
10.1202 8387020 515.298 11 3242 1742.49 1 8386973 8387302 13 0 1 20 1  0
11.1059 8659558 532.043 12 149 2.97344 1 8659202 8661904 13 0 1 20 1  0
11.611 8812314 541.429 12 1865 151.4 11 8809888 8814378 13 0 1 20 1  0
10.3296 8813007 541.471 6 1827 141.507 1 8812400 8812439 13 0 1 20 1  0
0 8648704 531.376 6 1827 141.507 1 8812930 8813046 13 0 1 20 1  0
10.141 8812718 541.453 5 1841 145.075 1 8812717 8812720 13 0 1 20 1  0
11.4899 8910760 547.477 12 3035 1207.12 2 8909484 8910850 13 0 1 20 1  0
12.3732 9021858 554.303 12 128 2.54694 5 9019852 9025150 13 0 1 20 1  0
11.3667 9017842 554.056 12 732 18.8197 4 9017176 9019894 13 0 1 20 1  0
10.0709 9102135 559.235 4 1411 67.3218 1 9102135 9102137 13 0 1 20 1  0
0 8910848 547.482 4 1411 67.3218 1 9102397 9102398 13 0 1 20 1  0
10.2853 9102388 559.251 2 1413 67.5642 1 9102388 9102389 13 0 1 20 1  0
10.8165 9107408 559.559 7 2836 848.173 3 9107382 9107423 13 0 1 20 1  0
10.3853 9107214 559.547 12 2837 849.679 1 9106492 9108404 13 0 1 20 1  0
11.9691 9260505 568.965 7 0 0 2 9260486 9260527 13 0 1 20 1  0
10.632 9360426 575.105 12 184 3.69356 1 9360346 9363720 13 0 1 20 1  0
10.6504 9304883 571.692 8 2364 367.2 7 9304516 9306487 13 0 1 20 1  0
0 9172992 563.589 5 2289 321.45 4 9302591 9302597 13 0 1 20 1  0
10.9886 9307214 571.835 5 2323 341.438 2 9307209 9307224 13 0 1 20 1  0
11.4716 9287217 570.607 9 2646 605.539 1 9285676 9288636 13 0 1 20 1  0
12.4379 9278051 570.043 10 2718 688.018 2 9271517 9273807 13 0 1 20 1  0
14.2271 9183428 564.23 10 3129 1426.08 78 9180479 9185070 13 0 1 20 1  0
11.822 9266278 569.32 7 2822 827.374 12 9266074 9266455 13 0 1 20 1  0
10.8619 9249532 568.291 8 2933 1007.38 2 9249431 9249593 13 0 1 20 1  0
12.3606 9205505 565.586 11 3011 1156.82 18 9199169 9207388 13 0 1 20 1  0
14.1416 9239525 567.676 9 3042 1222.2 53 9231285 9241298 13 0 1 20 1  0
10.1142 9242193 567.84 5 3027 1190.11 1 9242188 9242194 13 0 1 20 1  0
10.3243 9240533 567.738 3 3036 1209.26 1 9240533 9240534 13 0 1 20 1  0
10.9472 9218257 566.37 9 3127 1421.03 2 9183483 9184107 13 0 1 20 1  0
10.1394 9204234 565.508 5 3187 1580.57 1 9204234 9204235 13 0 1 20 1  0
10.1414 9204763 565.541 5 3188 1583.37 1 9204763 9204766 13 0 1 20 1  0
11.2513 9671278 594.203 6 0 0 5 9671267 9671287 13 0 1 20 1  0
11.5857 9627440 591.51 11 126 2.50651 2 9626731 9629107 13 0 1 20 1  0
22.7316 9662956 593.692 12 1648 102.881 7905 9659520 9667078 13 0 1 20 1  0
11.3957 9668780 594.05 3 749 19.4868 5 9668777 9668786 13 0 1 20 1  0
0 9435136 579.695 3 1019 32.9122 56686 9668539 9668565 13 0 1 20 1  0
11.5583 9669459 594.092 3 1029 33.5333 2 9668005 9668011 13 0 1 20 1  0
10.1658 9669037 594.066 3 1036 33.9743 1 9669037 9669038 13 0 1 20 1  0
10.4215 9669090 594.069 1 1103 38.4702 1 9669090 9669091 13 0 1 20 1  0
12.0695 9667852 593.993 1 1289 54.0274 1 9665785 9665788 13 0 1 20 1  0
10.6881 9664890 593.811 2 1380 63.671 24 9664890 9664891 13 0 1 20 1  0
12.2364 9664104 593.763 2 1596 93.7635 44 9662094 9662107 13 0 1 20 1  0
10.9364 9664794 593.805 1 1400 66.0036 25 9664794 9664795 13 0 1 20 1  0
10.3112 9664534 593.789 1 1427 69.2849 1 9664534 9664535 13 0 1 20 1  0
11.0377 9664105 593.763 1 1596 93.7635 3 9663615 9663617 13 0 1 20 1  0
11.1165 9663814 593.745 1 1614 96.8254 3 9662960 9662961 13 0 1 20 1  0
10.2702 9664175 593.767 3 1437 70.5401 2 9664175 9664176 13 0 1 20 1  0
10.1686 9663981 593.755 3 1461 73.6439 6 9663981 9663982 13 0 1 20 1  0
10.7043 9664406 593.781 1 1443 71.3039 1 9664406 9664407 13 0 1 20 1  0
10.1021 9663869 593.748 3 1445 71.5602 1 9663869 9663870 13 0 1 20 1  0
10.4532 9664144 593.765 2 1453 72.5947 1 9664144 9664145 13 0 1 20 1  0
10.0649 9664363 593.778 1 1455 72.8557 1 9664363 9664364 13 0 1 20 1  0
10.085 9663799 593.744 2 1458 73.2487 1 9663799 9663800 13 0 1 20 1  0
10.0623 9661646 593.612 1 1641 101.604 2 9661646 9661647 13 0 1 20 1  0
10.5145 9661371 593.595 2 1665 106.048 7 9661371 9661372 13 0 1 20 1  0
10.618 9661209 593.585 2 1724 117.804 7 9661209 9661210 13 0 1 20 1  0
10.4771 9661274 593.589 1 1654 103.988 5 9661274 9661275 13 0 1 20 1  0
10.5111 9661154 593.581 1 1650 103.249 5 9661154 9661155 13 0 1 20 1  0
10.6896 9661085 593.577 1 1671 107.188 7 9661085 9661086 13 0 1 20 1  0
10.6649 9660639 593.55 1 1699 112.673 13 9660639 9660640 13 0 1 20 1  0
10.9487 9661031 593.574 1 1661 105.294 4 9661031 9661032 13 0 1 20 1  0
10.7955 9660907 593.566 1 1684 109.701 7 9660907 9660908 13 0 1 20 1  0
10.4869 9660859 593.563 1 1690 110.88 4 9660859 9660860 13 0 1 20 1  0
10.421 9660837 593.562 1 1659 104.919 4 9660837 9660838 13 0 1 20 1  0
10.4065 9660374 593.533 2 1697 112.272 5 9660374 9660375 13 0 1 20 1  0
10.3167 9660538 593.543 1 1707 114.29 3 9660538 9660539 13 0 1 20 1  0
10.4236 9660421 593.536 2 1674 107.763 8 9660421 9660422 13 0 1 20 1  0
10.1015 9660280 593.528 2 1695 111.873 2 9660280 9660281 13 0 1 20 1  0
10.0722 9660129 593.518 2 1678 108.534 1 9660129 9660130 13 0 1 20 1  0
10.4249 9659949 593.507 3 1689 110.683 10 9659949 9659950 13 0 1 20 1  0
10.1185 9661430 593.598 1 1683 109.506 1 9661430 9661431 13 0 1 20 1  0
10.0941 9660029 593.512 2 1686 110.093 1 9660029 9660030 13 0 1 20 1  0
10.0818 9660192 593.522 4 1689 110.683 1 9660192 9660193 13 0 1 20 1  0
10.0572 9659859 593.502 3 1693 111.475 1 9659859 9659860 13 0 1 20 1  0
10.3293 9660613 593.548 1 1698 112.472 1 9660613 9660614 13 0 1 20 1  0
10.741 9653235 593.095 4 2141 247.198 2 9653234 9653239 13 0 1 20 1  0
10.0445 9652751 593.065 4 2153 252.52 1 9652751 9652752 13 0 1 20 1  0
10.6867 9648022 592.774 12 2243 296.254 2 9646888 9649370 13 0 1 20 1  0
11.72 9733548 598.029 11 184 3.69356 10 9733439 9733701 13 0 1 20 1  0
14.0764 9946244 611.097 12 2711 679.529 15 9940980 9950146 13 0 1 20 1  0
10.7528 10409289 639.547 8 0 0 1 10409258 10409403 13 0 1 20 1  0
10.1898 10445964 641.8 10 239 4.85462 1 10445925 10445986 13 0 1 20 1  0
10.5987 10407000 639.406 12 273 5.59455 1 10406904 10407530 13 0 1 20 1  0
11.9158 10675111 655.879 8 209 4.21635 43 10675070 10675161 13 0 1 20 1  0
0 10483712 644.119 8 209 4.21635 6 10695928 10695963 13 0 1 20 1  0
10.0898 10484660 644.177 6 2229 288.985 1 10484660 10484663 13 0 1 20 1  0
11.8421 10995940 675.591 12 294 6.06149 12 10995494 10997194 13 0 1 20 1  0
10.1842 10994662 675.512 12 736 18.9751 2 10994444 10994868 13 0 1 20 1  0
10.1364 10962855 673.558 5 2246 297.835 1 10962854 10962857 13 0 1 20 1  0
10.9325 11139574 684.415 7 0 0 1 11139562 11139590 13 0 1 20 1  0
10.0208 11138826 684.369 10 201 4.04822 1 11138822 11138835 13 0 1 20 1  0
10.4008 11102338 682.128 11 212 4.27962 2 11102274 11102414 13 0 1 20 1  0
10.0176 11099420 681.948 12 791 21.2122 1 11099406 11099464 13 0 1 20 1  0
10.1231 11097845 681.852 2 1204 46.2977 1 11097845 11097846 13 0 1 20 1  0
11.1761 11097380 681.823 12 1291 54.2234 2 11096138 11098354 13 0 1 20 1  0
10.071 11097414 681.825 2 1297 54.8153 1 11097414 11097416 13 0 1 20 1  0
10.1538 11096331 681.759 2 1457 73.1175 1 11096331 11096332 13 0 1 20 1  0
11.3151 11096389 681.762 4 1535 84.0796 1 11093711 11093763 13 0 1 20 1  0
0 11008000 676.331 4 1535 84.0796 608 11093840 11093851 13 0 1 20 1  0
10.0534 11096168 681.749 3 1553 86.8298 1 11096168 11096169 13 0 1 20 1  0
13.593 11093475 681.583 6 1620 97.8679 180 11091892 11095402 13 0 1 20 1  0
10.0703 11095489 681.707 3 1557 87.4529 1 11095488 11095490 13 0 1 20 1  0
11.3925 11095273 681.694 3 1565 88.7123 2 11093301 11093304 13 0 1 20 1  0
10.3499 11095778 681.725 3 1567 89.0299 2 11095778 11095779 13 0 1 20 1  0
10.9018 11095405 681.702 3 1587 92.2685 2 11094880 11094882 13 0 1 20 1  0
10.1061 11092533 681.525 2 1694 111.673 2 11092533 11092534 13 0 1 20 1  0
10.0584 11092562 681.527 3 1613 96.6528 1 11092562 11092563 13 0 1 20 1  0
10.132 11091922 681.488 4 1620 97.8679 1 11091922 11091923 13 0 1 20 1  0
10.0375 11092186 681.504 3 1626 98.9214 1 11092186 11092187 13 0 1 20 1  0
10.0511 11092385 681.516 3 1631 99.8078 1 11092385 11092386 13 0 1 20 1  0
10.0034 11093989 681.615 2 1644 102.15 1 11093989 11093990 13 0 1 20 1  0
10.1335 11091606 681.468 4 1658 104.732 1 11091606 11091607 13 0 1 20 1  0
10.784 11092595 681.529 2 1676 108.148 1 11092595 11092596 13 0 1 20 1  0
11.9254 11092324 681.512 3 1691 111.078 4 11091757 11091760 13 0 1 20 1  0
10.1407 11092895 681.547 2 1699 112.673 1 11092895 11092896 13 0 1 20 1  0
10.3686 11091816 681.481 4 1720 116.968 1 11091814 11091819 13 0 1 20 1  0
10.3416 11091693 681.474 3 1725 118.014 1 11091692 11091694 13 0 1 20 1  0
10.7816 11089367 681.331 3 1807 136.561 1 11089364 11089369 13 0 1 20 1  0
10.0069 11090077 681.374 2 1818 139.26 1 11090077 11090078 13 0 1 20 1  0
10.6507 11088775 681.294 2 1819 139.508 1 11088775 11088776 13 0 1 20 1  0
10.2748 11090028 681.371 2 1819 139.508 1 11090028 11090030 13 0 1 20 1  0
10.3517 11088821 681.297 3 1819 139.508 1 11088820 11088823 13 0 1 20 1  0
10.3228 11089020 681.309 2 1823 140.504 2 11089020 11089021 13 0 1 20 1  0
10.8021 11089979 681.368 2 1823 140.504 1 11089804 11089815 13 0 1 20 1  0
11.7715 11089498 681.339 4 1824 140.754 2 11088427 11088466 13 0 1 20 1  0
10.1525 11088366 681.269 2 1828 141.759 1 11088366 11088367 13 0 1 20 1  0
10.2153 11088715 681.291 2 1828 141.759 1 11088715 11088716 13 0 1 20 1  0
10.3724 11088410 681.272 2 1838 144.303 1 11088410 11088411 13 0 1 20 1  0
10.8165 11008125 676.339 9 3236 1724.05 3 11008000 11009433 13 0 1 20 1  0
24.2428 11527596 708.255 12 274 5.61661 951 11524386 11530578 13 0 1 20 1  0
0 11270144 692.438 12 215 4.343 5 11525276 11528868 13 0 1 20 1  0
10.0088 11525229 708.11 2 737 19.0141 1 11525229 11525230 13 0 1 20 1  0
10.4329 11524573 708.07 2 965 29.7326 1 11524573 11524574 13 0 1 20 1  0
10.3131 11524750 708.081 2 965 29.7326 1 11524750 11524751 13 0 1 20 1  0
10.0558 11525207 708.109 2 976 30.3573 1 11525207 11525208 13 0 1 20 1  0
10.0315 11524016 708.036 2 979 30.5296 1 11524016 11524017 13 0 1 20 1  0
10.0829 11525139 708.104 2 979 30.5296 1 11525139 11525140 13 0 1 20 1  0
10.1722 11523941 708.031 3 1129 40.3576 4 11523940 11523942 13 0 1 20 1  0
10.9183 11523755 708.019 4 1170 43.5098 7 11523742 11523763 13 0 1 20 1  0
0 11270144 692.438 4 1170 43.5098 4 11523811 11523848 13 0 1 20 1  0
10.5879 11522439 707.939 2 1209 46.7216 1 11522439 11522440 13 0 1 20 1  0
10.292 11523616 708.011 3 1214 47.1492 2 11523616 11523617 13 0 1 20 1  0
10.1203 11520013 707.79 2 1452 72.4646 1 11520013 11520014 13 0 1 20 1  0
10.7827 11519998 707.789 2 1456 72.9865 2 11519998 11519999 13 0 1 20 1  0
10.257 11520239 707.803 3 1461 73.6439 1 11520239 11520240 13 0 1 20 1  0
10.2074 11520194 707.801 3 1466 74.3071 1 11520194 11520196 13 0 1 20 1  0
10.0155 11519913 707.783 3 1467 74.4404 1 11519913 11519914 13 0 1 20 1  0
0 11270144 692.438 3 1467 74.4404 1 11520283 11520284 13 0 1 20 1  0
11.5561 11518926 707.723 3 1889 158 23 11518279 11518299 13 0 1 20 1  0
12.3681 11518720 707.71 5 1883 156.324 39 11518231 11519063 13 0 1 20 1  0
0 11270144 692.438 4 1864 151.131 100 11518614 11518620 13 0 1 20 1  0
10.398 11518043 707.669 3 1883 156.324 4 11518043 11518044 13 0 1 20 1  0
11.5762 11518130 707.674 3 1915 165.473 15 11517597 11517613 13 0 1 20 1  0
10.3904 11517821 707.655 3 1900 161.12 1 11517821 11517822 13 0 1 20 1  0
10.4012 11517961 707.664 4 1905 162.558 1 11517959 11517968 13 0 1 20 1  0
10.1089 11517462 707.633 3 1915 165.473 1 11517462 11517463 13 0 1 20 1  0
10.094 11517775 707.652 3 1937 172.071 1 11517775 11517776 13 0 1 20 1  0
10.0755 11520104 707.795 3 2053 211.443 1 11520104 11520105 13 0 1 20 1  0
10.1195 11532288 708.544 12 2805 802.802 1 11532024 11532290 13 0 1 20 1  0
10.0507 11532286 708.544 7 2809 808.517 1 11532286 11532287 13 0 1 20 1  0
14.27 11607274 713.151 8 0 0 37 11538267 11539297 13 0 1 20 1  0
0 11532288 708.544 7 0 0 60 11629955 11629975 13 0 1 20 1  0
10.06 11714288 719.726 11 111 2.20423 1 11714273 11714309 13 0 1 20 1  0
14.949 11631130 714.617 12 202 4.06919 92 11629816 11632932 13 0 1 20 1  0
12.5206 11612339 713.462 9 3247 1758.01 11 11532288 11533253 13 0 1 20 1  0
0 11532288 708.544 11 3244 1748.68 3 11612126 11615092 13 0 1 20 1  0
12.5705 11563614 710.468 10 3309 1962.32 2 11562154 11568006 13 0 1 20 1  0
11.1531 11973458 735.649 8 198 3.98538 24 11973426 11973498 13 0 1 20 1  0
0 11794432 724.65 8 183 3.6728 15 11983572 11983618 13 0 1 20 1  0
17.0505 12259734 753.238 12 174 3.4865 97 12258354 12262034 13 0 1 20 1  0
11.3199 12249524 752.611 8 221 4.47014 31 12249483 12249568 13 0 1 20 1  0
0 12056576 740.756 10 174 3.4865 3 12260199 12261305 13 0 1 20 1  0
11.1197 12081530 742.289 9 510 11.4739 46 12081433 12081642 13 0 1 20 1  0
0 12056576 740.756 3 550 12.6356 2 12081657 12081659 13 0 1 20 1  0
10.0114 12081307 742.275 2 578 13.4863 1 12081307 12081308 13 0 1 20 1  0
10.1199 12081153 742.266 2 585 13.7041 1 12081153 12081154 13 0 1 20 1  0
10.0277 12081080 742.262 3 635 15.323 1 12081078 12081082 13 0 1 20 1  0
10.1458 12255880 753.001 12 1146 41.6378 3 12255744 12256320 13 0 1 20 1  0
10.1482 12256814 753.059 2 1145 41.5615 1 12256814 12256815 13 0 1 20 1  0
10.3591 12256591 753.045 2 1169 43.4303 1 12256590 12256592 13 0 1 20 1  0
10.422 12255518 752.979 2 1263 51.5411 4 12255517 12255520 13 0 1 20 1  0
0 12056576 740.756 2 1263 51.5411 1 12255811 12255812 13 0 1 20 1  0
11.3751 12252055 752.766 4 1514 80.979 33 12214752 12214753 13 0 1 20 1  0
0 12056576 740.756 4 1499 78.8333 49 12252513 12252514 13 0 1 20 1  0
10.2317 12214541 750.461 2 1523 82.2938 3 12214541 12214542 13 0 1 20 1  0
11.0266 12251873 752.755 3 1535 84.0796 7 12251871 12251898 13 0 1 20 1  0
10.2774 12214645 750.468 3 1526 82.7367 1 12214645 12214646 13 0 1 20 1  0
10.4496 12251325 752.721 2 1529 83.182 2 12251325 12251326 13 0 1 20 1  0
10.4435 12251171 752.712 2 1540 84.8348 1 12251171 12251172 13 0 1 20 1  0
10.7159 12251794 752.75 2 1550 86.3654 1 12251794 12251796 13 0 1 20 1  0
10.075 12251649 752.741 3 1552 86.6747 2 12251649 12251650 13 0 1 20 1  0
10.2171 12251620 752.74 2 1557 87.4529 1 12251620 12251621 13 0 1 20 1  0
10.0705 12251238 752.716 3 1557 87.4529 1 12251238 12251239 13 0 1 20 1  0
10.6157 12250912 752.696 2 1562 88.2379 1 12250912 12250913 13 0 1 20 1  0
10.3832 12534234 770.103 12 2867 896.108 1 12533324 12534994 13 0 1 20 1  0
10.4068 12497808 767.865 11 3072 1288.98 1 12497469 12498132 13 0 1 20 1  0
26.1486 12601386 774.229 12 211 4.25852 13036 12599382 12603686 13 0 1 20 1  0
0 12580864 772.968 7 0 0 3 12603049 12603711 13 0 1 20 1  0
0 12580864 772.968 12 202 4.06919 22 12808512 12811710 13 0 1 20 1  0
0 12580864 772.968 6 534 12.1636 44235 12600414 12600467 13 0 1 20 1  0
10.0935 12600641 774.183 1 593 13.9555 2 12599914 12599916 13 0 1 20 1  0
10.0005 12600574 774.179 1 608 14.4347 1 12600574 12600575 13 0 1 20 1  0
10.1371 12600347 774.165 1 725 18.55 1 12599348 12599349 13 0 1 20 1  0
12.6025 12596351 773.92 2 1310 56.1192 7 12595594 12595598 13 0 1 20 1  0
13.4648 12596130 773.906 2 1309 56.0178 14 12595552 12595566 13 0 1 20 1  0
10.3589 12596202 773.911 1 1258 51.0757 4 12596202 12596203 13 0 1 20 1  0
10.5612 12596063 773.902 2 1241 49.5231 5 12596063 12596064 13 0 1 20 1  0
11.4274 12596046 773.901 2 1321 57.2457 2 12595687 12595689 13 0 1 20 1  0
10.7572 12595940 773.895 1 1327 57.8694 4 12595642 12595643 13 0 1 20 1  0
13.1147 12595967 773.896 2 1325 57.6608 11 12595415 12595416 13 0 1 20 1  0
10.5823 12595905 773.892 1 1263 51.5411 1 12595905 12595906 13 0 1 20 1  0
11.0096 12595772 773.884 1 1289 54.0274 12 12595772 12595773 13 0 1 20 1  0
11.0323 12595704 773.88 1 1304 55.5137 49 12595704 12595705 13 0 1 20 1  0
10.9798 12595743 773.882 1 1294 54.5185 4 12595743 12595744 13 0 1 20 1  0
11.4593 12595894 773.892 1 1326 57.765 2 12595446 12595448 13 0 1 20 1  0
10.3466 12595878 773.891 1 1286 53.7348 5 12595878 12595879 13 0 1 20 1  0
10.0712 12595952 773.895 1 1277 52.8659 1 12595952 12595953 13 0 1 20 1  0
10.3166 12595867 773.89 1 1280 53.154 1 12595867 12595868 13 0 1 20 1  0
10.15 12595856 773.889 1 1281 53.2504 1 12595856 12595857 13 0 1 20 1  0
10.4678 12595539 773.87 2 1292 54.3216 1 12595539 12595540 13 0 1 20 1  0
10.993 12596025 773.9 1 1314 56.5263 2 12595678 12595680 13 0 1 20 1  0
10.1505 12595498 773.867 1 1322 57.3492 4 12595498 12595499 13 0 1 20 1  0
10.1746 12595999 773.898 1 1301 55.2133 1 12595999 12596000 13 0 1 20 1  0
10.1245 12595502 773.868 2 1316 56.731 4 12595502 12595503 13 0 1 20 1  0
10.402 12595434 773.863 2 1308 55.9167 1 12595434 12595435 13 0 1 20 1  0
10.3269 12595134 773.845 2 1323 57.4529 3 12595134 12595135 13 0 1 20 1  0
10.0768 12593892 773.769 1 1465 74.174 1 12593892 12593893 13 0 1 20 1  0
10.3632 12593806 773.763 1 1469 74.7078 4 12593806 12593807 13 0 1 20 1  0
11.0007 12593776 773.762 1 1467 74.4404 3 12593776 12593777 13 0 1 20 1  0
10.0744 12593476 773.743 1 1501 79.1161 2 12593476 12593477 13 0 1 20 1  0
10.2278 12593529 773.746 3 1475 75.5156 2 12593529 12593530 13 0 1 20 1  0
10.9061 12593653 773.754 2 1484 76.7434 8 12593653 12593654 13 0 1 20 1  0
10.1657 12593340 773.735 2 1477 75.7868 1 12593340 12593341 13 0 1 20 1  0
10.8462 12593403 773.739 1 1497 78.5515 4 12593403 12593404 13 0 1 20 1  0
10.9857 12593625 773.752 1 1482 76.4689 1 12593625 12593626 13 0 1 20 1  0
10.329 12593115 773.721 2 1498 78.6923 7 12593115 12593116 13 0 1 20 1  0
10.0973 12593558 773.748 1 1484 76.7434 1 12593558 12593559 13 0 1 20 1  0
10.7212 12593567 773.749 1 1490 77.5728 2 12593567 12593568 13 0 1 20 1  0
10.004 12593482 773.744 1 1487 77.157 1 12593482 12593483 13 0 1 20 1  0
10.0175 12593159 773.724 2 1488 77.2954 1 12593159 12593160 13 0 1 20 1  0
10.285 12593617 773.752 1 1489 77.434 1 12593617 12593618 13 0 1 20 1  0
11.1907 12592939 773.71 1 1632 99.9861 3 12591451 12591452 13 0 1 20 1  0
10.5147 12593467 773.743 1 1496 78.4109 1 12593467 12593468 13 0 1 20 1  0
10.1931 12593062 773.718 2 1496 78.4109 1 12593062 12593063 13 0 1 20 1  0
10.6429 12593434 773.741 1 1498 78.6923 1 12593434 12593435 13 0 1 20 1  0
10.6748 12593294 773.732 1 1499 78.8333 1 12593294 12593295 13 0 1 20 1  0
13.1732 12591838 773.643 3 1607 95.6231 24 12591199 12591203 13 0 1 20 1  0
15.0414 12591590 773.627 3 1608 95.794 59 12590948 12591060 13 0 1 20 1  0
10.6101 12591397 773.615 3 1600 94.4355 5 12591397 12591398 13 0 1 20 1  0
10.1713 12590808 773.579 2 1639 101.243 2 12590808 12590809 13 0 1 20 1  0
10.1134 12590998 773.591 2 1618 97.5192 1 12590998 12590999 13 0 1 20 1  0
10.1223 12590895 773.585 2 1626 98.9214 5 12590895 12590896 13 0 1 20 1  0
10.0102 12590936 773.587 3 1628 99.275 1 12590936 12590937 13 0 1 20 1  0
10.2565 12588992 773.468 1 1782 130.619 1 12588992 12588993 13 0 1 20 1  0
10.1202 12588444 773.434 2 1784 131.085 1 12588444 12588445 13 0 1 20 1  0
10.7627 12588534 773.44 1 1785 131.318 1 12588534 12588535 13 0 1 20 1  0
10.1785 12588768 773.454 2 1786 131.552 1 12588768 12588769 13 0 1 20 1  0
10.1089 12589581 773.504 2 1786 131.552 1 12589581 12589582 13 0 1 20 1  0
10.4751 12588683 773.449 1 1788 132.021 1 12588683 12588684 13 0 1 20 1  0
10.0877 12587974 773.405 3 1792 132.964 1 12587974 12587975 13 0 1 20 1  0
10.3805 12587948 773.404 2 1793 133.201 1 12587948 12587949 13 0 1 20 1  0
10.0276 12588945 773.465 2 1826 141.256 1 12588945 12588946 13 0 1 20 1  0
10.0945 12797693 786.29 2 1826 141.256 1 12797693 12797694 13 0 1 20 1  0
10.4416 12797212 786.261 2 1849 147.154 2 12797212 12797213 13 0 1 20 1  0
10.4069 12797386 786.271 2 1853 148.204 2 12797386 12797387 13 0 1 20 1  0
10.014 12797161 786.258 3 1853 148.204 1 12797161 12797162 13 0 1 20 1  0
10.0149 12796947 786.244 3 1858 149.528 1 12796947 12796948 13 0 1 20 1  0
10.4267 12797325 786.268 3 1858 149.528 1 12797019 12797020 13 0 1 20 1  0
10.0775 12796446 786.214 4 1867 151.94 1 12796446 12796447 13 0 1 20 1  0
10.3214 12795889 786.179 3 2190 269.66 1 12794489 12794492 13 0 1 20 1  0
10.0919 12581030 772.978 4 2209 278.908 13 12581030 12581031 13 0 1 20 1  0
10.0708 12795241 786.14 2 2192 270.619 1 12795241 12795242 13 0 1 20 1  0
10.1867 12795033 786.127 3 2213 280.895 1 12795033 12795034 13 0 1 20 1  0
10.1546 12794497 786.094 3 2224 286.432 1 12794496 12794498 13 0 1 20 1  0
10.7205 12794333 786.084 5 2270 310.793 2 12794327 12794338 13 0 1 20 1  0
10.4766 12792889 785.995 6 2274 313.007 4 12792881 12792896 13 0 1 20 1  0
10.0043 12791313 785.898 3 2263 306.957 1 12791313 12791314 13 0 1 20 1  0
10.2214 12793926 786.059 5 2263 306.957 1 12793925 12793941 13 0 1 20 1  0
10.026 12791598 785.916 6 2263 306.957 1 12791598 12791599 13 0 1 20 1  0
11.1323 12793539 786.035 6 2263 306.957 2 12792569 12792575 13 0 1 20 1  0
10.9885 12793316 786.021 3 2264 307.502 4 12793315 12793317 13 0 1 20 1  0
10.0423 12793085 786.007 5 2270 310.793 1 12793085 12793086 13 0 1 20 1  0
10.3668 12792426 785.967 5 2308 332.471 1 12792031 12792037 13 0 1 20 1  0
10.1104 12759012 783.914 12 2500 467.389 1 12758450 12759656 13 0 1 20 1  0
11.2465 12742572 782.904 6 2685 648.906 13 12742555 12742578 13 0 1 20 1  0
0 12580864 772.968 8 2679 642.037 1 12744105 12744134 13 0 1 20 1  0
10.3953 12734377 782.4 8 2742 717.935 1 12734266 12734724 13 0 1 20 1  0
10.7715 12730114 782.138 8 2768 751.814 2 12730092 12730891 13 0 1 20 1  0
11.6328 12843002 789.074 12 2854 875.685 2 12842090 12843010 13 0 1 20 1  0
13.8439 12718352 781.416 12 3103 1361.82 2 12710548 12721566 13 0 1 20 1  0
0 12580864 772.968 12 3105 1366.66 1 12812690 12815380 13 0 1 20 1  0
11.9927 13367294 821.286 12 2968 1071.89 1 13366420 13367298 13 0 1 20 1  0
0 13367296 821.287 8 2734 707.821 292 13502187 13503010 13 0 1 20 1  0
12.1551 13496841 829.246 2 2768 751.814 1 13496541 13496679 13 0 1 20 1  0
10.5804 13494731 829.116 3 2785 774.826 2 13494729 13494733 13 0 1 20 1  0
10.2256 13494491 829.102 3 2786 776.201 1 13494491 13494492 13 0 1 20 1  0
10.6926 13791756 847.365 12 75 1.48449 1 13790756 13794340 13 0 1 20 1  0
15.9611 13973864 858.554 12 258 5.26578 134 13970822 13975278 13 0 1 20 1  0
10.3131 13933562 856.078 8 2641 600.193 4 13933502 13933575 13 0 1 20 1  0
14.9742 14213598 873.283 9 874 24.9778 4273 14212881 14214354 13 0 1 20 1  0
0 14153728 869.605 10 136 2.70898 5 14219696 14219741 13 0 1 20 1  0
0 14153728 869.605 3 661 16.2117 2374 14214190 14214195 13 0 1 20 1  0
10.01 14212331 873.206 2 1021 33.0356 1 14212331 14212332 13 0 1 20 1  0
10.1662 14212289 873.203 3 1021 33.0356 2 14212289 14212290 13 0 1 20 1  0
10.245 14212127 873.193 3 1050 34.872 1 14212127 14212128 13 0 1 20 1  0
11.0979 14211786 873.172 4 1306 55.7148 8 14211017 14211032 13 0 1 20 1  0
10.147 14212066 873.189 2 1137 40.9554 2 14212066 14212067 13 0 1 20 1  0
10.1937 14211262 873.14 3 1230 48.5426 1 14211262 14211263 13 0 1 20 1  0
10.7909 14211587 873.16 3 1230 48.5426 7 14211416 14211417 13 0 1 20 1  0
10.0371 14211508 873.155 3 1294 54.5185 1 14211508 14211509 13 0 1 20 1  0
10.1808 14210977 873.122 2 1298 54.9145 1 14210977 14210978 13 0 1 20 1  0
10.385 14211462 873.152 3 1306 55.7148 2 14211362 14211364 13 0 1 20 1  0
10.0693 14211669 873.165 2 1303 55.4134 1 14211669 14211670 13 0 1 20 1  0
10.0386 14210735 873.108 3 1313 56.4243 1 14210735 14210736 13 0 1 20 1  0
10.3154 14210277 873.079 2 1325 57.6608 1 14210277 14210278 13 0 1 20 1  0
10.4326 14211318 873.143 2 1330 58.1837 1 14211318 14211329 13 0 1 20 1  0
11.9679 14209600 873.038 4 1576 90.4732 82 14208329 14208333 13 0 1 20 1  0
0 14153728 869.605 5 1572 89.8289 7834 14209641 14209675 13 0 1 20 1  0
10.1268 14208441 872.967 3 1586 92.1038 1 14208441 14208442 13 0 1 20 1  0
10.2449 14208572 872.975 3 1592 93.0961 1 14208572 14208573 13 0 1 20 1  0
10.9015 14208995 873.001 3 1628 99.275 7 14208995 14208997 13 0 1 20 1  0
10.0961 14208469 872.968 3 1598 94.0989 1 14208469 14208470 13 0 1 20 1  0
11.3903 14208625 872.978 3 1604 95.1124 2 14208197 14208199 13 0 1 20 1  0
10.7542 14209456 873.029 2 1607 95.6231 1 14209353 14209355 13 0 1 20 1  0
10.1811 14209135 873.009 3 1621 98.0427 1 14209135 14209136 13 0 1 20 1  0
10.3384 14208671 872.981 3 1632 99.9861 2 14208671 14208674 13 0 1 20 1  0
10.0873 14208086 872.945 3 1641 101.604 1 14208086 14208087 13 0 1 20 1  0
10.009 14206473 872.846 2 1718 116.552 1 14206473 14206474 13 0 1 20 1  0
10.3452 14206530 872.849 2 1735 120.135 1 14206530 14206532 13 0 1 20 1  0
10.3308 14206181 872.828 2 1755 124.49 1 14206181 14206182 13 0 1 20 1  0
10.1787 14205366 872.778 2 1763 126.276 1 14205366 14205367 13 0 1 20 1  0
10.1425 14205132 872.763 2 1770 127.859 1 14205132 14205133 13 0 1 20 1  0
10.7709 14199843 872.438 2 1929 169.642 10 14199843 14199844 13 0 1 20 1  0
10.0905 14199342 872.408 2 1945 174.534 3 14199342 14199343 13 0 1 20 1  0
10.5341 14199579 872.422 2 1901 161.407 7 14199579 14199580 13 0 1 20 1  0
10.7373 14199438 872.413 2 1908 163.427 10 14199437 14199439 13 0 1 20 1  0
10.3655 14199702 872.43 2 1927 169.04 3 14199702 14199703 13 0 1 20 1  0
10.0905 14199023 872.388 3 1922 167.545 1 14199023 14199024 13 0 1 20 1  0
10.1603 14198812 872.375 3 1923 167.843 3 14198812 14198813 13 0 1 20 1  0
10.1717 14198984 872.386 3 1943 173.915 2 14198984 14198985 13 0 1 20 1  0
10.2952 14199263 872.403 3 1953 177.033 3 14199263 14199264 13 0 1 20 1  0
10.0204 14199137 872.395 3 1928 169.341 1 14199137 14199138 13 0 1 20 1  0
10.0255 14198592 872.361 3 1930 169.944 1 14198592 14198593 13 0 1 20 1  0
10.0149 14198750 872.371 3 1934 171.156 1 14198750 14198751 13 0 1 20 1  0
10.1862 14198639 872.364 2 1944 174.224 1 14198639 14198640 13 0 1 20 1  0
10.9147 14198691 872.368 2 1944 174.224 1 14198690 14198693 13 0 1 20 1  0
12.949 14415876 885.711 12 3004 1142.55 2 14415872 14417630 13 0 1 20 1  0
10.8059 14416281 885.736 8 3004 1142.55 1 14416121 14416629 13 0 1 20 1  0
10.5797 15308180 940.535 12 1204 46.2977 2 15307746 15308734 13 0 1 20 1  0
11.13 15464579 950.144 7 2584 542.482 1 15464509 15464598 13 0 1 20 1  0
10.3426 15464450 950.136 12 2839 852.698 1 15464448 15464732 13 0 1 20 1  0
11.1225 15952917 980.147 9 141 2.81052 3 15942473 15942539 13 0 1 20 1  0
0 15726592 966.242 9 138 2.74957 3 15952881 15952968 13 0 1 20 1  0
11.0775 15940202 979.366 12 577 13.4553 1 15939858 15940464 13 0 1 20 1  0
11.3471 15973558 981.415 7 2776 762.557 3 15973348 15974007 13 0 1 20 1  0
11.8057 15988728 982.347 12 3296 1917.6 1 15986946 15988738 13 0 1 20 1  0
10.1333 16251183 998.473 3 1821 140.005 1 16251183 16251184 13 0 1 20 1  0
10.0973 16251398 998.486 3 1821 140.005 1 16251398 16251399 13 0 1 20 1  0
11.5265 16513112 1014.57 12 225 4.55518 3 16513024 16514230 13 0 1 20 1  0
11.105 16740798 1028.55 7 3084 1316.7 13 16740326 16740382 13 0 1 20 1  0
0 16513024 1014.56 7 3084 1316.7 5 16740783 16740888 13 0 1 20 1  0
12.4343 16854316 1035.53 12 157 3.13695 6 16852908 16859440 13 0 1 20 1  0
10.3685 16853978 1035.51 12 459 10.0756 1 16853604 16856488 13 0 1 20 1  0
10.2531 16855518 1035.6 12 734 18.8973 1 16853608 16855932 13 0 1 20 1  0
11.2281 17204685 1057.06 9 143 2.8512 8 17204640 17204724 13 0 1 20 1  0
11.9823 17136423 1052.86 8 193 3.88089 57 17136351 17136478 13 0 1 20 1  0
0 17037312 1046.77 8 193 3.88089 5 17204425 17204432 13 0 1 20 1  0
10.2596 17212150 1057.51 9 375 7.94685 4 17212120 17212189 13 0 1 20 1  0
10.5908 17037342 1046.77 7 2718 688.018 4 17037316 17037412 13 0 1 20 1  0
10.5941 17054995 1047.86 11 2776 762.557 2 17054503 17056129 13 0 1 20 1  0
10.0165 17085725 1049.75 10 2986 1106.65 1 17085724 17085727 13 0 1 20 1  0
41.312 17822876 1095.04 12 244 4.96227 5405 17818986 17823746 13 0 1 20 1  0
0 17561600 1078.98 7 0 0 6022 17822738 17822755 13 0 1 20 1  0
11.0235 17625233 1082.89 3 3 0.059238 4 17570467 17570470 13 0 1 20 1  0
10.0698 17570466 1079.53 3 4 0.0789836 1 17570466 17570467 13 0 1 20 1  0
10.1364 17822647 1095.02 2 351 7.37298 2 17822647 17822648 13 0 1 20 1  0
10.3528 17822609 1095.02 1 364 7.68211 1 17822609 17822610 13 0 1 20 1  0
10.2602 17822600 1095.02 1 371 7.85024 2 17822600 17822601 13 0 1 20 1  0
10.5553 17822488 1095.01 2 389 8.28817 7 17822488 17822491 13 0 1 20 1  0
11.2304 17820968 1094.92 1 428 9.26654 10 17820968 17820969 13 0 1 20 1  0
10.6464 17821128 1094.93 1 419 9.03701 1 17821128 17821129 13 0 1 20 1  0
10.47 17820805 1094.91 1 424 9.16424 1 17820805 17820806 13 0 1 20 1  0
11.3859 17823074 1095.05 1 424 9.16424 1 17820947 17820948 13 0 1 20 1  0
10.6977 17823541 1095.08 2 447 9.75892 6 17823541 17823543 13 0 1 20 1  0
12.6251 17823315 1095.06 2 566 13.1178 23 17819820 17819822 13 0 1 20 1  0
10.191 17822344 1095 1 461 10.1288 1 17822344 17822345 13 0 1 20 1  0
10.5626 17821369 1094.94 1 465 10.2356 1 17821369 17821370 13 0 1 20 1  0
10.1722 17822240 1095 1 476 10.532 1 17822240 17822241 13 0 1 20 1  0
10.4246 17823439 1095.07 2 488 10.8599 3 17823438 17823440 13 0 1 20 1  0
10.1901 17823450 1095.07 1 478 10.5863 1 17823450 17823451 13 0 1 20 1  0
10.3146 17823412 1095.07 1 495 11.0534 4 17823412 17823413 13 0 1 20 1  0
10.0723 17822721 1095.03 1 529 12.0181 1 17822721 17822722 13 0 1 20 1  0
10.8938 17822621 1095.02 1 550 12.6356 2 17822073 17822075 13 0 1 20 1  0
11.8049 17823064 1095.05 1 586 13.7353 2 17822009 17822015 13 0 1 20 1  0
12.2782 17823290 1095.06 1 561 12.966 2 17821979 17821980 13 0 1 20 1  0
12.1288 17819817 1094.85 1 575 13.3936 3 17819817 17819818 13 0 1 20 1  0
10.2044 17821306 1094.94 1 593 13.9555 1 17821306 17821307 13 0 1 20 1  0
10.7827 17821263 1094.94 1 601 14.2098 3 17821263 17821264 13 0 1 20 1  0
13.2507 17823227 1095.06 2 598 14.1141 1 17820746 17820747 13 0 1 20 1  0
10.0453 17820364 1094.88 2 601 14.2098 1 17820364 17820365 13 0 1 20 1  0
14.1014 17822554 1095.02 2 651 15.8659 8 17820538 17820553 13 0 1 20 1  0
11.3203 17821060 1094.93 2 611 14.5317 2 17821059 17821062 13 0 1 20 1  0
10.2847 17822972 1095.04 1 613 14.5966 2 17822972 17822973 13 0 1 20 1  0
11.2589 17822674 1095.03 1 616 14.6943 1 17821871 17821872 13 0 1 20 1  0
10.3619 17820256 1094.88 1 619 14.7925 9 17820256 17820257 13 0 1 20 1  0
11.8809 17823254 1095.06 1 627 15.0562 1 17820922 17820923 13 0 1 20 1  0
11.8966 17822303 1095 1 633 15.2561 1 17820933 17820935 13 0 1 20 1  0
11.8298 17823183 1095.06 1 634 15.2895 2 17821919 17821920 13 0 1 20 1  0
11.2708 17822870 1095.04 1 637 15.3902 1 17821945 17821946 13 0 1 20 1  0
12.6223 17822834 1095.03 1 652 15.9003 1 17821874 17821875 13 0 1 20 1  0
11.7439 17822489 1095.01 1 655 16.0036 1 17820918 17820919 13 0 1 20 1  0
10.6663 17822844 1095.04 1 656 16.0382 1 17820849 17820852 13 0 1 20 1  0
10.2887 17820283 1094.88 2 659 16.1421 1 17820283 17820284 13 0 1 20 1  0
11.744 17822757 1095.03 1 673 16.6333 1 17820789 17820793 13 0 1 20 1  0
11.5274 17821388 1094.95 2 709 17.9442 13 17820733 17820737 13 0 1 20 1  0
10.4147 17822742 1095.03 1 709 17.9442 1 17822009 17822010 13 0 1 20 1  0
10.6803 17822358 1095.01 1 712 18.0567 1 17822002 17822003 13 0 1 20 1  0
10.1338 17820422 1094.89 1 715 18.1697 1 17820422 17820423 13 0 1 20 1  0
10.7411 17822366 1095.01 1 791 21.2122 2 17822366 17822367 13 0 1 20 1  0
10.0484 17821150 1094.93 1 727 18.6267 1 17821150 17821151 13 0 1 20 1  0
10.0166 17822343 1095 1 782 20.8329 1 17822343 17822344 13 0 1 20 1  0
10.4094 17822326 1095 2 799 21.5539 1 17822326 17822327 13 0 1 20 1  0
11.3085 17821308 1094.94 2 892 25.8629 3 17821307 17821309 13 0 1 20 1  0
10.2972 17821045 1094.92 2 897 26.1134 1 17821045 17821046 13 0 1 20 1  0
10.9188 17820608 1094.9 3 968 29.9019 6 17820607 17820610 13 0 1 20 1  0
13.1542 17819942 1094.86 4 1546 85.7499 129 17817554 17817556 13 0 1 20 1  0
0 17561600 1078.98 3 1522 82.1467 483 17820039 17820040 13 0 1 20 1  0
10.4617 17820431 1094.89 4 1528 83.0333 1 17819922 17819967 13 0 1 20 1  0
10.2371 17820376 1094.88 2 1531 83.4801 1 17820376 17820377 13 0 1 20 1  0
10.2942 17820291 1094.88 2 1538 84.5319 1 17820291 17820292 13 0 1 20 1  0
10.855 17819704 1094.84 3 1578 90.797 6 17819703 17819706 13 0 1 20 1  0
10.1912 17818483 1094.77 3 1548 86.0571 1 17818483 17818484 13 0 1 20 1  0
10.7055 17817659 1094.72 4 1620 97.8679 2 17815693 17815698 13 0 1 20 1  0
12.3929 17818610 1094.78 2 1566 88.871 5 17818610 17818612 13 0 1 20 1  0
10.0145 17819481 1094.83 3 1560 87.9231 1 17819481 17819482 13 0 1 20 1  0
10.0229 17818173 1094.75 2 1570 89.5085 1 17818173 17818174 13 0 1 20 1  0
11.5925 17819508 1094.83 3 1573 89.9895 2 17817917 17817923 13 0 1 20 1  0
12.185 17817155 1094.69 4 1629 99.4523 26 17815795 17815836 13 0 1 20 1  0
11.3562 17818014 1094.74 3 1584 91.7754 3 17816767 17816768 13 0 1 20 1  0
10.0664 17817911 1094.73 3 1574 90.1505 1 17817911 17817912 13 0 1 20 1  0
10.1334 17819388 1094.82 3 1574 90.1505 1 17819388 17819389 13 0 1 20 1  0
11.2886 17819602 1094.84 3 1577 90.6349 1 17816727 17816734 13 0 1 20 1  0
10.0128 17819138 1094.81 2 1578 90.797 1 17819138 17819139 13 0 1 20 1  0
10.1651 17818429 1094.76 4 1580 91.122 3 17818428 17818431 13 0 1 20 1  0
10.063 17819274 1094.82 3 1581 91.2849 1 17819274 17819275 13 0 1 20 1  0
10.2645 17817331 1094.7 2 1584 91.7754 2 17817331 17817332 13 0 1 20 1  0
11.4486 17815854 1094.61 3 1628 99.275 15 17815853 17815857 13 0 1 20 1  0
10.0434 17818544 1094.77 2 1585 91.9395 1 17818544 17818545 13 0 1 20 1  0
11.5212 17816151 1094.62 4 1637 100.882 9 17815670 17815692 13 0 1 20 1  0
10.4532 17817228 1094.69 4 1599 94.2671 1 17816263 17816264 13 0 1 20 1  0
10.0759 17816147 1094.62 3 1604 95.1124 1 17816147 17816148 13 0 1 20 1  0
11.7035 17816783 1094.66 3 1613 96.6528 14 17816159 17816160 13 0 1 20 1  0
10.2849 17817807 1094.73 2 1605 95.2823 1 17817807 17817810 13 0 1 20 1  0
11.8497 17816660 1094.66 3 1609 95.9651 3 17816073 17816074 13 0 1 20 1  0
10.1884 17815569 1094.59 3 1609 95.9651 1 17815569 17815570 13 0 1 20 1  0
10.319 17816631 1094.65 3 1612 96.4804 2 17816178 17816180 13 0 1 20 1  0
10.3948 17816060 1094.62 3 1634 100.343 4 17816060 17816061 13 0 1 20 1  0
11.1484 17817571 1094.71 4 1618 97.5192 1 17817193 17817286 13 0 1 20 1  0
10.2502 17818297 1094.76 3 1619 97.6934 1 17818297 17818301 13 0 1 20 1  0
11.2757 17818270 1094.75 3 1622 98.2178 1 17815956 17815988 13 0 1 20 1  0
10.3959 17815692 1094.6 3 1623 98.3932 1 17815692 17815693 13 0 1 20 1  0
10.5105 17816560 1094.65 2 1624 98.569 1 17816560 17816561 13 0 1 20 1  0
10.6839 17816421 1094.64 2 1627 99.098 2 17815874 17815884 13 0 1 20 1  0
10.3564 17816434 1094.64 2 1626 98.9214 1 17816434 17816435 13 0 1 20 1  0
10.4696 17815719 1094.6 2 1635 100.523 1 17815719 17815720 13 0 1 20 1  0
11.3633 17815643 1094.59 3 1636 100.702 2 17815534 17815536 13 0 1 20 1  0
10.2269 17816526 1094.65 3 1653 103.802 1 17816526 17816527 13 0 1 20 1  0
11.116 17814606 1094.53 2 1721 117.177 3 17814604 17814607 13 0 1 20 1  0
11.6365 17814406 1094.52 3 1730 119.07 5 17813733 17813736 13 0 1 20 1  0
11.0205 17814302 1094.51 4 1738 120.779 15 17814276 17814305 13 0 1 20 1  0
11.8672 17813075 1094.44 4 1783 130.852 26 17812490 17812492 13 0 1 20 1  0
11.0486 17813465 1094.46 3 1748 122.948 2 17813252 17813254 13 0 1 20 1  0
10.5233 17813386 1094.45 4 1751 123.607 1 17813383 17813433 13 0 1 20 1  0
10.6375 17813166 1094.44 4 1753 124.048 1 17813163 17813168 13 0 1 20 1  0
10.8585 17813641 1094.47 4 1757 124.934 6 17813616 17813648 13 0 1 20 1  0
10.705 17813010 1094.43 5 1759 125.38 2 17813007 17813017 13 0 1 20 1  0
12.3186 17812107 1094.38 3 1817 139.012 55 17812104 17812128 13 0 1 20 1  0
10.0708 17811903 1094.36 3 1822 140.254 1 17811903 17811904 13 0 1 20 1  0
10.8703 17812028 1094.37 3 1822 140.254 1 17812028 17812029 13 0 1 20 1  0
10.0476 17811849 1094.36 4 1822 140.254 1 17811849 17811850 13 0 1 20 1  0
10.1048 17811694 1094.35 4 1825 141.005 1 17811694 17811695 13 0 1 20 1  0
10.6745 17811591 1094.34 4 1855 148.732 3 17811590 17811598 13 0 1 20 1  0
10.5244 17811236 1094.32 3 1854 148.468 1 17811236 17811237 13 0 1 20 1  0
10.1947 17811319 1094.33 3 1854 148.468 1 17811319 17811321 13 0 1 20 1  0
10.4536 17811076 1094.31 3 1857 149.262 1 17811074 17811077 13 0 1 20 1  0
10.1106 17811467 1094.34 4 1859 149.794 1 17811467 17811470 13 0 1 20 1  0
10.2876 17810942 1094.3 3 1864 151.131 1 17810941 17810943 13 0 1 20 1  0
21.8397 17794584 1093.3 12 2536 498.208 3339 17773376 17775086 13 0 1 20 1  0
10.4186 17810749 1094.29 3 1992 189.733 1 17810749 17810750 13 0 1 20 1  0
10.5976 17814467 1094.52 4 2148 250.289 1 17814466 17814471 13 0 1 20 1  0
10.7626 17814415 1094.52 4 2157 254.319 1 17808048 17808050 13 0 1 20 1  0
0 17561600 1078.98 4 2157 254.319 14790 17814018 17814056 13 0 1 20 1  0
11.1509 17807437 1094.09 3 2226 287.45 2 17804243 17804250 13 0 1 20 1  0
10.9215 17814030 1094.49 4 2239 294.159 3 17803736 17803756 13 0 1 20 1  0
11.3178 17808787 1094.17 3 2211 279.899 2 17805532 17805536 13 0 1 20 1  0
10.872 17807525 1094.09 3 2201 274.976 2 17805460 17805462 13 0 1 20 1  0
10.0697 17813435 1094.46 3 2210 279.403 1 17813435 17813436 13 0 1 20 1  0
10.1491 17809213 1094.2 2 2213 280.895 1 17809213 17809214 13 0 1 20 1  0
11.4193 17813550 1094.46 4 2219 283.901 3 17804456 17804460 13 0 1 20 1  0
10.3013 17808307 1094.14 2 2223 285.924 1 17806957 17806958 13 0 1 20 1  0
10.9272 17804012 1093.88 2 2225 286.941 5 17804012 17804013 13 0 1 20 1  0
10.5409 17804553 1093.91 2 2226 287.45 2 17804553 17804554 13 0 1 20 1  0
10.8439 17803762 1093.86 3 2278 315.237 36 17803762 17803763 13 0 1 20 1  0
11.4268 17813385 1094.45 3 2236 292.597 1 17804395 17804401 13 0 1 20 1  0
10.0267 17803237 1093.83 6 2237 293.116 1 17803237 17803238 13 0 1 20 1  0
10.0213 17804039 1093.88 3 2238 293.637 1 17804039 17804040 13 0 1 20 1  0
10.2939 17804235 1093.89 2 2244 296.78 1 17804235 17804236 13 0 1 20 1  0
10.1488 17804205 1093.89 2 2247 298.364 1 17804205 17804206 13 0 1 20 1  0
10.191 17804639 1093.92 2 2257 303.706 1 17804639 17804640 13 0 1 20 1  0
10.0435 17802578 1093.79 3 2257 303.706 1 17802578 17802579 13 0 1 20 1  0
10.1093 17802975 1093.81 3 2268 309.692 3 17802975 17802976 13 0 1 20 1  0
10.7133 17802810 1093.8 3 2271 311.345 8 17802810 17802811 13 0 1 20 1  0
12.6329 17813201 1094.44 4 2263 306.957 2 17803915 17803920 13 0 1 20 1  0
10.2324 17802509 1093.79 3 2272 311.898 2 17802509 17802510 13 0 1 20 1  0
10.1707 17802404 1093.78 3 2279 315.796 1 17802404 17802405 13 0 1 20 1  0
10.0443 17813757 1094.48 2 2322 340.833 1 17813757 17813758 13 0 1 20 1  0
10.2996 17799867 1093.62 5 2425 409.166 1 17799866 17799868 13 0 1 20 1  0
10.5475 17799173 1093.58 5 2426 409.893 3 17799167 17799178 13 0 1 20 1  0
10.5656 17798838 1093.56 6 2427 410.621 1 17798836 17798848 13 0 1 20 1  0
10.91 17798607 1093.55 6 2430 412.812 3 17797897 17797905 13 0 1 20 1  0
10.1484 17798197 1093.52 4 2448 426.206 1 17798197 17798202 13 0 1 20 1  0
10.4909 17797848 1093.5 3 2505 471.553 1 17797067 17797068 13 0 1 20 1  0
10.2828 17790740 1093.06 4 2548 508.925 5 17790740 17790741 13 0 1 20 1  0
10.0152 17773902 1092.03 6 2534 496.443 1 17773902 17773903 13 0 1 20 1  0
10.2105 17791388 1093.1 3 2535 497.325 1 17791388 17791389 13 0 1 20 1  0
10.0625 17790246 1093.03 4 2555 515.284 2 17790246 17790247 13 0 1 20 1  0
10.2006 17789737 1093 4 2567 526.369 2 17789737 17789738 13 0 1 20 1  0
10.1958 17789400 1092.98 5 2569 528.239 1 17789400 17789401 13 0 1 20 1  0
11.0132 17791517 1093.11 3 2570 529.177 1 17791516 17791523 13 0 1 20 1  0
10.3286 17777476 1092.25 6 2752 730.781 1 17777468 17777484 13 0 1 20 1  0
10.3786 17780342 1092.42 6 2756 735.984 1 17776856 17776865 13 0 1 20 1  0
10.915 17772779 1091.96 6 2778 765.267 2 17772773 17772794 13 0 1 20 1  0
10.2373 17770820 1091.84 6 2779 766.625 1 17770820 17770821 13 0 1 20 1  0
10.4767 17771538 1091.88 5 2781 769.349 1 17771534 17771543 13 0 1 20 1  0
11.669 17771933 1091.91 6 2783 772.083 3 17771911 17771952 13 0 1 20 1  0
10.0122 17746011 1090.31 8 2800 795.715 1 17746011 17746012 13 0 1 20 1  0
10.2916 17874933 1098.24 11 227 4.59778 1 17874900 17875023 13 0 1 20 1  0
10.0741 17861044 1097.38 3 827 22.7844 1 17861042 17861045 13 0 1 20 1  0
11.2022 17872983 1098.12 2 911 26.8258 78 17872981 17872985 13 0 1 20 1  0
10.6253 17873366 1098.14 3 908 26.6718 6 17872987 17873032 13 0 1 20 1  0
0 17823744 1095.09 3 903 26.4168 67 17873370 17873389 13 0 1 20 1  0
10.3185 17837091 1095.91 3 930 27.8192 1 17837090 17837092 13 0 1 20 1  0
11.0739 17873193 1098.13 2 938 28.2469 1 17837053 17837055 13 0 1 20 1  0
10.103 17873165 1098.13 2 939 28.3007 1 17873164 17873166 13 0 1 20 1  0
10.2841 17837266 1095.92 2 973 30.1858 2 17837266 17837267 13 0 1 20 1  0
10.1667 17837211 1095.92 3 983 30.7608 1 17837211 17837212 13 0 1 20 1  0
10.3413 17837171 1095.92 2 990 31.169 1 17837171 17837173 13 0 1 20 1  0
10.5967 17836871 1095.9 3 1008 32.241 3 17836871 17836883 13 0 1 20 1  0
10.3558 17872777 1098.1 2 994 31.4045 1 17836935 17836936 13 0 1 20 1  0
10.4561 17872000 1098.06 2 1088 37.4188 1 17872000 17872001 13 0 1 20 1  0
10.6885 17871896 1098.05 3 1105 38.6124 4 17871894 17871901 13 0 1 20 1  0
10.1442 17871854 1098.05 3 1120 39.6948 1 17871854 17871855 13 0 1 20 1  0
10.3852 17858681 1097.24 2 1127 40.2094 1 17858681 17858682 13 0 1 20 1  0
10.0712 17871695 1098.04 2 1128 40.2834 1 17871695 17871696 13 0 1 20 1  0
10.3577 17858411 1097.22 2 1141 41.2574 1 17858411 17858412 13 0 1 20 1  0
10.0645 17858577 1097.23 2 1141 41.2574 1 17858577 17858578 13 0 1 20 1  0
10.0813 17871682 1098.04 2 1149 41.8676 1 17871682 17871683 13 0 1 20 1  0
10.8675 17871612 1098.03 2 1168 43.3509 3 17871612 17871613 13 0 1 20 1  0
10.1551 17837077 1095.91 3 1175 43.9097 1 17837077 17837078 13 0 1 20 1  0
10.0807 17858313 1097.21 2 1197 45.7103 1 17858313 17858314 13 0 1 20 1  0
10.0545 17834483 1095.75 2 1423 68.789 1 17834483 17834484 13 0 1 20 1  0
10.8955 17834499 1095.75 2 1423 68.789 1 17834499 17834502 13 0 1 20 1  0
19.5261 17823744 1095.09 11 2149 250.733 21533 17823744 17827211 13 0 1 20 1  0
10.1566 17834377 1095.74 2 1433 70.0354 1 17834377 17834378 13 0 1 20 1  0
10.1426 17834530 1095.75 2 1447 71.8175 1 17834530 17834531 13 0 1 20 1  0
10.1781 17833642 1095.7 3 1475 75.5156 2 17833642 17833643 13 0 1 20 1  0
14.7557 17854028 1096.95 3 1792 132.964 2243 17852714 17852716 13 0 1 20 1  0
11.1508 17857683 1097.18 4 1658 104.732 5 17831867 17831872 13 0 1 20 1  0
14.556 17832955 1095.66 4 1588 92.4334 481 17829955 17829964 13 0 1 20 1  0
10.2481 17858409 1097.22 1 1562 88.2379 1 17858409 17858410 13 0 1 20 1  0
12.1158 17857512 1097.17 3 1637 100.882 20 17831472 17831474 13 0 1 20 1  0
10.5051 17831697 1095.58 3 1651 103.433 9 17831697 17831698 13 0 1 20 1  0
11.4633 17857459 1097.16 2 1581 91.2849 3 17832591 17832593 13 0 1 20 1  0
10.4118 17857781 1097.18 1 1583 91.6116 1 17857781 17857782 13 0 1 20 1  0
10.2316 17829821 1095.46 2 1621 98.0427 4 17829821 17829822 13 0 1 20 1  0
10.2876 17834190 1095.73 1 1595 93.5962 1 17832472 17832473 13 0 1 20 1  0
10.2144 17829718 1095.46 3 1595 93.5962 2 17829718 17829719 13 0 1 20 1  0
10.2484 17831104 1095.54 2 1605 95.2823 7 17831104 17831105 13 0 1 20 1  0
10.743 17829670 1095.45 2 1623 98.3932 4 17829670 17829671 13 0 1 20 1  0
10.5305 17829639 1095.45 2 1635 100.523 4 17829639 17829640 13 0 1 20 1  0
10.0884 17829571 1095.45 3 1606 95.4526 2 17829571 17829572 13 0 1 20 1  0
10.428 17830874 1095.53 2 1607 95.6231 2 17830874 17830875 13 0 1 20 1  0
10.1762 17830826 1095.53 2 1609 95.9651 1 17830826 17830827 13 0 1 20 1  0
11.2704 17857377 1097.16 1 1610 96.1366 1 17832020 17832021 13 0 1 20 1  0
10.2571 17830724 1095.52 3 1614 96.8254 2 17830724 17830725 13 0 1 20 1  0
10.3948 17830547 1095.51 2 1617 97.3453 2 17830547 17830548 13 0 1 20 1  0
10.1232 17830015 1095.48 2 1618 97.5192 1 17830015 17830016 13 0 1 20 1  0
10.081 17829279 1095.43 5 1618 97.5192 1 17829279 17829280 13 0 1 20 1  0
10.677 17856398 1097.1 1 1625 98.745 1 17856398 17856399 13 0 1 20 1  0
10.384 17829503 1095.44 3 1641 101.604 2 17829503 17829504 13 0 1 20 1  0
10.323 17829993 1095.47 2 1628 99.275 1 17829993 17829994 13 0 1 20 1  0
10.0979 17830225 1095.49 2 1630 99.6299 1 17830225 17830226 13 0 1 20 1  0
10.5737 17831295 1095.55 2 1637 100.882 2 17831295 17831296 13 0 1 20 1  0
10.5103 17857804 1097.18 1 1638 101.062 1 17856873 17856874 13 0 1 20 1  0
10.1564 17829174 1095.42 3 1640 101.423 1 17829174 17829175 13 0 1 20 1  0
10.5008 17856416 1097.1 1 1643 101.967 1 17856416 17856417 13 0 1 20 1  0
10.3652 17831394 1095.56 2 1649 103.065 3 17831394 17831395 13 0 1 20 1  0
10.0827 17831788 1095.58 2 1658 104.732 2 17831788 17831789 13 0 1 20 1  0
10.0274 17830277 1095.49 3 1668 106.616 1 17830277 17830278 13 0 1 20 1  0
10.3512 17852667 1096.87 3 1792 132.964 1 17852667 17852668 13 0 1 20 1  0
10.698 17851600 1096.8 3 1890 158.281 6 17849685 17849687 13 0 1 20 1  0
11.111 17852187 1096.84 3 1881 155.769 3 17851150 17851154 13 0 1 20 1  0
11.1111 17850282 1096.72 4 1926 168.74 13 17850233 17850288 13 0 1 20 1  0
10.0715 17852248 1096.84 2 1824 140.754 1 17852248 17852249 13 0 1 20 1  0
10.0045 17850100 1096.71 4 1834 143.28 1 17850100 17850101 13 0 1 20 1  0
10.1697 17852090 1096.83 3 1841 145.075 2 17852090 17852091 13 0 1 20 1  0
11.6988 17851960 1096.82 3 1865 151.4 4 17850560 17850563 13 0 1 20 1  0
10.0302 17852047 1096.83 3 1862 150.595 1 17852047 17852048 13 0 1 20 1  0
10.4571 17849458 1096.67 2 1863 150.863 1 17849458 17849459 13 0 1 20 1  0
11.5738 17852223 1096.84 3 1874 153.842 2 17850829 17850831 13 0 1 20 1  0
11.5555 17851884 1096.82 3 1879 155.216 2 17851141 17851169 13 0 1 20 1  0
10.2247 17850163 1096.71 3 1893 159.128 3 17850163 17850164 13 0 1 20 1  0
10.3325 17849516 1096.67 3 1899 160.834 2 17849516 17849517 13 0 1 20 1  0
10.0881 17849818 1096.69 4 1926 168.74 1 17849818 17849819 13 0 1 20 1  0
10.1489 17824690 1095.15 2 2025 201.187 1 17824690 17824691 13 0 1 20 1  0
10.2413 17825070 1095.17 1 2048 209.574 1 17825070 17825071 13 0 1 20 1  0
11.1015 17824607 1095.14 2 2077 220.649 2 17823896 17823897 13 0 1 20 1  0
11.2465 17824671 1095.15 2 2141 247.198 1 17823802 17823816 13 0 1 20 1  0
10.1871 17824935 1095.16 1 2156 253.868 1 17824935 17824936 13 0 1 20 1  0
11.5543 17823744 1095.09 12 2413 400.548 1 17823744 17824264 13 0 1 20 1  0
10.3457 17868658 1097.85 8 2486 455.925 3 17868624 17868873 13 0 1 20 1  0
10.1653 17825608 1095.21 6 2634 592.787 1 17825607 17825610 13 0 1 20 1  0
10.0235 17824399 1095.13 7 2649 608.769 1 17824399 17824400 13 0 1 20 1  0
10.7787 17825146 1095.18 7 2651 610.933 1 17824742 17825158 13 0 1 20 1  0
11.4001 17823744 1095.09 12 2905 958.578 4 17823744 17825010 13 0 1 20 1  0
10.0286 18333752 1126.43 2 859 24.2597 1 18333752 18333753 13 0 1 20 1  0
10.0705 18333343 1126.4 2 964 29.6764 2 18333343 18333344 13 0 1 20 1  0
10.1563 18333036 1126.38 2 968 29.9019 1 18333036 18333037 13 0 1 20 1  0
10.0934 18333124 1126.39 2 968 29.9019 1 18333124 18333125 13 0 1 20 1  0
11.3926 18331865 1126.31 4 1109 38.8984 31 18331823 18331933 13 0 1 20 1  0
0 18085888 1111.2 3 1108 38.8267 49587 18331926 18331929 13 0 1 20 1  0
10.0383 18332171 1126.33 2 1114 39.2585 1 18332171 18332172 13 0 1 20 1  0
10.2239 18332874 1126.37 3 1120 39.6948 1 18332118 18332119 13 0 1 20 1  0
11.1279 18332083 1126.32 3 1127 40.2094 1 18331644 18331646 13 0 1 20 1  0
10.0811 18331950 1126.31 2 1143 41.4092 1 18331950 18331951 13 0 1 20 1  0
10.7461 18331592 1126.29 4 1202 46.1291 13 18331374 18331376 13 0 1 20 1  0
22.2682 18346256 1127.19 4 1541 84.9866 5597 18327465 18327472 13 0 1 20 1  0
10.1317 18330362 1126.22 3 1304 55.5137 1 18330362 18330363 13 0 1 20 1  0
10.1904 18331062 1126.26 2 1346 59.8878 1 18331062 18331063 13 0 1 20 1  0
10.0404 18330887 1126.25 2 1363 61.7513 1 18330887 18330888 13 0 1 20 1  0
10.2413 18330905 1126.25 2 1366 62.086 1 18330905 18330906 13 0 1 20 1  0
10.004 18330772 1126.24 2 1368 62.31 1 18330772 18330773 13 0 1 20 1  0
10.4863 18345291 1127.13 2 1485 76.8811 3 18345291 18345292 13 0 1 20 1  0
10.3923 18345236 1127.13 1 1488 77.2954 7 18345236 18345237 13 0 1 20 1  0
10.2233 18345344 1127.14 1 1499 78.8333 3 18345344 18345345 13 0 1 20 1  0
15.5826 18345177 1127.13 2 1593 93.2625 9 18343654 18343655 13 0 1 20 1  0
10.4209 18345186 1127.13 2 1494 78.1306 2 18345186 18345187 13 0 1 20 1  0
10.4551 18344982 1127.12 1 1510 80.4013 2 18344982 18344983 13 0 1 20 1  0
14.6689 18345355 1127.14 1 1558 87.6094 2 18344281 18344289 13 0 1 20 1  0
11.2248 18345098 1127.12 1 1623 98.3932 5 18344926 18344927 13 0 1 20 1  0
14.7698 18344919 1127.11 1 1578 90.797 13 18343898 18343906 13 0 1 20 1  0
10.767 18345112 1127.12 1 1504 79.5423 2 18345112 18345113 13 0 1 20 1  0
10.5717 18344848 1127.11 2 1512 80.6896 2 18344848 18344849 13 0 1 20 1  0
10.3565 18345004 1127.12 1 1513 80.8342 1 18345004 18345005 13 0 1 20 1  0
12.3612 18343925 1127.05 3 1913 164.886 84 18342515 18342518 13 0 1 20 1  0
10.1419 18344759 1127.1 2 1514 80.979 2 18344759 18344760 13 0 1 20 1  0
10.0668 18344714 1127.1 1 1614 96.8254 2 18344714 18344715 13 0 1 20 1  0
10.1997 18344586 1127.09 2 1537 84.3809 4 18344586 18344587 13 0 1 20 1  0
10.1614 18344789 1127.1 1 1518 81.5608 1 18344789 18344790 13 0 1 20 1  0
10.9258 18344227 1127.07 1 1562 88.2379 12 18344227 18344228 13 0 1 20 1  0
10.3552 18344626 1127.09 1 1520 81.8532 3 18344626 18344627 13 0 1 20 1  0
10.2916 18344826 1127.11 1 1521 81.9998 1 18344826 18344827 13 0 1 20 1  0
10.5877 18344361 1127.08 2 1528 83.0333 3 18344361 18344362 13 0 1 20 1  0
10.197 18344564 1127.09 1 1625 98.745 2 18344564 18344565 13 0 1 20 1  0
11.2222 18344609 1127.09 1 1624 98.569 3 18344609 18344610 13 0 1 20 1  0
10.7459 18344342 1127.08 1 1555 87.1408 2 18344342 18344343 13 0 1 20 1  0
10.6916 18344290 1127.07 2 1532 83.6296 6 18344290 18344291 13 0 1 20 1  0
10.5006 18344664 1127.1 1 1529 83.182 1 18344664 18344665 13 0 1 20 1  0
10.2183 18344555 1127.09 1 1530 83.3309 2 18344555 18344556 13 0 1 20 1  0
10.4148 18344324 1127.08 1 1540 84.8348 2 18344324 18344325 13 0 1 20 1  0
10.0652 18344684 1127.1 1 1531 83.4801 1 18344684 18344685 13 0 1 20 1  0
10.4536 18328844 1126.12 2 1531 83.4801 1 18328844 18328845 13 0 1 20 1  0
10.4656 18344144 1127.06 1 1565 88.7123 5 18344144 18344145 13 0 1 20 1  0
10.5712 18344412 1127.08 1 1549 86.2111 3 18344412 18344413 13 0 1 20 1  0
10.062 18327206 1126.02 3 1585 91.9395 6 18327206 18327207 13 0 1 20 1  0
10.6925 18327368 1126.03 2 1580 91.122 8 18327368 18327369 13 0 1 20 1  0
10.8607 18344007 1127.06 1 1572 89.8289 36 18344007 18344008 13 0 1 20 1  0
10.1342 18327821 1126.06 3 1543 85.2911 1 18327821 18327822 13 0 1 20 1  0
10.1018 18344386 1127.08 1 1544 85.4438 1 18344386 18344387 13 0 1 20 1  0
10.2151 18328246 1126.09 3 1548 86.0571 2 18328246 18328247 13 0 1 20 1  0
10.0045 18328036 1126.07 3 1549 86.2111 1 18328036 18328037 13 0 1 20 1  0
10.2913 18344071 1127.06 1 1601 94.6043 3 18344071 18344072 13 0 1 20 1  0
10.6443 18343792 1127.04 1 1634 100.343 27 18343792 18343793 13 0 1 20 1  0
10.2653 18327253 1126.03 3 1558 87.6094 2 18327253 18327254 13 0 1 20 1  0
10.34 18344126 1127.06 1 1559 87.7661 1 18344126 18344127 13 0 1 20 1  0
10.2493 18327632 1126.05 3 1560 87.9231 2 18327632 18327633 13 0 1 20 1  0
10.5668 18327732 1126.06 2 1561 88.0804 1 18327732 18327733 13 0 1 20 1  0
10.5316 18343725 1127.04 1 1609 95.9651 47 18343725 18343726 13 0 1 20 1  0
10.2952 18327885 1126.07 2 1565 88.7123 1 18327885 18327886 13 0 1 20 1  0
10.0692 18326635 1125.99 4 1640 101.423 2 18326635 18326636 13 0 1 20 1  0
10.6505 18328724 1126.12 2 1573 89.9895 1 18328724 18328725 13 0 1 20 1  0
10.091 18326779 1126 3 1588 92.4334 2 18326779 18326780 13 0 1 20 1  0
10.0682 18326806 1126 2 1578 90.797 1 18326806 18326807 13 0 1 20 1  0
10.0505 18327516 1126.04 2 1579 90.9594 1 18327516 18327517 13 0 1 20 1  0
10.1385 18326892 1126 3 1580 91.122 1 18326892 18326893 13 0 1 20 1  0
10.2544 18326858 1126 1 1583 91.6116 1 18326858 18326859 13 0 1 20 1  0
10.3199 18326928 1126.01 2 1603 94.9427 1 18326928 18326929 13 0 1 20 1  0
10.4168 18343584 1127.03 2 1637 100.882 7 18343584 18343585 13 0 1 20 1  0
10.024 18326837 1126 2 1606 95.4526 1 18326837 18326838 13 0 1 20 1  0
10.5741 18343462 1127.02 2 1632 99.9861 2 18343462 18343463 13 0 1 20 1  0
10.22 18343488 1127.02 2 1622 98.2178 1 18343488 18343489 13 0 1 20 1  0
10.0347 18344695 1127.1 1 1623 98.3932 1 18344695 18344696 13 0 1 20 1  0
10.4439 18344537 1127.09 1 1629 99.4523 1 18344537 18344538 13 0 1 20 1  0
10.1575 18325884 1125.94 3 1642 101.786 1 18325884 18325885 13 0 1 20 1  0
10.1454 18343328 1127.01 2 1648 102.881 1 18343328 18343329 13 0 1 20 1  0
10.2379 18325684 1125.93 2 1651 103.433 1 18325684 18325685 13 0 1 20 1  0
15.693 18322822 1125.75 12 1810 137.292 286 18320180 18325598 13 0 1 20 1  0
11.1405 18344970 1127.11 3 1859 149.794 10 18344874 18344878 13 0 1 20 1  0
10.7818 18345241 1127.13 5 1841 145.075 4 18344828 18344967 13 0 1 20 1  0
10.9924 18344699 1127.1 3 1855 148.732 7 18344251 18344255 13 0 1 20 1  0
10.0832 18344801 1127.1 3 1862 150.595 3 18344800 18344802 13 0 1 20 1  0
10.0272 18345118 1127.12 3 1850 147.416 1 18345118 18345119 13 0 1 20 1  0
10.0678 18344603 1127.09 3 1856 148.997 1 18344603 18344604 13 0 1 20 1  0
10.0656 18344565 1127.09 3 1858 149.528 2 18344565 18344566 13 0 1 20 1  0
10.7461 18344774 1127.1 3 1858 149.528 1 18344771 18344776 13 0 1 20 1  0
11.3578 18343751 1127.04 3 1903 161.981 18 18343199 18343205 13 0 1 20 1  0
10.4375 18344506 1127.09 2 1862 150.595 2 18344505 18344518 13 0 1 20 1  0
10.8378 18344057 1127.06 3 1899 160.834 7 18342734 18342737 13 0 1 20 1  0
11.6356 18343561 1127.03 3 1905 162.558 17 18342840 18342846 13 0 1 20 1  0
12.1293 18343628 1127.03 4 1936 171.765 15 18341696 18341704 13 0 1 20 1  0
11.1104 18344474 1127.08 2 1884 156.602 1 18343815 18343816 13 0 1 20 1  0
10.591 18344035 1127.06 2 1887 157.439 1 18344035 18344036 13 0 1 20 1  0
10.194 18343083 1127 2 1892 158.845 2 18343083 18343084 13 0 1 20 1  0
11.0805 18343272 1127.01 2 1899 160.834 6 18342733 18342736 13 0 1 20 1  0
10.2407 18342709 1126.98 2 1900 161.12 1 18342709 18342710 13 0 1 20 1  0
10.5672 18342940 1126.99 2 1922 167.545 7 18342940 18342941 13 0 1 20 1  0
10.1338 18342977 1126.99 2 1901 161.407 1 18342977 18342978 13 0 1 20 1  0
10.3387 18343204 1127.01 3 1928 169.341 2 18343190 18343206 13 0 1 20 1  0
10.195 18343166 1127 3 1904 162.27 1 18343166 18343167 13 0 1 20 1  0
10.0908 18342813 1126.98 3 1906 162.847 2 18342813 18342814 13 0 1 20 1  0
10.3203 18343030 1127 2 1906 162.847 2 18342813 18342815 13 0 1 20 1  0
11.3788 18343241 1127.01 3 1909 163.718 2 18343239 18343243 13 0 1 20 1  0
10.5531 18343127 1127 2 1915 165.473 2 18343011 18343012 13 0 1 20 1  0
10.2517 18341914 1126.93 2 1915 165.473 1 18341914 18341915 13 0 1 20 1  0
10.0844 18343066 1127 2 1916 165.768 1 18343066 18343067 13 0 1 20 1  0
10.2691 18342237 1126.95 3 1916 165.768 2 18342237 18342238 13 0 1 20 1  0
10.019 18342318 1126.95 2 1918 166.358 1 18342318 18342319 13 0 1 20 1  0
10.2483 18342525 1126.96 2 1922 167.545 1 18342525 18342526 13 0 1 20 1  0
10.337 18321538 1125.68 3 1956 177.979 2 18321538 18321541 13 0 1 20 1  0
11.1167 18322283 1125.72 4 1974 183.763 3 18318147 18318152 13 0 1 20 1  0
10.2017 18321952 1125.7 3 1987 188.056 3 18321752 18321753 13 0 1 20 1  0
11.5578 18322118 1125.71 4 1972 183.111 2 18320853 18320864 13 0 1 20 1  0
10.3642 18317863 1125.45 3 1991 189.397 4 18317863 18317864 13 0 1 20 1  0
10.1207 18319064 1125.52 3 2001 192.791 2 18319064 18319065 13 0 1 20 1  0
10.4355 18318956 1125.52 3 1995 190.747 1 18318954 18318959 13 0 1 20 1  0
10.038 18318762 1125.5 4 1995 190.747 1 18318762 18318763 13 0 1 20 1  0
10.2595 18318586 1125.49 4 1997 191.426 5 18318586 18318587 13 0 1 20 1  0
10.0971 18316120 1125.34 4 2022 200.117 3 18316120 18316121 13 0 1 20 1  0
10.2467 18318073 1125.46 3 2002 193.134 3 18318073 18318074 13 0 1 20 1  0
11.0266 18318215 1125.47 3 2029 202.621 2 18318214 18318217 13 0 1 20 1  0
11.4266 18317764 1125.44 4 2010 195.898 2 18317753 18317767 13 0 1 20 1  0
10.1665 18317235 1125.41 5 2042 207.353 3 18317235 18317236 13 0 1 20 1  0
12.7869 18319906 1125.57 4 2020 199.408 3 18315973 18316020 13 0 1 20 1  0
10.0922 18318822 1125.51 3 2012 196.595 1 18318822 18318823 13 0 1 20 1  0
10.2969 18317583 1125.43 3 2021 199.762 5 18317583 18317584 13 0 1 20 1  0
11.9136 18319324 1125.54 4 2014 197.294 2 18317573 18317577 13 0 1 20 1  0
10.2199 18317123 1125.4 3 2017 198.348 1 18317123 18317124 13 0 1 20 1  0
12.4087 18319579 1125.55 5 2018 198.701 7 18316056 18316065 13 0 1 20 1  0
11.1548 18319745 1125.57 3 2018 198.701 1 18318128 18318131 13 0 1 20 1  0
10.1641 18315985 1125.33 4 2021 199.762 2 18315985 18315986 13 0 1 20 1  0
10.116 18315705 1125.32 4 2020 199.408 1 18315705 18315706 13 0 1 20 1  0
11.6992 18340687 1126.85 3 2022 200.117 3 18317942 18317950 13 0 1 20 1  0
10.2934 18315404 1125.3 4 2030 202.981 1 18315404 18315405 13 0 1 20 1  0
10.0639 18316923 1125.39 5 2033 204.065 1 18316923 18316924 13 0 1 20 1  0
10.0282 18317349 1125.42 4 2035 204.791 1 18317349 18317350 13 0 1 20 1  0
11.1017 18338722 1126.73 4 2074 219.476 4 18316426 18316466 13 0 1 20 1  0
12.6202 18339325 1126.77 4 2043 207.722 4 18316806 18316809 13 0 1 20 1  0
10.1846 18337678 1126.67 4 2126 240.703 3 18337678 18337680 13 0 1 20 1  0
11.0199 18341475 1126.9 3 2051 210.694 1 18339175 18339182 13 0 1 20 1  0
10.1229 18317062 1125.4 4 2051 210.694 1 18317062 18317063 13 0 1 20 1  0
10.7147 18338970 1126.75 3 2066 216.381 1 18338969 18338973 13 0 1 20 1  0
10.4931 18338081 1126.69 4 2116 236.467 1 18338080 18338084 13 0 1 20 1  0
10.177 18329922 1126.19 5 2188 268.704 1 18329920 18329923 13 0 1 20 1  0
10.134 18334859 1126.49 7 2188 268.704 1 18334856 18334866 13 0 1 20 1  0
12.6322 18318210 1125.47 12 2685 648.906 3 18280426 18287300 13 0 1 20 1  0
0 18085888 1111.2 12 2685 648.906 2 18315740 18320082 13 0 1 20 1  0
11.4424 18318766 1125.5 7 2686 650.058 1 18285992 18286086 13 0 1 20 1  0
0 18085888 1111.2 7 2686 650.058 4 18316951 18317315 13 0 1 20 1  0
10.0357 18316185 1125.35 8 2695 660.517 1 18316180 18316186 13 0 1 20 1  0
10.1704 18310900 1125.02 8 2773 758.511 1 18310898 18310905 13 0 1 20 1  0
11.5633 18268541 1122.42 8 2803 799.959 1 18267456 18268587 13 0 1 20 1  0
11.2401 18267972 1122.38 12 2805 802.802 1 18265920 18270216 13 0 1 20 1  0
12.172 18348024 1127.3 12 2902 953.492 13 18299696 18301384 13 0 1 20 1  0
0 18085888 1111.2 12 2892 936.731 12 18347820 18348034 13 0 1 20 1  0
11.2882 18301136 1124.42 12 2895 941.728 1 18299394 18303006 13 0 1 20 1  0
10.7648 18249225 1121.23 7 2936 1012.75 10 18249151 18249233 13 0 1 20 1  0
11.8335 18462798 1134.35 7 0 0 4 18462444 18462832 13 0 1 20 1  0
0 18348032 1127.3 6 0 0 3 18462783 18462815 13 0 1 20 1  0
10.3555 18461664 1134.28 8 229 4.64044 3 18461638 18461691 13 0 1 20 1  0
13.3479 18351926 1127.54 11 867 24.6405 367 18350988 18357870 13 0 1 20 1  0
10.5292 18358122 1127.92 2 663 16.2814 4 18352297 18352298 13 0 1 20 1  0
0 18348032 1127.3 2 641 15.5252 1503 18358053 18358075 13 0 1 20 1  0
10.0952 18358012 1127.92 2 651 15.8659 1 18358012 18358014 13 0 1 20 1  0
10.714 18357970 1127.91 3 663 16.2814 4 18352148 18352153 13 0 1 20 1  0
10.2013 18357846 1127.91 2 685 17.0625 1 18357846 18357847 13 0 1 20 1  0
11.0836 18352447 1127.57 2 782 20.8329 3 18351752 18351758 13 0 1 20 1  0
10.1175 18351771 1127.53 2 784 20.9167 1 18351771 18351772 13 0 1 20 1  0
10.7813 18357637 1127.89 2 790 21.1698 2 18351747 18351749 13 0 1 20 1  0
10.3695 18357604 1127.89 1 786 21.0008 2 18351739 18351740 13 0 1 20 1  0
10.08 18357497 1127.88 1 799 21.5539 1 18357497 18357498 13 0 1 20 1  0
10.0929 18357757 1127.9 1 799 21.5539 1 18357605 18357606 13 0 1 20 1  0
10.0253 18357413 1127.88 1 826 22.7395 1 18351714 18351715 13 0 1 20 1  0
10.3296 18350551 1127.46 1 1042 34.3564 2 18350415 18350416 13 0 1 20 1  0
10.8254 18350703 1127.47 1 1009 32.3015 10 18350368 18350369 13 0 1 20 1  0
10.2172 18350863 1127.48 2 988 31.0519 2 18350863 18350864 13 0 1 20 1  0
10.2196 18350320 1127.44 1 1003 31.94 3 18350320 18350321 13 0 1 20 1  0
10.5462 18356948 1127.85 1 998 31.6415 1 18350685 18350687 13 0 1 20 1  0
10.1112 18350771 1127.47 2 1000 31.7606 2 18350771 18350772 13 0 1 20 1  0
10.9365 18351049 1127.49 2 1002 31.8801 5 18350635 18350639 13 0 1 20 1  0
10.3315 18350353 1127.45 1 1042 34.3564 6 18350353 18350354 13 0 1 20 1  0
10.0729 18351009 1127.49 2 1004 32 1 18351009 18351010 13 0 1 20 1  0
10.3399 18350276 1127.44 2 1082 37.0057 3 18350276 18350277 13 0 1 20 1  0
10.8408 18350925 1127.48 2 1018 32.8507 8 18350629 18350641 13 0 1 20 1  0
10.0594 18350525 1127.46 2 1018 32.8507 1 18350525 18350526 13 0 1 20 1  0
10.0099 18350823 1127.47 2 1040 34.2286 1 18350823 18350824 13 0 1 20 1  0
10.1711 18356879 1127.85 1 1067 35.9911 1 18350229 18350231 13 0 1 20 1  0
10.1723 18350112 1127.43 1 1068 36.058 1 18350112 18350113 13 0 1 20 1  0
11.0166 18356429 1127.82 1 1068 36.058 1 18350197 18350201 13 0 1 20 1  0
10.0618 18350497 1127.45 2 1075 36.529 1 18350497 18350498 13 0 1 20 1  0
10.1302 18355800 1127.78 1 1092 37.6966 1 18355800 18355801 13 0 1 20 1  0
10.1181 18356770 1127.84 1 1092 37.6966 1 18356770 18356771 13 0 1 20 1  0
10.1003 18350078 1127.43 2 1098 38.1168 1 18350078 18350079 13 0 1 20 1  0
10.0159 18350153 1127.43 3 1098 38.1168 1 18350153 18350154 13 0 1 20 1  0
11.6435 18348196 1127.31 1 1747 122.73 5 18348083 18348084 13 0 1 20 1  0
10.3271 18348865 1127.35 1 1691 111.078 1 18348865 18348866 13 0 1 20 1  0
11.0254 18348416 1127.33 2 1857 149.262 3 18348039 18348068 13 0 1 20 1  0
11.2893 18348144 1127.31 2 1875 154.116 222 18348049 18348063 13 0 1 20 1  0
11.0024 18348298 1127.32 8 1810 137.292 68 18348298 18348299 13 0 1 20 1  0
10.4953 18348650 1127.34 1 1734 119.921 1 18348055 18348057 13 0 1 20 1  0
11.6366 18348237 1127.32 1 1812 137.781 11 18348237 18348238 13 0 1 20 1  0
11.1554 18348178 1127.31 1 1799 134.631 6 18348177 18348179 13 0 1 20 1  0
10.9775 18348386 1127.32 1 1784 131.085 3 18348386 18348392 13 0 1 20 1  0
10.3167 18348658 1127.34 1 1756 124.712 1 18348658 18348659 13 0 1 20 1  0
10.6945 18348333 1127.32 1 1846 146.371 9 18348082 18348083 13 0 1 20 1  0
10.0208 18348604 1127.34 1 1760 125.603 1 18348604 18348605 13 0 1 20 1  0
10.3383 18348623 1127.34 1 1777 129.462 1 18348526 18348527 13 0 1 20 1  0
10.0182 18348300 1127.32 2 1777 129.462 1 18348300 18348301 13 0 1 20 1  0
10.0441 18348526 1127.33 2 1777 129.462 1 18348400 18348401 13 0 1 20 1  0
10.0998 18348371 1127.32 1 1839 144.56 1 18348371 18348372 13 0 1 20 1  0
10.4029 18348785 1127.35 1 1841 145.075 1 18348074 18348076 13 0 1 20 1  0
11.4081 18348846 1127.35 1 1847 146.631 1 18348094 18348095 13 0 1 20 1  0
10.0935 18348570 1127.34 2 1848 146.892 1 18348570 18348571 13 0 1 20 1  0
10.7776 18348280 1127.32 1 1856 148.997 2 18348280 18348281 13 0 1 20 1  0
10.0225 18348460 1127.33 1 1891 158.563 1 18348460 18348461 13 0 1 20 1  0
12.8757 18562825 1140.5 7 2846 863.349 5 18559525 18560051 13 0 1 20 1  0
0 18348032 1127.3 6 2846 863.349 6 18561754 18562137 13 0 1 20 1  0
11.5042 18361908 1128.16 12 2955 1047.46 1 18359560 18363554 13 0 1 20 1  0
0 18348032 1127.3 12 2955 1047.46 1 18547120 18549532 13 0 1 20 1  0
11.2027 18610449 1143.43 5 2654 614.192 15 18610445 18610456 13 0 1 20 1  0
12.647 18958864 1164.83 11 374 7.92266 90 18958342 18959347 13 0 1 20 1  0
0 18872320 1159.52 7 179 3.58989 38 18948362 18948399 13 0 1 20 1  0
10.8048 18944440 1163.95 9 445 9.70658 6 18944373 18944554 13 0 1 20 1  0
10.3301 18958625 1164.82 2 621 14.8581 1 18958625 18958626 13 0 1 20 1  0
10.2978 18943940 1163.92 2 632 15.2226 3 18943939 18943942 13 0 1 20 1  0
0 18872320 1159.52 2 632 15.2226 2 18958886 18958888 13 0 1 20 1  0
10.416 18958883 1164.83 2 633 15.2561 1 18958883 18958884 13 0 1 20 1  0
10.1179 18958612 1164.82 2 635 15.323 2 18958612 18958613 13 0 1 20 1  0
10.1884 18958863 1164.83 1 638 15.4239 1 18958863 18958864 13 0 1 20 1  0
10.5408 18944176 1163.93 2 655 16.0036 1 18944176 18944177 13 0 1 20 1  0
10.7421 18958505 1164.81 2 655 16.0036 1 18958504 18958506 13 0 1 20 1  0
11.9391 18954980 1164.59 5 1233 48.8081 53 18954626 18955341 13 0 1 20 1  0
0 18872320 1159.52 3 1074 36.4614 76 18956409 18956416 13 0 1 20 1  0
10.4737 18955036 1164.6 2 1201 46.0451 4 18955010 18955013 13 0 1 20 1  0
10.4083 18955377 1164.62 2 1195 45.5438 2 18955086 18955088 13 0 1 20 1  0
11.1243 18955262 1164.61 4 1224 48.0155 11 18954756 18954762 13 0 1 20 1  0
10.5792 18954667 1164.57 2 1232 48.7195 4 18954643 18954646 13 0 1 20 1  0
10.3963 18955180 1164.61 2 1233 48.8081 1 18954981 18954982 13 0 1 20 1  0
10.2531 18954591 1164.57 2 1246 49.975 1 18954591 18954592 13 0 1 20 1  0
10.0122 18954856 1164.59 2 1287 53.8321 1 18954856 18954857 13 0 1 20 1  0
10.4786 18954747 1164.58 2 1297 54.8153 1 18954746 18954748 13 0 1 20 1  0
13.84 18970795 1165.57 5 1643 101.967 240 18967208 18967222 13 0 1 20 1  0
0 18872320 1159.52 4 1601 94.6043 773 18970429 18970444 13 0 1 20 1  0
11.2148 18971680 1165.62 3 1611 96.3083 2 18971024 18971026 13 0 1 20 1  0
10.4455 18971877 1165.63 3 1615 96.9984 1 18970938 18970940 13 0 1 20 1  0
10.2636 18968837 1165.45 3 1766 126.952 2 18968836 18968842 13 0 1 20 1  0
10.3385 18969366 1165.48 3 1660 105.106 1 18969366 18969367 13 0 1 20 1  0
10.0061 18967729 1165.38 3 1672 107.379 1 18967729 18967730 13 0 1 20 1  0
10.6425 18968434 1165.42 3 1747 122.73 1 18968433 18968435 13 0 1 20 1  0
10.0257 18967470 1165.36 4 1813 138.026 1 18967470 18967471 13 0 1 20 1  0
40.76 13496563 829.229 7 2771 755.825 403 13496422 13497002 13 0 1 20 1 1
