0 215789 111.458
1 215789 111.399
2 215790 111.434
3 215792 111.587
4 215792 111.942
5 215792 112.009
6 215790 112.084
7 215789 112.109
8 215789 111.999
9 215790 112.029
10 215791 112.201
11 215792 112.251
12 215791 112.523
13 215792 112.545
14 215792 112.633
15 215791 112.579
16 215791 112.497
17 215792 112.48
18 215790 112.375
19 215788 112.445
20 215787 112.444
21 215787 112.449
22 215787 112.39
23 215787 112.554
24 215787 112.584
25 215788 112.834
26 215788 112.735
27 215788 112.825
28 215788 112.815
29 215788 112.837
30 215789 112.756
31 215788 112.918
32 215788 113.027
33 215787 112.997
34 215787 113.042
35 215786 113.062
36 215785 113.327
37 215786 113.625
38 215786 113.888
39 215787 113.864
40 215787 114.009
41 215785 113.969
42 215784 113.767
43 215783 113.641
44 215783 113.301
45 215783 113.217
46 215783 113.039
47 215783 113.071
48 215783 113.074
49 215783 113.082
50 215784 113.069
51 215785 112.973
52 215785 112.91
53 215785 112.837
54 215786 112.876
55 215786 112.71
56 215787 112.61
57 215787 112.311
58 215788 112.338
59 215789 112.364
60 215789 112.78
61 215790 112.867
62 215790 112.878
63 215790 112.701
64 215791 112.526
65 215791 112.517
66 215791 112.41
67 215790 112.275
68 215791 111.706
69 215792 111.305
70 215793 110.972
71 215793 110.922
72 215793 110.883
73 215796 111.192
74 215796 111.372
75 215796 111.364
76 215796 111.373
77 215796 111.312
78 215797 111.315
79 215797 111.282
80 215798 111.297
81 215798 111.305
82 215798 111.307
83 215798 111.272
84 215798 111.296
85 215798 111.317
86 215797 111.297
87 215797 111.231
88 215797 111.224
89 215796 111.234
90 215796 111.219
91 215795 111.044
92 215796 110.549
93 215797 110.405
94 215797 110.372
95 215796 110.295
96 215796 110.313
97 215796 110.289
98 215795 110.272
99 215795 110.229
100 215795 110.252
101 215794 110.216
102 215793 110.133
103 215794 110.091
104 215793 110.006
105 215793 109.652
106 215793 109.468
107 215793 109.44
108 215793 109.444
109 215793 109.509
110 215793 109.53
111 215793 109.481
112 215792 109.471
113 215792 109.419
114 215792 109.445
115 215791 109.425
116 215792 109.339
117 215792 109.367
118 215792 109.358
119 215793 109.366
120 215793 109.37
121 215792 109.354
122 215798 110.171
123 215798 111.713
124 215797 111.804
125 215798 111.884
126 215799 112.12
127 215802 112.335
128 215804 112.568
129 215804 112.78
130 215805 112.829
131 215806 113.061
132 215807 113.166
133 215807 113.187
134 215809 113.274
135 215809 113.296
136 215809 113.307
137 215810 113.546
138 215810 113.75
139 215809 113.952
140 215809 114.059
141 215808 114.188
142 215809 114.295
143 215808 114.292
144 215808 114.244
145 215808 114.54
146 215807 114.526
147 215807 114.547
148 215807 114.665
149 215807 114.712
150 215811 115.712
151 215811 117.306
152 215810 117.522
153 215810 117.553
154 215805 116.757
155 215805 115.306
156 215805 115.282
157 215804 115.254
158 215803 115.012
159 215801 114.899
160 215799 114.699
161 215799 114.599
162 215799 114.624
163 215797 114.416
164 215797 114.333
165 215797 114.355
166 215796 114.301
167 215795 114.313
168 215795 114.298
169 215794 114.047
170 215794 113.833
171 215795 113.663
172 215794 113.642
173 215795 113.48
174 215795 113.396
175 215796 113.408
176 215796 113.458
177 215796 113.237
178 215797 113.218
179 215797 113.248
180 215798 113.424
181 215799 113.463
182 215795 112.494
183 215794 110.964
184 215795 110.763
185 215796 110.762
186 215796 110.739
187 215796 110.676
188 215796 110.649
189 215796 110.65
190 215796 110.684
191 215797 110.682
192 215797 110.666
193 215796 110.613
194 215797 110.575
195 215797 110.546
196 215797 110.559
197 215796 110.539
198 215797 110.514
199 215797 110.481
200 215797 110.493
201 215798 110.523
202 215798 110.523
203 215798 110.564
204 215798 110.473
205 215798 110.458
206 215798 110.453
207 215798 110.481
208 215798 110.477
209 215797 110.402
210 215797 110.38
211 215797 110.349
212 215796 110.143
213 215796 110.081
214 215795 110.018
215 215796 109.983
216 215796 110.013
217 215795 109.989
218 215796 110.006
219 215795 109.978
220 215795 109.987
221 215796 109.949
222 215796 109.989
223 215796 109.93
224 215796 109.916
225 215795 109.87
226 215794 109.824
227 215794 109.844
228 215794 109.788
229 215794 109.797
230 215794 109.871
231 215794 109.913
232 215793 109.963
233 215793 109.982
234 215794 110.052
235 215794 110.11
236 215795 110.234
237 215796 110.338
238 215795 110.347
239 215795 110.363
240 215795 110.387
241 215795 110.484
242 215795 110.594
243 215795 110.637
244 215795 110.634
245 215794 110.732
246 215796 110.822
247 215795 110.909
248 215795 110.942
249 215794 111.019
250 215795 111.179
251 215795 111.206
252 215795 111.81
253 215794 111.784
254 215794 111.759
255 215794 111.814
256 215794 111.816
257 215795 111.843
258 215795 111.816
259 215795 111.839
260 215796 111.865
261 215796 111.89
262 215796 111.814
263 215796 111.788
264 215796 111.715
265 215796 111.667
266 215796 111.595
267 215795 111.5
268 215795 111.376
269 215794 111.334
270 215795 111.315
271 215795 111.281
272 215795 111.262
273 215795 111.204
274 215795 111.133
275 215796 111.074
276 215795 111.023
277 215797 110.906
278 215796 110.872
279 215796 110.791
280 215797 110.739
281 215797 110.632
282 215797 110.45
283 215797 110.439
284 215797 109.827
285 215797 109.834
286 215797 109.827
287 215798 109.816
288 215798 109.843
289 215797 109.875
290 215797 109.908
291 215801 113.336
292 215801 115.504
293 215802 116.007
294 215805 117.34
295 215807 120.863
296 215807 122.697
297 215807 123.297
298 215808 123.424
299 215809 123.977
300 215808 124.154
301 215810 124.636
302 215810 125.272
303 215812 128.077
304 215813 128.193
305 215813 128.21
306 215814 128.861
307 215816 129.4
308 215816 129.542
309 215816 129.689
310 215818 132.476
311 215820 132.89
312 215820 133.078
313 215821 133.259
314 215821 133.364
315 215823 133.772
316 215824 133.991
317 215826 134.25
318 215827 134.782
319 215831 135.231
320 215835 135.873
321 215839 136.129
322 215842 136.921
323 215841 133.831
324 215844 132.03
325 215844 131.855
326 215844 130.9
327 215846 127.579
328 215848 125.948
329 215850 125.89
330 215853 126.044
331 215855 126.134
332 215859 126.519
333 215859 126.45
334 215863 126.187
335 215863 123.923
336 215865 124.355
337 215867 124.74
338 215869 124.379
339 215870 124.291
340 215871 124.479
341 215873 124.746
342 215872 122.22
343 215873 122.044
344 215873 121.991
345 215875 122.386
346 215877 122.808
347 215878 122.976
348 215881 122.994
349 215882 123.323
350 215883 123.012
351 215882 123.024
352 215880 122.979
353 215880 123.011
354 215879 122.596
355 215879 122.541
356 215878 122.335
357 215877 122.434
358 215876 122.309
359 215877 123.256
360 215876 123.292
361 215874 122.905
362 215872 122.884
363 215870 122.577
364 215869 123.088
365 215867 122.79
366 215864 122.471
367 215862 122.113
368 215860 121.778
369 215861 121.613
370 215859 121.897
371 215857 121.595
372 215856 121.347
373 215855 121.196
374 215854 121.083
375 215853 120.878
376 215852 120.801
377 215850 120.337
378 215849 120.031
379 215849 119.675
380 215846 119.718
381 215845 119.407
382 215843 119.296
383 215841 118.852
384 215839 118.558
385 215839 119.091
386 215836 118.843
387 215836 118.588
388 215837 119.416
389 215836 119.292
390 215836 119.31
391 215834 118.748
392 215833 118.639
393 215834 118.54
394 215833 118.431
395 215833 118.191
396 215831 117.165
397 215832 117.116
398 215832 117.093
399 215831 116.978
400 215831 116.808
401 215829 116.582
402 215828 116.046
403 215829 115.966
404 215829 115.945
405 215828 115.715
406 215828 115.53
407 215828 115.499
408 215828 115.444
409 215826 115.481
410 215828 115.682
411 215827 115.888
412 215820 116.713
413 215823 117.569
414 215825 118.187
415 215826 118.56
416 215825 118.272
417 215823 117.436
418 215823 117.283
419 215822 117.25
420 215819 116.29
421 215818 115.95
422 215817 115.717
423 215815 115.155
424 215814 115.022
425 215813 114.96
426 215813 114.817
427 215812 114.731
428 215812 114.738
429 215811 114.659
430 215811 114.654
431 215810 114.638
432 215810 114.607
433 215809 114.551
434 215809 114.513
435 215809 114.483
436 215808 114.493
437 215808 114.516
438 215807 114.541
439 215807 114.545
440 215807 114.579
441 215808 114.453
442 215806 114.045
443 215804 113.614
444 215809 112.491
445 215805 111.351
446 215802 110.632
447 215801 110.256
448 215801 110.22
449 215800 110.216
450 215800 110.24
451 215800 110.18
452 215799 110.108
453 215799 110.146
454 215799 110.146
455 215798 110.098
456 215798 110.088
457 215798 110.079
458 215798 110.088
459 215798 110.073
460 215798 110.033
461 215798 109.993
462 215798 109.96
463 215798 109.885
464 215798 109.88
465 215798 109.925
466 215798 109.924
467 215798 109.877
468 215798 109.875
469 215798 109.791
470 215799 109.769
471 215798 109.757
472 215798 109.726
473 215798 109.737
474 215798 109.748
475 215797 109.763
476 215798 109.811
477 215798 109.848
478 215797 109.889
479 215798 109.882
480 215798 109.922
481 215798 109.885
482 215798 109.886
483 215797 109.911
484 215797 109.945
485 215797 109.893
486 215796 109.928
487 215797 109.996
488 215796 110.03
489 215796 110.098
490 215796 110.102
491 215797 110.122
492 215796 110.089
493 215796 110.118
494 215797 110.094
495 215796 110.115
496 215796 110.04
497 215796 110.022
498 215796 110.025
499 215795 110.055
500 215795 110.014
501 215795 110.049
502 215794 110.069
503 215794 110.057
504 215794 110.043
505 215794 110.053
506 215794 110.053
507 215794 110.038
508 215794 110.014
509 215794 109.997
510 215794 109.901
511 215793 109.871
