0 121645 153.478
1 121645 153.44
2 121645 153.48
3 121645 153.515
4 121645 153.614
5 121645 153.58
6 121645 153.512
7 121645 153.537
8 121645 153.582
9 121645 153.613
10 121645 153.628
11 121645 153.633
12 121645 153.655
13 121645 153.629
14 121645 153.66
15 121645 153.714
16 121645 153.695
17 121645 153.737
18 121645 153.744
19 121645 153.796
20 121645 153.792
21 121645 153.845
22 121645 153.906
23 121645 153.872
24 121645 153.961
25 121644 153.91
26 121643 153.855
27 121643 153.945
28 121642 153.91
29 121642 153.971
30 121642 154.023
31 121641 154.037
32 121641 154.033
33 121640 154.076
34 121640 154.069
35 121640 154.064
36 121640 154.002
37 121640 154.098
38 121640 154.166
39 121639 154.125
40 121640 154.116
41 121640 154.049
42 121640 154.042
43 121639 154.085
44 121640 154.076
45 121640 154.091
46 121639 154.022
47 121639 153.954
48 121639 153.943
49 121639 153.945
50 121639 153.997
51 121639 153.955
52 121639 153.988
53 121639 154.07
54 121639 154.073
55 121639 154.088
56 121639 154.052
57 121640 154.273
58 121641 154.536
59 121642 154.56
60 121643 154.585
61 121643 154.586
62 121644 154.699
63 121645 154.797
64 121645 154.919
65 121646 155.067
66 121646 155.157
67 121646 155.222
68 121647 155.339
69 121647 155.307
70 121646 155.258
71 121646 155.309
72 121646 155.327
73 121647 155.401
74 121647 155.43
75 121647 155.366
76 121646 155.444
77 121646 155.519
78 121646 155.55
79 121646 155.557
80 121646 155.694
81 121646 155.66
82 121646 155.598
83 121646 155.582
84 121646 155.574
85 121645 155.434
86 121645 155.354
87 121645 155.298
88 121646 155.323
89 121645 155.252
90 121645 155.117
91 121644 155.071
92 121644 155.1
93 121643 155.059
94 121643 154.93
95 121643 154.786
96 121643 154.766
97 121642 154.61
98 121642 154.617
99 121642 154.553
100 121642 154.488
101 121642 154.502
102 121642 154.578
103 121642 154.634
104 121643 154.581
105 121643 154.572
106 121643 154.503
107 121642 154.533
108 121642 154.438
109 121643 154.401
110 121643 154.399
111 121643 154.403
112 121643 154.287
113 121643 154.283
114 121643 154.341
115 121643 154.363
116 121644 154.419
117 121643 154.394
118 121643 154.368
119 121642 154.336
120 121640 154.33
121 121641 154.205
122 121641 154.142
123 121641 154.084
124 121641 154.058
125 121641 154.052
126 121641 154.023
127 121641 154.058
128 121641 153.981
129 121641 153.973
130 121641 153.837
131 121641 153.858
132 121641 153.8
133 121641 153.772
134 121641 153.71
135 121641 153.628
136 121641 153.616
137 121641 153.671
138 121641 153.838
139 121641 153.904
140 121641 153.902
141 121641 153.845
142 121641 153.94
143 121641 153.957
144 121640 153.999
145 121640 153.962
146 121640 153.902
147 121640 153.894
148 121640 153.86
149 121641 153.911
150 121641 153.92
151 121642 153.97
152 121643 153.964
153 121642 154.028
154 121642 154.06
155 121642 154.122
156 121642 154.107
157 121642 154.142
158 121643 154.145
159 121642 154.248
160 121642 154.285
161 121642 154.281
162 121641 154.346
163 121642 154.327
164 121642 154.364
165 121642 154.411
166 121642 154.484
167 121643 154.538
168 121642 154.56
169 121642 154.54
170 121642 154.353
171 121642 154.299
172 121643 154.376
173 121643 154.371
174 121642 154.253
175 121642 154.328
176 121642 154.287
177 121643 154.316
178 121643 154.34
179 121643 154.382
180 121643 154.349
181 121643 154.29
182 121643 154.383
183 121643 154.42
184 121643 154.388
185 121643 154.337
186 121643 154.35
187 121644 154.356
188 121644 154.39
189 121644 154.354
190 121644 154.378
191 121645 154.26
192 121644 154.222
193 121644 154.24
194 121644 154.226
195 121644 154.195
196 121643 154.13
197 121643 154.061
198 121642 154.019
199 121641 153.956
200 121642 153.986
201 121642 153.991
202 121642 153.997
203 121642 153.958
204 121642 153.866
205 121642 153.93
206 121642 153.99
207 121641 153.905
208 121641 153.917
209 121640 153.917
210 121640 153.852
211 121640 153.782
212 121639 153.798
213 121639 153.863
214 121640 153.84
215 121639 153.86
216 121639 153.831
217 121639 153.812
218 121639 153.836
219 121639 153.722
220 121639 153.704
221 121638 153.745
222 121638 153.735
223 121639 153.758
224 121639 153.789
225 121639 153.834
226 121639 153.854
227 121639 153.933
228 121640 153.987
229 121641 153.987
230 121641 154.032
231 121641 154.027
232 121641 154.035
233 121641 153.962
234 121641 154.12
235 121642 154.187
236 121642 154.218
237 121642 154.2
238 121642 154.185
239 121643 154.141
240 121643 154.153
241 121643 154.192
242 121644 154.274
243 121644 154.327
244 121644 154.322
245 121645 154.319
246 121644 154.313
247 121645 154.304
248 121645 154.388
249 121645 154.408
250 121645 154.352
251 121646 154.438
252 121646 154.451
253 121647 154.475
254 121647 154.459
255 121647 154.428
256 121648 154.372
257 121648 154.352
258 121648 154.342
259 121648 154.265
260 121648 154.219
261 121648 154.257
262 121648 154.192
263 121649 154.247
264 121649 154.245
265 121649 154.303
266 121649 154.184
267 121649 154.207
268 121648 154.235
269 121648 154.276
270 121649 154.297
271 121649 154.382
272 121649 154.373
273 121649 154.337
274 121649 154.302
275 121649 154.334
276 121649 154.402
277 121649 154.373
278 121649 154.365
279 121649 154.333
280 121650 154.314
281 121650 154.354
282 121650 154.336
283 121650 154.363
284 121650 154.383
285 121650 154.33
286 121650 154.389
287 121650 154.436
288 121649 154.481
289 121649 154.455
290 121649 154.398
291 121649 154.447
292 121649 154.537
293 121649 154.522
294 121649 154.48
295 121649 154.46
296 121649 154.407
297 121649 154.34
298 121649 154.353
299 121649 154.345
300 121649 154.39
301 121649 154.338
302 121649 154.388
303 121649 154.367
304 121649 154.435
305 121650 154.463
306 121649 154.453
307 121649 154.461
308 121650 154.398
309 121650 154.457
310 121650 154.417
311 121649 154.496
312 121649 154.567
313 121650 154.574
314 121649 154.623
315 121649 154.621
316 121649 154.605
317 121649 154.656
318 121649 154.616
319 121649 154.571
320 121649 154.548
321 121649 154.547
322 121649 154.609
323 121649 154.563
324 121649 154.502
325 121649 154.449
326 121649 154.502
327 121650 154.496
328 121650 154.553
329 121650 154.591
330 121650 154.622
331 121650 154.641
332 121651 154.585
333 121651 154.618
334 121651 154.566
335 121651 154.59
336 121651 154.572
337 121651 154.602
338 121651 154.656
339 121652 154.651
340 121652 154.737
341 121652 154.724
342 121652 154.845
343 121653 154.804
344 121652 154.726
345 121652 154.708
346 121653 154.737
347 121653 154.758
348 121653 154.756
349 121653 154.711
350 121653 154.747
351 121654 154.774
352 121654 154.769
353 121654 154.805
354 121654 154.726
355 121653 154.765
356 121653 154.803
357 121653 154.819
358 121654 154.827
359 121654 154.867
360 121653 154.863
361 121653 154.886
362 121653 154.896
363 121653 154.846
364 121653 154.81
365 121653 154.743
366 121653 154.744
367 121653 154.745
368 121653 154.73
369 121653 154.698
370 121653 154.703
371 121653 154.671
372 121652 154.608
373 121652 154.562
374 121652 154.48
375 121652 154.403
376 121652 154.431
377 121652 154.449
378 121653 154.541
379 121653 154.5
380 121653 154.499
381 121653 154.472
382 121653 154.461
383 121653 154.477
384 121653 154.559
385 121653 154.525
386 121653 154.559
387 121653 154.59
388 121654 154.658
389 121653 154.692
390 121653 154.672
391 121654 154.615
392 121654 154.587
393 121654 154.58
394 121655 154.538
395 121655 154.584
396 121655 154.608
397 121655 154.664
398 121655 154.699
399 121656 154.683
400 121656 154.716
401 121656 154.755
402 121657 154.75
403 121657 154.705
404 121657 154.716
405 121657 154.757
406 121658 154.772
407 121658 154.893
408 121658 154.885
409 121658 154.89
410 121658 154.818
411 121658 154.855
412 121658 154.932
413 121658 154.937
414 121658 154.916
415 121659 154.84
416 121659 154.838
417 121659 154.882
418 121659 154.932
419 121659 154.962
420 121658 154.871
421 121659 154.846
422 121659 154.891
423 121659 154.947
424 121659 155.001
425 121659 154.984
426 121659 155.044
427 121659 154.991
428 121659 154.977
429 121659 154.972
430 121659 154.904
431 121658 154.899
432 121658 154.85
433 121658 154.789
434 121658 154.744
435 121658 154.771
436 121658 154.748
437 121658 154.733
438 121658 154.721
439 121657 154.587
440 121657 154.554
441 121658 154.516
442 121657 154.515
443 121657 154.51
444 121657 154.487
445 121658 154.561
446 121658 154.577
447 121658 154.628
448 121658 154.605
449 121657 154.532
450 121658 154.52
451 121658 154.445
452 121658 154.466
453 121658 154.512
454 121657 154.514
455 121657 154.518
456 121657 154.474
457 121657 154.503
458 121657 154.474
459 121657 154.462
460 121657 154.447
461 121656 154.438
462 121656 154.508
463 121656 154.471
464 121656 154.492
465 121656 154.511
466 121656 154.58
467 121656 154.631
468 121657 154.655
469 121656 154.626
470 121656 154.672
471 121656 154.735
472 121657 154.753
473 121657 154.82
474 121657 154.765
475 121657 154.791
476 121657 154.798
477 121657 154.773
478 121657 154.842
479 121657 154.883
480 121657 154.9
481 121657 154.988
482 121657 155.047
483 121657 155.104
484 121657 155.13
485 121657 155.145
486 121658 155.181
487 121658 155.156
488 121658 155.24
489 121658 155.276
490 121658 155.346
491 121658 155.356
492 121659 155.421
493 121659 155.475
494 121659 155.424
495 121658 155.488
496 121659 155.444
497 121659 155.485
498 121659 155.482
499 121659 155.491
500 121659 155.525
501 121659 155.6
502 121659 155.587
503 121659 155.62
504 121659 155.645
505 121659 155.622
506 121659 155.689
507 121658 155.672
508 121658 155.66
509 121658 155.678
510 121658 155.605
511 121658 155.581
