0 121124 131.556
1 121124 131.595
2 121124 131.627
3 121124 131.644
4 121124 131.628
5 121124 131.677
6 121124 131.614
7 121124 131.569
8 121124 131.6
9 121124 131.582
10 121124 131.57
11 121124 131.589
12 121124 131.608
13 121124 131.668
14 121125 131.734
15 121126 131.787
16 121126 131.797
17 121126 131.841
18 121126 131.865
19 121126 131.913
20 121126 131.872
21 121127 131.837
22 121126 131.835
23 121127 131.855
24 121127 131.877
25 121126 131.832
26 121126 131.864
27 121126 131.872
28 121126 131.886
29 121126 131.921
30 121126 131.927
31 121126 131.934
32 121126 131.957
33 121126 131.944
34 121126 131.881
35 121126 131.856
36 121126 131.873
37 121126 131.8
38 121126 131.862
39 121126 131.895
40 121126 131.871
41 121126 131.865
42 121126 131.9
43 121126 131.898
44 121127 131.875
45 121126 131.868
46 121125 131.816
47 121125 131.779
48 121124 131.768
49 121125 131.699
50 121124 131.716
51 121124 131.757
52 121124 131.809
53 121124 131.792
54 121124 131.845
55 121124 131.836
56 121124 131.872
57 121124 131.881
58 121124 131.888
59 121124 131.916
60 121124 131.874
61 121124 131.874
62 121125 131.864
63 121125 131.856
64 121125 131.864
65 121125 131.827
66 121125 131.868
67 121125 131.93
68 121125 131.923
69 121125 131.936
70 121125 131.922
71 121125 131.967
72 121125 131.952
73 121125 131.974
74 121126 131.967
75 121126 131.958
76 121126 131.967
77 121126 131.94
78 121126 131.945
79 121127 131.886
80 121127 131.879
81 121127 131.894
82 121127 131.896
83 121127 131.839
84 121127 131.849
85 121127 131.823
86 121127 131.799
87 121127 131.812
88 121127 131.759
89 121127 131.743
90 121127 131.782
91 121127 131.779
92 121127 131.797
93 121126 131.814
94 121126 131.794
95 121126 131.83
96 121126 131.783
97 121126 131.854
98 121126 131.86
99 121126 131.806
100 121126 131.822
101 121126 131.806
102 121125 131.848
103 121126 131.813
104 121125 131.833
105 121125 131.813
106 121125 131.8
107 121125 131.773
108 121125 131.764
109 121125 131.765
110 121125 131.755
111 121125 131.794
112 121125 131.795
113 121125 131.788
114 121125 131.776
115 121125 131.803
116 121125 131.768
117 121125 131.777
118 121125 131.759
119 121125 131.746
120 121125 131.774
121 121126 131.776
122 121126 131.743
123 121126 131.659
124 121126 131.65
125 121126 131.63
126 121126 131.617
127 121126 131.599
128 121127 131.617
129 121127 131.572
130 121127 131.589
131 121127 131.591
132 121127 131.568
133 121127 131.598
134 121127 131.522
135 121127 131.543
136 121127 131.681
137 121127 131.733
138 121127 131.716
139 121127 131.741
140 121127 131.751
141 121127 131.762
142 121127 131.771
143 121127 131.82
144 121127 131.858
145 121127 131.866
146 121127 131.904
147 121126 131.913
148 121126 131.935
149 121126 131.942
150 121126 132.005
151 121126 132.024
152 121126 132.034
153 121126 132.054
154 121126 132.071
155 121126 132.179
156 121126 132.195
157 121126 132.233
158 121126 132.243
159 121126 132.206
160 121126 132.166
161 121126 132.196
162 121126 132.177
163 121126 132.162
164 121126 132.175
165 121126 132.174
166 121126 132.256
167 121127 132.209
168 121126 132.083
169 121126 132.057
170 121126 132.102
171 121126 132.083
172 121126 132.094
173 121126 132.018
174 121126 132.017
175 121127 131.974
176 121126 131.923
177 121127 131.942
178 121127 131.92
179 121127 131.874
180 121127 131.81
181 121126 131.856
182 121126 131.771
183 121127 131.783
184 121127 131.778
185 121127 131.794
186 121127 131.766
187 121126 131.701
188 121126 131.731
189 121126 131.691
190 121126 131.671
191 121126 131.666
192 121127 131.718
193 121127 131.724
194 121127 131.713
195 121127 131.753
196 121127 131.751
197 121127 131.811
198 121127 131.771
199 121126 131.774
200 121126 131.749
201 121126 131.783
202 121126 131.771
203 121126 131.816
204 121126 131.831
205 121126 131.876
206 121126 131.836
207 121126 131.853
208 121126 131.872
209 121126 131.884
210 121126 131.86
211 121126 131.874
212 121126 131.992
213 121126 131.97
214 121126 132.033
215 121126 132.027
216 121126 132.01
217 121126 132.007
218 121126 132.003
219 121126 132.02
220 121126 131.999
221 121128 133.397
222 121135 136.772
223 121139 138.33
224 121142 139.926
225 121143 140.667
226 121145 141.587
227 121147 142.107
228 121148 142.408
229 121149 142.969
230 121150 143.332
231 121151 143.965
232 121152 144.205
233 121153 144.501
234 121154 145.046
235 121156 145.31
236 121156 145.452
237 121158 145.927
238 121161 147.082
239 121161 148.269
240 121162 148.282
241 121161 148.271
242 121162 148.297
243 121162 148.288
244 121162 148.477
245 121162 148.493
246 121162 148.452
247 121162 148.471
248 121162 148.477
249 121162 148.462
250 121163 148.518
251 121163 148.526
252 121163 148.525
253 121161 147.134
254 121155 143.837
255 121151 142.344
256 121148 140.749
257 121146 140.049
258 121144 139.186
259 121142 138.696
260 121141 138.424
261 121140 137.805
262 121139 137.379
263 121138 136.868
264 121138 136.685
265 121137 136.457
266 121136 135.959
267 121136 135.895
268 121140 136.371
269 121142 136.598
270 121140 136.169
271 121142 135.523
272 121142 136.004
273 121145 136.564
274 121146 136.716
275 121147 136.915
276 121149 137.623
277 121152 138.199
278 121155 139.52
279 121157 140.357
280 121159 141.107
281 121163 142.095
282 121168 143.649
283 121172 145.47
284 121178 148.203
285 121181 149.521
286 121181 150.204
287 121182 150.713
288 121183 151.001
289 121186 151.931
290 121190 152.675
291 121195 153.683
292 121197 155.689
293 121201 156.682
294 121210 157.68
295 121216 159.687
296 121223 161.149
297 121229 162.035
298 121235 163.248
299 121237 164.619
300 121237 165.285
301 121236 166.794
302 121238 166.73
303 121237 167.401
304 121239 167.725
305 121238 167.905
306 121238 167.918
307 121238 167.92
308 121237 167.123
309 121236 167.163
310 121236 166.175
311 121236 165.738
312 121235 165.454
313 121233 164.627
314 121229 163.217
315 121227 161.749
316 121222 159.454
317 121222 158.6
318 121226 158.322
319 121228 158.511
320 121230 158.642
321 121228 158.114
322 121226 158.18
323 121223 157.369
324 121222 156.005
325 121220 155.193
326 121213 154.94
327 121209 153.152
328 121203 152.016
329 121200 151.576
330 121196 150.866
331 121196 149.842
332 121194 149.05
333 121192 147.42
334 121191 147.159
335 121190 146.097
336 121188 145.467
337 121188 145.007
338 121189 145.293
339 121189 145.327
340 121189 145.586
341 121187 145.466
342 121186 145.371
343 121185 145.621
344 121185 145.291
345 121185 145.385
346 121184 145.311
347 121184 145.246
348 121185 145.289
349 121183 145.434
350 121182 145.455
351 121184 145.286
352 121184 145.886
353 121184 146.277
354 121184 145.969
355 121183 146.137
356 121183 145.974
357 121182 145.95
358 121179 145.288
359 121178 145.015
360 121175 144.629
361 121173 144.125
362 121171 143.62
363 121168 143.146
364 121166 142.692
365 121164 142.246
366 121163 141.881
367 121162 141.714
368 121162 141.565
369 121160 141.322
370 121158 140.876
371 121159 141.478
372 121160 141.62
373 121164 141.914
374 121165 142.796
375 121164 142.68
376 121163 142.675
377 121163 142.56
378 121161 142.462
379 121159 142.174
380 121158 141.715
381 121156 141.097
382 121155 141.466
383 121153 142.006
384 121151 141.507
385 121153 141.937
386 121154 142.354
387 121155 143.82
388 121155 143.797
389 121156 144.57
390 121157 145.217
391 121158 145.381
392 121159 146.054
393 121161 147.095
394 121163 148.008
395 121165 148.575
396 121166 149.194
397 121167 149.49
398 121168 150.261
399 121170 150.993
400 121172 151.742
401 121172 152.456
402 121175 152.844
403 121174 152.768
404 121174 152.786
405 121171 152.191
406 121171 152.166
407 121170 152.019
408 121171 152.209
409 121173 152.591
410 121174 153.164
411 121178 153.835
412 121180 154.911
413 121184 156.508
414 121186 157.925
415 121185 157.725
416 121186 157.752
417 121184 156.828
418 121183 156.418
419 121181 154.846
420 121183 154.532
421 121183 155.13
422 121184 155.212
423 121188 155.72
424 121190 155.806
425 121190 155.391
426 121189 155.243
427 121190 155.245
428 121191 155.148
429 121193 156.284
430 121196 157.197
431 121199 157.753
432 121199 157.758
433 121200 157.454
434 121199 157.564
435 121201 157.691
436 121202 157.554
437 121202 157.713
438 121202 157.42
439 121204 157.968
440 121205 158.328
441 121207 159.398
442 121208 160.32
443 121207 160.063
444 121207 160.579
445 121204 160.305
446 121202 158.28
447 121201 157.602
448 121200 157.717
449 121200 157.813
450 121202 158.023
451 121204 158.324
452 121204 158.907
453 121203 157.991
454 121202 157.566
455 121200 157.239
456 121197 157.183
457 121197 156.721
458 121197 156.281
459 121196 155.934
460 121196 155.793
461 121201 155.632
462 121199 155.566
463 121197 154.652
464 121197 154.797
465 121196 154.778
466 121197 154.905
467 121197 154.632
468 121195 154.632
469 121195 154.572
470 121195 154.148
471 121194 153.455
472 121194 153.087
473 121192 152.025
474 121191 151.174
475 121190 150.973
476 121189 149.581
477 121189 148.73
478 121190 149.106
479 121192 149.216
480 121192 149.319
481 121191 149.203
482 121189 148.8
483 121188 148.715
484 121188 148.697
485 121187 148.628
486 121189 148.761
487 121187 148.676
488 121189 148.833
489 121189 149.184
490 121189 149.433
491 121190 149.919
492 121189 150.952
493 121182 149.986
494 121180 148.612
495 121178 148.379
496 121177 147.864
497 121177 147.933
498 121176 147.776
499 121174 147.664
500 121175 147.707
501 121175 147.926
502 121174 148.104
503 121175 148.395
504 121174 148.668
505 121173 148.664
506 121173 148.459
507 121173 148.912
508 121174 149.405
509 121173 149.51
510 121172 149.405
511 121172 149.835
