0 121900 158.569
1 121900 158.326
2 121900 158.147
3 121901 158.351
4 121901 158.173
5 121902 158.033
6 121904 158.185
7 121904 158.205
8 121905 158.487
9 121906 158.619
10 121908 158.886
11 121907 158.826
12 121907 158.732
13 121907 158.588
14 121907 158.533
15 121907 158.491
16 121906 158.435
17 121906 158.162
18 121908 158.198
19 121908 158.15
20 121909 158.073
21 121908 158.094
22 121909 158.16
23 121909 157.868
24 121909 157.693
25 121908 157.511
26 121907 157.415
27 121906 157.376
28 121905 157.284
29 121905 157.184
30 121904 157.163
31 121904 157.078
32 121904 157.062
33 121904 157.109
34 121904 157.157
35 121903 157.087
36 121903 157.17
37 121904 157.396
38 121903 157.456
39 121903 157.474
40 121902 157.177
41 121900 156.885
42 121898 156.521
43 121898 156.545
44 121898 156.52
45 121898 156.511
46 121898 156.463
47 121898 156.441
48 121898 156.353
49 121898 156.294
50 121897 156.206
51 121897 156.207
52 121896 156.168
53 121897 156.326
54 121897 156.359
55 121898 156.538
56 121899 157.791
57 121900 158.499
58 121902 158.805
59 121903 159.399
60 121905 160.572
61 121907 161.169
62 121908 161.713
63 121912 163.403
64 121916 164.583
65 121917 164.649
66 121918 164.655
67 121918 164.559
68 121918 164.523
69 121916 164.299
70 121917 164.087
71 121917 166.037
72 121918 166.301
73 121919 166.5
74 121920 166.592
75 121921 166.955
76 121921 167.147
77 121921 167.19
78 121922 167.256
79 121922 167.209
80 121922 167.41
81 121921 167.31
82 121921 167.313
83 121920 167.197
84 121920 167.207
85 121919 166.996
86 121919 166.887
87 121918 166.681
88 121916 165.469
89 121915 164.834
90 121914 164.457
91 121913 163.848
92 121911 162.794
93 121909 162.178
94 121908 161.75
95 121905 160.19
96 121902 159.348
97 121902 159.399
98 121902 159.368
99 121901 159.364
100 121900 159.42
101 121901 159.552
102 121901 160.235
103 121901 159.084
104 121902 158.985
105 121901 158.935
106 121901 158.992
107 121900 158.512
108 121902 159.363
109 121901 160.08
110 121900 159.939
111 121900 160.15
112 121899 160.048
113 121899 160.294
114 121900 160.393
115 121901 160.521
116 121901 160.527
117 121902 160.662
118 121901 160.618
119 121901 160.632
120 121900 160.507
121 121900 160.45
122 121899 160.399
123 121897 160.294
124 121896 160.245
125 121896 160.23
126 121894 159.991
127 121893 159.793
128 121891 159.435
129 121889 159.232
130 121888 159.211
131 121888 159.148
132 121887 159.082
133 121887 158.969
134 121885 158.193
135 121884 157.186
136 121882 156.909
137 121881 156.959
138 121881 156.857
139 121881 156.862
140 121879 155.813
141 121878 155.095
142 121879 155.193
143 121878 154.948
144 121879 154.984
145 121879 154.967
146 121879 154.931
147 121879 154.882
148 121878 154.974
149 121878 154.915
150 121878 154.925
151 121878 154.905
152 121878 154.909
153 121877 154.922
154 121878 154.944
155 121878 154.992
156 121878 154.921
157 121878 154.868
158 121879 154.897
159 121880 154.965
160 121880 155.046
161 121881 155.58
162 121881 155.719
163 121882 155.736
164 121882 155.661
165 121882 155.678
166 121882 155.715
167 121881 155.736
168 121882 155.732
169 121881 155.59
170 121880 155.538
171 121880 155.489
172 121880 155.412
173 121879 155.296
174 121880 155.245
175 121879 155.284
176 121879 155.187
177 121878 154.937
178 121876 154.782
179 121876 154.708
180 121876 154.499
181 121875 154.356
182 121874 154.273
183 121874 154.257
184 121875 154.278
185 121874 154.188
186 121875 154.128
187 121874 154.077
188 121874 154.03
189 121874 154.05
190 121875 154.434
191 121875 154.443
192 121874 154.351
193 121875 154.083
194 121874 153.832
195 121873 153.816
196 121873 153.811
197 121874 153.756
198 121872 153.744
199 121873 153.864
200 121873 153.918
201 121873 153.936
202 121873 153.988
203 121873 154.067
204 121873 154.124
205 121873 154.204
206 121872 154.157
207 121871 154.054
208 121871 154.007
209 121871 154.013
210 121871 154.063
211 121870 154.105
212 121869 154.099
213 121869 154.173
214 121868 154.164
215 121867 154.121
216 121871 156.141
217 121871 156.285
218 121871 156.399
219 121871 156.36
220 121870 156.358
221 121871 156.411
222 121871 156.107
223 121871 156.262
224 121871 156.365
225 121870 156.236
226 121871 156.359
227 121870 156.328
228 121869 156.3
229 121869 156.615
230 121869 156.575
231 121868 156.405
232 121868 156.334
233 121867 156.257
234 121867 156.216
235 121867 156.197
236 121867 156.148
237 121866 156.106
238 121867 156.104
239 121868 156.115
240 121867 156.032
241 121869 156.11
242 121869 156.085
243 121868 156.038
244 121869 156.113
245 121869 156.125
246 121870 156.105
247 121870 156.115
248 121866 154.143
249 121866 154.075
250 121866 154.006
251 121865 154.096
252 121865 154.265
253 121866 154.541
254 121864 154.515
255 121864 154.411
256 121864 154.429
257 121863 154.337
258 121862 154.308
259 121862 154.304
260 121862 154.491
261 121862 154.386
262 121863 154.373
263 121863 154.422
264 121862 154.478
265 121862 154.486
266 121862 154.512
267 121861 154.449
268 121862 154.895
269 121861 154.936
270 121861 155.658
271 121861 155.667
272 121860 155.714
273 121859 155.659
274 121859 155.867
275 121859 156.093
276 121860 156.147
277 121859 156.052
278 121859 155.997
279 121859 156.052
280 121858 156.02
281 121858 155.928
282 121859 155.941
283 121858 155.914
284 121859 155.755
285 121857 155.392
286 121857 155.285
287 121857 155.123
288 121857 155.082
289 121856 154.992
290 121856 154.913
291 121856 154.905
292 121855 154.768
293 121855 154.456
294 121855 154.79
295 121855 154.798
296 121856 154.895
297 121856 154.93
298 121857 154.867
299 121857 154.934
300 121856 154.494
301 121856 154.478
302 121856 153.72
303 121856 153.778
304 121856 153.804
305 121857 153.889
306 121857 153.683
307 121856 153.424
308 121856 153.323
309 121855 153.327
310 121855 153.434
311 121855 153.373
312 121856 153.381
313 121856 153.494
314 121856 153.472
315 121856 153.458
316 121856 153.403
317 121856 153.362
318 121857 153.535
319 121857 153.704
320 121857 153.724
321 121858 153.809
322 121858 154.066
323 121860 154.179
324 121861 154.611
325 121862 154.878
326 121863 154.911
327 121862 155.166
328 121862 155.063
329 121862 155.05
330 121862 155.007
331 121862 154.967
332 121862 154.998
333 121863 154.949
334 121863 154.932
335 121863 154.974
336 121864 155.083
337 121864 155.059
338 121867 155.38
339 121867 155.448
340 121868 155.512
341 121869 155.602
342 121871 155.671
343 121871 155.761
344 121871 155.742
345 121871 155.621
346 121871 155.631
347 121873 155.694
348 121873 155.806
349 121874 155.9
350 121874 155.769
351 121876 157.025
352 121876 157.111
353 121876 157.059
354 121875 156.844
355 121874 156.752
356 121874 156.376
357 121873 156.203
358 121873 155.895
359 121874 155.68
360 121874 155.732
361 121874 155.746
362 121876 156.015
363 121876 156.174
364 121877 156.203
365 121879 158.221
366 121879 158.297
367 121878 158.185
368 121879 158.174
369 121879 158.168
370 121879 157.929
371 121879 157.889
372 121877 157.777
373 121877 157.699
374 121876 157.555
375 121876 157.47
376 121876 157.457
377 121877 157.655
378 121877 157.624
379 121876 157.568
380 121875 157.517
381 121875 157.565
382 121875 157.584
383 121873 156.181
384 121874 156.063
385 121874 156.001
386 121873 156.002
387 121876 157.612
388 121875 157.545
389 121876 157.815
390 121876 157.859
391 121876 157.832
392 121876 157.766
393 121875 157.704
394 121873 157.427
395 121872 157.256
396 121871 157.187
397 121869 155.255
398 121871 155.617
399 121870 156.261
400 121869 156.101
401 121870 158.975
402 121868 158.821
403 121868 158.762
404 121868 158.762
405 121868 158.73
406 121868 158.73
407 121867 158.808
408 121866 158.721
409 121865 158.539
410 121865 158.534
411 121865 158.504
412 121865 158.485
413 121865 158.397
414 121863 158.319
415 121863 158.325
416 121862 158.264
417 121863 158.33
418 121863 158.456
419 121860 156.782
420 121860 156.708
421 121859 156.332
422 121858 156.202
423 121857 156.142
424 121857 156.107
425 121856 156.136
426 121856 156.248
427 121856 156.193
428 121855 156.143
429 121855 156.131
430 121853 155.723
431 121854 155.151
432 121855 155.183
433 121853 152.158
434 121854 152.221
435 121854 152.627
436 121853 152.671
437 121855 152.961
438 121855 153.133
439 121856 153.1
440 121857 153.289
441 121857 153.44
442 121857 153.635
443 121858 153.763
444 121859 154.104
445 121860 154.386
446 121861 154.653
447 121862 154.874
448 121862 154.992
449 121861 155.037
450 121860 155.152
451 121861 155.264
452 121861 155.311
453 121861 155.374
454 121861 155.475
455 121861 155.513
456 121862 155.649
457 121862 155.659
458 121862 155.586
459 121865 156.577
460 121865 156.691
461 121865 156.681
462 121864 156.734
463 121864 156.718
464 121867 158.711
465 121866 158.739
466 121867 158.771
467 121866 158.433
468 121867 158.463
469 121865 158.351
470 121864 158.148
471 121863 158.08
472 121862 157.941
473 121862 157.756
474 121860 157.532
475 121860 157.319
476 121858 156.921
477 121857 156.614
478 121855 156.335
479 121855 156.119
480 121854 155.95
481 121854 155.855
482 121854 155.64
483 121853 155.586
484 121853 155.542
485 121852 155.465
486 121853 155.408
487 121853 155.45
488 121852 155.387
489 121852 155.343
490 121851 155.287
491 121848 154.297
492 121848 154.174
493 121848 154.066
494 121848 153.971
495 121848 153.842
496 121843 151.788
497 121843 151.763
498 121842 151.72
499 121843 151.67
500 121842 151.613
501 121842 151.403
502 121842 151.459
503 121843 151.478
504 121843 151.481
505 121842 151.529
506 121842 151.544
507 121843 151.658
508 121843 151.745
509 121843 151.779
510 121843 151.824
511 121842 151.806
