25.9217 92808 5.70212 8 0 0 1 2539 2541 13 0 1 20 1  0
25.8641 162492 9.98351 8 0 0 1 2851 2853 13 0 1 20 1  0
0 2048 0.125829 8 0 0 1005 3151 3152 13 0 1 20 1  0
13.7014 2540 0.156058 1 0 0 1 2540 2541 13 0 1 20 1  0
30.3703 106545 6.54612 1 0 0 2 2852 2854 13 0 1 20 1  0
28.4129 222993 13.7007 1 0 0 4 3152 3153 13 0 1 20 1  0
26.1167 245894 15.1077 1 0 0 2 3188 3190 13 0 1 20 1  0
0 2048 0.125829 1 0 0 1353 3640 3642 13 0 1 20 1  0
13.4294 148421 9.11899 3 0 0 2 5143 5147 13 0 1 20 1  0
11.3706 13319 0.818319 1 1 0.0197462 3 13319 13320 13 0 1 20 1  0
11.2078 5143 0.315986 2 1 0.0197462 1 5143 5144 13 0 1 20 1  0
11.4781 30985 1.90372 2 1 0.0197462 1 13320 13321 13 0 1 20 1  0
10.1537 11348 0.697221 2 2 0.0394922 2 11348 11349 13 0 1 20 1  0
12.0365 136646 8.39553 2 3 0.059238 5 32940 32941 13 0 1 20 1  0
10.3347 121598 7.47098 3 3 0.059238 1 121598 121599 13 0 1 20 1  0
10.4063 32939 2.02377 2 4 0.0789836 1 32939 32940 13 0 1 20 1  0
10.1999 255700 15.7102 3 4 0.0789836 1 255700 255701 13 0 1 20 1  0
12.0668 173486 10.659 12 50 0.988221 1 167624 176126 13 0 1 20 1  0
25.4725 260615 16.0122 8 0 0 919 260290 260291 13 0 1 20 1  0
28.605 382946 23.5282 1 0 0 1 260290 260292 13 0 1 20 1  0
0 260096 15.9803 1 0 0 1294 260309 260311 13 0 1 20 1  0
20.2723 264535 16.253 2 0 0 2 260289 260292 13 0 1 20 1  0
20.4613 490541 30.1388 2 0 0 4 260309 260311 13 0 1 20 1  0
12.9812 513754 31.565 3 0 0 1 264533 264538 13 0 1 20 1  0
14.5151 260941 16.0322 2 1 0.0197462 3 260940 260942 13 0 1 20 1  0
11.2458 417264 25.6367 1 1 0.0197462 1 264534 264535 13 0 1 20 1  0
10.9239 359060 22.0606 3 1 0.0197462 1 359060 359061 13 0 1 20 1  0
10.3838 263885 16.2131 2 2 0.0394922 1 263885 263886 13 0 1 20 1  0
10.1146 324394 19.9308 3 2 0.0394922 1 324394 324395 13 0 1 20 1  0
11.8955 285141 17.5191 2 3 0.059238 1 268133 268134 13 0 1 20 1  0
10.1823 348917 21.4375 3 3 0.059238 1 348917 348918 13 0 1 20 1  0
10.7238 291035 17.8812 2 4 0.0789836 3 291035 291036 13 0 1 20 1  0
10.6546 443433 27.2445 3 5 0.0987291 4 443433 443435 13 0 1 20 1  0
10.4737 484318 29.7565 12 2358 363.312 1 483580 484614 13 0 1 20 1  0
24.6123 522264 32.0879 8 0 0 2830 522264 522265 13 0 1 20 1  0
26.4348 653096 40.1262 8 0 0 1 522407 522408 13 0 1 20 1  0
26.6533 674357 41.4325 8 0 0 1 522583 522584 13 0 1 20 1  0
26.3188 783612 48.1451 8 0 0 1 522910 522911 13 0 1 20 1  0
29.644 535997 32.9317 1 0 0 1 522264 522266 13 0 1 20 1  0
27.9926 672718 41.3318 1 0 0 1 522408 522409 13 0 1 20 1  0
25.5114 764967 46.9996 1 0 0 1 522583 522585 13 0 1 20 1  0
22.9739 558239 34.2982 2 0 0 2 522263 522265 13 0 1 20 1  0
15.737 591606 36.3483 3 0 0 2 526506 526511 13 0 1 20 1  0
16.9057 646974 39.7501 7 2 0.0394922 239 646920 647049 13 0 1 20 1  0
11.0098 526841 32.3691 1 1 0.0197462 1 526841 526842 13 0 1 20 1  0
11.6993 674684 41.4526 1 1 0.0197462 1 530445 530446 13 0 1 20 1  0
12.9314 575574 35.3633 2 1 0.0197462 1 530445 530447 13 0 1 20 1  0
11.6182 543521 33.3939 3 1 0.0197462 2 543520 543522 13 0 1 20 1  0
12.1537 531745 32.6704 2 3 0.059238 4 531745 531746 13 0 1 20 1  0
12.6731 719829 44.2263 2 2 0.0394922 1 537303 537304 13 0 1 20 1  0
12.4375 691034 42.4571 2 3 0.059238 1 539595 539596 13 0 1 20 1  0
12.4745 567066 34.8405 3 3 0.059238 4 531745 531747 13 0 1 20 1  0
11.5789 709031 43.5629 2 4 0.0789836 3 546458 546459 13 0 1 20 1  0
10.3395 633132 38.8996 2 5 0.0987291 1 633132 633133 13 0 1 20 1  0
14.1213 784410 48.1941 1 0 0 2672 784410 784411 13 0 1 20 1  0
25.5705 797034 48.9698 8 0 0 1 784599 784600 13 0 1 20 1  0
25.595 1016835 62.4743 8 0 0 1 784730 784731 13 0 1 20 1  0
30.6094 845439 51.9438 1 0 0 2 784599 784601 13 0 1 20 1  0
28.8688 969729 59.5801 1 0 0 1 785245 785247 13 0 1 20 1  0
28.8071 1018458 62.5741 1 0 0 1 785706 785707 13 0 1 20 1  0
21.1936 813380 49.9741 2 0 0 3 785245 785247 13 0 1 20 1  0
20.4871 878598 53.9811 3 0 0 126 789828 789833 13 0 1 20 1  0
10.1948 788842 48.4664 1 1 0.0197462 1 788842 788843 13 0 1 20 1  0
11.3372 798984 49.0896 1 1 0.0197462 2 798984 798985 13 0 1 20 1  0
13.443 835101 51.3086 8 1 0.0197462 11 835023 835157 13 0 1 20 1  0
10.0283 789829 48.5271 2 2 0.0394922 1 789829 789830 13 0 1 20 1  0
12.3741 839870 51.6016 2 2 0.0394922 1 794071 794072 13 0 1 20 1  0
10.2046 786224 48.3056 2 3 0.059238 1 786224 786225 13 0 1 20 1  0
12.1342 1011598 62.1526 2 3 0.059238 1 789828 789829 13 0 1 20 1  0
10.0267 812389 49.9132 3 3 0.059238 1 812389 812390 13 0 1 20 1  0
10.9266 912817 56.0835 3 3 0.059238 1 845437 845438 13 0 1 20 1  0
10.2675 794069 48.7876 2 4 0.0789836 1 794069 794070 13 0 1 20 1  0
10.9842 918374 56.4249 3 5 0.0987291 2 918374 918375 13 0 1 20 1  0
10.4161 899718 55.2787 2 5 0.0987291 1 845434 845435 13 0 1 20 1  0
11.1193 1046576 64.3016 8 0 0 3647 1046576 1046577 13 0 1 20 1  0
25.3681 1082258 66.4939 8 0 0 87 1046892 1046893 13 0 1 20 1  0
25.2165 1208882 74.2737 8 0 0 1 1046928 1046929 13 0 1 20 1  0
29.1168 1096979 67.3984 1 0 0 1 1047251 1047253 13 0 1 20 1  0
27.1069 1214758 74.6347 1 0 0 2 1047403 1047404 13 0 1 20 1  0
26.0896 1283143 78.8363 1 0 0 1 1047757 1047758 13 0 1 20 1  0
18.8021 1082258 66.4939 2 0 0 2 1051830 1051833 13 0 1 20 1  0
14.2487 1212881 74.5194 3 0 0 2 1067862 1067865 13 0 1 20 1  0
24.9462 1193084 73.3031 9 11 0.217204 970 1080739 1081280 13 0 1 20 1  0
11.1094 1052158 64.6446 1 1 0.0197462 1 1052158 1052159 13 0 1 20 1  0
11.2272 1084551 66.6348 1 1 0.0197462 1 1057719 1057720 13 0 1 20 1  0
10.5576 1095348 67.2982 2 1 0.0197462 1 1095348 1095349 13 0 1 20 1  0
10.1854 1080850 66.4074 3 1 0.0197462 1 1080850 1080851 13 0 1 20 1  0
12.1975 1285764 78.9973 2 2 0.0394922 1 1053465 1053467 13 0 1 20 1  0
10.6726 1223640 75.1804 3 2 0.0394922 1 1212874 1212875 13 0 1 20 1  0
10.4302 1053463 64.7248 2 4 0.0789836 2 1053463 1053464 13 0 1 20 1  0
11.77 1208879 74.2735 2 3 0.059238 1 1058051 1058052 13 0 1 20 1  0
10.7265 1123809 69.0468 3 3 0.059238 1 1123809 1123810 13 0 1 20 1  0
10.0235 1132061 69.5538 4 3 0.059238 1 1132061 1132062 13 0 1 20 1  0
11.4445 1106468 67.9814 2 4 0.0789836 2 1096974 1096975 13 0 1 20 1  0
13.3416 1296298 79.6445 7 7 0.13822 1 1131031 1131770 13 0 1 20 1  0
15.1724 1223804 75.1905 10 11 0.217204 2 1131152 1131873 13 0 1 20 1  0
13.49 1131116 69.4958 10 140 2.7902 37 1080542 1080779 13 0 1 20 1  0
13.4641 1212011 74.466 11 217 4.38533 2 1211608 1212374 13 0 1 20 1  0
10.2954 1191263 73.1912 5 283 5.81591 1 1191260 1191264 13 0 1 20 1  0
10.1548 1190882 73.1678 7 666 16.3865 1 1190880 1190892 13 0 1 20 1  0
11.2834 1210457 74.3705 8 803 21.7263 28 1210406 1210519 13 0 1 20 1  0
10.6896 1283570 78.8625 9 1220 47.6672 1 1283538 1283751 13 0 1 20 1  0
14.9617 1309123 80.4325 8 0 0 2393 1309123 1309124 13 0 1 20 1  0
25.4764 1403866 86.2535 8 0 0 1 1309316 1309317 13 0 1 20 1  0
11.3058 1308991 80.4244 1 0 0 1 1308991 1308992 13 0 1 20 1  0
26.4338 1333859 81.9523 1 0 0 1 1309047 1309048 13 0 1 20 1  0
30.584 1474862 90.6155 1 0 0 2 1309123 1309126 13 0 1 20 1  0
16.8876 1326746 81.5153 7 1 0.0197462 32 1324417 1324833 13 0 1 20 1  0
10.2061 1310725 80.5309 4 0 0 1 1310725 1310726 13 0 1 20 1  0
18.7717 1349201 82.8949 11 96 1.90345 444 1347682 1349744 13 0 1 20 1  0
11.3745 1323388 81.309 2 3 0.059238 4 1323388 1323389 13 0 1 20 1  0
11.2952 1356756 83.3591 1 1 0.0197462 1 1328624 1328625 13 0 1 20 1  0
11.0707 1533419 94.2133 2 1 0.0197462 1 1428726 1428727 13 0 1 20 1  0
12.5304 1558279 95.7407 2 2 0.0394922 1 1328623 1328624 13 0 1 20 1  0
10.8178 1331900 81.8319 3 2 0.0394922 2 1326747 1326748 13 0 1 20 1  0
11.9584 1506587 92.5647 2 3 0.059238 1 1331896 1331898 13 0 1 20 1  0
11.403 1515752 93.1278 2 4 0.0789836 5 1333855 1333857 13 0 1 20 1  0
11.1242 1324664 81.3874 9 9 0.177712 1 1324550 1324683 13 0 1 20 1  0
11.1471 1365616 83.9034 12 267 5.46259 1 1348058 1348964 13 0 1 20 1  0
11.7366 1324876 81.4004 11 2370 371.13 5 1323317 1326222 13 0 1 20 1  0
17.0107 1309138 80.4334 12 2897 945.074 2 1308672 1312352 13 0 1 20 1  0
12.664 1571004 96.5225 8 0 0 2186 1571004 1571005 13 0 1 20 1  0
25.3504 1637437 100.604 8 0 0 1 1571659 1571660 13 0 1 20 1  0
25.2571 1745395 107.237 8 0 0 1 1572158 1572159 13 0 1 20 1  0
26.6816 1690769 103.881 1 0 0 1 1571004 1571006 13 0 1 20 1  0
29.1571 1788910 109.911 1 0 0 6 1571659 1571661 13 0 1 20 1  0
12.0729 1706902 104.872 3 0 0 1 1637437 1637440 13 0 1 20 1  0
17.8227 1708204 104.952 7 1 0.0197462 112 1704754 1704777 13 0 1 20 1  0
11.2677 1596883 98.1125 1 1 0.0197462 2 1596883 1596884 13 0 1 20 1  0
11.2905 1751935 107.639 1 1 0.0197462 1 1600470 1600471 13 0 1 20 1  0
10.5384 1600471 98.3329 2 1 0.0197462 2 1600471 1600472 13 0 1 20 1  0
11.952 1639408 100.725 2 1 0.0197462 3 1621413 1621414 13 0 1 20 1  0
11.1053 1709470 105.03 4 1 0.0197462 2 1706895 1706910 13 0 1 20 1  0
11.8587 1724665 105.963 10 16 0.315943 6 1708097 1708480 13 0 1 20 1  0
10.0568 1583126 97.2673 2 2 0.0394922 1 1583126 1583127 13 0 1 20 1  0
11.7541 1643665 100.987 2 2 0.0394922 3 1599488 1599489 13 0 1 20 1  0
12.0919 1690437 103.86 2 3 0.059238 1 1600140 1600141 13 0 1 20 1  0
10.2889 1804929 110.895 3 3 0.059238 1 1804929 1804930 13 0 1 20 1  0
10.2222 1599485 98.2724 2 4 0.0789836 1 1599485 1599486 13 0 1 20 1  0
10.1002 1811473 111.297 3 5 0.0987291 1 1811473 1811474 13 0 1 20 1  0
10.174 1705624 104.794 7 778 20.666 2 1705619 1705642 13 0 1 20 1  0
16.8576 1833027 112.621 8 0 0 1070 1833027 1833028 13 0 1 20 1  0
25.5349 1899141 116.683 8 0 0 1 1833069 1833070 13 0 1 20 1  0
25.4225 2041450 125.427 8 0 0 1 1833331 1833332 13 0 1 20 1  0
23.9775 1915821 117.708 1 0 0 1 1833027 1833029 13 0 1 20 1  0
26.1092 2041450 125.427 1 0 0 1 1833069 1833071 13 0 1 20 1  0
30.6156 2089856 128.401 1 0 0 1 1833718 1833719 13 0 1 20 1  0
0 1832960 112.617 1 0 0 1271 1833729 1833730 13 0 1 20 1  0
21.9985 1984853 121.949 2 0 0 1 1834374 1834376 13 0 1 20 1  0
16.4176 1924532 118.243 3 0 0 34 1910268 1910271 13 0 1 20 1  0
10.25 1870679 114.935 1 1 0.0197462 1 1870679 1870680 13 0 1 20 1  0
11.2413 1994991 122.572 1 1 0.0197462 1 1907976 1907977 13 0 1 20 1  0
11.5649 1863493 114.493 2 2 0.0394922 3 1863493 1863494 13 0 1 20 1  0
10.641 1899463 116.703 2 3 0.059238 1 1899463 1899464 13 0 1 20 1  0
11.6442 2035556 125.065 2 3 0.059238 1 1923993 1923994 13 0 1 20 1  0
10.2491 1923991 118.21 2 5 0.0987291 1 1923991 1923992 13 0 1 20 1  0
13.6101 2095391 128.741 8 0 0 1226 2095391 2095392 13 0 1 20 1  0
26.6385 2197446 135.011 8 0 0 1 2095710 2095711 13 0 1 20 1  0
26.5387 2215760 136.136 8 0 0 1 2095747 2095748 13 0 1 20 1  0
25.9637 2323991 142.786 8 0 0 1 2096063 2096064 13 0 1 20 1  0
11.7472 2095711 128.76 1 0 0 1 2095711 2095712 13 0 1 20 1  0
28.0822 2119283 130.209 1 0 0 2 2096063 2096065 13 0 1 20 1  0
24.8908 2255659 138.588 1 0 0 1 2096201 2096203 13 0 1 20 1  0
27.5154 2298489 141.219 1 0 0 1 2096234 2096235 13 0 1 20 1  0
0 2095104 128.723 1 0 0 1798 2096393 2096395 13 0 1 20 1  0
19.1011 2157223 132.54 2 0 0 2 2096062 2096065 13 0 1 20 1  0
19.8136 2353411 144.594 2 0 0 1 2096393 2096394 13 0 1 20 1  0
14.0744 2111936 129.757 3 0 0 3 2096721 2096724 13 0 1 20 1  0
10.8929 2113720 129.867 1 1 0.0197462 1 2113720 2113721 13 0 1 20 1  0
11.774 2185670 134.288 1 1 0.0197462 2 2117321 2117322 13 0 1 20 1  0
10.2043 2119623 130.23 2 1 0.0197462 1 2119623 2119624 13 0 1 20 1  0
10.241 2104568 129.305 2 2 0.0394922 1 2104568 2104569 13 0 1 20 1  0
12.1188 2340017 143.771 3 2 0.0394922 1 2111930 2111934 13 0 1 20 1  0
10.4585 2100639 129.063 2 3 0.059238 1 2100639 2100640 13 0 1 20 1  0
12.5504 2233417 137.221 2 3 0.059238 2 2106529 2106530 13 0 1 20 1  0
10.6431 2264814 139.15 3 3 0.059238 1 2111928 2111930 13 0 1 20 1  0
10.2022 2252720 138.407 3 4 0.0789836 1 2252720 2252721 13 0 1 20 1  0
10.2453 2224577 136.678 2 5 0.0987291 1 2224577 2224578 13 0 1 20 1  0
10.0933 2340659 143.81 2 5 0.0987291 1 2340659 2340660 13 0 1 20 1  0
10.8019 2357078 144.819 12 39 0.770481 1 2355748 2357250 13 0 1 20 1  0
13.9405 2158260 132.603 12 1348 60.1042 25 2156048 2160100 13 0 1 20 1  0
10.467 2357305 144.833 8 0 0 1171 2357305 2357306 13 0 1 20 1  0
25.8311 2425660 149.033 8 0 0 1 2357340 2357341 13 0 1 20 1  0
26.0081 2539755 156.043 8 0 0 1 2357968 2357969 13 0 1 20 1  0
25.9497 2615931 160.723 8 0 0 1 2357998 2357999 13 0 1 20 1  0
26.9317 2398529 147.366 1 0 0 1 2357340 2357342 13 0 1 20 1  0
0 2357248 144.829 1 0 0 1620 2357968 2357969 13 0 1 20 1  0
22.271 2363218 145.196 2 0 0 5 2357339 2357342 13 0 1 20 1  0
10.1521 2362896 145.176 1 1 0.0197462 1 2362896 2362897 13 0 1 20 1  0
11.4288 2581607 158.614 1 1 0.0197462 1 2363216 2363217 13 0 1 20 1  0
11.2522 2373688 145.839 2 1 0.0197462 2 2373688 2373689 13 0 1 20 1  0
11.2469 2532891 155.621 2 1 0.0197462 1 2398529 2398530 13 0 1 20 1  0
11.7736 2420110 148.692 2 2 0.0394922 1 2391987 2391988 13 0 1 20 1  0
10.0144 2357337 144.835 2 3 0.059238 1 2357337 2357338 13 0 1 20 1  0
12.5659 2406377 147.848 2 3 0.059238 1 2360605 2360606 13 0 1 20 1  0
10.8971 2402454 147.607 2 4 0.0789836 1 2402454 2402455 13 0 1 20 1  0
11.1051 2404417 147.727 2 4 0.0789836 5 2404416 2404418 13 0 1 20 1  0
10.1512 2619659 160.952 8 0 0 1189 2619659 2619660 13 0 1 20 1  0
26.6519 2623451 161.185 8 0 0 1 2619852 2619853 13 0 1 20 1  0
26.6451 2854938 175.407 8 0 0 1 2620185 2620186 13 0 1 20 1  0
30.5374 2715319 166.829 1 0 0 3 2619852 2619854 13 0 1 20 1  0
26.6997 2832697 174.041 1 0 0 1 2620185 2620187 13 0 1 20 1  0
0 2619392 160.935 1 0 0 1671 2620834 2620836 13 0 1 20 1  0
22.1782 2863107 175.909 2 0 0 2 2620184 2620185 13 0 1 20 1  0
12.3184 2649928 162.812 3 0 0 2 2649928 2649929 13 0 1 20 1  0
10.4097 2632599 161.747 1 1 0.0197462 2 2632599 2632600 13 0 1 20 1  0
11.558 2851335 175.186 1 1 0.0197462 1 2636201 2636202 13 0 1 20 1  0
12.678 2863755 175.949 2 2 0.0394922 4 2629978 2629979 13 0 1 20 1  0
10.9663 2766654 169.983 3 1 0.0197462 1 2702240 2702241 13 0 1 20 1  0
10.7786 2624096 161.224 2 2 0.0394922 2 2624096 2624097 13 0 1 20 1  0
10.0099 2633260 161.787 3 2 0.0394922 1 2633260 2633261 13 0 1 20 1  0
10.1549 2711057 166.567 3 3 0.059238 1 2711057 2711058 13 0 1 20 1  0
10.9995 2629975 161.586 2 4 0.0789836 1 2629975 2629976 13 0 1 20 1  0
11.3212 2815693 172.996 2 4 0.0789836 1 2671180 2671181 13 0 1 20 1  0
10.9852 2831334 173.957 12 2123 239.424 1 2830484 2836498 13 0 1 20 1  0
11.9052 2865968 176.085 12 2240 294.681 8 2863888 2869670 13 0 1 20 1  0
10.1161 2881432 177.035 12 3104 1364.24 1 2881402 2881534 13 0 1 20 1  0
10.0619 2881877 177.063 8 0 0 2600 2881877 2881878 13 0 1 20 1  0
25.4821 2883706 177.175 8 0 0 1 2881926 2881927 13 0 1 20 1  0
25.6388 3074669 188.908 8 0 0 1 2882067 2882069 13 0 1 20 1  0
25.37 3135820 192.665 8 0 0 1 2882228 2882229 13 0 1 20 1  0
10.7278 2881878 177.063 1 0 0 1 2881878 2881879 13 0 1 20 1  0
25.7639 3008613 184.849 1 0 0 1 2882067 2882069 13 0 1 20 1  0
27.1219 3135820 192.665 1 0 0 1 2882403 2882405 13 0 1 20 1  0
19.4137 2964467 182.137 2 0 0 1 2882067 2882070 13 0 1 20 1  0
14.1171 2959785 181.849 4 1 0.0197462 17 2920525 2920544 13 0 1 20 1  0
11.4028 2920536 179.438 6 0 0 2 2920522 2920548 13 0 1 20 1  0
11.4938 2898960 178.112 7 2 0.0394922 3 2898935 2899010 13 0 1 20 1  0
11.271 2883053 177.135 1 1 0.0197462 1 2883053 2883054 13 0 1 20 1  0
11.3306 3059950 188.003 1 1 0.0197462 1 2883706 2883707 13 0 1 20 1  0
11.4436 2907255 178.622 2 1 0.0197462 2 2907255 2907256 13 0 1 20 1  0
11.1439 3087416 189.691 2 1 0.0197462 1 2913797 2913798 13 0 1 20 1  0
11.9251 2883705 177.175 2 2 0.0394922 2 2883705 2883706 13 0 1 20 1  0
13.1761 3065839 188.365 2 2 0.0394922 1 2887632 2887634 13 0 1 20 1  0
12.2816 2957275 181.695 2 3 0.059238 3 2887631 2887632 13 0 1 20 1  0
10.1087 2913795 179.024 3 3 0.059238 1 2913795 2913796 13 0 1 20 1  0
10.1536 2887630 177.416 2 4 0.0789836 1 2887630 2887631 13 0 1 20 1  0
11.2658 3143962 193.165 8 0 0 1155 3143962 3143963 13 0 1 20 1  0
26.1068 3193056 196.181 8 0 0 1 3144315 3144317 13 0 1 20 1  0
25.9743 3284255 201.785 8 0 0 1 3144451 3144452 13 0 1 20 1  0
25.9221 3399661 208.875 8 0 0 1 3144495 3144496 13 0 1 20 1  0
28.6925 3184878 195.679 1 0 0 5 3144316 3144318 13 0 1 20 1  0
27.4245 3401297 208.976 1 0 0 1 3144452 3144453 13 0 1 20 1  0
0 3143680 193.148 1 0 0 1509 3144641 3144643 13 0 1 20 1  0
23.0972 3189122 195.94 2 0 0 2 3144315 3144318 13 0 1 20 1  0
10.0976 3152497 193.689 1 1 0.0197462 1 3152497 3152498 13 0 1 20 1  0
10.3212 3165911 194.514 2 1 0.0197462 1 3165911 3165912 13 0 1 20 1  0
10.3304 3150202 193.548 2 2 0.0394922 1 3150202 3150203 13 0 1 20 1  0
10.8513 3148239 193.428 2 3 0.059238 1 3148239 3148240 13 0 1 20 1  0
12.5236 3224110 198.089 2 3 0.059238 5 3150536 3150537 13 0 1 20 1  0
11.4224 3203840 196.844 2 4 0.0789836 1 3155107 3155109 13 0 1 20 1  0
10.2627 3211346 197.305 3 5 0.0987291 2 3211346 3211347 13 0 1 20 1  0
10.1998 3169825 194.754 2 5 0.0987291 1 3169825 3169826 13 0 1 20 1  0
10.2502 3327738 204.456 2 5 0.0987291 1 3327738 3327739 13 0 1 20 1  0
11.1431 3398274 208.79 12 2787 777.579 1 3172580 3173346 13 0 1 20 1  0
0 3143680 193.148 12 2787 777.579 1 3397712 3399334 13 0 1 20 1  0
27.0591 3405879 209.257 8 0 0 3245 3405879 3405880 13 0 1 20 1  0
27.5291 3459825 212.572 8 0 0 1 3406521 3406522 13 0 1 20 1  0
27.296 3521597 216.367 8 0 0 1 3406526 3406527 13 0 1 20 1  0
27.4534 3640260 223.658 8 0 0 1 3406828 3406829 13 0 1 20 1  0
25.5593 3432033 210.864 1 0 0 1 3405879 3405881 13 0 1 20 1  0
30.7789 3646469 224.039 1 0 0 1 3406521 3406528 13 0 1 20 1  0
29.707 3513371 215.862 2 0 0 1 3405878 3405882 13 0 1 20 1  0
31.5083 3560769 218.774 3 0 0 14 3406523 3406525 13 0 1 20 1  0
15.7779 3447256 211.799 5 0 0 32 3447245 3447274 13 0 1 20 1  0
10.1582 3408171 209.398 1 1 0.0197462 1 3408171 3408172 13 0 1 20 1  0
11.4803 3464715 212.872 1 1 0.0197462 1 3414701 3414702 13 0 1 20 1  0
11.8756 3407835 209.377 2 1 0.0197462 2 3407835 3407836 13 0 1 20 1  0
17.9562 3551447 218.201 3 2 0.0394922 3 3418298 3418299 13 0 1 20 1  0
10.2301 3408724 209.432 3 2 0.0394922 1 3408724 3408725 13 0 1 20 1  0
10.0313 3411431 209.598 2 3 0.059238 1 3411431 3411432 13 0 1 20 1  0
13.8629 3668044 225.365 8 0 0 3338 3668044 3668045 13 0 1 20 1  0
27.1455 3687337 226.55 8 0 0 1 3668360 3668361 13 0 1 20 1  0
26.8871 3926333 241.234 8 0 0 1 3668669 3668670 13 0 1 20 1  0
11.6763 3668361 225.384 1 0 0 1 3668361 3668362 13 0 1 20 1  0
25.5496 3718729 228.479 1 0 0 1 3668670 3668671 13 0 1 20 1  0
26.8234 3896898 239.425 1 0 0 1 3669320 3669321 13 0 1 20 1  0
27.8535 3913906 240.47 1 0 0 2 3669354 3669356 13 0 1 20 1  0
30.7022 3798775 233.397 3 0 0 8 3669678 3669680 13 0 1 20 1  0
23.0843 3923829 241.08 2 0 0 2 3669680 3669682 13 0 1 20 1  0
10.0524 3676802 225.903 4 0 0 1 3676802 3676803 13 0 1 20 1  0
18.5306 3787661 232.714 5 0 0 4 3777833 3777856 13 0 1 20 1  0
18.6323 3886645 238.795 7 1 0.0197462 46 3886586 3886708 13 0 1 20 1  0
10.8658 3703024 227.514 1 1 0.0197462 2 3703024 3703025 13 0 1 20 1  0
12.8122 3779857 232.234 2 2 0.0394922 2 3672297 3672298 13 0 1 20 1  0
10.4496 3765305 231.34 4 1 0.0197462 1 3765305 3765306 13 0 1 20 1  0
10.135 3671643 225.586 2 2 0.0394922 1 3671643 3671644 13 0 1 20 1  0
10.3095 3675901 225.847 3 2 0.0394922 1 3675901 3675902 13 0 1 20 1  0
16.4692 3924232 241.105 5 2 0.0394922 3 3777831 3777850 13 0 1 20 1  0
10.3009 3674591 225.767 2 3 0.059238 1 3674591 3674592 13 0 1 20 1  0
11.9014 3687333 226.55 2 4 0.0789836 1 3687333 3687334 13 0 1 20 1  0
10.0386 3677177 225.926 3 8 0.157966 1 3677177 3677178 13 0 1 20 1  0
10.1992 3924015 241.091 9 9 0.177712 2 3924012 3924020 13 0 1 20 1  0
16.4185 3930250 241.475 8 0 0 1171 3930250 3930251 13 0 1 20 1  0
25.99 4031930 247.722 8 0 0 1 3930580 3930581 13 0 1 20 1  0
26.0899 4158129 255.475 8 0 0 1 3931205 3931206 13 0 1 20 1  0
26.1487 4189179 257.383 8 0 0 1 3931225 3931227 13 0 1 20 1  0
26.4179 4043707 248.445 1 0 0 1 3930250 3930252 13 0 1 20 1  0
28.2796 4129358 253.708 1 0 0 1 3930580 3930582 13 0 1 20 1  0
0 3930112 241.466 1 0 0 1561 3931225 3931227 13 0 1 20 1  0
27.4227 3961405 243.389 3 0 0 403 3932061 3932064 13 0 1 20 1  0
11.2308 3931890 241.575 1 1 0.0197462 2 3931890 3931891 13 0 1 20 1  0
11.2835 4122816 253.306 1 1 0.0197462 1 3946602 3946603 13 0 1 20 1  0
10.6235 3943332 242.278 2 2 0.0394922 1 3943332 3943333 13 0 1 20 1  0
11.652 4114968 252.824 2 2 0.0394922 1 3946601 3946602 13 0 1 20 1  0
12.1093 4115621 252.864 2 3 0.059238 1 3931887 3931889 13 0 1 20 1  0
11.1513 3968179 243.805 2 4 0.0789836 2 3931886 3931888 13 0 1 20 1  0
11.7393 4192418 257.582 8 0 0 2908 4192418 4192419 13 0 1 20 1  0
26.0076 4208795 258.588 8 0 0 1 4192451 4192452 13 0 1 20 1  0
25.9125 4377799 268.972 8 0 0 1 4192779 4192780 13 0 1 20 1  0
25.6748 4423884 271.803 8 0 0 1 4193220 4193221 13 0 1 20 1  0
10.4135 4192419 257.582 1 0 0 1 4192419 4192420 13 0 1 20 1  0
26.0483 4356873 267.686 1 0 0 1 4192452 4192453 13 0 1 20 1  0
26.7298 4423884 271.803 1 0 0 1 4192779 4192781 13 0 1 20 1  0
24.8023 4323313 265.624 3 0 0 2 4225135 4225139 13 0 1 20 1  0
28.5294 4379371 269.069 2 0 0 5 4194406 4194409 13 0 1 20 1  0
10.6236 4207809 258.528 2 2 0.0394922 2 4207809 4207810 13 0 1 20 1  0
22.4976 4291030 263.641 7 1 0.0197462 89 4290325 4290410 13 0 1 20 1  0
10.0192 4204215 258.307 1 1 0.0197462 1 4204215 4204216 13 0 1 20 1  0
11.3116 4347730 267.125 1 1 0.0197462 1 4210427 4210428 13 0 1 20 1  0
10.9402 4274831 262.646 2 1 0.0197462 1 4274831 4274832 13 0 1 20 1  0
18.8798 4383292 269.309 3 1 0.0197462 3 4280054 4280056 13 0 1 20 1  0
10.6791 4225135 259.592 3 2 0.0394922 1 4225135 4225136 13 0 1 20 1  0
10.6391 4198004 257.925 2 3 0.059238 1 4198004 4198005 13 0 1 20 1  0
12.2981 4440160 272.803 2 3 0.059238 2 4208792 4208793 13 0 1 20 1  0
149.371 4409081 270.894 10 2688 652.368 1029 4408002 4410127 13 0 1 20 1  0
0 4192256 257.572 8 2620 578.249 575 4417335 4417377 13 0 1 20 1  0
14.5038 4454419 273.68 8 0 0 3180 4454419 4454420 13 0 1 20 1  0
25.5603 4504294 276.744 8 0 0 1 4454457 4454458 13 0 1 20 1  0
25.7112 4630776 284.515 8 0 0 1 4455258 4455260 13 0 1 20 1  0
25.6051 4682730 287.707 8 0 0 1 4455560 4455561 13 0 1 20 1  0
27.7815 4486959 275.679 1 0 0 1 4454419 4454421 13 0 1 20 1  0
25.647 4607241 283.069 1 0 0 1 4454457 4454458 13 0 1 20 1  0
27.882 4692207 288.289 1 0 0 1 4455258 4455260 13 0 1 20 1  0
29.1349 4476780 275.053 3 0 0 8 4476772 4476787 13 0 1 20 1  0
20.0766 4681757 287.647 2 0 0 1 4455560 4455562 13 0 1 20 1  0
19.1754 4707580 289.234 2 0 0 1 4455590 4455593 13 0 1 20 1  0
23.0076 4590131 282.018 5 1 0.0197462 364 4476767 4476787 13 0 1 20 1  0
10.3507 4468331 274.534 1 1 0.0197462 1 4468331 4468332 13 0 1 20 1  0
11.1582 4643849 285.318 1 1 0.0197462 1 4470295 4470296 13 0 1 20 1  0
10.6347 4472914 274.816 2 1 0.0197462 1 4472914 4472915 13 0 1 20 1  0
10.5167 4463765 274.254 2 2 0.0394922 1 4463765 4463766 13 0 1 20 1  0
16.3573 4478242 275.143 3 2 0.0394922 1 4476768 4476780 13 0 1 20 1  0
11.6249 4456563 273.811 2 3 0.059238 1 4456563 4456564 13 0 1 20 1  0
15.4102 4599926 282.619 3 5 0.0987291 17 4476763 4476767 13 0 1 20 1  0
10.117 4487337 275.702 5 4 0.0789836 1 4487337 4487338 13 0 1 20 1  0
10.3329 4589839 282 8 673 16.6333 1 4589756 4589845 13 0 1 20 1  0
10.7592 4455404 273.74 12 3150 1480.19 1 4454400 4456548 13 0 1 20 1  0
24.5211 4716726 289.796 8 0 0 3401 4716726 4716727 13 0 1 20 1  0
27.0793 4793542 294.515 8 0 0 1 4716863 4716864 13 0 1 20 1  0
26.9182 4964835 305.039 8 0 0 1 4716896 4716897 13 0 1 20 1  0
27.4789 4862508 298.752 1 0 0 4 4716726 4716728 13 0 1 20 1  0
30.7914 4953822 304.363 2 0 0 3 4717383 4717386 13 0 1 20 1  0
10.3938 4716725 289.796 2 0 0 1 4716725 4716726 13 0 1 20 1  0
31.6265 4721905 290.114 3 0 0 26 4720324 4720328 13 0 1 20 1  0
21.4547 4975567 305.699 2 0 0 1 4717713 4717716 13 0 1 20 1  0
14.8544 4893565 300.661 7 2 0.0394922 20 4721903 4721960 13 0 1 20 1  0
11.3773 4753659 292.065 1 1 0.0197462 1 4733079 4733080 13 0 1 20 1  0
10.7267 4717712 289.856 2 2 0.0394922 1 4717712 4717713 13 0 1 20 1  0
10.4163 4721309 290.077 3 2 0.0394922 2 4721309 4721310 13 0 1 20 1  0
18.2625 4876840 299.633 3 2 0.0394922 8 4721897 4721908 13 0 1 20 1  0
10.2115 4717381 289.836 2 3 0.059238 1 4717381 4717382 13 0 1 20 1  0
11.6159 4841192 297.443 9 13 0.256698 7 4841081 4841230 13 0 1 20 1  0
10.0245 4853336 298.189 12 921 27.3448 1 4853222 4853342 13 0 1 20 1  0
10.1671 4852562 298.141 12 1240 49.4332 1 4852342 4852638 13 0 1 20 1  0
21.3537 4978889 305.903 8 0 0 3359 4978889 4978890 13 0 1 20 1  0
26.5094 5063899 311.126 8 0 0 1 4979222 4979223 13 0 1 20 1  0
26.5505 5138112 315.686 8 0 0 1 4979231 4979232 13 0 1 20 1  0
26.4527 5240127 321.953 8 0 0 1 4979875 4979876 13 0 1 20 1  0
27.7638 5023781 308.661 1 0 0 4 4978889 4978891 13 0 1 20 1  0
29.435 5187818 318.74 1 0 0 1 4979222 4979224 13 0 1 20 1  0
26.9118 5234576 321.612 1 0 0 1 4980198 4980199 13 0 1 20 1  0
10.058 4978888 305.903 2 0 0 1 4978888 4978889 13 0 1 20 1  0
28.9186 5045532 309.997 2 0 0 19 4979222 4979224 13 0 1 20 1  0
10.6958 4979222 305.923 1 1 0.0197462 1 4979222 4979223 13 0 1 20 1  0
11.3628 5137785 315.665 1 1 0.0197462 1 4984451 4984452 13 0 1 20 1  0
21.4331 5080337 312.136 3 1 0.0197462 1 4985192 4985202 13 0 1 20 1  0
19.3842 4985193 306.29 3 2 0.0394922 9 4985191 4985198 13 0 1 20 1  0
11.4887 4984450 306.245 2 2 0.0394922 1 4984450 4984451 13 0 1 20 1  0
10.5622 4980852 306.024 2 3 0.059238 1 4980852 4980853 13 0 1 20 1  0
14.2436 5103718 313.572 3 5 0.0987291 5 4985186 4985192 13 0 1 20 1  0
10.6685 5239092 321.89 12 253 5.15702 1 5239014 5240746 13 0 1 20 1  0
10.3234 4979006 305.91 12 3131 1431.15 1 4978972 4979060 13 0 1 20 1  0
10.9745 5240920 322.002 8 0 0 1276 5240920 5240921 13 0 1 20 1  0
26.4527 5266294 323.561 8 0 0 1 5241106 5241108 13 0 1 20 1  0
26.5392 5440914 334.29 8 0 0 1 5241443 5241445 13 0 1 20 1  0
26.6011 5459224 335.415 8 0 0 1 5241767 5241768 13 0 1 20 1  0
10.7407 5240920 322.002 1 0 0 1 5240920 5240921 13 0 1 20 1  0
28.9083 5395467 331.497 1 0 0 1 5241107 5241109 13 0 1 20 1  0
30.8225 5478468 336.597 3 0 0 37 5279048 5279052 13 0 1 20 1  0
0 5240832 321.997 1 0 0 1625 5241443 5241445 13 0 1 20 1  0
11.107 5242750 322.115 1 1 0.0197462 2 5242750 5242751 13 0 1 20 1  0
11.4835 5485659 337.039 1 1 0.0197462 1 5257456 5257457 13 0 1 20 1  0
10.4592 5245361 322.275 2 2 0.0394922 1 5245361 5245362 13 0 1 20 1  0
11.2668 5260406 323.199 2 3 0.059238 1 5260406 5260407 13 0 1 20 1  0
12.5287 5368905 329.866 2 3 0.059238 2 5266291 5266292 13 0 1 20 1  0
11.0038 5339957 328.087 2 4 0.0789836 2 5339957 5339958 13 0 1 20 1  0
11.7641 5370040 329.935 2 4 0.0789836 2 5368902 5368904 13 0 1 20 1  0
10.5884 5355641 329.051 10 2174 262.11 5 5355500 5356294 13 0 1 20 1  0
26.0858 5596590 343.854 8 0 0 1 5503030 5503032 13 0 1 20 1  0
26.078 5657756 347.613 8 0 0 1 5503054 5503055 13 0 1 20 1  0
26.3496 5764722 354.185 8 0 0 1 5503065 5503066 13 0 1 20 1  0
0 5502976 338.103 8 0 0 3110 5503513 5503514 13 0 1 20 1  0
13.475 5503031 338.106 1 0 0 1 5503031 5503032 13 0 1 20 1  0
30.0613 5596363 343.841 2 0 0 5 5504509 5504511 13 0 1 20 1  0
25.6404 5696027 349.964 1 0 0 1 5504361 5504363 13 0 1 20 1  0
20.1235 5764722 354.185 1 0 0 1 5504509 5504511 13 0 1 20 1  0
10.1271 5504361 338.188 2 0 0 1 5504361 5504362 13 0 1 20 1  0
28.6505 5689918 349.589 3 0 0 16 5539624 5539643 13 0 1 20 1  0
15.4652 5591293 343.529 3 4 0.0789836 14 5539616 5539627 13 0 1 20 1  0
10.6637 5506315 338.308 1 1 0.0197462 2 5506315 5506316 13 0 1 20 1  0
11.2257 5507303 338.369 2 1 0.0197462 1 5507303 5507304 13 0 1 20 1  0
10.1501 5505995 338.288 2 3 0.059238 1 5505995 5505996 13 0 1 20 1  0
10.2322 5525619 339.494 2 4 0.0789836 1 5525619 5525620 13 0 1 20 1  0
12.1565 5539616 340.354 4 6 0.118475 5 5539614 5539621 13 0 1 20 1  0
10.1321 5502978 338.103 12 3001 1136.49 1 5502976 5503016 13 0 1 20 1  0
12.3415 5765188 354.213 8 0 0 3766 5765188 5765189 13 0 1 20 1  0
27.8604 5777142 354.948 8 0 0 1 5765372 5765376 13 0 1 20 1  0
27.7933 5936156 364.717 8 0 0 1 5765674 5765676 13 0 1 20 1  0
11.3038 5765189 354.213 1 0 0 1 5765189 5765190 13 0 1 20 1  0
24.9249 5772897 354.687 1 0 0 3 5765372 5765377 13 0 1 20 1  0
26.435 5892969 362.064 1 0 0 1 5765675 5765676 13 0 1 20 1  0
25.1907 5933142 364.532 1 0 0 4 5765690 5765692 13 0 1 20 1  0
29.4813 5991120 368.094 1 0 0 1 5766000 5766001 13 0 1 20 1  0
24.4957 5850379 359.447 2 0 0 4 5765373 5765375 13 0 1 20 1  0
29.2534 6009208 369.206 2 0 0 41 5765689 5765690 13 0 1 20 1  0
11.4378 6022521 370.024 1 1 0.0197462 1 5775508 5775509 13 0 1 20 1  0
10.0663 5781666 355.226 3 1 0.0197462 1 5781666 5781667 13 0 1 20 1  0
10.0191 5768971 354.446 2 2 0.0394922 1 5768971 5768972 13 0 1 20 1  0
12.7532 5847806 359.289 2 2 0.0394922 1 5777141 5777142 13 0 1 20 1  0
10.2674 5775506 354.847 2 3 0.059238 2 5775506 5775507 13 0 1 20 1  0
12.0516 5799385 356.314 2 3 0.059238 1 5781662 5781664 13 0 1 20 1  0
10.1159 5995961 368.392 6 3 0.059238 1 5995961 5995962 13 0 1 20 1  0
13.9434 5865418 360.371 4 6 0.118475 21 5850367 5850376 13 0 1 20 1  0
10.0482 5789187 355.688 3 4 0.0789836 1 5789187 5789188 13 0 1 20 1  0
10.357 5935919 364.703 2 5 0.0987291 1 5935919 5935921 13 0 1 20 1  0
10.3083 5850849 359.476 2 7 0.13822 1 5850849 5850850 13 0 1 20 1  0
26.2659 6062111 372.456 8 0 0 1 6027403 6027405 13 0 1 20 1  0
26.2101 6270210 385.242 8 0 0 1 6027429 6027430 13 0 1 20 1  0
0 6027264 370.315 8 0 0 1332 6027764 6027765 13 0 1 20 1  0
24.1892 6041177 371.17 1 0 0 1 6027403 6027405 13 0 1 20 1  0
26.4043 6167151 378.91 1 0 0 1 6027429 6027430 13 0 1 20 1  0
26.8767 6264321 384.88 1 0 0 1 6027764 6027765 13 0 1 20 1  0
20.5942 6283299 386.046 1 0 0 1 6027897 6027899 13 0 1 20 1  0
0 6027264 370.315 1 0 0 1959 6027931 6027933 13 0 1 20 1  0
20.9993 6037250 370.929 2 0 0 1 6027403 6027406 13 0 1 20 1  0
26.9941 6269006 385.168 2 0 0 21 6027931 6027933 13 0 1 20 1  0
13.9584 6035436 370.817 2 2 0.0394922 5 6035435 6035438 13 0 1 20 1  0
11.5539 6284272 386.106 1 1 0.0197462 1 6042810 6042811 13 0 1 20 1  0
13.0968 6176959 379.512 2 3 0.059238 3 6035434 6035436 13 0 1 20 1  0
11.1635 6289508 386.427 8 0 0 3671 6289508 6289509 13 0 1 20 1  0
27.465 6363787 390.991 8 0 0 1 6289808 6289810 13 0 1 20 1  0
27.4339 6411557 393.926 8 0 0 1 6289839 6289841 13 0 1 20 1  0
27.4882 6501853 399.474 8 0 0 1 6290160 6290161 13 0 1 20 1  0
26.6892 6490355 398.767 1 0 0 1 6289808 6289810 13 0 1 20 1  0
27.0087 6518552 400.5 1 0 0 1 6289840 6289842 13 0 1 20 1  0
31.8743 6481851 398.245 3 0 0 7 6296710 6296712 13 0 1 20 1  0
32.1043 6491838 398.859 5 0 0 118 6361586 6361620 13 0 1 20 1  0
11.5614 6293766 386.689 2 2 0.0394922 2 6293766 6293767 13 0 1 20 1  0
11.6255 6395192 392.921 1 1 0.0197462 1 6304886 6304887 13 0 1 20 1  0
10.51 6310780 387.734 3 2 0.0394922 2 6310780 6310781 13 0 1 20 1  0
10.7602 6298995 387.01 2 3 0.059238 1 6298995 6298996 13 0 1 20 1  0
10.3649 6361586 390.856 3 7 0.13822 4 6361586 6361587 13 0 1 20 1  0
10.0137 6335313 389.242 3 5 0.0987291 1 6335313 6335314 13 0 1 20 1  0
10.0109 6491318 398.827 5 224 4.5339 1 6491318 6491319 13 0 1 20 1  0
17.2274 6551586 402.529 8 0 0 3281 6551586 6551587 13 0 1 20 1  0
26.37 6573844 403.897 8 0 0 1 6551891 6551892 13 0 1 20 1  0
26.304 6721399 412.963 8 0 0 1 6551923 6551925 13 0 1 20 1  0
26.1201 6771463 416.039 8 0 0 1 6552240 6552241 13 0 1 20 1  0
25.2456 6551924 402.55 1 0 0 2 6551586 6551588 13 0 1 20 1  0
29.9418 6771463 416.039 1 0 0 1 6551891 6551892 13 0 1 20 1  0
23.2991 6813009 418.591 1 0 0 2 6551923 6551926 13 0 1 20 1  0
30.8861 6621263 406.81 3 0 0 44 6551921 6551927 13 0 1 20 1  0
22.682 6720087 412.882 2 0 0 1 6552239 6552242 13 0 1 20 1  0
12.1168 6569251 403.615 2 2 0.0394922 3 6569251 6569252 13 0 1 20 1  0
10.8666 6614741 406.41 3 1 0.0197462 1 6614741 6614742 13 0 1 20 1  0
10.1164 6555518 402.771 2 2 0.0394922 1 6555518 6555519 13 0 1 20 1  0
10.1509 6573844 403.897 3 2 0.0394922 1 6573844 6573845 13 0 1 20 1  0
17.3714 6776016 416.318 3 2 0.0394922 4 6583336 6583337 13 0 1 20 1  0
22.1123 6622572 406.891 4 2 0.0394922 91 6621240 6621271 13 0 1 20 1  0
12.6933 6769158 415.897 2 3 0.059238 1 6552237 6552238 13 0 1 20 1  0
10.1303 6612778 406.289 3 3 0.059238 1 6612778 6612779 13 0 1 20 1  0
11.6895 6584970 404.581 2 4 0.0789836 3 6584970 6584972 13 0 1 20 1  0
14.0592 6813819 418.641 8 0 0 3063 6813819 6813820 13 0 1 20 1  0
26.3501 6952368 427.153 8 0 0 1 6813991 6813992 13 0 1 20 1  0
26.2967 7055738 433.505 8 0 0 1 6814129 6814130 13 0 1 20 1  0
11.3802 6813820 418.641 1 0 0 1 6813820 6813821 13 0 1 20 1  0
25.2096 6885639 423.054 1 0 0 1 6813991 6813992 13 0 1 20 1  0
27.5042 6952700 427.174 1 0 0 1 6814130 6814131 13 0 1 20 1  0
24.0357 6994903 429.767 1 0 0 1 6814617 6814619 13 0 1 20 1  0
34.4781 6924725 425.455 7 1 0.0197462 997 6924622 6924816 13 0 1 20 1  0
27.2073 6984375 429.12 2 0 0 1 6814970 6814973 13 0 1 20 1  0
11.0656 6818568 418.933 1 1 0.0197462 1 6818568 6818569 13 0 1 20 1  0
11.322 7039710 432.52 1 1 0.0197462 1 6824785 6824786 13 0 1 20 1  0
10.8266 6814971 418.712 2 1 0.0197462 1 6814971 6814972 13 0 1 20 1  0
10.2234 6816606 418.812 2 2 0.0394922 1 6816606 6816607 13 0 1 20 1  0
10.2875 6857180 421.305 3 2 0.0394922 1 6857180 6857181 13 0 1 20 1  0
11.0286 6818894 418.953 2 3 0.059238 1 6818894 6818895 13 0 1 20 1  0
12.299 6896433 423.717 2 3 0.059238 1 6819553 6819554 13 0 1 20 1  0
10.3567 6856195 421.245 2 4 0.0789836 1 6856195 6856196 13 0 1 20 1  0
11.2762 6952364 427.153 2 4 0.0789836 1 6940573 6940574 13 0 1 20 1  0
11.4215 6940572 426.429 2 5 0.0987291 3 6940571 6940573 13 0 1 20 1  0
10.0058 6858580 421.391 3 6 0.118475 1 6858580 6858581 13 0 1 20 1  0
11.0056 6919324 425.123 3 11 0.217204 2 6919323 6919328 13 0 1 20 1  0
12.0821 7075994 434.749 8 0 0 2997 7075994 7075995 13 0 1 20 1  0
26.9626 7111358 436.922 8 0 0 1 7076026 7076028 13 0 1 20 1  0
26.0059 7200308 442.387 1 0 0 1 7075994 7075996 13 0 1 20 1  0
29.3721 7300828 448.563 3 0 0 57 7080935 7080938 13 0 1 20 1  0
27.3531 7297229 448.342 2 0 0 1 7076026 7076029 13 0 1 20 1  0
11.0854 7088780 435.535 1 1 0.0197462 1 7088780 7088781 13 0 1 20 1  0
10.2813 7100560 436.258 2 1 0.0197462 2 7100560 7100561 13 0 1 20 1  0
11.9138 7229425 444.176 2 3 0.059238 2 7080934 7080936 13 0 1 20 1  0
10.0844 7080936 435.053 3 3 0.059238 2 7080936 7080937 13 0 1 20 1  0
10.3847 7270959 446.728 2 5 0.0987291 1 7270959 7270960 13 0 1 20 1  0
11.1757 7153849 439.532 3 9 0.177712 3 7153849 7153852 13 0 1 20 1  0
10.8093 7184428 441.411 3 10 0.197458 1 7153849 7153851 13 0 1 20 1  0
27.5859 7347479 451.429 8 0 0 1 7338134 7338136 13 0 1 20 1  0
27.5327 7498568 460.712 8 0 0 1 7338318 7338320 13 0 1 20 1  0
27.4627 7568528 465.01 8 0 0 1 7338630 7338631 13 0 1 20 1  0
0 7337984 450.846 8 0 0 2987 7338644 7338645 13 0 1 20 1  0
23.4112 7352389 451.731 1 0 0 2 7338134 7338136 13 0 1 20 1  0
24.8675 7515565 461.756 1 0 0 2 7338162 7338163 13 0 1 20 1  0
21.4505 7532511 462.797 2 0 0 1 7338134 7338137 13 0 1 20 1  0
16.9865 7547163 463.698 3 0 0 7 7347478 7347482 13 0 1 20 1  0
16.0051 7546181 463.637 4 0 0 4 7545837 7545867 13 0 1 20 1  0
12.1067 7354664 451.871 2 1 0.0197462 5 7354664 7354665 13 0 1 20 1  0
11.6537 7436097 456.874 1 1 0.0197462 1 7360556 7360557 13 0 1 20 1  0
12.1666 7551201 463.946 2 2 0.0394922 4 7354338 7354339 13 0 1 20 1  0
12.7019 7547484 463.717 3 1 0.0197462 1 7545841 7545846 13 0 1 20 1  0
10.0965 7545842 463.617 6 1 0.0197462 1 7545842 7545843 13 0 1 20 1  0
10.9209 7347478 451.429 2 2 0.0394922 3 7347478 7347479 13 0 1 20 1  0
10.139 7341594 451.068 2 3 0.059238 1 7341594 7341595 13 0 1 20 1  0
11.8556 7406662 455.065 2 3 0.059238 1 7347476 7347477 13 0 1 20 1  0
12.1625 7549779 463.858 4 3 0.059238 3 7546175 7546189 13 0 1 20 1  0
15.026 7546344 463.647 12 55 1.0873 4 7544124 7554530 13 0 1 20 1  0
17.7718 7600242 466.959 8 0 0 3385 7600242 7600243 13 0 1 20 1  0
27.532 7698308 472.984 8 0 0 1 7600539 7600540 13 0 1 20 1  0
26.4242 7741132 475.615 1 0 0 1 7600242 7600244 13 0 1 20 1  0
26.3198 7804551 479.512 1 0 0 1 7600539 7600541 13 0 1 20 1  0
22.2677 7852947 482.485 1 0 0 1 7600571 7600572 13 0 1 20 1  0
10.274 7600539 466.977 2 0 0 1 7600539 7600540 13 0 1 20 1  0
28.8127 7645291 469.727 3 0 0 37 7609392 7609396 13 0 1 20 1  0
19.6762 7844222 481.949 2 0 0 1 7601408 7601410 13 0 1 20 1  0
20.732 7648468 469.922 7 1 0.0197462 70 7645247 7645362 13 0 1 20 1  0
10.0106 7620191 468.185 1 1 0.0197462 1 7620191 7620192 13 0 1 20 1  0
11.633 7771214 477.463 1 1 0.0197462 1 7621157 7621158 13 0 1 20 1  0
10.0678 7621158 468.244 2 1 0.0197462 1 7621158 7621159 13 0 1 20 1  0
10.0766 7603511 467.16 2 2 0.0394922 1 7603511 7603512 13 0 1 20 1  0
10.2565 7618222 468.064 3 2 0.0394922 1 7618222 7618223 13 0 1 20 1  0
10.2647 7608094 467.441 2 3 0.059238 1 7608094 7608095 13 0 1 20 1  0
10.5632 7626703 468.585 2 4 0.0789836 2 7626703 7626704 13 0 1 20 1  0
11.2896 7704695 473.376 10 13 0.256698 2 7704539 7704769 13 0 1 20 1  0
13.5298 7862421 483.067 8 0 0 3779 7862421 7862422 13 0 1 20 1  0
26.6861 7947741 488.309 8 0 0 1 7862572 7862573 13 0 1 20 1  0
26.6127 7990249 490.921 8 0 0 1 7862747 7862748 13 0 1 20 1  0
25.8934 8114809 498.574 8 0 0 1 7863405 7863406 13 0 1 20 1  0
12.9471 7862421 483.067 1 0 0 1 7862421 7862422 13 0 1 20 1  0
26.2098 7911460 486.08 1 0 0 1 7862572 7862574 13 0 1 20 1  0
23.5762 7981089 490.358 1 0 0 1 7862747 7862748 13 0 1 20 1  0
33.6728 8034856 493.662 2 0 0 4 7864056 7864057 13 0 1 20 1  0
25.8119 8113753 498.509 1 0 0 62 7863405 7863407 13 0 1 20 1  0
10.6698 7863405 483.128 2 0 0 1 7863405 7863406 13 0 1 20 1  0
29.4069 7891964 484.882 2 0 0 2 7863877 7863878 13 0 1 20 1  0
33.4716 8085176 496.753 4 0 0 15 7887461 7887492 13 0 1 20 1  0
25.6849 8089911 497.044 5 1 0.0197462 8 7887459 7887492 13 0 1 20 1  0
10.0733 7874516 483.81 1 1 0.0197462 1 7874516 7874517 13 0 1 20 1  0
11.7867 7903942 485.618 1 1 0.0197462 1 7884005 7884006 13 0 1 20 1  0
13.5338 8089636 497.027 9 20 0.394946 22 8089603 8089798 13 0 1 20 1  0
10.1916 7864382 483.188 2 2 0.0394922 2 7864382 7864383 13 0 1 20 1  0
20.1763 8112638 498.44 3 2 0.0394922 6 7887469 7887485 13 0 1 20 1  0
10.2889 7890971 484.821 3 9 0.177712 3 7890971 7890972 13 0 1 20 1  0
10.0333 7868305 483.429 3 5 0.0987291 1 7868305 7868306 13 0 1 20 1  0
15.9582 8082878 496.612 3 5 0.0987291 1 7887479 7887481 13 0 1 20 1  0
10.1564 8012122 492.265 2 8 0.157966 1 8012122 8012123 13 0 1 20 1  0
12.7937 8016476 492.532 3 9 0.177712 8 8012119 8012124 13 0 1 20 1  0
10.2074 7887471 484.606 4 11 0.217204 1 7887471 7887472 13 0 1 20 1  0
10.5041 8089440 497.015 3 14 0.276446 2 8089440 8089441 13 0 1 20 1  0
11.2715 8110730 498.323 12 553 12.7252 17 8110510 8111172 13 0 1 20 1  0
11.3353 8088414 496.952 9 599 14.146 38 8088271 8088499 13 0 1 20 1  0
10.062 8083802 496.669 12 1294 54.5185 1 8083728 8084588 13 0 1 20 1  0
12.484 8100354 497.686 12 1772 128.315 5 8099282 8102864 13 0 1 20 1  0
0 7862272 483.058 12 1772 128.315 1 8118336 8120936 13 0 1 20 1  0
17.5769 8124630 499.177 8 0 0 3897 8124630 8124631 13 0 1 20 1  0
27.1481 8317868 511.05 8 0 0 1 8124958 8124959 13 0 1 20 1  0
36.9695 8169860 501.956 3 0 0 3 8138352 8138358 13 0 1 20 1  0
28.7349 8293654 509.562 1 0 0 1 8125096 8125098 13 0 1 20 1  0
10.1743 8133123 499.699 3 0 0 1 8133123 8133124 13 0 1 20 1  0
34.0173 8171496 502.057 4 0 0 4 8144876 8144890 13 0 1 20 1  0
22.2909 8182805 502.752 3 2 0.0394922 11 8138684 8138685 13 0 1 20 1  0
20.9042 8237243 506.096 4 3 0.059238 29 8158681 8158692 13 0 1 20 1  0
10.6115 8136059 499.879 2 2 0.0394922 2 8136059 8136060 13 0 1 20 1  0
11.4726 8386524 515.268 1 1 0.0197462 1 8139933 8139934 13 0 1 20 1  0
10.0782 8138355 500.021 3 2 0.0394922 1 8138355 8138356 13 0 1 20 1  0
10.2031 8135734 499.859 2 3 0.059238 1 8135734 8135735 13 0 1 20 1  0
10.0684 8144873 500.421 4 3 0.059238 1 8144873 8144874 13 0 1 20 1  0
17.2564 8236257 506.036 3 4 0.0789836 15 8139925 8139927 13 0 1 20 1  0
10.2066 8139922 500.117 2 6 0.118475 1 8139922 8139923 13 0 1 20 1  0
10.9634 8216258 504.807 7 6 0.118475 6 8182824 8182842 13 0 1 20 1  0
10.4547 8253687 507.107 7 7 0.13822 1 8216255 8216259 13 0 1 20 1  0
12.8043 8158672 501.269 3 12 0.236951 14 8158668 8158677 13 0 1 20 1  0
12.1222 8386854 515.288 8 0 0 1186 8386854 8386855 13 0 1 20 1  0
27.4277 8431339 518.021 8 0 0 1 8387158 8387159 13 0 1 20 1  0
27.1314 8505246 522.562 8 0 0 1 8387178 8387179 13 0 1 20 1  0
11.2912 8387159 515.307 1 0 0 1 8387159 8387160 13 0 1 20 1  0
27.9402 8405176 516.414 1 0 0 1 8387178 8387180 13 0 1 20 1  0
0 8386560 515.27 1 0 0 1823 8387196 8387197 13 0 1 20 1  0
25.557 8499187 522.19 2 0 0 13 8388496 8388499 13 0 1 20 1  0
19.4611 8632794 530.399 2 0 0 1 8388817 8388818 13 0 1 20 1  0
10.8939 8498369 522.14 4 0 0 1 8498369 8498372 13 0 1 20 1  0
10.3546 8390129 515.49 1 1 0.0197462 1 8390129 8390130 13 0 1 20 1  0
13.1795 8391763 515.59 2 2 0.0394922 4 8391108 8391109 13 0 1 20 1  0
12.9619 8427088 517.76 2 1 0.0197462 1 8398300 8398301 13 0 1 20 1  0
11.3793 8398959 516.032 3 1 0.0197462 1 8398959 8398960 13 0 1 20 1  0
10.1428 8388496 515.389 2 2 0.0394922 1 8388496 8388497 13 0 1 20 1  0
12.5496 8421195 517.398 2 3 0.059238 2 8391761 8391763 13 0 1 20 1  0
10.2673 8405817 516.453 3 3 0.059238 1 8405817 8405818 13 0 1 20 1  0
14.2872 8648812 531.383 8 0 0 3277 8648812 8648813 13 0 1 20 1  0
27.3547 8729596 536.346 8 0 0 1 8648953 8648954 13 0 1 20 1  0
27.3499 8802860 540.848 8 0 0 1 8649288 8649289 13 0 1 20 1  0
19.7112 8907516 547.278 8 0 0 1 8649325 8649326 13 0 1 20 1  0
10.3734 8648812 531.383 1 0 0 1 8648812 8648813 13 0 1 20 1  0
29.8965 8802860 540.848 1 0 0 2 8648954 8648955 13 0 1 20 1  0
22.975 8748845 537.529 9 1 0.0197462 83 8748558 8749249 13 0 1 20 1  0
18.2072 8749086 537.544 4 1 0.0197462 272 8686707 8686728 13 0 1 20 1  0
16.4578 8795864 540.418 7 1 0.0197462 13 8747725 8747794 13 0 1 20 1  0
10.3061 8652409 531.604 1 1 0.0197462 1 8652409 8652410 13 0 1 20 1  0
11.8447 8689697 533.895 1 1 0.0197462 2 8658297 8658298 13 0 1 20 1  0
11.015 8658953 532.006 2 1 0.0197462 1 8658953 8658954 13 0 1 20 1  0
11.7341 8651106 531.524 2 2 0.0394922 2 8651106 8651107 13 0 1 20 1  0
15.5812 8693039 534.1 3 4 0.0789836 27 8686700 8686707 13 0 1 20 1  0
10.6544 8683471 533.512 2 3 0.059238 1 8683471 8683472 13 0 1 20 1  0
13.6515 8686696 533.711 4 9 0.177712 21 8686691 8686704 13 0 1 20 1  0
12.2884 8761700 538.319 7 7 0.13822 1 8748761 8749042 13 0 1 20 1  0
10.6547 8795787 540.413 7 226 4.57647 13 8747642 8747671 13 0 1 20 1  0
10.2077 8747641 537.455 7 470 10.3698 5 8747596 8747643 13 0 1 20 1  0
10.0338 8908969 547.367 11 3077 1300.46 1 8908968 8908973 13 0 1 20 1  0
27.1484 9004976 553.266 8 0 0 7 8910925 8910927 13 0 1 20 1  0
27.3038 9095563 558.831 8 0 0 1 8910957 8910958 13 0 1 20 1  0
23.4083 9170447 563.432 8 0 0 1 8911112 8911113 13 0 1 20 1  0
0 8910848 547.482 8 0 0 3212 8911567 8911568 13 0 1 20 1  0
15.0163 8910926 547.487 1 0 0 1 8910926 8910927 13 0 1 20 1  0
28.8427 8995154 552.662 1 0 0 1 8910958 8910959 13 0 1 20 1  0
19.4143 8976844 551.537 2 0 0 1 8910926 8910928 13 0 1 20 1  0
18.7918 9133828 561.182 2 0 0 2 8912272 8912273 13 0 1 20 1  0
26.2187 9122472 560.485 12 16 0.315943 2111 9118420 9125812 13 0 1 20 1  0
10.2731 8958119 550.387 4 0 0 3 8958119 8958120 13 0 1 20 1  0
10.5388 8935318 548.986 1 1 0.0197462 1 8935318 8935319 13 0 1 20 1  0
10.2965 8947079 549.708 3 2 0.0394922 3 8947079 8947080 13 0 1 20 1  0
10.0427 8938254 549.166 2 2 0.0394922 1 8938254 8938255 13 0 1 20 1  0
12.6627 9124016 560.58 2 2 0.0394922 1 8947077 8947078 13 0 1 20 1  0
13.2168 9124055 560.582 3 2 0.0394922 2 8958122 8958123 13 0 1 20 1  0
10.1351 8931049 548.724 2 3 0.059238 1 8931049 8931050 13 0 1 20 1  0
12.4002 9006599 553.365 2 3 0.059238 1 8931372 8931373 13 0 1 20 1  0
10.4297 8948387 549.789 2 4 0.0789836 2 8948387 8948388 13 0 1 20 1  0
10.636 9008560 553.486 2 4 0.0789836 1 8976841 8976842 13 0 1 20 1  0
13.1755 9114114 559.971 12 2305 330.706 1 9112656 9116132 13 0 1 20 1  0
14.7077 9173068 563.593 8 0 0 2446 9173068 9173069 13 0 1 20 1  0
27.2837 9174050 563.654 8 0 0 1 9173382 9173383 13 0 1 20 1  0
27.3227 9434687 579.667 8 0 0 1 9173393 9173394 13 0 1 20 1  0
11.0687 9173068 563.593 1 0 0 1 9173068 9173069 13 0 1 20 1  0
21.881 9188776 564.558 1 0 0 1 9173393 9173395 13 0 1 20 1  0
23.4052 9289174 570.727 1 0 0 1 9173724 9173726 13 0 1 20 1  0
21.6727 9392824 577.095 2 0 0 1 9173392 9173395 13 0 1 20 1  0
21.4184 9425550 579.106 3 0 0 31 9193991 9193993 13 0 1 20 1  0
12.0156 9392854 577.097 7 3 0.059238 9 9392795 9392873 13 0 1 20 1  0
11.2692 9177654 563.875 1 1 0.0197462 1 9177654 9177655 13 0 1 20 1  0
11.6936 9328735 573.157 1 1 0.0197462 1 9179287 9179288 13 0 1 20 1  0
13.4877 9429962 579.377 2 1 0.0197462 2 9222451 9222453 13 0 1 20 1  0
10.2456 9193991 564.879 3 1 0.0197462 1 9193991 9193992 13 0 1 20 1  0
12.0369 9207402 565.703 2 2 0.0394922 1 9174048 9174050 13 0 1 20 1  0
10.2335 9186478 564.417 3 2 0.0394922 1 9186478 9186479 13 0 1 20 1  0
10.4384 9199232 565.201 2 3 0.059238 1 9199232 9199233 13 0 1 20 1  0
11.6434 9286220 570.545 2 3 0.059238 1 9202176 9202177 13 0 1 20 1  0
10.0982 9243383 567.913 3 3 0.059238 1 9243383 9243384 13 0 1 20 1  0
11.3945 4410837 271.002 2 2671 632.992 1 4409892 4409894 13 0 1 20 1 1
