0 121292 131.927
1 121292 131.941
2 121289 131.917
3 121289 131.994
4 121288 131.957
5 121288 131.893
6 121288 131.802
7 121288 131.762
8 121287 131.744
9 121287 131.703
10 121287 131.692
11 121287 131.685
12 121287 131.612
13 121286 131.59
14 121286 131.533
15 121286 131.525
16 121286 131.501
17 121285 131.402
18 121284 131.329
19 121283 131.225
20 121282 131.09
21 121282 131.036
22 121281 130.981
23 121281 130.987
24 121281 130.976
25 121281 131.027
26 121281 130.985
27 121281 130.986
28 121280 130.984
29 121280 131.007
30 121281 131.014
31 121280 130.972
32 121280 130.917
33 121280 130.913
34 121281 130.858
35 121281 130.762
36 121281 130.724
37 121281 130.719
38 121280 130.731
39 121281 130.734
40 121281 130.756
41 121281 130.758
42 121281 130.757
43 121281 130.733
44 121281 130.735
45 121281 130.683
46 121281 130.731
47 121281 130.721
48 121281 130.676
49 121281 130.686
50 121281 130.689
51 121281 130.67
52 121281 130.663
53 121280 130.627
54 121281 130.608
55 121281 130.555
56 121280 130.553
57 121280 130.492
58 121281 130.48
59 121281 130.437
60 121281 130.467
61 121281 130.432
62 121281 130.439
63 121281 130.427
64 121281 130.395
65 121281 130.325
66 121281 130.329
67 121281 130.316
68 121281 130.311
69 121281 130.357
70 121281 130.337
71 121281 130.287
72 121281 130.237
73 121281 130.257
74 121281 130.223
75 121281 130.221
76 121281 130.223
77 121281 130.23
78 121281 130.181
79 121281 130.185
80 121281 130.215
81 121282 130.221
82 121282 130.216
83 121282 130.238
84 121282 130.25
85 121282 130.254
86 121282 130.2
87 121282 130.233
88 121282 130.209
89 121282 130.236
90 121282 130.22
91 121283 130.586
92 121283 130.67
93 121283 130.761
94 121283 130.762
95 121284 130.913
96 121284 130.998
97 121284 130.996
98 121284 131.009
99 121284 131.012
100 121284 131.019
101 121284 130.964
102 121284 130.988
103 121284 131.066
104 121284 131.039
105 121284 131.085
106 121284 131.119
107 121284 131.122
108 121284 131.281
109 121281 133.019
110 121281 133.052
111 121281 133.056
112 121281 133.104
113 121281 133.116
114 121282 133.16
115 121282 133.155
116 121280 134.145
117 121280 135.224
118 121280 135.286
119 121280 135.272
120 121281 135.318
121 121281 135.32
122 121281 135.32
123 121280 134.984
124 121277 135.829
125 121277 136.136
126 121278 136.186
127 121277 136.063
128 121275 137.231
129 121273 138.353
130 121274 138.363
131 121274 138.371
132 121274 138.42
133 121274 138.446
134 121275 138.456
135 121274 138.415
136 121274 138.433
137 121275 138.484
138 121275 138.482
139 121275 138.459
140 121276 138.351
141 121280 137.173
142 121281 137.635
143 121281 137.698
144 121282 138.245
145 121282 139.506
146 121283 139.538
147 121283 139.595
148 121285 138.647
149 121286 137.63
150 121285 137.62
151 121286 137.643
152 121286 137.707
153 121286 137.74
154 121286 137.791
155 121286 137.827
156 121290 136.901
157 121289 136.536
158 121289 136.436
159 121290 136.443
160 121293 135.256
161 121295 134.181
162 121295 134.2
163 121295 134.275
164 121298 135.623
165 121298 135.699
166 121298 135.721
167 121298 135.797
168 121298 135.864
169 121299 135.791
170 121298 135.836
171 121299 135.876
172 121298 135.85
173 121298 135.316
174 121297 134.862
175 121297 134.806
176 121296 134.247
177 121295 132.985
178 121295 133.002
179 121296 134.6
180 121296 134.603
181 121296 134.631
182 121296 135.681
183 121296 135.86
184 121295 135.772
185 121295 135.745
186 121296 136.247
187 121299 137.154
188 121300 138.395
189 121301 139.068
190 121301 139.622
191 121301 139.652
192 121300 139.608
193 121300 139.595
194 121300 139.584
195 121300 139.528
196 121297 138.132
197 121297 138.056
198 121297 138.052
199 121296 138.031
200 121296 137.955
201 121296 137.888
202 121295 137.834
203 121295 137.808
204 121296 137.877
205 121296 137.934
206 121296 137.972
207 121295 137.912
208 121296 137.925
209 121296 138.008
210 121296 138.044
211 121295 136.358
212 121295 136.338
213 121295 136.294
214 121294 135.223
215 121294 135.039
216 121294 135.067
217 121294 135.065
218 121293 134.501
219 121290 133.591
220 121289 132.278
221 121287 131.583
222 121287 131.06
223 121287 131.005
224 121287 130.993
225 121287 130.98
226 121287 130.921
227 121287 130.877
228 121286 130.877
229 121286 130.827
230 121286 130.785
231 121286 130.757
232 121286 130.838
233 121286 130.851
234 121286 130.836
235 121285 130.825
236 121285 130.783
237 121285 130.725
238 121284 130.663
239 121284 130.688
240 121283 130.678
241 121283 130.608
242 121283 130.497
243 121283 130.501
244 121282 130.486
245 121283 130.513
246 121282 130.469
247 121282 130.432
248 121282 130.355
249 121282 130.341
250 121282 130.344
251 121282 130.281
252 121282 130.309
253 121282 130.337
254 121282 130.343
255 121282 130.335
256 121283 130.748
257 121282 130.929
258 121282 130.98
259 121282 131.019
260 121282 130.998
261 121283 131.05
262 121283 131.06
263 121283 131.111
264 121283 131.089
265 121283 131.07
266 121283 131.037
267 121283 131.072
268 121284 131.035
269 121284 131.01
270 121284 131.018
271 121284 131.043
272 121284 130.986
273 121284 130.995
274 121285 131.083
275 121286 131.201
276 121286 131.244
277 121286 131.276
278 121286 131.341
279 121286 131.352
280 121286 131.396
281 121286 131.417
282 121287 131.42
283 121287 131.416
284 121286 131.386
285 121286 131.372
286 121286 131.373
287 121287 131.365
288 121285 130.947
289 121286 130.737
290 121286 130.748
291 121286 130.699
292 121286 130.716
293 121286 130.704
294 121286 130.713
295 121286 130.665
296 121286 130.637
297 121286 130.671
298 121286 130.741
299 121287 131.107
300 121288 131.44
301 121288 131.649
302 121289 132.217
303 121288 132.341
304 121289 132.376
305 121288 132.377
306 121288 132.334
307 121287 132.221
308 121287 132.191
309 121287 132.132
310 121287 132.484
311 121288 132.554
312 121288 132.598
313 121288 132.671
314 121288 132.7
315 121289 132.728
316 121289 132.793
317 121289 132.773
318 121289 132.746
319 121289 132.771
320 121289 132.804
321 121289 132.948
322 121289 132.948
323 121290 133.059
324 121290 133.122
325 121291 133.141
326 121291 133.218
327 121291 133.191
328 121291 133.206
329 121291 133.214
330 121292 133.217
331 121291 132.796
332 121290 132.503
333 121290 132.352
334 121289 131.78
335 121290 131.795
336 121291 131.915
337 121291 131.916
338 121291 131.865
339 121291 131.904
340 121291 131.956
341 121290 132.019
342 121290 131.652
343 121290 131.558
344 121289 131.506
345 121290 131.39
346 121290 131.407
347 121290 131.433
348 121292 132.216
349 121292 132.234
350 121292 132.251
351 121291 132.423
352 121291 132.461
353 121291 132.47
354 121291 132.463
355 121293 133.383
356 121292 133.359
357 121292 133.321
358 121292 133.235
359 121292 133.233
360 121292 133.234
361 121292 133.221
362 121292 133.183
363 121292 133.226
364 121293 133.828
365 121293 133.925
366 121294 133.984
367 121293 133.871
368 121293 133.787
369 121293 133.756
370 121293 133.744
371 121293 133.764
372 121294 133.677
373 121295 133.642
374 121294 133.662
375 121295 133.79
376 121294 133.793
377 121294 133.828
378 121294 133.79
379 121295 133.761
380 121293 132.968
381 121292 132.954
382 121292 132.978
383 121293 132.78
384 121293 132.694
385 121293 132.56
386 121293 132.567
387 121292 131.57
388 121292 131.567
389 121292 131.595
390 121291 131.638
391 121291 131.613
392 121291 131.571
393 121291 131.556
394 121291 131.556
395 121291 131.559
396 121290 130.9
397 121289 130.767
398 121289 130.669
399 121289 130.619
400 121289 130.587
401 121289 130.625
402 121289 130.658
403 121289 130.58
404 121289 130.593
405 121289 130.582
406 121289 130.554
407 121288 130.489
408 121289 130.484
409 121288 130.556
410 121289 130.683
411 121289 130.651
412 121289 130.588
413 121289 130.601
414 121289 130.536
415 121288 130.515
416 121288 130.507
417 121288 130.483
418 121288 130.455
419 121288 130.452
420 121288 130.391
421 121288 130.393
422 121288 130.336
423 121288 130.325
424 121288 130.358
425 121288 130.356
426 121288 130.384
427 121289 130.469
428 121288 130.484
429 121289 130.774
430 121289 130.857
431 121289 130.838
432 121289 130.78
433 121289 130.765
434 121289 130.761
435 121290 130.848
436 121290 130.879
437 121290 130.849
438 121290 130.818
439 121290 130.802
440 121290 130.82
441 121291 130.774
442 121290 130.645
443 121290 130.661
444 121291 130.723
445 121291 130.737
446 121291 130.803
447 121291 130.864
448 121292 130.907
449 121292 130.954
450 121292 130.972
451 121292 130.986
452 121293 131.023
453 121293 130.975
454 121293 131.038
455 121293 131.079
456 121293 131.035
457 121293 131.022
458 121293 130.968
459 121293 130.855
460 121293 130.851
461 121293 130.58
462 121293 130.551
463 121293 130.551
464 121293 130.615
465 121293 130.636
466 121293 130.648
467 121293 130.64
468 121293 130.636
469 121293 130.66
470 121293 130.73
471 121293 130.777
472 121293 130.769
473 121293 130.736
474 121293 130.78
475 121293 130.804
476 121293 130.788
477 121293 130.761
478 121293 130.756
479 121293 130.755
480 121292 130.801
481 121292 130.785
482 121292 130.771
483 121292 130.779
484 121292 130.763
485 121292 130.789
486 121291 130.769
487 121292 130.724
488 121292 130.766
489 121292 130.794
490 121292 130.86
491 121292 130.895
492 121292 130.913
493 121292 130.898
494 121292 130.896
495 121292 130.91
496 121292 130.877
497 121292 130.855
498 121292 130.853
499 121292 130.834
500 121292 130.831
501 121292 130.83
502 121292 130.8
503 121291 130.736
504 121291 130.758
505 121291 130.773
506 121291 130.738
507 121291 130.724
508 121291 130.711
509 121291 130.73
510 121291 130.693
511 121291 130.67
