0 119682 1374.87
1 119698 1387.82
2 119680 1404.85
3 119715 1411.69
4 119688 1422.08
5 119701 1435.02
6 119697 1445.81
7 119702 1450.28
8 119701 1454.55
9 119698 1470.39
10 119716 1473.06
11 119696 1475.69
12 119703 1483.29
13 119693 1491.97
14 119715 1494.5
15 119694 1497.76
16 119711 1505.48
17 119713 1525.58
18 119710 1536.29
19 119709 1547.67
20 119715 1564.45
21 119741 1575.8
22 119741 1585.17
23 119770 1573.73
24 119745 1592.07
25 119797 1588.34
26 119789 1584.77
27 119799 1600.54
28 119814 1600.64
29 119845 1585
30 119853 1598.13
31 119844 1594.89
32 119866 1596.75
33 119863 1606.07
34 119891 1589.12
35 119856 1594.73
36 119910 1584.43
37 119904 1557.95
38 119917 1564.49
39 119936 1550.68
40 119952 1524.79
41 119960 1528.88
42 119969 1497.63
43 119985 1483.99
44 119996 1487.55
45 120031 1447.64
46 119999 1439.31
47 120059 1418.41
48 120060 1373.34
49 120068 1371.3
50 120089 1339.7
51 120106 1297.94
52 120104 1294.51
53 120099 1271.65
54 120103 1259.42
55 120108 1271.69
56 120118 1244.71
57 120086 1256.32
58 120110 1250.69
59 120114 1216.59
60 120118 1205.52
61 120098 1202.84
62 120123 1160.47
63 120126 1188.57
64 120124 1161.66
65 120125 1145.85
66 120122 1139.2
67 120156 1114.85
68 120103 1100.82
69 120120 1112.01
70 120128 1091.67
71 120118 1119.44
72 120107 1133.9
73 120113 1111.68
74 120094 1125.19
75 120117 1129.05
76 120092 1107.45
77 120077 1140.77
78 120108 1132.8
79 120076 1150.02
80 120079 1182.14
81 120085 1164.57
82 120062 1169.81
83 120070 1197.64
84 120071 1184.43
85 120063 1213.85
86 120065 1211.29
87 120047 1196.73
88 120077 1205.64
89 120084 1194.71
90 120057 1198.01
91 120061 1213.19
92 120066 1216.79
93 120062 1245.3
94 120046 1263.84
95 120045 1236.16
96 120061 1237.22
97 120075 1230.3
98 120051 1246.41
99 120046 1262.71
100 120081 1272.57
101 120067 1287.08
102 120069 1279.92
103 120060 1257.77
104 120065 1248.87
105 120074 1244.23
106 120067 1262.57
107 120055 1284.96
108 120074 1288.86
109 120054 1293.63
110 120066 1279.06
111 120059 1279.46
112 120030 1278.74
113 120057 1267.39
114 120064 1285.04
115 120042 1297.35
116 120046 1301.61
117 120039 1283.02
118 120055 1274.86
119 120055 1289.24
120 120014 1296.6
121 120037 1293.21
122 120054 1301.68
123 120036 1306.52
124 120033 1314.58
125 120028 1298.37
126 120006 1287.16
127 119994 1279.65
128 119973 1286.37
129 119929 1282.66
130 119938 1280.23
131 119925 1272.11
132 119895 1280.38
133 119887 1286.48
134 119858 1299.55
135 119868 1320
136 119866 1346.39
137 119820 1362.64
138 119825 1369.05
139 119819 1357.55
140 119799 1372.09
141 119803 1375.78
142 119762 1397.99
143 119764 1401.85
144 119773 1399.78
145 119712 1408.56
146 119697 1404.05
147 119698 1374.28
148 119665 1363.31
149 119663 1359.64
150 119628 1352.61
151 119611 1333.05
152 119619 1313.67
153 119568 1301.81
154 119549 1276.25
155 119542 1249.85
156 119507 1227.46
157 119496 1212.88
158 119502 1202.74
159 119494 1194.1
160 119485 1185.6
161 119497 1175.58
162 119496 1156.65
163 119485 1143.03
164 119483 1131.72
165 119479 1095.31
166 119482 1084.79
167 119464 1057.96
168 119439 1028.98
169 119474 1023.82
170 119459 1010.18
171 119440 985.716
172 119440 970.302
173 119451 944.303
174 119453 952.454
175 119437 931.503
176 119428 914.03
177 119453 923.82
178 119449 931.279
179 119434 927.14
180 119443 924.531
181 119446 929.682
182 119449 946.35
183 119444 938.638
184 119442 931.599
185 119451 952.162
186 119453 977.558
187 119454 974.103
188 119470 980.471
189 119463 1006.45
190 119462 1030.15
191 119461 1031.23
192 119468 1027.21
193 119471 1052.22
194 119465 1076.95
195 119464 1071.48
196 119482 1065.75
197 119472 1095.95
198 119467 1101.51
199 119466 1086.59
200 119480 1086
201 119469 1088.64
202 119467 1097.74
203 119473 1098.86
204 119486 1090.05
205 119481 1121.4
206 119467 1119.53
207 119483 1111.22
208 119486 1120.18
209 119491 1123.32
210 119474 1122.02
211 119495 1124.01
212 119487 1126.28
213 119502 1151.27
214 119487 1142.31
215 119495 1139.71
216 119494 1164.26
217 119499 1176.15
218 119495 1160.78
219 119502 1172.39
220 119485 1172.48
221 119510 1184.84
222 119508 1178.78
223 119516 1177.06
224 119512 1198.36
225 119517 1209.96
226 119522 1193.29
227 119528 1203.34
228 119507 1205.74
229 119523 1212.45
230 119531 1212.97
231 119523 1214.46
232 119529 1219.27
233 119512 1230.45
234 119532 1210.5
235 119531 1214.2
236 119522 1223.54
237 119513 1222.5
238 119543 1217.99
239 119529 1219.49
240 119525 1212.18
241 119512 1183.64
242 119551 1191.88
243 119528 1217.5
244 119534 1210.13
245 119515 1190.52
246 119541 1198.69
247 119539 1227.43
248 119546 1216.66
249 119555 1191.71
250 119563 1212.05
251 119566 1234.35
252 119585 1230.95
253 119575 1212.58
254 119583 1227.13
255 119588 1254.04
256 119586 1239.79
257 119585 1211.67
258 119587 1233.45
259 119589 1258.37
260 119598 1249.39
261 119619 1226.03
262 119605 1243.72
263 119632 1287.38
264 119620 1326.94
265 119667 1324.52
266 119639 1356.19
267 119666 1394.1
268 119670 1414.25
269 119693 1404.78
270 119672 1421.13
271 119691 1455.61
272 119696 1491.45
273 119710 1521.3
274 119689 1520.92
275 119699 1536.75
276 119723 1555.5
277 119734 1571.64
278 119714 1584.75
279 119727 1591.31
280 119743 1612.53
281 119727 1627.19
282 119733 1628.24
283 119712 1634.42
284 119729 1645.53
285 119717 1656.09
286 119707 1654.74
287 119708 1662.15
288 119738 1685.75
289 119719 1689.73
290 119721 1672.04
291 119712 1660.38
292 119732 1675.61
293 119697 1684.31
294 119745 1665.99
295 119713 1653.27
296 119733 1631.58
297 119697 1625.81
298 119729 1618.94
299 119711 1610.86
300 119720 1616.1
301 119710 1624.03
302 119721 1634.57
303 119724 1634.36
304 119716 1635.55
305 119721 1640
306 119716 1648.76
307 119738 1641.22
308 119703 1654.4
309 119717 1648.98
310 119712 1651.39
311 119720 1646.91
312 119692 1643.17
313 119707 1637.44
314 119691 1625.38
315 119711 1605.68
316 119681 1604.89
317 119692 1581.56
318 119696 1552.92
319 119690 1518.42
320 119658 1492.44
321 119680 1479.13
322 119672 1464
323 119677 1448.03
324 119655 1434.27
325 119664 1416.01
326 119629 1397.64
327 119646 1370.26
328 119625 1344.57
329 119631 1320.11
330 119627 1291.73
331 119623 1257.23
332 119610 1226.35
333 119607 1207.27
334 119621 1166.81
335 119602 1142.03
336 119614 1123.93
337 119601 1119.81
338 119632 1095.99
339 119600 1080.51
340 119629 1081.31
341 119611 1091.06
342 119649 1089.13
343 119615 1092.12
344 119648 1108.42
345 119643 1136.84
346 119666 1161.07
347 119655 1184.22
348 119675 1221.69
349 119684 1257.02
350 119689 1296.09
351 119691 1330.89
352 119692 1370.3
353 119705 1395.89
354 119693 1424.79
355 119700 1447.96
356 119697 1478.06
357 119712 1491.57
358 119695 1510.18
359 119698 1528.96
360 119694 1546.95
361 119703 1549.39
362 119680 1557.61
363 119685 1564.87
364 119681 1560.35
365 119676 1545.57
366 119652 1541.89
367 119656 1533.93
368 119647 1510.82
369 119640 1480.04
370 119612 1458.22
371 119620 1436.79
372 119599 1397.71
373 119596 1357.38
374 119568 1319.65
375 119579 1284.97
376 119554 1234.67
377 119549 1184.07
378 119528 1140.83
379 119524 1100.67
380 119519 1051.26
381 119501 1008.19
382 119499 970.315
383 119492 936.303
384 119493 896.682
385 119474 867.881
386 119482 836.889
387 119474 809.762
388 119481 785.643
389 119467 775.349
390 119480 776.37
391 119492 764.407
392 119492 763.029
393 119488 778.848
394 119495 788.289
395 119507 795.651
396 119499 810.236
397 119504 836.712
398 119511 855.905
399 119517 871.54
400 119514 898.397
401 119516 925.266
402 119534 947.002
403 119529 971.375
404 119541 1001.99
405 119533 1029.26
406 119556 1047.49
407 119546 1074.19
408 119558 1110.08
409 119558 1136.42
410 119571 1158.4
411 119576 1184.53
412 119572 1207.82
413 119590 1227.07
414 119588 1248.64
415 119602 1269.2
416 119599 1298.32
417 119622 1318.69
418 119614 1352.43
419 119628 1383.02
420 119622 1385.96
421 119633 1388.73
422 119625 1385
423 119612 1408.08
424 119616 1404.45
425 119605 1384.91
426 119623 1369.58
427 119600 1372.17
428 119644 1370.47
429 119651 1371.3
430 119642 1366.5
431 119645 1384.38
432 119664 1380.07
433 119691 1372.46
434 119667 1365.57
435 119683 1362.25
436 119707 1353.36
437 119729 1360.83
438 119708 1367.87
439 119736 1375.55
440 119725 1349.35
441 119755 1342.21
442 119726 1333.65
443 119738 1333.29
444 119762 1328.21
445 119753 1345.48
446 119770 1345.29
447 119776 1348.57
448 119776 1325.72
449 119787 1321.81
450 119808 1308.22
451 119789 1312.37
452 119820 1317.93
453 119803 1322.84
454 119842 1317.34
455 119852 1307.95
456 119851 1307.95
457 119886 1318.3
458 119889 1335.06
459 119882 1339.9
460 119871 1337.56
461 119859 1323.21
462 119889 1307.45
463 119896 1297.08
464 119872 1300.22
465 119880 1300.2
466 119900 1313.41
467 119884 1314.06
468 119874 1313.45
469 119863 1296.36
470 119879 1289.74
471 119878 1288.18
472 119867 1310.35
473 119865 1319.65
474 119888 1332.23
475 119877 1329.13
476 119872 1323.67
477 119865 1305.84
478 119868 1316.75
479 119867 1325.68
480 119866 1340.72
481 119855 1340.17
482 119867 1334.34
483 119883 1315.42
484 119882 1327.34
485 119896 1325.27
486 119876 1347.78
487 119895 1335.33
488 119910 1335.32
489 119886 1326
490 119887 1315.2
491 119923 1306.13
492 119921 1323.9
493 119920 1322.35
494 119907 1352.28
495 119907 1334.05
496 119943 1328.73
497 119921 1330.09
498 119921 1325.01
499 119946 1325.82
500 119934 1330.03
501 119951 1332.46
502 119945 1340.77
503 119944 1329.03
504 119977 1321.7
505 119958 1314
506 119967 1303.3
507 119993 1299.01
508 119976 1309.46
509 120005 1308.6
510 119998 1282.97
511 119996 1255.58
