15.2528 15846 0.973578 5 6 0.118475 9 15839 15852 13 0 1 20 1  0
30.607 36206 2.2245 10 99 1.96349 14823 35602 41906 13 0 1 20 1  0
0 2048 0.125829 8 0 0 23136 41205 41206 13 0 1 20 1  0
11.8516 14398 0.884613 1 0 0 2 14398 14399 13 0 1 20 1  0
14.2811 14537 0.893153 2 0 0 3 14535 14540 13 0 1 20 1  0
10.0663 12588 0.773407 5 0 0 1 12588 12589 13 0 1 20 1  0
17.7189 259061 15.9167 5 5 0.0987291 69 15840 15854 13 0 1 20 1  0
13.4125 191867 11.7883 3 1 0.0197462 1 35858 35860 13 0 1 20 1  0
11.389 17564 1.07913 2 3 0.059238 3 17564 17565 13 0 1 20 1  0
18.4353 43479 2.67135 3 5 0.0987291 24 15835 15840 13 0 1 20 1  0
16.6281 44438 2.73027 3 3 0.059238 4 36173 36174 13 0 1 20 1  0
10.1744 39975 2.45606 2 5 0.0987291 2 39975 39976 13 0 1 20 1  0
17.3922 255424 15.6932 4 5 0.0987291 5 15835 15846 13 0 1 20 1  0
10.2845 42864 2.63356 2 6 0.118475 1 42864 42865 13 0 1 20 1  0
12.3819 72773 4.47117 3 21 0.414699 7 43465 43470 13 0 1 20 1  0
15.9727 83856 5.15211 6 7 0.13822 2 15859 15865 13 0 1 20 1  0
10.0185 256673 15.77 2 11 0.217204 1 256673 256674 13 0 1 20 1  0
13.9395 100406 6.16894 4 29 0.572762 28 43459 43466 13 0 1 20 1  0
12.5367 100021 6.14529 4 48 0.948609 31 100016 100026 13 0 1 20 1  0
12.7351 220830 13.5678 5 46 0.909008 24 35769 35918 13 0 1 20 1  0
12.3346 160390 9.85436 4 38 0.750701 15 100021 100032 13 0 1 20 1  0
10.4377 135289 8.31216 7 220 4.44892 1 36316 36482 13 0 1 20 1  0
15.2834 257687 15.8323 9 541 12.3689 3 39676 41126 13 0 1 20 1  0
13.9654 257486 15.8199 8 806 21.8564 3 38758 40535 13 0 1 20 1  0
10.0551 35998 2.21172 5 1898 160.548 1 35998 35999 13 0 1 20 1  0
12.1329 18990 1.16675 12 2763 745.177 12 17028 20718 13 0 1 20 1  0
13.503 2048 0.125829 12 3222 1681.78 4 2048 4482 13 0 1 20 1  0
10.8934 330388 20.299 8 0 0 1 330387 330389 13 0 1 20 1  0
26.544 261886 16.0903 6 37 0.730923 15056 261855 261930 13 0 1 20 1  0
20.1406 266381 16.3664 4 5 0.0987291 18 261909 261919 13 0 1 20 1  0
16.1109 330388 20.299 2 0 0 2 261958 261960 13 0 1 20 1  0
15.9345 496658 30.5147 3 0 0 1 261942 261973 13 0 1 20 1  0
27.8118 468124 28.7615 12 350 7.34936 6288 336386 337328 13 0 1 20 1  0
16.0073 481118 29.5599 3 2 0.0394922 8 262164 262167 13 0 1 20 1  0
21.1452 471457 28.9663 5 19 0.375194 13 261884 261920 13 0 1 20 1  0
10.9896 266041 16.3456 2 2 0.0394922 1 266041 266042 13 0 1 20 1  0
14.6777 505198 31.0394 3 13 0.256698 8 261904 261910 13 0 1 20 1  0
10.6346 262152 16.1066 2 3 0.059238 2 262152 262153 13 0 1 20 1  0
18.9663 425523 26.1441 4 9 0.177712 3 261902 261916 13 0 1 20 1  0
22.8874 389205 23.9128 5 9 0.177712 39 261904 261931 13 0 1 20 1  0
11.3685 284576 17.4843 2 12 0.236951 3 274238 274239 13 0 1 20 1  0
11.2697 340715 20.9335 2 17 0.335692 2 284572 284574 13 0 1 20 1  0
10.2111 265164 16.2917 2 15 0.296194 1 265164 265165 13 0 1 20 1  0
10 385519 23.6863 10 534 12.1636 1 385519 385520 13 0 1 20 1  0
12.2311 460442 28.2896 12 2192 270.619 2 458718 461916 13 0 1 20 1  0
11.4387 456178 28.0276 12 2418 404.117 1 454264 458488 13 0 1 20 1  0
19.7048 766409 47.0882 4 0 0 5 526950 526957 13 0 1 20 1  0
0 522240 32.0864 1 0 0 14713 561170 561172 13 0 1 20 1  0
28.6234 703337 43.213 7 18 0.355443 4834 526376 526381 13 0 1 20 1  0
19.8987 761536 46.7888 9 29 0.572762 56 560674 560928 13 0 1 20 1  0
10.2792 561434 34.4945 2 1 0.0197462 1 561434 561435 13 0 1 20 1  0
17.7188 657253 40.3816 4 5 0.0987291 7 526327 526336 13 0 1 20 1  0
15.9816 526325 32.3374 3 12 0.236951 14 526322 526330 13 0 1 20 1  0
16.9773 697583 42.8595 4 2 0.0394922 51 557766 557768 13 0 1 20 1  0
19.7568 583220 35.833 4 14 0.276446 152 526319 526332 13 0 1 20 1  0
20.2697 581449 35.7242 7 10 0.197458 269 551232 551342 13 0 1 20 1  0
12.562 700266 43.0243 2 5 0.0987291 1 526328 526332 13 0 1 20 1  0
10.0268 551312 33.8726 7 6 0.118475 1 551312 551313 13 0 1 20 1  0
11.894 559585 34.3809 2 16 0.315943 1 526320 526323 13 0 1 20 1  0
20.6962 697059 42.8273 5 20 0.394946 58 526315 526334 13 0 1 20 1  0
10.8633 716708 44.0345 2 21 0.414699 1 526315 526318 13 0 1 20 1  0
11.1372 700609 43.0454 4 79 1.56412 8 583169 583179 13 0 1 20 1  0
17.6175 725638 44.5832 9 126 2.50651 593 580349 581571 13 0 1 20 1  0
10.025 578516 35.544 6 931 27.8724 1 578516 578517 13 0 1 20 1  0
11.4397 684540 42.0581 12 2395 387.96 1 683054 686492 13 0 1 20 1  0
29.8363 883440 54.2786 12 70 1.38505 2632 879646 887236 13 0 1 20 1  0
10.544 980237 60.2258 8 0 0 1 883655 883656 13 0 1 20 1  0
0 784384 48.1926 8 0 0 12699 980237 980238 13 0 1 20 1  0
10.2284 810338 49.7872 1 0 0 1 810338 810339 13 0 1 20 1  0
12.0731 882447 54.2175 1 0 0 1 829366 829367 13 0 1 20 1  0
21.9834 881474 54.1578 5 0 0 3 803987 803991 13 0 1 20 1  0
16.9858 1019993 62.6684 5 0 0 2 807778 807807 13 0 1 20 1  0
14.5079 924276 56.7875 3 2 0.0394922 4 803973 803975 13 0 1 20 1  0
11.6698 803975 49.3962 3 1 0.0197462 21 803975 803976 13 0 1 20 1  0
16.9829 887463 54.5257 4 1 0.0197462 1 803978 803982 13 0 1 20 1  0
16.0767 916546 56.3126 4 30 0.592527 26 803945 803959 13 0 1 20 1  0
12.476 1000726 61.4846 2 2 0.0394922 3 924277 924278 13 0 1 20 1  0
24.3689 1017070 62.4888 9 287 5.90495 5365 881066 884670 13 0 1 20 1  0
10.4332 861515 52.9315 2 4 0.0789836 1 861515 861516 13 0 1 20 1  0
15.8594 917170 56.3509 4 20 0.394946 18 803955 803968 13 0 1 20 1  0
11.7003 1024286 62.9321 2 12 0.236951 6 1016796 1016799 13 0 1 20 1  0
17.8461 1019289 62.6251 4 9 0.177712 17 803964 803973 13 0 1 20 1  0
21.0075 954505 58.6448 5 13 0.256698 52 803961 803984 13 0 1 20 1  0
24.1203 1023458 62.8813 6 18 0.355443 712 803967 803993 13 0 1 20 1  0
10.0299 804235 49.4122 10 258 5.26578 1 804235 804236 13 0 1 20 1  0
10.4631 1022795 62.8405 8 905 26.5185 1 1019004 1019282 13 0 1 20 1  0
11.7416 1004438 61.7127 12 2516 480.844 1 1003280 1006668 13 0 1 20 1  0
57.2645 1205956 74.0939 10 471 10.3967 16844 1194847 1206828 13 0 1 20 1  0
10.5019 1065801 65.4828 1 0 0 1 1065801 1065802 13 0 1 20 1  0
12.3678 1199321 73.6863 1 0 0 1 1090266 1090268 13 0 1 20 1  0
0 1046528 64.2987 1 0 0 24342 1091201 1091202 13 0 1 20 1  0
10.1039 1080202 66.3676 4 0 0 1 1080202 1080203 13 0 1 20 1  0
10.0092 1278007 78.5207 1 1 0.0197462 1 1278007 1278008 13 0 1 20 1  0
10.1358 1099586 67.5586 2 2 0.0394922 2 1099586 1099587 13 0 1 20 1  0
13.4423 1278428 78.5466 3 1 0.0197462 2 1090264 1090269 13 0 1 20 1  0
10.6215 1067086 65.5618 3 3 0.059238 5 1067086 1067087 13 0 1 20 1  0
16.2718 1220163 74.9668 4 10 0.197458 8 1076488 1076493 13 0 1 20 1  0
17.6778 1091199 67.0433 4 4 0.0789836 17 1067087 1067091 13 0 1 20 1  0
13.0938 1302823 80.0454 2 6 0.118475 4 1091192 1091196 13 0 1 20 1  0
10.3976 1076490 66.1395 3 6 0.118475 4 1076490 1076491 13 0 1 20 1  0
16.7462 1207711 74.2018 4 7 0.13822 2 1067085 1067088 13 0 1 20 1  0
12.1118 1262097 77.5432 2 7 0.13822 1 1091192 1091195 13 0 1 20 1  0
15.609 1204157 73.9834 4 15 0.296194 7 1076485 1076492 13 0 1 20 1  0
10.225 1129974 69.4256 2 13 0.256698 1 1129974 1129975 13 0 1 20 1  0
10.2095 1090253 66.9851 3 16 0.315943 2 1090253 1090254 13 0 1 20 1  0
10.4323 1185286 72.824 4 37 0.730923 4 1185286 1185287 13 0 1 20 1  0
10.2919 1115758 68.5522 7 16 0.315943 1 1115758 1115759 13 0 1 20 1  0
10.1194 1173256 72.0848 6 26 0.513479 3 1173256 1173257 13 0 1 20 1  0
10.2161 1194303 73.378 6 959 29.3967 41 1194303 1194304 13 0 1 20 1  0
10.3863 1198097 73.6111 3 747 19.4074 21 1198097 1198098 13 0 1 20 1  0
10.0009 1154522 70.9338 9 1030 33.596 1 1154522 1154523 13 0 1 20 1  0
10.4492 1201313 73.8087 4 1052 35.002 3 1201313 1201314 13 0 1 20 1  0
10.1904 1200954 73.7866 6 1120 39.6948 3 1200954 1200955 13 0 1 20 1  0
0 1046528 64.2987 9 1936 171.765 100 1197653 1197814 13 0 1 20 1  0
11.1919 1330365 81.7376 1 0 0 1 1330365 1330366 13 0 1 20 1  0
12.3288 1362235 83.6957 1 0 0 2 1331107 1331108 13 0 1 20 1  0
0 1308672 80.4048 1 0 0 2707 1332859 1332860 13 0 1 20 1  0
14.6372 1471973 90.438 2 0 0 1 1327409 1327412 13 0 1 20 1  0
17.267 1349288 82.9003 3 0 0 5 1325141 1325143 13 0 1 20 1  0
21.1584 1329898 81.7089 5 9 0.177712 1105 1325133 1325149 13 0 1 20 1  0
10.0481 1388455 85.3067 2 2 0.0394922 1 1388455 1388456 13 0 1 20 1  0
10.6701 1547247 95.0629 2 2 0.0394922 1 1547247 1547248 13 0 1 20 1  0
13.9789 1452978 89.271 3 2 0.0394922 1 1325138 1325143 13 0 1 20 1  0
19.6509 1450402 89.1127 6 25 0.493721 933 1325128 1325153 13 0 1 20 1  0
17.9076 1406562 86.4192 4 9 0.177712 29 1325129 1325140 13 0 1 20 1  0
10.5937 1403246 86.2154 2 4 0.0789836 1 1403246 1403247 13 0 1 20 1  0
14.1104 1447400 88.9283 4 56 1.10713 23 1329849 1329865 13 0 1 20 1  0
10.7559 1442181 88.6076 10 1080 36.8689 2 1441971 1442257 13 0 1 20 1  0
11.222 1439320 88.4318 12 1875 154.116 13 1438022 1440638 13 0 1 20 1  0
39.0994 1788042 109.857 12 612 14.5641 8653 1660800 1663874 13 0 1 20 1  0
29.8909 1812357 111.351 6 46 0.909008 1100 1691716 1691771 13 0 1 20 1  0
10.1376 1664822 102.287 1 0 0 1 1664822 1664823 13 0 1 20 1  0
12.1448 1807288 111.04 1 0 0 1 1668428 1668429 13 0 1 20 1  0
0 1570816 96.5109 1 0 0 30010 1691409 1691410 13 0 1 20 1  0
23.2756 1799952 110.589 7 8 0.157966 11 1619427 1619649 13 0 1 20 1  0
29.7917 1831850 112.549 12 34 0.671599 1738 1785384 1809138 13 0 1 20 1  0
10.3493 1606846 98.7246 3 25 0.493721 6 1606846 1606847 13 0 1 20 1  0
10.7699 1597050 98.1227 2 5 0.0987291 8 1597050 1597051 13 0 1 20 1  0
19.1417 1813497 111.421 4 8 0.157966 58 1597047 1597055 13 0 1 20 1  0
18.7499 1694335 104.1 4 4 0.0789836 4 1597052 1597058 13 0 1 20 1  0
11.0798 1572557 96.6179 3 4 0.0789836 1 1572557 1572558 13 0 1 20 1  0
10.901 1691405 103.92 2 11 0.217204 34 1691405 1691406 13 0 1 20 1  0
10.0319 1619554 99.5054 9 113 2.24444 3 1619554 1619555 13 0 1 20 1  0
10.0961 1691737 103.94 3 34 0.671599 1 1691737 1691738 13 0 1 20 1  0
10.197 1796063 110.35 3 51 1.00803 1 1796063 1796064 13 0 1 20 1  0
10.0045 1686892 103.643 10 163 3.25999 1 1686892 1686893 13 0 1 20 1  0
10.0507 1686436 103.615 9 386 8.21461 1 1686436 1686437 13 0 1 20 1  0
12.0974 1807076 111.027 11 437 9.49843 1 1787082 1787601 13 0 1 20 1  0
16.6133 1806295 110.979 8 1026 33.3459 268 1785654 1786938 13 0 1 20 1  0
10.0561 1619021 99.4726 9 770 20.3354 1 1619021 1619022 13 0 1 20 1  0
13.5028 1799344 110.552 8 778 20.666 1 1792618 1792726 13 0 1 20 1  0
11.0811 1797628 110.446 12 2353 360.104 1 1796516 1798544 13 0 1 20 1  0
10.084 1944176 119.45 8 0 0 1 1944176 1944177 13 0 1 20 1  0
23.4871 1845370 113.38 12 1719 116.76 6296 1841220 1848668 13 0 1 20 1  0
17.3845 1871205 114.967 3 6 0.118475 15 1833362 1833365 13 0 1 20 1  0
15.6286 2017979 123.985 4 2 0.0394922 3 1832972 1832982 13 0 1 20 1  0
16.5052 1950450 119.836 3 5 0.0987291 5 1833139 1833141 13 0 1 20 1  0
16.0017 2074881 127.481 3 3 0.059238 2 1833144 1833146 13 0 1 20 1  0
10.9163 1833893 112.674 2 3 0.059238 3 1833893 1833894 13 0 1 20 1  0
20.4675 1940163 119.204 5 12 0.236951 298 1833121 1833261 13 0 1 20 1  0
10.28 1852504 113.818 2 4 0.0789836 2 1852504 1852505 13 0 1 20 1  0
10.1079 1852936 113.844 2 8 0.157966 2 1852936 1852937 13 0 1 20 1  0
10.0945 1842660 113.213 3 14 0.276446 3 1842660 1842661 13 0 1 20 1  0
11.8405 1981448 121.74 2 18 0.355443 2 1871194 1871196 13 0 1 20 1  0
24.4601 1849149 113.612 8 194 3.90176 9531 1832960 1833334 13 0 1 20 1  0
10.1831 1853671 113.89 4 44 0.869417 5 1853671 1853672 13 0 1 20 1  0
11.2377 2047227 125.782 8 193 3.88089 1 1848987 1849321 13 0 1 20 1  0
10.2461 2047132 125.776 8 410 8.80978 1 1848691 1849176 13 0 1 20 1  0
10.1032 1841747 113.157 11 2260 305.327 1 1841683 1841752 13 0 1 20 1  0
11.0626 2058777 126.491 10 2488 457.545 2 2058540 2058998 13 0 1 20 1  0
16.6924 1833190 112.631 12 2638 597.008 16 1832960 1837262 13 0 1 20 1  0
11.99 2018710 124.03 12 2777 763.911 1 1832960 1834464 13 0 1 20 1  0
10.1955 1943140 119.387 12 3101 1357 1 1943128 1943158 13 0 1 20 1  0
42.5609 2118566 130.165 12 495 11.0534 15315 2112592 2120342 13 0 1 20 1  0
13.7637 2118527 130.162 1 0 0 1 2114922 2114924 13 0 1 20 1  0
0 2095104 128.723 1 0 0 6259 2116572 2116573 13 0 1 20 1  0
15.1472 2243881 137.864 3 6 0.118475 2 2116992 2116996 13 0 1 20 1  0
10.5556 2101931 129.143 2 4 0.0789836 6 2101931 2101932 13 0 1 20 1  0
16.4994 2120801 130.302 4 2 0.0394922 3 2107591 2107592 13 0 1 20 1  0
11.074 2115463 129.974 4 1 0.0197462 1 2115463 2115464 13 0 1 20 1  0
15.3871 2158679 132.629 3 4 0.0789836 5 2101932 2101934 13 0 1 20 1  0
20.9154 2155673 132.445 4 12 0.236951 89 2116987 2117010 13 0 1 20 1  0
10.9419 2107591 129.49 4 3 0.059238 3 2107591 2107592 13 0 1 20 1  0
13.8367 2251637 138.341 6 11 0.217204 2 2133163 2133170 13 0 1 20 1  0
12.5048 2133132 131.06 3 28 0.553 3 2116981 2116984 13 0 1 20 1  0
12.3784 2262865 139.03 7 12 0.236951 2 2102342 2102384 13 0 1 20 1  0
13.5333 2326778 142.957 12 2180 264.916 2 2104438 2110838 13 0 1 20 1  0
14.4904 2095396 128.741 12 2788 778.959 20 2095104 2098786 13 0 1 20 1  0
10.2511 2531878 155.559 8 0 0 1 2531878 2531879 13 0 1 20 1  0
25.9114 2572725 158.068 9 58 1.14679 3087 2371961 2372055 13 0 1 20 1  0
10.2893 2457285 150.976 1 0 0 1 2457285 2457286 13 0 1 20 1  0
13.8082 2599449 159.71 2 0 0 2 2371819 2371834 13 0 1 20 1  0
0 2357248 144.829 1 0 0 4790 2572855 2572857 13 0 1 20 1  0
17.4019 2595977 159.497 3 3 0.059238 17 2374430 2374435 13 0 1 20 1  0
16.7803 2376000 145.981 5 4 0.0789836 51 2371819 2371848 13 0 1 20 1  0
10.5969 2362081 145.126 4 5 0.0987291 2 2362081 2362082 13 0 1 20 1  0
19.4151 2436511 149.699 9 534 12.1636 672 2379437 2379539 13 0 1 20 1  0
14.9095 2374428 145.885 3 7 0.13822 7 2374426 2374431 13 0 1 20 1  0
17.8069 2475707 152.107 5 9 0.177712 102 2374433 2374440 13 0 1 20 1  0
14.2687 2457040 150.961 3 9 0.177712 8 2374424 2374429 13 0 1 20 1  0
14.2492 2379723 146.21 6 21 0.414699 27 2375987 2376014 13 0 1 20 1  0
10.1138 2371834 145.725 8 128 2.54694 11 2371834 2371835 13 0 1 20 1  0
11.9846 2581346 158.598 5 37 0.730923 16 2375971 2375985 13 0 1 20 1  0
11.461 2434315 149.564 6 67 1.32543 16 2375953 2375982 13 0 1 20 1  0
10.0567 2379546 146.199 7 359 7.56274 1 2379546 2379547 13 0 1 20 1  0
10.0596 2371561 145.709 8 411 8.83492 2 2371561 2371562 13 0 1 20 1  0
10.0157 2434559 149.579 11 1453 72.5947 1 2434556 2434562 13 0 1 20 1  0
15.8016 2619384 160.935 12 2407 396.308 44 2618064 2619394 13 0 1 20 1  0
12.1712 2619372 160.934 12 2705 672.336 5 2618658 2619394 13 0 1 20 1  0
16.3485 2981049 183.156 2 0 0 65 2891170 2891171 13 0 1 20 1  0
0 2881536 177.042 8 0 0 2884 3115871 3115872 13 0 1 20 1  0
10.2604 2913616 179.013 1 0 0 1 2913616 2913617 13 0 1 20 1  0
10.3521 2884879 177.247 4 1 0.0197462 2 2884879 2884880 13 0 1 20 1  0
18.7191 2981789 183.201 3 0 0 2 2884875 2884884 13 0 1 20 1  0
21.2997 3007987 184.811 7 8 0.157966 690 2901295 2901309 13 0 1 20 1  0
18.1245 3066054 188.378 8 12 0.236951 644 2901358 2901368 13 0 1 20 1  0
20.3211 3089537 189.821 4 3 0.059238 30 2890727 2890731 13 0 1 20 1  0
11.9002 3142434 193.071 2 4 0.0789836 2 2890722 2890724 13 0 1 20 1  0
10.6982 2892721 177.729 3 1 0.0197462 2 2892721 2892722 13 0 1 20 1  0
14.9124 3139008 192.861 11 151 3.01426 165 3065043 3065976 13 0 1 20 1  0
14.6524 2890723 177.606 3 4 0.0789836 8 2890721 2890726 13 0 1 20 1  0
12.032 3136005 192.676 2 5 0.0987291 1 2890722 2890725 13 0 1 20 1  0
14.9793 2901243 178.252 4 13 0.256698 16 2890714 2890720 13 0 1 20 1  0
13.511 3010276 184.951 3 12 0.236951 5 2890715 2890720 13 0 1 20 1  0
13.6276 3024539 185.828 4 18 0.355443 6 2901234 2901243 13 0 1 20 1  0
10.8432 3118650 191.61 10 799 21.5539 2 3064705 3064858 13 0 1 20 1  0
0 2881536 177.042 10 799 21.5539 1 3118383 3118716 13 0 1 20 1  0
42.7878 3246692 199.477 12 602 14.2418 8178 3244528 3254616 13 0 1 20 1  0
10.5105 3253268 199.881 8 0 0 1 3253268 3253269 13 0 1 20 1  0
11.14 3144303 193.186 1 0 0 2 3144303 3144304 13 0 1 20 1  0
12.379 3249861 199.671 1 0 0 1 3214398 3214400 13 0 1 20 1  0
0 3143680 193.148 1 0 0 27727 3217431 3217432 13 0 1 20 1  0
18.2539 3394523 208.559 4 0 0 6 3183672 3183678 13 0 1 20 1  0
15.6074 3253987 199.925 3 0 0 1 3183525 3183529 13 0 1 20 1  0
10.8808 3345823 205.567 2 1 0.0197462 1 3345823 3345824 13 0 1 20 1  0
12.4052 3251002 199.742 3 1 0.0197462 1 3171487 3171489 13 0 1 20 1  0
11.0052 3214391 197.492 4 1 0.0197462 1 3214391 3214392 13 0 1 20 1  0
39.7453 3335748 204.948 8 410 8.80978 5260 3244912 3245877 13 0 1 20 1  0
11.6541 3263688 200.521 2 4 0.0789836 4 3186889 3186891 13 0 1 20 1  0
10.7071 3171483 194.856 2 4 0.0789836 3 3171483 3171484 13 0 1 20 1  0
10.7503 3167884 194.635 5 7 0.13822 5 3167884 3167885 13 0 1 20 1  0
12.5124 3284407 201.794 3 2 0.0394922 4 3171485 3171488 13 0 1 20 1  0
10.2076 3186898 195.803 4 2 0.0394922 1 3186898 3186899 13 0 1 20 1  0
19.2055 3275544 201.249 5 9 0.177712 44 3189111 3189113 13 0 1 20 1  0
15.3183 3189102 195.938 3 7 0.13822 12 3167872 3167876 13 0 1 20 1  0
22.3088 3251838 199.793 7 22 0.434452 560 3245276 3246111 13 0 1 20 1  0
14.4255 3247729 199.54 3 4 0.0789836 2 3167877 3167880 13 0 1 20 1  0
10.2059 3186557 195.782 5 4 0.0789836 1 3186557 3186558 13 0 1 20 1  0
18.7771 3341687 205.313 7 7 0.13822 40 3220403 3220472 13 0 1 20 1  0
10.1262 3220434 197.863 6 11 0.217204 1 3220434 3220435 13 0 1 20 1  0
11.1292 3252099 199.809 2 14 0.276446 2 3252098 3252100 13 0 1 20 1  0
10.4193 3190970 196.053 4 20 0.394946 2 3190970 3190971 13 0 1 20 1  0
10.2417 3251534 199.774 3 460 10.1021 1 3251534 3251535 13 0 1 20 1  0
13.6958 3341108 205.278 8 742 19.21 1 3246484 3247511 13 0 1 20 1  0
0 3143680 193.148 8 2070 217.923 6 3241668 3241669 13 0 1 20 1  0
10.0735 3413229 209.709 1 0 0 1 3413229 3413230 13 0 1 20 1  0
11.7448 3548289 218.007 1 0 0 1 3426876 3426877 13 0 1 20 1  0
12.2048 3405940 209.261 2 2 0.0394922 3010 3405940 3405941 13 0 1 20 1  0
32.083 3550182 218.123 8 6 0.118475 6895 3429200 3429364 13 0 1 20 1  0
19.9188 3528508 216.792 4 1 0.0197462 5 3411313 3411318 13 0 1 20 1  0
12.1907 3551649 218.213 2 1 0.0197462 2 3551648 3551650 13 0 1 20 1  0
12.8796 3552821 218.285 2 3 0.059238 3 3405938 3405940 13 0 1 20 1  0
15.8555 3639987 223.641 3 3 0.059238 5 3405939 3405943 13 0 1 20 1  0
16.2101 3553318 218.316 4 4 0.0789836 7 3405940 3405946 13 0 1 20 1  0
10.2205 3411318 209.591 6 3 0.059238 5 3411318 3411319 13 0 1 20 1  0
14.8802 3628571 222.939 3 7 0.13822 15 3405934 3405938 13 0 1 20 1  0
11.098 3518200 216.158 2 5 0.0987291 2 3405936 3405939 13 0 1 20 1  0
17.8641 3640246 223.657 5 10 0.197458 48 3411302 3411315 13 0 1 20 1  0
11.2294 3498555 214.951 2 6 0.118475 1 3405936 3405938 13 0 1 20 1  0
10.1125 3459901 212.576 7 27 0.533239 3 3459901 3459902 13 0 1 20 1  0
11.1479 3546323 217.886 3 13 0.256698 6 3444517 3444520 13 0 1 20 1  0
10.2354 3430588 210.775 6 13 0.256698 1 3430588 3430589 13 0 1 20 1  0
10.0628 3429266 210.694 8 13 0.256698 1 3429266 3429267 13 0 1 20 1  0
10.0432 3508226 215.545 3 14 0.276446 1 3508226 3508227 13 0 1 20 1  0
10.0947 3547253 217.943 6 15 0.296194 1 3547253 3547254 13 0 1 20 1  0
10.0744 3526258 216.653 8 96 1.90345 2 3526258 3526259 13 0 1 20 1  0
10.7247 3640278 223.659 12 1297 54.8153 1 3639472 3640598 13 0 1 20 1  0
13.1212 3636778 223.444 11 1768 127.405 7 3543688 3545140 13 0 1 20 1  0
15.3079 3544940 217.801 11 1689 110.683 35 3543882 3546756 13 0 1 20 1  0
0 3405824 209.254 10 1648 102.881 10 3637357 3637663 13 0 1 20 1  0
14.7641 3538840 217.426 12 2214 281.394 145 3536814 3541810 13 0 1 20 1  0
10.7959 3712831 228.116 1 0 0 1 3712831 3712832 13 0 1 20 1  0
11.9145 3794317 233.123 1 0 0 1 3764725 3764727 13 0 1 20 1  0
10.1947 3668986 225.422 7 6 0.118475 2542 3668986 3668987 13 0 1 20 1  0
10.5195 3670237 225.499 2 0 0 1 3670237 3670238 13 0 1 20 1  0
14.3012 3764725 231.305 2 0 0 1 3712830 3712838 13 0 1 20 1  0
24.6262 3897146 239.441 12 1906 162.847 7590 3893210 3904508 13 0 1 20 1  0
19.2462 3702790 227.499 7 3 0.059238 118 3668832 3669018 13 0 1 20 1  0
15.5779 3729035 229.112 4 2 0.0394922 12 3686656 3686662 13 0 1 20 1  0
10.9838 3839339 235.889 2 1 0.0197462 1 3769698 3769699 13 0 1 20 1  0
10.3864 3686653 226.508 2 3 0.059238 10 3686653 3686654 13 0 1 20 1  0
13.7891 3769695 231.61 3 4 0.0789836 8 3686651 3686654 13 0 1 20 1  0
14.7616 3910294 240.248 4 4 0.0789836 3 3686653 3686660 13 0 1 20 1  0
14.2126 3871364 237.857 4 5 0.0987291 8 3686652 3686658 13 0 1 20 1  0
16.7851 3712327 228.085 5 5 0.0987291 6 3686659 3686666 13 0 1 20 1  0
13.7838 3705507 227.666 4 8 0.157966 43 3686646 3686654 13 0 1 20 1  0
10.0189 3722540 228.713 3 16 0.315943 1 3722540 3722541 13 0 1 20 1  0
10.016 3903229 239.814 7 245 4.98385 1 3903229 3903230 13 0 1 20 1  0
0 3667968 225.36 10 1523 82.2938 68 3904539 3905660 13 0 1 20 1  0
10.799 3863962 237.402 12 2432 414.279 1 3862856 3864680 13 0 1 20 1  0
11.3545 3848522 236.453 12 2810 809.952 5 3844776 3850822 13 0 1 20 1  0
21.7244 3955930 243.052 4 3 0.059238 417 3953349 3953361 13 0 1 20 1  0
10.7638 4078658 250.593 8 0 0 1 3957344 3957345 13 0 1 20 1  0
0 3930112 241.466 8 0 0 2333 4078658 4078659 13 0 1 20 1  0
20.8553 4082626 250.837 3 0 0 3 3936239 3936250 13 0 1 20 1  0
21.5385 4015518 246.713 6 0 0 141 3939621 3939807 13 0 1 20 1  0
18.6673 3939722 242.057 8 0 0 16 3939571 3939871 13 0 1 20 1  0
10.4222 3936247 241.843 4 1 0.0197462 1 3936247 3936248 13 0 1 20 1  0
13.2107 4078654 250.592 2 2 0.0394922 1 3955925 3955928 13 0 1 20 1  0
12.2833 4184639 257.104 2 5 0.0987291 2 3953350 3953353 13 0 1 20 1  0
20.8763 4184141 257.074 4 10 0.197458 108 3953341 3953354 13 0 1 20 1  0
11.3108 4019298 246.946 2 8 0.157966 1 3953347 3953349 13 0 1 20 1  0
14.4788 4185727 257.171 5 25 0.493721 20 3953329 3953350 13 0 1 20 1  0
10.4108 4181203 256.893 11 103 2.04364 1 4181070 4181313 13 0 1 20 1  0
10.26 4016068 246.747 11 585 13.7041 3 4016003 4016132 13 0 1 20 1  0
10.3957 4129151 253.695 9 871 24.8328 8 4129142 4129225 13 0 1 20 1  0
10.681 4179308 256.777 10 1748 122.948 7 4179160 4179450 13 0 1 20 1  0
13.8939 4446456 273.19 3 2 0.0394922 2 4218293 4218297 13 0 1 20 1  0
0 4192256 257.572 1 0 0 4144 4205369 4205371 13 0 1 20 1  0
13.5321 4382763 269.277 2 0 0 1 4204316 4204319 13 0 1 20 1  0
10.1017 4198734 257.97 4 0 0 2 4198734 4198735 13 0 1 20 1  0
15.7006 4355039 267.574 3 0 0 1 4202720 4202724 13 0 1 20 1  0
17.3598 4429839 272.169 4 0 0 1 4204315 4204324 13 0 1 20 1  0
25.989 4335107 266.349 8 19 0.375194 3368 4244870 4244885 13 0 1 20 1  0
21.4758 4275395 262.68 5 8 0.157966 2901 4218297 4218304 13 0 1 20 1  0
10.1314 4208992 258.6 3 1 0.0197462 1 4208992 4208993 13 0 1 20 1  0
15.1721 4244774 260.799 3 4 0.0789836 10 4218290 4218296 13 0 1 20 1  0
11.6109 4222379 259.423 2 2 0.0394922 1 4222379 4222380 13 0 1 20 1  0
19.1407 4277159 262.789 4 9 0.177712 293 4218286 4218295 13 0 1 20 1  0
10.1744 4208005 258.54 4 2 0.0394922 1 4208005 4208006 13 0 1 20 1  0
10.1843 4212930 258.842 5 2 0.0394922 2 4212930 4212931 13 0 1 20 1  0
14.8103 4441391 272.879 3 3 0.059238 4 4218292 4218297 13 0 1 20 1  0
10.7359 4218288 259.172 2 10 0.197458 5 4218286 4218289 13 0 1 20 1  0
10.9635 4315391 265.138 2 12 0.236951 2 4277154 4277159 13 0 1 20 1  0
11.3131 4425156 271.882 11 3031 1198.59 2 4424539 4425751 13 0 1 20 1  0
10.3909 4740410 291.251 3 13 0.256698 11 4740410 4740411 13 0 1 20 1  0
18.8928 4972013 305.48 3 0 0 3 4731467 4731473 13 0 1 20 1  0
0 4716544 289.784 1 0 0 3303 4744895 4744903 13 0 1 20 1  0
21.889 4744914 291.527 6 1 0.0197462 224 4744872 4745005 13 0 1 20 1  0
21.2578 4928547 302.81 9 22 0.434452 982 4745076 4745126 13 0 1 20 1  0
10.5631 4751357 291.923 2 1 0.0197462 1 4751357 4751358 13 0 1 20 1  0
24.4021 4935351 303.228 6 5 0.0987291 235 4740431 4740446 13 0 1 20 1  0
10.597 4731468 290.701 4 2 0.0394922 6 4731468 4731469 13 0 1 20 1  0
10.4913 4718713 289.918 2 3 0.059238 5 4718713 4718714 13 0 1 20 1  0
10.681 4756904 292.264 2 4 0.0789836 2 4756904 4756905 13 0 1 20 1  0
14.6216 4933108 303.09 3 6 0.118475 2 4718710 4718713 13 0 1 20 1  0
20.2909 4749944 291.837 6 12 0.236951 84 4740424 4740435 13 0 1 20 1  0
17.4139 4924620 302.569 4 17 0.335692 47 4740407 4740412 13 0 1 20 1  0
11.811 4898760 300.98 2 11 0.217204 10 4749916 4749920 13 0 1 20 1  0
10.6748 4795785 294.653 3 23 0.454207 1 4795785 4795786 13 0 1 20 1  0
10.2189 5022632 308.59 8 0 0 1 5022632 5022633 13 0 1 20 1  0
10.0657 5123718 314.801 8 0 0 1 5123718 5123719 13 0 1 20 1  0
17.0855 4983404 306.18 3 0 0 3 4979487 4979496 13 0 1 20 1  0
0 4978688 305.891 1 0 0 1880 5008377 5008379 13 0 1 20 1  0
18.2753 5009967 307.812 4 0 0 4 4979485 4979498 13 0 1 20 1  0
16.8221 5134369 315.456 5 1 0.0197462 15 4979493 4979501 13 0 1 20 1  0
13.5752 5127303 315.021 7 1 0.0197462 2 4997266 4997351 13 0 1 20 1  0
16.7938 5119153 314.521 4 7 0.13822 18 4980911 4980919 13 0 1 20 1  0
16.6208 5128790 315.113 4 4 0.0789836 10 4980916 4980923 13 0 1 20 1  0
13.9276 5022633 308.591 3 1 0.0197462 1 4980919 4980921 13 0 1 20 1  0
12.1324 5022022 308.553 2 2 0.0394922 1 5022022 5022023 13 0 1 20 1  0
12.1913 5024642 308.714 2 2 0.0394922 1 5024641 5024643 13 0 1 20 1  0
15.75 5237994 321.822 3 3 0.059238 5 4980916 4980920 13 0 1 20 1  0
18.1464 5073022 311.686 5 23 0.454207 793 5018124 5018134 13 0 1 20 1  0
12.1144 4980905 306.027 3 17 0.335692 10 4980903 4980907 13 0 1 20 1  0
10.0484 4980193 305.983 4 5 0.0987291 1 4980193 4980194 13 0 1 20 1  0
12.0095 5087491 312.575 2 6 0.118475 5 4980912 4980915 13 0 1 20 1  0
17.1716 5078168 312.003 5 9 0.177712 151 4980918 4980924 13 0 1 20 1  0
10.0311 4997287 307.033 7 26 0.513479 3 4997287 4997288 13 0 1 20 1  0
10.1315 5018127 308.314 3 27 0.533239 1 5018127 5018128 13 0 1 20 1  0
0 4978688 305.891 10 2656 616.374 378 5077023 5078097 13 0 1 20 1  0
10.4375 5069065 311.443 2 2716 685.581 1 5069065 5069068 13 0 1 20 1  0
17.8705 5329557 327.448 7 8 0.157966 1293 5307393 5307401 13 0 1 20 1  0
11.9364 5328901 327.408 1 0 0 1 5247308 5247310 13 0 1 20 1  0
0 5240832 321.997 1 0 0 1544 5252285 5252287 13 0 1 20 1  0
14.0697 5252286 322.7 2 0 0 1 5247306 5247311 13 0 1 20 1  0
15.4367 5444653 334.519 3 0 0 1 5247306 5247314 13 0 1 20 1  0
16.0956 5312962 326.428 4 0 0 1 5247306 5247316 13 0 1 20 1  0
16.7996 5386395 330.94 5 1 0.0197462 260 5267743 5267748 13 0 1 20 1  0
10.3916 5247319 322.395 5 4 0.0789836 4 5247319 5247320 13 0 1 20 1  0
16.0893 5445053 334.544 4 3 0.059238 8 5247312 5247316 13 0 1 20 1  0
10.1455 5257828 323.041 5 1 0.0197462 1 5257828 5257829 13 0 1 20 1  0
12.9862 5441904 334.351 8 1 0.0197462 6 5323325 5323652 13 0 1 20 1  0
15.6 5331570 327.572 5 4 0.0789836 44 5275909 5275910 13 0 1 20 1  0
13.2892 5462485 335.615 3 2 0.0394922 2 5247310 5247312 13 0 1 20 1  0
10.7414 5318387 326.762 2 3 0.059238 1 5318387 5318388 13 0 1 20 1  0
11.6209 5409240 332.344 2 3 0.059238 3 5331557 5331558 13 0 1 20 1  0
16.7821 5339755 328.075 6 12 0.236951 110 5309245 5309261 13 0 1 20 1  0
10.3162 5246524 322.346 3 5 0.0987291 6 5246524 5246525 13 0 1 20 1  0
13.4295 5335077 327.787 3 4 0.0789836 1 5247308 5247311 13 0 1 20 1  0
13.91 5376757 330.348 3 5 0.0987291 1 5309237 5309242 13 0 1 20 1  0
15.4836 5309237 326.2 4 7 0.13822 24 5309233 5309244 13 0 1 20 1  0
16.382 5378832 330.475 5 8 0.157966 109 5309237 5309252 13 0 1 20 1  0
11.9528 5375001 330.24 9 37 0.730923 2 5323509 5323712 13 0 1 20 1  0
10.1646 5327506 327.322 6 28 0.553 1 5327506 5327507 13 0 1 20 1  0
11.1049 5416651 332.799 4 75 1.48449 32 5416649 5416653 13 0 1 20 1  0
0 5240832 321.997 10 377 7.99531 1 5329616 5329720 13 0 1 20 1  0
0 5240832 321.997 8 601 14.2098 1 5329113 5329218 13 0 1 20 1  0
12.1239 5240858 321.998 12 2662 622.968 6 5240832 5241846 13 0 1 20 1  0
34.2397 5692378 349.74 6 0 0 87 5506864 5507073 13 0 1 20 1  0
11.0151 5701574 350.305 8 0 0 1 5701574 5701575 13 0 1 20 1  0
10.0937 5504768 338.213 1 0 0 1 5504768 5504769 13 0 1 20 1  0
12.9955 5701575 350.305 1 0 0 1 5508402 5508403 13 0 1 20 1  0
16.1644 5505958 338.286 3 14 0.276446 48952 5505956 5505966 13 0 1 20 1  0
17.5266 5610427 344.705 3 2 0.0394922 6 5505970 5505974 13 0 1 20 1  0
41.5039 5666158 348.129 9 171 3.4246 17875 5665905 5674762 13 0 1 20 1  0
11.4337 5513394 338.743 2 1 0.0197462 1 5513394 5513395 13 0 1 20 1  0
14.4901 5683701 349.207 2 3 0.059238 2 5513391 5513392 13 0 1 20 1  0
19.389 5695084 349.906 3 5 0.0987291 15 5505965 5505971 13 0 1 20 1  0
16.838 5731308 352.132 5 5 0.0987291 1 5506539 5506543 13 0 1 20 1  0
19.9376 5566667 342.016 5 7 0.13822 7 5505962 5505983 13 0 1 20 1  0
20.2373 5721013 351.499 4 8 0.157966 3 5505960 5505974 13 0 1 20 1  0
24.4519 5682622 349.14 6 49 0.968414 73 5505940 5505967 13 0 1 20 1  0
16.1351 5679539 348.951 3 11 0.217204 2 5505958 5505968 13 0 1 20 1  0
11.7039 5680750 349.025 2 17 0.335692 2 5505956 5505960 13 0 1 20 1  0
11.5427 5595841 343.808 2 16 0.315943 2 5505954 5505960 13 0 1 20 1  0
20.7359 5697661 350.064 5 36 0.711146 69 5505939 5505958 13 0 1 20 1  0
11.4732 5743997 352.911 8 38 0.750701 1 5666082 5667346 13 0 1 20 1  0
13.9755 5687283 349.427 5 124 2.46611 1 5665958 5666244 13 0 1 20 1  0
12.113 5677773 348.842 5 684 17.0264 1 5669894 5669897 13 0 1 20 1  0
14.5578 5677086 348.8 5 904 26.4676 2 5665230 5665608 13 0 1 20 1  0
0 5502976 338.103 9 2717 686.798 6 5651646 5651668 13 0 1 20 1  0
11.8933 5624028 345.54 12 3223 1684.76 1 5621640 5635880 13 0 1 20 1  0
17.4259 6011255 369.331 5 1 0.0197462 63 5775352 5775358 13 0 1 20 1  0
10.9862 5778776 355.048 1 0 0 1 5778776 5778777 13 0 1 20 1  0
16.2283 6014815 369.55 2 0 0 2 5768033 5768034 13 0 1 20 1  0
0 5765120 354.209 1 0 0 2701 5779763 5779765 13 0 1 20 1  0
10.3983 5766874 354.317 2 0 0 1 5766874 5766875 13 0 1 20 1  0
19.264 5847948 359.298 4 8 0.157966 15 5775332 5775344 13 0 1 20 1  0
16.8422 5833519 358.411 4 0 0 1 5778772 5778787 13 0 1 20 1  0
16.3239 5917199 363.553 3 10 0.197458 7 5775331 5775338 13 0 1 20 1  0
16.6544 5775337 354.837 3 7 0.13822 10 5772750 5772753 13 0 1 20 1  0
12.1906 5996866 368.447 2 2 0.0394922 3 5775341 5775343 13 0 1 20 1  0
10.1901 5920610 363.762 1 2 0.0394922 1 5920610 5920611 13 0 1 20 1  0
20.1769 5846766 359.225 5 9 0.177712 77 5775338 5775350 13 0 1 20 1  0
11.238 5772758 354.678 4 4 0.0789836 13 5772758 5772759 13 0 1 20 1  0
17.3866 5952946 365.749 3 3 0.059238 12 5772753 5772757 13 0 1 20 1  0
10.1208 5782026 355.248 7 3 0.059238 1 5782026 5782027 13 0 1 20 1  0
18.8378 5777922 354.996 4 11 0.217204 48 5775329 5775340 13 0 1 20 1  0
18.8876 5923466 363.938 5 66 1.30557 696 5777876 5777893 13 0 1 20 1  0
11.3097 5843165 359.004 8 32 0.63206 11 5842195 5842196 13 0 1 20 1  0
10.0047 5845305 359.136 7 28 0.553 1 5845305 5845306 13 0 1 20 1  0
10.0128 5778870 355.054 8 32 0.63206 1 5778870 5778871 13 0 1 20 1  0
20.3044 6154195 378.114 8 0 0 311 6111341 6111588 13 0 1 20 1  0
11.7843 6154188 378.113 1 0 0 1 6027773 6027775 13 0 1 20 1  0
10.9693 6027774 370.346 3 1 0.0197462 2072 6027774 6027775 13 0 1 20 1  0
17.6748 6193421 380.524 5 5 0.0987291 7 6027776 6027779 13 0 1 20 1  0
17.8208 6055674 372.061 3 0 0 1 6027771 6027797 13 0 1 20 1  0
17.7221 6236678 383.181 4 0 0 2 6027770 6027794 13 0 1 20 1  0
18.69 6195370 380.644 5 1 0.0197462 2 6027772 6027792 13 0 1 20 1  0
16.0759 6241900 383.502 6 0 0 4 6115535 6115571 13 0 1 20 1  0
10.1673 6060549 372.36 2 1 0.0197462 1 6060549 6060550 13 0 1 20 1  0
10.6697 6196064 380.686 2 1 0.0197462 1 6148404 6148405 13 0 1 20 1  0
10.0344 6111452 375.488 8 1 0.0197462 1 6111452 6111453 13 0 1 20 1  0
10.015 6053743 371.942 2 2 0.0394922 1 6053743 6053744 13 0 1 20 1  0
19.4665 6070545 372.974 3 4 0.0789836 19 6041122 6041126 13 0 1 20 1  0
10.0075 6036396 370.876 3 2 0.0394922 1 6036396 6036397 13 0 1 20 1  0
19.2309 6243825 383.621 4 5 0.0987291 8 6041121 6041127 13 0 1 20 1  0
10.5021 6052114 371.842 2 3 0.059238 1 6052114 6052115 13 0 1 20 1  0
10.5082 6041121 371.166 2 6 0.118475 6 6041121 6041122 13 0 1 20 1  0
15.8349 6115546 375.739 6 5 0.0987291 88 6041146 6041154 13 0 1 20 1  0
20.3401 6113682 375.625 5 13 0.256698 237 6056346 6056362 13 0 1 20 1  0
11.4242 6125693 376.363 8 127 2.52672 11 6125639 6125720 13 0 1 20 1  0
11.2084 6240958 383.444 8 384 8.1657 3 6240887 6241001 13 0 1 20 1  0
12.2909 6106656 375.193 12 1637 100.882 13 6105054 6108014 13 0 1 20 1  0
10.3087 6434790 395.353 8 0 0 1 6434790 6434791 13 0 1 20 1  0
15.0813 6434789 395.353 2 0 0 3 6297361 6297365 13 0 1 20 1  0
0 6289408 386.421 1 0 0 1137 6342268 6342269 13 0 1 20 1  0
16.2311 6357981 390.634 3 0 0 1 6297361 6297366 13 0 1 20 1  0
17.4686 6523038 400.775 7 2 0.0394922 668 6364342 6364424 13 0 1 20 1  0
12.6692 6380480 392.017 2 3 0.059238 6 6380479 6380481 13 0 1 20 1  0
17.7011 6384430 392.259 4 2 0.0394922 30 6311035 6311039 13 0 1 20 1  0
10.3422 6308794 387.612 2 2 0.0394922 1 6308794 6308795 13 0 1 20 1  0
10.3068 6375749 391.726 3 2 0.0394922 1 6375749 6375750 13 0 1 20 1  0
16.0391 6488424 398.649 3 6 0.118475 10 6305477 6305480 13 0 1 20 1  0
10.3115 6322221 388.437 2 3 0.059238 1 6322221 6322222 13 0 1 20 1  0
10.7611 6305476 387.408 3 8 0.157966 4 6305476 6305477 13 0 1 20 1  0
16.8139 6529166 401.152 4 5 0.0987291 29 6311030 6311038 13 0 1 20 1  0
12.2193 6533097 401.393 2 4 0.0789836 2 6371800 6371802 13 0 1 20 1  0
17.4679 6440906 395.729 5 9 0.177712 120 6311019 6311037 13 0 1 20 1  0
10.5678 6383979 392.232 2 10 0.197458 3 6383979 6383982 13 0 1 20 1  0
10.2555 6311029 387.75 3 12 0.236951 5 6311029 6311030 13 0 1 20 1  0
10.7906 6379266 391.942 3 14 0.276446 1 6379266 6379267 13 0 1 20 1  0
11.2277 6516134 400.351 12 2202 275.464 1 6515190 6517238 13 0 1 20 1  0
19.6062 6608928 406.053 5 5 0.0987291 5 6568913 6568920 13 0 1 20 1  0
29.1992 6805683 418.141 7 0 0 49 6575889 6576003 13 0 1 20 1  0
0 6551552 402.527 1 0 0 44883 6668831 6668832 13 0 1 20 1  0
10.0629 6552661 402.595 2 0 0 1 6552661 6552662 13 0 1 20 1  0
10.0027 6575934 404.025 4 0 0 1 6575934 6575935 13 0 1 20 1  0
46.3655 6683837 410.655 9 157 3.13695 18066 6600699 6603217 13 0 1 20 1  0
18.5546 6602245 405.642 10 555 12.7852 99 6601477 6602999 13 0 1 20 1  0
10.9706 6742310 414.247 2 1 0.0197462 1 6742310 6742311 13 0 1 20 1  0
10.5275 6805456 418.127 2 1 0.0197462 1 6805456 6805457 13 0 1 20 1  0
12.351 6578180 404.163 2 9 0.177712 9 6568901 6568905 13 0 1 20 1  0
16.5777 6671655 409.906 3 5 0.0987291 8 6565363 6565367 13 0 1 20 1  0
14.1679 6639517 407.932 4 1 0.0197462 1 6578192 6578196 13 0 1 20 1  0
13.0267 6565364 403.376 2 5 0.0987291 9 6565363 6565366 13 0 1 20 1  0
17.6004 6804567 418.073 4 3 0.059238 2 6565370 6565373 13 0 1 20 1  0
17.1424 6800657 417.832 3 8 0.157966 9 6565361 6565365 13 0 1 20 1  0
22.9075 6693490 411.248 5 14 0.276446 120 6568904 6568913 13 0 1 20 1  0
11.1521 6568901 403.593 2 11 0.217204 6 6568901 6568902 13 0 1 20 1  0
16.7627 6801623 417.892 5 14 0.276446 1 6578176 6578193 13 0 1 20 1  0
10.0911 6606654 405.913 2 21 0.414699 1 6606654 6606655 13 0 1 20 1  0
10.7084 6590786 404.938 3 42 0.829836 10 6590786 6590787 13 0 1 20 1  0
18.6411 6608221 406.009 5 52 1.02784 126 6608207 6608244 13 0 1 20 1  0
10.1221 6629101 407.292 6 407 8.73453 13 6629101 6629102 13 0 1 20 1  0
10.5203 6685190 410.738 2 305 6.30938 1 6683634 6683641 13 0 1 20 1  0
11.9218 6689385 410.996 4 453 9.91668 2 6683731 6683763 13 0 1 20 1  0
10.6549 6805126 418.107 6 418 9.01165 2 6684954 6685305 13 0 1 20 1  0
10.0031 6600562 405.539 11 1172 43.6694 1 6600562 6600563 13 0 1 20 1  0
10.1316 6682344 410.563 4 1230 48.5426 3 6682344 6682345 13 0 1 20 1  0
10.2416 6681987 410.541 5 1264 51.6347 1 6681987 6681988 13 0 1 20 1  0
10.0985 6599853 405.495 6 1320 57.1424 13 6599853 6599854 13 0 1 20 1  0
10.036 6598843 405.433 7 1486 77.0189 4 6598843 6598844 13 0 1 20 1  0
10.0031 6595609 405.234 8 1892 158.845 1 6595609 6595610 13 0 1 20 1  0
15.567 6666726 409.604 12 2733 706.566 32 6663214 6671552 13 0 1 20 1  0
0 6551552 402.527 9 2713 681.943 4 6668147 6668576 13 0 1 20 1  0
15.4602 6860162 421.488 3 7 0.13822 27 6820685 6820690 13 0 1 20 1  0
10.0698 6821086 419.087 1 0 0 1 6821086 6821087 13 0 1 20 1  0
13.8835 6964435 427.895 2 0 0 2 6821085 6821087 13 0 1 20 1  0
0 6813696 418.633 1 0 0 2163 6860910 6860911 13 0 1 20 1  0
23.2625 6967679 428.094 10 79 1.56412 1188 6860245 6862389 13 0 1 20 1  0
10.0034 6820899 419.076 5 0 0 1 6820899 6820900 13 0 1 20 1  0
10.9412 6860149 421.488 1 1 0.0197462 3 6860149 6860150 13 0 1 20 1  0
10.9288 6817169 418.847 3 2 0.0394922 1 6817169 6817170 13 0 1 20 1  0
16.0424 6920424 425.191 3 5 0.0987291 5 6820686 6820691 13 0 1 20 1  0
14.7652 6966345 428.012 3 6 0.118475 5 6820686 6820690 13 0 1 20 1  0
11.2266 6820686 419.063 2 7 0.13822 5 6820686 6820687 13 0 1 20 1  0
17.561 6969455 428.203 4 7 0.13822 93 6820686 6820693 13 0 1 20 1  0
10.3495 6826245 419.404 2 9 0.177712 2 6826245 6826246 13 0 1 20 1  0
12.5565 6968665 428.155 4 59 1.16662 31 6967254 6967265 13 0 1 20 1  0
10.1488 6823198 419.217 6 12 0.236951 2 6823198 6823199 13 0 1 20 1  0
10.3146 6871210 422.167 4 31 0.612292 3 6871210 6871211 13 0 1 20 1  0
10.5123 6963330 427.827 9 1230 48.5426 5 6963175 6963361 13 0 1 20 1  0
10.3885 6832481 419.788 11 2950 1038.21 1 6832418 6832660 13 0 1 20 1  0
10.2799 7280723 447.328 8 0 0 1 7280723 7280724 13 0 1 20 1  0
10.8434 7095410 435.942 1 0 0 1 7095410 7095411 13 0 1 20 1  0
37.7893 7116741 437.253 9 78 1.54421 5074 7112894 7113088 13 0 1 20 1  0
0 7075840 434.74 1 0 0 2896 7116584 7116585 13 0 1 20 1  0
13.4069 7170426 440.551 2 4 0.0789836 7 7170425 7170428 13 0 1 20 1  0
11.1931 7078996 434.934 2 2 0.0394922 11 7078996 7078997 13 0 1 20 1  0
12.8185 7284861 447.582 2 3 0.059238 2 7170426 7170429 13 0 1 20 1  0
17.0613 7280725 447.328 4 3 0.059238 12 7078995 7079003 13 0 1 20 1  0
17.4662 7298428 448.415 4 8 0.157966 26 7078990 7078998 13 0 1 20 1  0
11.0923 7294293 448.161 2 10 0.197458 3 7280716 7280717 13 0 1 20 1  0
16.5384 7299906 448.506 4 12 0.236951 14 7078986 7078994 13 0 1 20 1  0
12.5698 7151181 439.369 3 36 0.711146 5 7116534 7116546 13 0 1 20 1  0
10.1163 7229790 444.198 9 179 3.58989 1 7116384 7116990 13 0 1 20 1  0
10.0947 7165768 440.265 12 1619 97.6934 1 7165604 7165858 13 0 1 20 1  0
10.4307 7500666 460.841 8 0 0 5 7500666 7500667 13 0 1 20 1  0
35.6752 7599627 466.921 8 6 0.118475 3003 7340924 7341102 13 0 1 20 1  0
10.5171 7338077 450.851 4 7 0.13822 3685 7338077 7338078 13 0 1 20 1  0
13.5987 7599674 466.924 1 0 0 1 7338085 7338086 13 0 1 20 1  0
18.827 7502498 460.953 3 0 0 1 7338057 7338130 13 0 1 20 1  0
20.5502 7340986 451.03 5 8 0.157966 245 7338067 7338086 13 0 1 20 1  0
14.5578 7556716 464.285 2 2 0.0394922 5 7340984 7340987 13 0 1 20 1  0
21.9973 7385785 453.783 8 6 0.118475 18 7337987 7338253 13 0 1 20 1  0
10.0402 7409008 455.209 8 199 4.00631 1 7409008 7409009 13 0 1 20 1  0
12.9587 7600020 466.945 12 2901 951.802 1 7598752 7600130 13 0 1 20 1  0
30.2101 8023443 492.96 8 19 0.375194 950 7928611 7928809 13 0 1 20 1  0
0 7862272 483.058 1 0 0 2218 7874009 7874010 13 0 1 20 1  0
10.7644 7870731 483.578 2 0 0 1 7870731 7870732 13 0 1 20 1  0
18.147 7945956 488.2 3 5 0.0987291 108 7867131 7867135 13 0 1 20 1  0
16.9115 7873655 483.757 4 7 0.13822 7 7867128 7867139 13 0 1 20 1  0
18.8964 8026074 493.122 4 2 0.0394922 17 7867137 7867144 13 0 1 20 1  0
11.1466 7867136 483.357 3 2 0.0394922 7 7867136 7867137 13 0 1 20 1  0
19.4051 7947518 488.296 5 3 0.059238 27 7867143 7867148 13 0 1 20 1  0
13.0145 7928856 487.149 9 5 0.0987291 63 7928578 7928934 13 0 1 20 1  0
11.6559 8084712 496.725 6 6 0.118475 1 7872032 7872036 13 0 1 20 1  0
15.413 7872003 483.656 3 12 0.236951 11 7867124 7867130 13 0 1 20 1  0
10.0933 7876138 483.91 5 30 0.592527 2 7876138 7876139 13 0 1 20 1  0
10.1606 8070820 495.871 3 35 0.691372 1 8070820 8070821 13 0 1 20 1  0
12.0542 8075190 496.14 8 1009 32.3015 130 8075102 8075263 13 0 1 20 1  0
11.1542 8074144 496.075 10 1502 79.2579 1 8073566 8074337 13 0 1 20 1  0
11.4315 8071778 495.93 11 1921 167.247 4 8071378 8072056 13 0 1 20 1  0
10.1857 8144505 500.398 4 4 0.0789836 9 8144505 8144506 13 0 1 20 1  0
11.5663 8176748 502.379 8 0 0 1 8159245 8159246 13 0 1 20 1  0
0 8124416 499.164 8 0 0 5193 8159356 8159357 13 0 1 20 1  0
22.3768 8159253 501.304 5 1 0.0197462 4 8143258 8143266 13 0 1 20 1  0
10.1685 8131492 499.599 2 0 0 1 8131492 8131493 13 0 1 20 1  0
17.9541 8176744 502.379 3 2 0.0394922 4 8148804 8148807 13 0 1 20 1  0
14.6769 8378472 514.773 2 0 0 1 8143483 8143484 13 0 1 20 1  0
20.628 8159356 501.311 3 0 0 1 8130521 8130524 13 0 1 20 1  0
10.0596 8143261 500.322 5 0 0 1 8143261 8143262 13 0 1 20 1  0
33.4529 8374690 514.541 8 12 0.236951 1319 8144388 8144954 13 0 1 20 1  0
18.7555 8343202 512.606 12 127 2.52672 503 8340228 8344688 13 0 1 20 1  0
12.3985 8178921 502.513 2 3 0.059238 2 8178921 8178923 13 0 1 20 1  0
10.0376 8230786 505.699 2 1 0.0197462 1 8230786 8230787 13 0 1 20 1  0
12.4537 8148802 500.662 2 4 0.0789836 6 8148801 8148804 13 0 1 20 1  0
15.5753 8237905 506.137 4 1 0.0197462 5 8150012 8150014 13 0 1 20 1  0
13.5568 8228577 505.564 2 2 0.0394922 1 8150006 8150007 13 0 1 20 1  0
10.2333 8135908 499.87 3 2 0.0394922 2 8135908 8135909 13 0 1 20 1  0
22.1524 8361391 513.724 4 6 0.118475 32 8148799 8148807 13 0 1 20 1  0
20.4639 8162284 501.491 5 10 0.197458 17 8154749 8154754 13 0 1 20 1  0
12.3213 8372766 514.423 2 6 0.118475 1 8148799 8148801 13 0 1 20 1  0
24.0287 8379297 514.824 4 11 0.217204 305 8148794 8148800 13 0 1 20 1  0
21.5392 8348219 512.915 6 12 0.236951 614 8154764 8154766 13 0 1 20 1  0
11.7538 8160563 501.385 7 144 2.87155 24 8160538 8160594 13 0 1 20 1  0
10.0029 8154766 501.029 6 10 0.197458 1 8154766 8154767 13 0 1 20 1  0
10.6256 8158549 501.261 3 31 0.612292 5 8158549 8158550 13 0 1 20 1  0
10.0038 8179836 502.569 8 244 4.96227 1 8179836 8179837 13 0 1 20 1  0
12.9421 8235404 505.983 10 932 27.9256 249 8235068 8235700 13 0 1 20 1  0
12.134 8179542 502.551 12 848 23.744 1 8178724 8180416 13 0 1 20 1  0
0 8124416 499.164 10 1292 54.3216 1 8339585 8340450 13 0 1 20 1  0
10.3003 8512554 523.011 8 0 0 1 8512554 8512555 13 0 1 20 1  0
10.1187 8614721 529.288 8 0 0 1 8572587 8572588 13 0 1 20 1  0
0 8386560 515.27 8 0 0 2654 8614721 8614722 13 0 1 20 1  0
10.0108 8412582 516.869 1 0 0 1 8412582 8412583 13 0 1 20 1  0
12.7986 8512554 523.011 1 0 0 2 8437302 8437303 13 0 1 20 1  0
18.4433 8614717 529.288 4 0 0 4 8390899 8390904 13 0 1 20 1  0
23.6204 8440879 518.608 7 0 0 27 8388942 8388993 13 0 1 20 1  0
24.1628 8548345 525.21 8 18 0.355443 689 8428746 8428751 13 0 1 20 1  0
12.5991 8608967 528.935 9 0 0 1 8440921 8441073 13 0 1 20 1  0
11.2499 8428643 517.856 4 2 0.0394922 4 8428643 8428644 13 0 1 20 1  0
20.7752 8550294 525.33 4 6 0.118475 49 8436680 8436692 13 0 1 20 1  0
10.6175 8433876 518.177 10 291 5.99429 11 8433786 8433931 13 0 1 20 1  0
10.8145 8436686 518.35 2 6 0.118475 13 8436686 8436687 13 0 1 20 1  0
14.5908 8456471 519.566 3 3 0.059238 2 8436686 8436692 13 0 1 20 1  0
16.0856 8467715 520.256 5 3 0.059238 1 8428648 8428652 13 0 1 20 1  0
13.9924 8462190 519.917 3 18 0.355443 20 8436674 8436678 13 0 1 20 1  0
22.3081 8441865 518.668 4 10 0.197458 242 8436676 8436688 13 0 1 20 1  0
10.0488 8409105 516.655 4 4 0.0789836 1 8409105 8409106 13 0 1 20 1  0
14.804 8598647 528.301 4 24 0.473963 17 8436668 8436673 13 0 1 20 1  0
10.1645 8439670 518.533 5 40 0.790264 3 8439670 8439671 13 0 1 20 1  0
10.6798 8531662 524.185 4 52 1.02784 6 8441829 8441839 13 0 1 20 1  0
10.5447 8609036 528.939 10 210 4.23743 7 8547935 8548088 13 0 1 20 1  0
10.7809 8433096 518.129 12 546 12.5167 1 8432878 8433546 13 0 1 20 1  0
10.4555 8567624 526.395 11 3170 1533.63 2 8567529 8567705 13 0 1 20 1  0
10.7225 8549394 525.275 12 3218 1669.89 4 8548510 8551004 13 0 1 20 1  0
10.1484 8648704 531.376 12 3244 1748.68 1 8648688 8648706 13 0 1 20 1  0
10.1927 8666504 532.47 1 0 0 1 8666504 8666505 13 0 1 20 1  0
20.0283 8785886 539.805 7 7 0.13822 10 8665357 8666875 13 0 1 20 1  0
0 8648704 531.376 1 0 0 4033 8778044 8778045 13 0 1 20 1  0
14.0052 8820950 541.959 2 0 0 1 8649605 8649609 13 0 1 20 1  0
16.5717 8823282 542.102 3 0 0 1 8649604 8649612 13 0 1 20 1  0
27.67 8666264 532.455 10 289 5.94958 7806 8665330 8667100 13 0 1 20 1  0
19.734 8738646 536.902 5 12 0.236951 76 8665347 8665462 13 0 1 20 1  0
10.6782 8649608 531.432 4 2 0.0394922 2 8649608 8649609 13 0 1 20 1  0
14.596 8717571 535.608 3 4 0.0789836 6 8712424 8712425 13 0 1 20 1  0
10.6362 8714482 535.418 2 4 0.0789836 3 8714482 8714483 13 0 1 20 1  0
11.1499 8667711 532.544 3 4 0.0789836 8 8667711 8667712 13 0 1 20 1  0
10.2273 8658720 531.992 4 3 0.059238 1 8658720 8658721 13 0 1 20 1  0
20.5476 8734802 536.666 6 6 0.118475 9 8665350 8665675 13 0 1 20 1  0
11.6351 8868870 544.903 2 5 0.0987291 1 8717569 8717572 13 0 1 20 1  0
10.6775 8759303 538.172 2 6 0.118475 1 8717569 8717571 13 0 1 20 1  0
10.3496 8731889 536.487 2 8 0.157966 1 8731889 8731890 13 0 1 20 1  0
0 8648704 531.376 9 1429 69.5342 7 8755674 8755703 13 0 1 20 1  0
11.2599 8755500 537.938 8 1448 71.9465 11 8755452 8755644 13 0 1 20 1  0
13.9764 8863504 544.574 12 2402 392.808 19 8747234 8749182 13 0 1 20 1  0
0 8648704 531.376 12 2402 392.808 11 8859854 8867436 13 0 1 20 1  0
12.2516 8749176 537.549 11 2417 403.401 15 8748112 8749780 13 0 1 20 1  0
10.2203 8846344 543.519 12 2973 1081.43 1 8845956 8846438 13 0 1 20 1  0
10.3886 8732200 536.506 12 3000 1134.47 1 8731956 8732568 13 0 1 20 1  0
10.717 9063163 556.841 8 0 0 1 9063163 9063164 13 0 1 20 1  0
10.1884 9094989 558.796 8 0 0 1 9094989 9094990 13 0 1 20 1  0
0 8910848 547.482 8 0 0 3808 9133533 9133534 13 0 1 20 1  0
10.3502 8933137 548.852 1 0 0 1 8933137 8933138 13 0 1 20 1  0
18.5113 9133535 561.164 3 0 0 3 8915938 8915940 13 0 1 20 1  0
16.0486 9156206 562.557 3 0 0 1 8917792 8917798 13 0 1 20 1  0
24.2604 8954879 550.188 5 9 0.177712 1606 8951030 8951047 13 0 1 20 1  0
24.7542 9002273 553.1 8 2 0.0394922 259 8917699 8917989 13 0 1 20 1  0
13.8755 8987553 552.195 3 7 0.13822 5 8954871 8954880 13 0 1 20 1  0
11.7324 9003495 553.175 3 1 0.0197462 1 9003494 9003496 13 0 1 20 1  0
10.2914 8919665 548.024 4 1 0.0197462 1 8919665 8919666 13 0 1 20 1  0
10.6125 8975711 551.468 2 2 0.0394922 1 8975711 8975712 13 0 1 20 1  0
11.3255 9116602 560.124 2 2 0.0394922 3 9116602 9116604 13 0 1 20 1  0
11.9044 9119008 560.272 3 4 0.0789836 3 8954875 8954879 13 0 1 20 1  0
10.0749 9070711 557.304 2 4 0.0789836 1 9070711 9070712 13 0 1 20 1  0
15.9006 8951045 549.952 7 9 0.177712 1 8917780 8917918 13 0 1 20 1  0
17.9887 8917778 547.908 8 73 1.4447 566 8917689 8917907 13 0 1 20 1  0
10.5443 9025494 554.526 9 217 4.38533 1 8950787 8951095 13 0 1 20 1  0
12.0632 9083944 558.117 7 318 6.60542 58 8917563 8917584 13 0 1 20 1  0
10.3414 9083779 558.107 6 572 13.3013 1 9083772 9083788 13 0 1 20 1  0
11.2211 8950027 549.89 8 1085 37.2117 11 8949970 8950117 13 0 1 20 1  0
10.6607 9137357 561.399 9 1763 126.276 6 9137298 9137802 13 0 1 20 1  0
85.4257 9172992 563.589 12 2037 205.52 3923 9168174 9172994 13 0 1 20 1  0
0 8910848 547.482 7 1920 166.95 325 9172774 9172993 13 0 1 20 1  0
0 8910848 547.482 12 2394 387.273 107 9168776 9172920 13 0 1 20 1  0
10.9454 9128022 560.826 10 2431 413.545 1 9127616 9128160 13 0 1 20 1  0
10.315 9470025 581.838 8 0 0 1 9470025 9470026 13 0 1 20 1  0
11.4605 9655424 593.229 8 0 0 1 9565026 9565027 13 0 1 20 1  0
11.5002 9435136 579.695 6 5 0.0987291 5510 9435136 9435137 13 0 1 20 1  0
10.0092 9468842 581.766 1 0 0 1 9468842 9468843 13 0 1 20 1  0
22.6239 9659634 593.488 4 0 0 34 9445284 9445286 13 0 1 20 1  0
29.615 9565084 587.679 8 0 0 2326 9464434 9464474 13 0 1 20 1  0
21.0858 9654637 593.181 4 3 0.059238 36 9437503 9437507 13 0 1 20 1  0
10.5774 9508021 584.173 3 1 0.0197462 1 9508021 9508022 13 0 1 20 1  0
11.7919 9655427 593.229 2 3 0.059238 2 9437499 9437501 13 0 1 20 1  0
10.7673 9437501 579.84 2 2 0.0394922 4 9437501 9437502 13 0 1 20 1  0
11.735 9655144 593.212 2 2 0.0394922 1 9497291 9497292 13 0 1 20 1  0
11.1124 9447362 580.446 5 3 0.059238 1 9447362 9447363 13 0 1 20 1  0
24.746 9673432 594.336 5 26 0.513479 638 9494663 9494687 13 0 1 20 1  0
11.5243 9583930 588.837 2 4 0.0789836 1 9437498 9437501 13 0 1 20 1  0
16.143 9497287 583.513 4 43 0.849625 58 9494655 9494668 13 0 1 20 1  0
16.6997 9570739 588.026 3 14 0.276446 22 9497306 9497309 13 0 1 20 1  0
10.0116 9464410 581.493 7 11 0.217204 2 9464410 9464411 13 0 1 20 1  0
11.0416 9494606 583.349 5 148 2.95305 37 9494599 9494613 13 0 1 20 1  0
13.0077 9652524 593.051 12 155 3.09602 3 9566706 9573544 13 0 1 20 1  0
10.1361 9701017 596.03 8 0 0 7194 9701017 9701018 13 0 1 20 1  0
20.0998 9750538 599.073 9 18 0.355443 40 9744635 9746339 13 0 1 20 1  0
13.7564 9750319 599.06 1 0 0 1 9701017 9701019 13 0 1 20 1  0
27.7441 9840689 604.612 7 3 0.059238 4654 9719409 9719420 13 0 1 20 1  0
10.255 9744518 598.703 8 7 0.13822 18 9744518 9744519 13 0 1 20 1  0
10.1622 9720746 597.243 2 1 0.0197462 1 9720746 9720747 13 0 1 20 1  0
11.1115 9810856 602.779 2 1 0.0197462 1 9752259 9752260 13 0 1 20 1  0
10.3205 9704621 596.252 3 1 0.0197462 1 9704621 9704622 13 0 1 20 1  0
20.1658 9943872 610.951 4 3 0.059238 48 9701023 9701025 13 0 1 20 1  0
21.9118 9941979 610.835 8 1 0.0197462 8 9746093 9746317 13 0 1 20 1  0
17.4544 9703305 596.171 3 10 0.197458 24 9703303 9703309 13 0 1 20 1  0
10.992 9701018 596.031 3 7 0.13822 6 9701018 9701019 13 0 1 20 1  0
17.0477 9844381 604.839 5 12 0.236951 11 9703306 9703319 13 0 1 20 1  0
16.4398 9844577 604.851 5 13 0.256698 14 9703306 9703319 13 0 1 20 1  0
10.2406 9722235 597.334 6 16 0.315943 1 9722235 9722236 13 0 1 20 1  0
10.2683 9769723 600.252 4 45 0.889211 1 9769723 9769724 13 0 1 20 1  0
10.046 9746328 598.814 9 70 1.38505 4 9746328 9746329 13 0 1 20 1  0
10.5962 9844114 604.822 5 169 3.38338 2 9840588 9840613 13 0 1 20 1  0
10.3347 9843698 604.797 6 321 6.67423 3 9840444 9840452 13 0 1 20 1  0
10.84 9749849 599.031 9 585 13.7041 1 9749790 9749955 13 0 1 20 1  0
0 9697280 595.801 10 1661 105.294 1 9958058 9958260 13 0 1 20 1  0
17.9928 9959424 611.907 12 2247 298.364 224 9958338 9959426 13 0 1 20 1  0
10.9626 9836324 604.344 12 2192 270.619 1 9835314 9837202 13 0 1 20 1  0
12.438 9894842 607.939 12 2628 586.513 2 9892750 9896604 13 0 1 20 1  0
12.5086 9947142 611.152 12 2908 963.691 4 9848160 9848984 13 0 1 20 1  0
11.8392 9861820 605.91 12 2839 852.698 2 9859230 9863068 13 0 1 20 1  0
0 9697280 595.801 12 2908 963.691 1 9945004 9948900 13 0 1 20 1  0
11.3283 9959412 611.906 12 3156 1496.02 3 9958128 9959426 13 0 1 20 1  0
17.0286 9977704 613.03 3 9 0.177712 25 9977701 9977710 13 0 1 20 1  0
10.0758 10077105 619.137 8 0 0 1 10077105 10077106 13 0 1 20 1  0
10.5365 9965869 612.303 1 0 0 1 9965869 9965870 13 0 1 20 1  0
11.8409 10128763 622.311 1 0 0 1 9977689 9977691 13 0 1 20 1  0
12.5153 9960660 611.983 7 173 3.46586 1371 9960631 9960702 13 0 1 20 1  0
16.2396 9983452 613.383 3 0 0 4 9965864 9965873 13 0 1 20 1  0
18.9948 10025582 615.972 8 16 0.315943 651 9972585 9972777 13 0 1 20 1  0
16.7429 10084432 619.587 3 4 0.0789836 9 9977709 9977714 13 0 1 20 1  0
12.2407 10150009 623.617 2 3 0.059238 3 10073368 10073370 13 0 1 20 1  0
12.4826 10171961 624.965 4 1 0.0197462 1 9983449 9983458 13 0 1 20 1  0
10.7172 10060845 618.138 2 2 0.0394922 2 10060845 10060846 13 0 1 20 1  0
12.8665 10073369 618.908 2 2 0.0394922 1 10073369 10073371 13 0 1 20 1  0
22.8487 10029053 616.185 5 9 0.177712 455 9977695 9977720 13 0 1 20 1  0
10.8187 9967678 612.414 3 3 0.059238 2 9967678 9967679 13 0 1 20 1  0
10.488 9972669 612.721 5 5 0.0987291 3 9972669 9972670 13 0 1 20 1  0
11.0244 9968962 612.493 7 556 12.8152 12 9968917 9968979 13 0 1 20 1  0
10.5716 9969938 612.553 7 884 25.4663 2 9969916 9969963 13 0 1 20 1  0
18.3867 9959438 611.908 12 2494 462.441 47 9959424 9961682 13 0 1 20 1  0
10.2748 10206750 627.103 12 2853 874.133 1 10206194 10206852 13 0 1 20 1  0
11.2835 10221568 628.013 12 2878 913.761 2 10220792 10221570 13 0 1 20 1  0
10.0555 10540352 647.599 8 0 0 1 10540352 10540353 13 0 1 20 1  0
10.1263 10567568 649.271 8 0 0 1 10567568 10567569 13 0 1 20 1  0
10.3456 10511997 645.857 1 0 0 1 10511997 10511998 13 0 1 20 1  0
24.6612 10728996 659.19 4 3 0.059238 68 10488105 10488108 13 0 1 20 1  0
0 10483712 644.119 1 0 0 4678 10540352 10540353 13 0 1 20 1  0
10.1182 10484687 644.179 2 0 0 1 10484687 10484688 13 0 1 20 1  0
21.7243 10554237 648.452 4 0 0 1 10486099 10486107 13 0 1 20 1  0
23.327 10636451 653.504 5 0 0 16 10488094 10488172 13 0 1 20 1  0
25.4381 10594553 650.929 7 12 0.236951 1633 10488081 10488188 13 0 1 20 1  0
17.0902 10553178 648.387 9 0 0 351 10512113 10512179 13 0 1 20 1  0
11.1972 10492351 644.65 2 1 0.0197462 2 10492351 10492352 13 0 1 20 1  0
14.7773 10513946 645.977 2 2 0.0394922 6 10493966 10493968 13 0 1 20 1  0
10.1112 10490380 644.529 3 4 0.0789836 2 10490380 10490381 13 0 1 20 1  0
18.1278 10658151 654.837 7 5 0.0987291 21 10491015 10491112 13 0 1 20 1  0
10.444 10493964 644.749 2 6 0.118475 2 10493964 10493965 13 0 1 20 1  0
14.8886 10690915 656.85 3 15 0.296194 13 10491039 10491046 13 0 1 20 1  0
10.2106 10489937 644.502 4 9 0.177712 2 10489937 10489938 13 0 1 20 1  0
17.6578 10666610 655.357 4 16 0.315943 70 10491037 10491050 13 0 1 20 1  0
10.113 10492987 644.689 7 55 1.0873 6 10492987 10492988 13 0 1 20 1  0
10.6123 10491027 644.569 3 30 0.592527 5 10491027 10491028 13 0 1 20 1  0
20.136 10667756 655.427 12 2094 227.41 851 10644476 10646252 13 0 1 20 1  0
0 10483712 644.119 12 1520 81.8532 2 10671202 10672974 13 0 1 20 1  0
0 10483712 644.119 11 1856 148.997 57 10668608 10670894 13 0 1 20 1  0
12.7369 10653410 654.545 11 1890 158.281 7 10652533 10654949 13 0 1 20 1  0
12.2619 10651394 654.422 11 2922 987.917 4 10650816 10652856 13 0 1 20 1  0
11.0486 10767595 661.561 8 0 0 11 10767595 10767596 13 0 1 20 1  0
10.5134 10911239 670.386 8 0 0 1 10875729 10875730 13 0 1 20 1  0
0 10745856 660.225 8 0 0 3750 10888941 10888942 13 0 1 20 1  0
13.4408 10875730 668.205 1 0 0 1 10751155 10751157 13 0 1 20 1  0
11.4116 10749284 660.436 2 0 0 1 10749284 10749285 13 0 1 20 1  0
35.7243 10889548 669.054 7 3 0.059238 2587 10751198 10751201 13 0 1 20 1  0
16.3745 10752853 660.655 3 5 0.0987291 14 10752851 10752857 13 0 1 20 1  0
10.1669 10977788 674.475 2 1 0.0197462 1 10977788 10977789 13 0 1 20 1  0
12.2829 10768052 661.589 2 3 0.059238 2 10752854 10752857 13 0 1 20 1  0
21.098 10891706 669.186 4 8 0.157966 46 10752848 10752858 13 0 1 20 1  0
10.3662 10749386 660.442 6 4 0.0789836 1 10749386 10749387 13 0 1 20 1  0
23.7104 10937441 671.996 6 4 0.0789836 2 10752856 10752886 13 0 1 20 1  0
10.1401 10754098 660.732 7 5 0.0987291 2 10754098 10754099 13 0 1 20 1  0
15.3367 10769276 661.664 3 6 0.118475 11 10752850 10752856 13 0 1 20 1  0
10.0386 10975349 674.325 9 6 0.118475 1 10886759 10889787 13 0 1 20 1  0
10.1584 10799754 663.537 2 13 0.256698 2 10799754 10799755 13 0 1 20 1  0
10.0783 10805112 663.866 4 27 0.533239 1 10805112 10805113 13 0 1 20 1  0
11.6284 10885604 668.811 12 1567 89.0299 4 10885020 10886504 13 0 1 20 1  0
10.3755 11082774 680.926 8 0 0 1 11082774 11082775 13 0 1 20 1  0
10.5427 11165590 686.014 8 0 0 1 11083542 11083543 13 0 1 20 1  0
0 11008000 676.331 8 0 0 3249 11165590 11165591 13 0 1 20 1  0
13.9536 11023789 677.302 2 2 0.0394922 15 11023788 11023791 13 0 1 20 1  0
13.6922 11165591 686.014 1 0 0 1 11046921 11046922 13 0 1 20 1  0
16.415 11220258 689.373 2 0 0 33 11008383 11008388 13 0 1 20 1  0
19.4284 11249415 691.164 3 0 0 16 11008383 11008392 13 0 1 20 1  0
19.7976 11120738 683.258 4 0 0 2 11008384 11008394 13 0 1 20 1  0
18.6736 11259564 691.788 5 0 0 26 11018071 11018101 13 0 1 20 1  0
19.6884 11159876 685.663 7 10 0.197458 443 11018069 11018139 13 0 1 20 1  0
20.415 11107913 682.47 9 23 0.454207 830 11018110 11018319 13 0 1 20 1  0
11.1756 11221621 689.456 1 1 0.0197462 1 11221621 11221622 13 0 1 20 1  0
12.2156 11079459 680.722 2 1 0.0197462 9 11078187 11078188 13 0 1 20 1  0
10.437 11018084 676.951 5 2 0.0394922 2 11018084 11018085 13 0 1 20 1  0
16.0118 11247207 691.028 6 3 0.059238 4 11068809 11068812 13 0 1 20 1  0
17.6455 11119569 683.186 8 43 0.849625 247 11079481 11079544 13 0 1 20 1  0
10.208 11068806 680.067 6 6 0.118475 2 11068806 11068807 13 0 1 20 1  0
10.0336 11023121 677.261 5 6 0.118475 1 11023121 11023122 13 0 1 20 1  0
12.131 11168464 686.19 5 13 0.256698 9 11023789 11023792 13 0 1 20 1  0
16.5599 11170994 686.346 9 38 0.750701 49 11079653 11079675 13 0 1 20 1  0
10.0303 11018224 676.96 9 43 0.849625 1 11018224 11018225 13 0 1 20 1  0
10.0248 11022792 677.24 9 669 16.4919 2 11022792 11022793 13 0 1 20 1  0
10.4211 11118799 683.139 9 884 25.4663 3 11118776 11118875 13 0 1 20 1  0
11.2386 11117430 683.055 10 1432 69.9098 5 11101311 11101880 13 0 1 20 1  0
11.0928 11154500 685.332 12 2096 228.219 1 11152178 11155292 13 0 1 20 1  0
10.2875 11282877 693.22 8 0 0 1 11282877 11282878 13 0 1 20 1  0
29.3826 11443784 703.106 5 0 0 8 11319112 11319267 13 0 1 20 1  0
0 11270144 692.438 8 0 0 5367 11427137 11427138 13 0 1 20 1  0
13.1763 11282878 693.22 1 0 0 4 11282877 11282880 13 0 1 20 1  0
11.2404 11270769 692.476 2 0 0 1 11270769 11270770 13 0 1 20 1  0
27.1478 11427135 702.083 7 4 0.0789836 14 11319121 11319269 13 0 1 20 1  0
31.5656 11471189 704.79 9 96 1.90345 10471 11397722 11398909 13 0 1 20 1  0
13.0073 11445664 703.222 3 1 0.0197462 1 11341241 11341246 13 0 1 20 1  0
10.257 11292420 693.806 4 1 0.0197462 1 11292420 11292421 13 0 1 20 1  0
10.0172 11474835 705.014 1 2 0.0394922 1 11474835 11474836 13 0 1 20 1  0
11.6478 11330410 696.14 4 2 0.0394922 2 11330410 11330411 13 0 1 20 1  0
14.6597 11429128 702.206 3 2 0.0394922 1 11282879 11282881 13 0 1 20 1  0
12.3126 11468394 704.618 2 4 0.0789836 2 11341237 11341239 13 0 1 20 1  0
17.4914 11341232 696.805 3 10 0.197458 16 11341229 11341237 13 0 1 20 1  0
22.1483 11404443 700.689 4 8 0.157966 37 11341230 11341242 13 0 1 20 1  0
26.0989 11402008 700.539 7 29 0.572762 516 11319148 11319173 13 0 1 20 1  0
10.047 11319150 695.449 7 25 0.493721 3 11319150 11319151 13 0 1 20 1  0
10.0351 11434178 702.516 8 315 6.5368 5 11434178 11434179 13 0 1 20 1  0
10.7643 11452064 703.615 12 2747 724.33 1 11451042 11452426 13 0 1 20 1  0
10.2777 11607854 713.187 8 0 0 1 11607854 11607855 13 0 1 20 1  0
10.932 11681744 717.726 8 0 0 1 11681744 11681745 13 0 1 20 1  0
15.6578 11681743 717.726 2 0 0 4 11545410 11545418 13 0 1 20 1  0
0 11532288 708.544 1 0 0 2400 11592636 11592637 13 0 1 20 1  0
10.098 11539555 708.99 3 0 0 1 11539555 11539556 13 0 1 20 1  0
18.7581 11749220 721.872 5 3 0.059238 21 11539018 11539021 13 0 1 20 1  0
20.5376 11693378 718.441 5 0 0 237 11545404 11545428 13 0 1 20 1  0
22.4248 11588390 711.991 8 0 0 1887 11588232 11588605 13 0 1 20 1  0
10.4003 11545415 709.35 4 1 0.0197462 1 11545415 11545416 13 0 1 20 1  0
11.9002 11606996 713.134 2 2 0.0394922 1 11606996 11606997 13 0 1 20 1  0
10.3315 11591346 712.172 5 34 0.671599 10 11591346 11591347 13 0 1 20 1  0
20.4475 11592864 712.266 5 9 0.177712 200 11539006 11539016 13 0 1 20 1  0
10.5075 11539000 708.956 2 10 0.197458 4 11539000 11539001 13 0 1 20 1  0
11.0801 11668592 716.918 2 10 0.197458 2 11592854 11592858 13 0 1 20 1  0
10.9613 11773430 723.359 12 22 0.434452 2 11772892 11774070 13 0 1 20 1  0
10.0115 11539040 708.959 7 28 0.553 2 11539040 11539041 13 0 1 20 1  0
10.1129 11591878 712.205 4 39 0.770481 2 11591878 11591879 13 0 1 20 1  0
10.0439 11773230 723.347 12 633 15.2561 1 11773222 11773310 13 0 1 20 1  0
13.4109 11772452 723.299 12 873 24.9294 1 11592372 11593030 13 0 1 20 1  0
0 11532288 708.544 12 873 24.9294 2 11723134 11725950 13 0 1 20 1  0
11.5895 11724192 720.334 12 1178 44.1512 4 11721990 11724776 13 0 1 20 1  0
10.1944 11794320 724.643 12 961 29.5083 1 11794188 11794434 13 0 1 20 1  0
15.9493 11861021 728.741 3 4 0.0789836 24 11846752 11846755 13 0 1 20 1  0
10.7388 11895507 730.86 8 0 0 1 11861229 11861230 13 0 1 20 1  0
0 11794432 724.65 8 0 0 5078 11895507 11895508 13 0 1 20 1  0
10.6765 11846752 727.864 2 4 0.0789836 7 11846752 11846753 13 0 1 20 1  0
12.7559 11862849 728.853 1 0 0 1 11860613 11860614 13 0 1 20 1  0
19.2763 11861701 728.783 3 0 0 2 11796012 11796025 13 0 1 20 1  0
20.7856 11861226 728.754 4 0 0 2 11796012 11796024 13 0 1 20 1  0
23.8727 11969717 735.419 7 10 0.197458 1287 11798079 11798086 13 0 1 20 1  0
19.417 11844158 727.705 8 14 0.276446 873 11843883 11844336 13 0 1 20 1  0
16.69 11848608 727.978 3 5 0.0987291 7 11840288 11840290 13 0 1 20 1  0
20.5196 11847511 727.911 5 9 0.177712 215 11844114 11844118 13 0 1 20 1  0
10.8025 11840288 727.467 3 6 0.118475 6 11840288 11840289 13 0 1 20 1  0
12.5938 11931346 733.062 2 3 0.059238 1 11861021 11861023 13 0 1 20 1  0
11.3757 11990853 736.718 2 8 0.157966 1 11848603 11848607 13 0 1 20 1  0
12.9674 12000718 737.324 6 9 0.177712 1 11846774 11846780 13 0 1 20 1  0
14.7329 11983310 736.255 3 16 0.315943 5 11847491 11847503 13 0 1 20 1  0
10.3251 11859990 728.678 12 96 1.90345 3 11859474 11860128 13 0 1 20 1  0
11.0662 11959443 734.788 7 528 11.9892 13 11843751 11843753 13 0 1 20 1  0
11.9969 11996070 737.039 8 502 11.2486 7 11843714 11843853 13 0 1 20 1  0
10.6632 11839378 727.411 12 2017 198.348 1 11838446 11839556 13 0 1 20 1  0
18.5544 12222584 750.956 9 13 0.256698 214 12189429 12189850 13 0 1 20 1  0
10.0772 12239718 752.008 8 0 0 1 12239718 12239719 13 0 1 20 1  0
10.4595 12077447 742.038 1 0 0 1 12077447 12077448 13 0 1 20 1  0
12.8094 12222441 750.947 1 0 0 1 12088562 12088569 13 0 1 20 1  0
0 12056576 740.756 1 0 0 1471 12126090 12126091 13 0 1 20 1  0
16.1184 12239717 752.008 2 0 0 1 12074987 12074992 13 0 1 20 1  0
10.749 12061989 741.089 3 0 0 1 12061989 12061990 13 0 1 20 1  0
19.4208 12088568 742.722 4 0 0 2 12061990 12061995 13 0 1 20 1  0
22.9751 12189642 748.932 7 2 0.0394922 354 12093974 12093976 13 0 1 20 1  0
19.6416 12221908 750.914 4 7 0.13822 36 12093913 12093915 13 0 1 20 1  0
13.8189 12283506 754.699 2 2 0.0394922 2 12093913 12093915 13 0 1 20 1  0
10.8208 12074987 741.887 3 1 0.0197462 1 12074987 12074988 13 0 1 20 1  0
12.2949 12093911 743.05 2 5 0.0987291 5 12093911 12093912 13 0 1 20 1  0
11.3381 12090003 742.81 3 3 0.059238 5 12090003 12090004 13 0 1 20 1  0
20.7184 12194269 749.216 4 5 0.0987291 56 12088562 12088566 13 0 1 20 1  0
10.1145 12060779 741.014 6 2 0.0394922 1 12060779 12060780 13 0 1 20 1  0
13.3197 12170658 747.765 2 6 0.118475 16 12170657 12170661 13 0 1 20 1  0
15.5068 12211813 750.294 6 16 0.315943 62 12151327 12151340 13 0 1 20 1  0
10.1569 12151313 746.577 4 21 0.414699 5 12151313 12151314 13 0 1 20 1  0
10.229 12387115 761.064 8 0 0 1 12387115 12387116 13 0 1 20 1  0
10.0839 12497022 767.817 8 0 0 1 12497022 12497023 13 0 1 20 1  0
10.4308 12324953 757.245 1 0 0 1 12324953 12324954 13 0 1 20 1  0
13.8219 12528959 769.779 2 0 0 2 12327457 12327464 13 0 1 20 1  0
0 12318720 756.862 1 0 0 3063 12327459 12327460 13 0 1 20 1  0
17.1396 12496622 767.792 3 0 0 1 12327457 12327468 13 0 1 20 1  0
24.7925 12346710 758.582 8 16 0.315943 4026 12346486 12347607 13 0 1 20 1  0
11.1009 12387115 761.064 2 1 0.0197462 2 12387115 12387116 13 0 1 20 1  0
17.1613 12497775 767.863 4 2 0.0394922 16 12327457 12327460 13 0 1 20 1  0
12.7626 12327455 757.399 3 1 0.0197462 2 12327455 12327456 13 0 1 20 1  0
13.3166 12344224 758.429 3 7 0.13822 12 12344223 12344227 13 0 1 20 1  0
10.7413 12323511 757.156 3 3 0.059238 2 12323511 12323512 13 0 1 20 1  0
19.3364 12411367 762.554 7 19 0.375194 277 12346555 12346834 13 0 1 20 1  0
11.3725 12529914 769.838 2 3 0.059238 1 12489948 12489950 13 0 1 20 1  0
14.1992 12498600 767.914 3 3 0.059238 3 12338925 12338926 13 0 1 20 1  0
19.4319 12446797 764.731 5 14 0.276446 174 12411329 12411338 13 0 1 20 1  0
10.6686 12338923 758.103 3 4 0.0789836 4 12338923 12338924 13 0 1 20 1  0
10.2455 12499132 767.947 2 6 0.118475 1 12499132 12499133 13 0 1 20 1  0
13.7109 12548640 770.988 3 6 0.118475 8 12344224 12344228 13 0 1 20 1  0
10.5184 12574157 772.556 6 7 0.13822 1 12346551 12346832 13 0 1 20 1  0
12.9654 12560366 771.709 3 12 0.236951 1 12344220 12344223 13 0 1 20 1  0
10.3494 12414359 762.738 3 28 0.553 10 12414359 12414360 13 0 1 20 1  0
12.8187 12408046 762.35 12 179 3.58989 8 12348338 12348446 13 0 1 20 1  0
11.5517 12636117 776.363 8 0 0 24 12636117 12636118 13 0 1 20 1  0
12.8713 12655280 777.54 8 0 0 1 12638052 12638053 13 0 1 20 1  0
0 12580864 772.968 8 0 0 13096 12649737 12649738 13 0 1 20 1  0
10.4911 12616434 775.154 1 0 0 1 12616434 12616435 13 0 1 20 1  0
15.2128 12689993 779.673 1 0 0 1 12632008 12632010 13 0 1 20 1  0
55.5739 12689737 779.657 11 924 27.5022 17821 12688523 12691593 13 0 1 20 1  0
10.8753 12634849 776.285 3 11 0.217204 10 12634849 12634850 13 0 1 20 1  0
16.6385 12798885 786.363 4 4 0.0789836 31 12634855 12634861 13 0 1 20 1  0
16.9342 12636367 776.378 4 8 0.157966 13 12634849 12634858 13 0 1 20 1  0
10.6564 12614655 775.044 4 1 0.0197462 1 12614655 12614656 13 0 1 20 1  0
20.1192 12638047 776.482 4 1 0.0197462 3 12616431 12616440 13 0 1 20 1  0
10.3838 12695693 780.023 2 2 0.0394922 1 12695693 12695694 13 0 1 20 1  0
14.1889 12706121 780.664 2 3 0.059238 1 12696600 12696602 13 0 1 20 1  0
10.581 12696600 780.079 2 4 0.0789836 3 12696600 12696601 13 0 1 20 1  0
12.7023 12801490 786.523 2 7 0.13822 2 12696598 12696600 13 0 1 20 1  0
16.8291 12700486 780.318 4 6 0.118475 18 12634853 12634860 13 0 1 20 1  0
10.641 12696211 780.055 2 12 0.236951 2 12696211 12696212 13 0 1 20 1  0
15.4458 12701468 780.378 5 16 0.315943 5 12634837 12634848 13 0 1 20 1  0
12.981 12647689 777.074 4 21 0.414699 22 12636352 12636362 13 0 1 20 1  0
11.2409 12645698 776.952 4 54 1.06748 18 12645696 12645703 13 0 1 20 1  0
0 12580864 772.968 12 1476 75.6511 3 12836778 12836784 13 0 1 20 1  0
20.8533 12922184 793.939 3 0 0 3 12845417 12845423 13 0 1 20 1  0
10.1169 12843858 789.127 6 3 0.059238 1660 12843858 12843859 13 0 1 20 1  0
16.2595 13009594 799.309 4 0 0 2 12845418 12845420 13 0 1 20 1  0
22.927 12859422 790.083 8 39 0.770481 3833 12859212 12859593 13 0 1 20 1  0
13.7469 12909657 793.169 3 2 0.0394922 4 12865106 12865108 13 0 1 20 1  0
14.6425 12949848 795.639 4 1 0.0197462 2 12859301 12859479 13 0 1 20 1  0
10.2228 12879465 791.314 2 2 0.0394922 1 12879465 12879466 13 0 1 20 1  0
12.9446 12923224 794.003 2 4 0.0789836 6 12923223 12923226 13 0 1 20 1  0
17.7747 13007917 799.206 5 2 0.0394922 1 12859302 12859492 13 0 1 20 1  0
17.3897 12972170 797.01 5 4 0.0789836 5 12859305 12859479 13 0 1 20 1  0
10.643 12865106 790.432 3 3 0.059238 3 12865106 12865107 13 0 1 20 1  0
15.3188 13014535 799.613 4 7 0.13822 11 12863465 12863467 13 0 1 20 1  0
16.1908 12876788 791.15 4 5 0.0987291 48 12863467 12863470 13 0 1 20 1  0
17.6726 13047354 801.629 5 10 0.197458 125 12875544 12875551 13 0 1 20 1  0
10.4493 12875538 791.073 5 14 0.276446 2 12875538 12875539 13 0 1 20 1  0
0 12843008 789.074 9 463 10.1821 387 13103262 13103293 13 0 1 20 1  0
13.2436 13102980 805.047 7 617 14.727 74 12858862 12859001 13 0 1 20 1  0
19.6711 13092296 804.391 12 2407 396.308 402 13088658 13095750 13 0 1 20 1  0
0 12843008 789.074 12 2441 420.946 30 13105130 13105154 13 0 1 20 1  0
15.5308 13059126 802.353 12 2701 667.583 45 13056460 13061730 13 0 1 20 1  0
15.6764 13040492 801.208 12 2812 812.83 14 13038170 13043242 13 0 1 20 1  0
14.7114 13023154 800.143 12 3049 1237.46 6 12988806 12990460 13 0 1 20 1  0
11.6358 13007402 799.175 12 2975 1085.28 1 13004404 13010018 13 0 1 20 1  0
11.0743 12994932 798.409 12 3022 1179.61 1 12993368 12995638 13 0 1 20 1  0
28.1089 13450294 826.386 7 8 0.157966 1388 13379570 13379574 13 0 1 20 1  0
10.1619 13512648 830.217 8 0 0 1 13512648 13512649 13 0 1 20 1  0
0 13367296 821.287 1 0 0 1386 13379366 13379367 13 0 1 20 1  0
10.5759 13369648 821.431 3 0 0 6 13369648 13369649 13 0 1 20 1  0
14.5234 13588897 834.902 10 113 2.24444 180 13450321 13451877 13 0 1 20 1  0
13.538 13512653 830.217 3 2 0.0394922 5 13369646 13369648 13 0 1 20 1  0
10.6959 13380893 822.122 3 1 0.0197462 1 13380893 13380894 13 0 1 20 1  0
12.9412 13381754 822.175 3 3 0.059238 5 13369644 13369647 13 0 1 20 1  0
11.4393 13390103 822.688 2 6 0.118475 3 13390103 13390104 13 0 1 20 1  0
14.5081 13373760 821.684 4 9 0.177712 11 13369643 13369645 13 0 1 20 1  0
10.4778 13449698 826.349 9 693 17.3529 11 13449635 13449838 13 0 1 20 1  0
10.4641 13716807 842.761 8 0 0 1 13716807 13716808 13 0 1 20 1  0
20.9905 13801699 847.976 5 0 0 9 13629746 13629773 13 0 1 20 1  0
0 13629440 837.393 8 0 0 2722 13801707 13801708 13 0 1 20 1  0
10.8574 13630370 837.45 1 0 0 1 13630370 13630371 13 0 1 20 1  0
12.1344 13734924 843.874 1 0 0 1 13669431 13669433 13 0 1 20 1  0
10.0373 13629757 837.412 2 0 0 1 13629757 13629758 13 0 1 20 1  0
13.5389 13805075 848.184 2 0 0 1 13630369 13630371 13 0 1 20 1  0
18.2066 13674674 840.172 8 16 0.315943 1151 13674528 13674881 13 0 1 20 1  0
17.5311 13734683 843.859 10 113 2.24444 984 13674507 13675123 13 0 1 20 1  0
16.5648 13797572 847.723 3 1 0.0197462 3 13631441 13631447 13 0 1 20 1  0
10.0982 13680876 840.553 2 1 0.0197462 1 13680876 13680877 13 0 1 20 1  0
15.9127 13804064 848.122 4 1 0.0197462 1 13631439 13631453 13 0 1 20 1  0
13.2081 13631951 837.547 2 6 0.118475 4 13631950 13631953 13 0 1 20 1  0
11.3906 13841164 850.401 3 28 0.553 4 13677664 13677668 13 0 1 20 1  0
18.9785 13720087 842.962 3 3 0.059238 12 13631438 13631445 13 0 1 20 1  0
15.3162 13835627 850.061 5 2 0.0394922 2 13631431 13631459 13 0 1 20 1  0
11.0855 13631443 837.516 3 4 0.0789836 5 13631443 13631444 13 0 1 20 1  0
19.4636 13677680 840.357 4 9 0.177712 243 13631430 13631441 13 0 1 20 1  0
11.1573 13801062 847.937 3 25 0.493721 1 13677663 13677669 13 0 1 20 1  0
10.752 13678656 840.417 6 29 0.572762 2 13677671 13677686 13 0 1 20 1  0
18.0918 13835840 850.074 10 176 3.52783 224 13674414 13675111 13 0 1 20 1  0
12.7993 13830226 849.729 12 1821 140.005 9 13722742 13726330 13 0 1 20 1  0
0 13629440 837.393 11 1805 136.076 6 13830151 13831884 13 0 1 20 1  0
10.4995 14007559 860.624 8 0 0 1 14007559 14007560 13 0 1 20 1  0
12.6358 14008488 860.681 1 0 0 1 13905678 13905681 13 0 1 20 1  0
16.9797 13902089 854.144 7 18 0.355443 3446 13902032 13902169 13 0 1 20 1  0
15.6121 13905679 854.365 2 0 0 4 13901829 13901832 13 0 1 20 1  0
20.1118 13987783 859.409 4 0 0 2 13901824 13901837 13 0 1 20 1  0
10.511 13894016 853.648 4 0 0 1 13894016 13894017 13 0 1 20 1  0
19.9478 13986856 859.352 5 0 0 1 13901817 13901845 13 0 1 20 1  0
28.3229 14121273 867.611 6 2 0.0394922 2793 13901555 13901600 13 0 1 20 1  0
21.8921 14086285 865.461 9 0 0 109 13901687 13902314 13 0 1 20 1  0
16.0348 14107206 866.747 4 1 0.0197462 15 13902038 13902121 13 0 1 20 1  0
16.4816 14007695 860.633 4 2 0.0394922 14 13903171 13903173 13 0 1 20 1  0
10.3713 13903172 854.211 4 3 0.059238 3 13903172 13903173 13 0 1 20 1  0
12.9251 13904754 854.308 3 8 0.157966 15 13904752 13904756 13 0 1 20 1  0
10.2044 13902110 854.146 5 7 0.13822 2 13902110 13902111 13 0 1 20 1  0
10.0038 13897081 853.837 3 8 0.157966 1 13897081 13897082 13 0 1 20 1  0
13.095 14116839 867.339 5 18 0.355443 3 14107195 14107201 13 0 1 20 1  0
11.7652 13985660 859.279 12 156 3.11648 2 13984916 13986550 13 0 1 20 1  0
10.0335 14010020 860.776 9 203 4.09018 3 14010020 14010021 13 0 1 20 1  0
0 13891584 853.499 10 1110 38.9701 1 14115719 14116198 13 0 1 20 1  0
14.595 14113514 867.134 12 1732 119.495 42 14111852 14115912 13 0 1 20 1  0
13.9281 14194532 872.112 3 2 0.0394922 8 14194531 14194534 13 0 1 20 1  0
13.491 14220133 873.685 3 1 0.0197462 2 14194532 14194534 13 0 1 20 1  0
0 14153728 869.605 1 0 0 1483 14218070 14218072 13 0 1 20 1  0
15.4868 14172596 870.764 8 54 1.06748 450 14172514 14172714 13 0 1 20 1  0
17.3931 14298155 878.479 3 0 0 2 14172530 14172596 13 0 1 20 1  0
23.4191 14323494 880.035 8 17 0.335692 1511 14172474 14172847 13 0 1 20 1  0
11.7292 14186583 871.624 3 1 0.0197462 4 14186583 14186584 13 0 1 20 1  0
13.0609 14218905 873.609 2 4 0.0789836 23 14218904 14218907 13 0 1 20 1  0
14.3655 14386169 883.886 3 3 0.059238 2 14186580 14186582 13 0 1 20 1  0
14.9607 14333537 880.652 4 2 0.0394922 1 14194533 14194538 13 0 1 20 1  0
10.0585 14212417 873.211 2 3 0.059238 1 14212417 14212418 13 0 1 20 1  0
17.4813 14358428 882.182 4 7 0.13822 78 14194527 14194533 13 0 1 20 1  0
10.5823 14171546 870.7 4 6 0.118475 5 14171546 14171547 13 0 1 20 1  0
16.5447 14300956 878.651 5 10 0.197458 67 14218912 14218915 13 0 1 20 1  0
10.2456 14212198 873.197 5 7 0.13822 1 14212198 14212199 13 0 1 20 1  0
10.2909 14246101 875.28 2 10 0.197458 1 14246101 14246102 13 0 1 20 1  0
10.2115 14346332 881.439 2 11 0.217204 1 14346332 14346333 13 0 1 20 1  0
10.0035 14265335 876.462 4 23 0.454207 1 14265335 14265336 13 0 1 20 1  0
11.4643 14408847 885.28 6 24 0.473963 13 14300951 14300957 13 0 1 20 1  0
10.1393 14241380 874.99 5 39 0.770481 3 14241380 14241381 13 0 1 20 1  0
10.5649 14319644 879.799 12 1681 109.116 1 14319396 14320132 13 0 1 20 1  0
52.1606 14546119 893.714 9 97 1.92346 15650 14428608 14428684 13 0 1 20 1  0
11.5212 14596007 896.779 8 0 0 1 14596007 14596008 13 0 1 20 1  0
0 14415872 885.711 8 0 0 33451 14656584 14656585 13 0 1 20 1  0
11.4743 14416014 885.72 2 0 0 2 14416014 14416015 13 0 1 20 1  0
13.1892 14557037 894.384 1 0 0 1 14426965 14426967 13 0 1 20 1  0
13.8837 14556332 894.341 2 0 0 1 14426964 14426969 13 0 1 20 1  0
15.7523 14576134 895.558 5 0 0 1 14427132 14427163 13 0 1 20 1  0
18.1616 14578314 895.692 4 2 0.0394922 5 14428701 14428711 13 0 1 20 1  0
10.7837 14485345 889.98 2 2 0.0394922 3 14485345 14485346 13 0 1 20 1  0
14.1084 14609564 897.612 2 2 0.0394922 3 14527660 14527661 13 0 1 20 1  0
15.9739 14596005 896.779 3 2 0.0394922 2 14483538 14483540 13 0 1 20 1  0
11.759 14483531 889.868 2 8 0.157966 14 14483530 14483533 13 0 1 20 1  0
10.3005 14468456 888.942 4 4 0.0789836 4 14468456 14468457 13 0 1 20 1  0
10.4486 14467140 888.861 4 3 0.059238 1 14467140 14467141 13 0 1 20 1  0
24.7549 14554076 894.202 5 9 0.177712 61 14475610 14475618 13 0 1 20 1  0
12.7779 14545288 893.662 2 4 0.0789836 2 14484121 14484123 13 0 1 20 1  0
15.2933 14555837 894.311 3 5 0.0987291 2 14483532 14483537 13 0 1 20 1  0
10.1583 14425555 886.306 7 4 0.0789836 1 14425555 14425556 13 0 1 20 1  0
11.8691 14556818 894.371 2 5 0.0987291 1 14485343 14485344 13 0 1 20 1  0
10.7506 14475608 889.381 3 5 0.0987291 6 14475608 14475609 13 0 1 20 1  0
10.1862 14426305 886.352 5 7 0.13822 3 14426305 14426306 13 0 1 20 1  0
10.109 14428700 886.499 4 8 0.157966 2 14428700 14428701 13 0 1 20 1  0
10.1395 14484114 889.904 2 13 0.256698 2 14484114 14484115 13 0 1 20 1  0
20.6777 14550703 893.995 4 21 0.414699 137 14475597 14475599 13 0 1 20 1  0
11.4398 14551444 894.041 2 28 0.553 11 14550694 14550700 13 0 1 20 1  0
10.3259 14532672 892.887 4 70 1.38505 9 14532672 14532673 13 0 1 20 1  0
12.5379 14551407 894.038 3 83 1.64383 3 14545942 14545950 13 0 1 20 1  0
10.6102 14545814 893.695 4 736 18.9751 3 14545814 14545815 13 0 1 20 1  0
10.0127 14546139 893.715 4 770 20.3354 1 14546139 14546140 13 0 1 20 1  0
10.8585 14681440 902.028 1 0 0 1 14681440 14681441 13 0 1 20 1  0
24.6553 14733022 905.197 5 0 0 9 14680502 14680518 13 0 1 20 1  0
0 14678016 901.817 1 0 0 2477 14725965 14725971 13 0 1 20 1  0
15.0927 14855953 912.75 6 0 0 1 14709507 14709628 13 0 1 20 1  0
17.5051 14770741 907.514 7 2 0.0394922 1067 14680224 14680531 13 0 1 20 1  0
19.5901 14730616 905.049 3 5 0.0987291 12 14682959 14682962 13 0 1 20 1  0
10.831 14682956 902.121 2 8 0.157966 7 14682956 14682957 13 0 1 20 1  0
22.9045 14857661 912.855 4 6 0.118475 11 14682961 14682966 13 0 1 20 1  0
15.5855 14895609 915.186 6 3 0.059238 2 14729836 14729899 13 0 1 20 1  0
22.5508 14886277 914.613 5 11 0.217204 81 14726803 14726823 13 0 1 20 1  0
19.0525 14726802 904.815 4 19 0.375194 401 14726796 14726810 13 0 1 20 1  0
11.8036 14709546 903.754 8 9 0.177712 11 14709489 14709630 13 0 1 20 1  0
10.6208 15130083 929.592 8 0 0 1 15130083 15130084 13 0 1 20 1  0
10.2008 14953612 918.75 1 0 0 1 14953612 14953613 13 0 1 20 1  0
20.4549 15132393 929.734 4 0 0 4 14957948 14957951 13 0 1 20 1  0
0 14940160 917.923 1 0 0 3843 15007574 15007576 13 0 1 20 1  0
25.6191 15188066 933.155 7 7 0.13822 376 14977364 14977550 13 0 1 20 1  0
22.9152 15031065 923.509 7 0 0 4393 14977364 14977558 13 0 1 20 1  0
15.5673 14986209 920.753 3 1 0.0197462 4 14986207 14986211 13 0 1 20 1  0
14.5098 14986538 920.773 2 2 0.0394922 8 14986206 14986208 13 0 1 20 1  0
10.8321 14977461 920.215 4 1 0.0197462 4 14977461 14977462 13 0 1 20 1  0
11.1632 14957950 919.016 4 2 0.0394922 3 14957950 14957951 13 0 1 20 1  0
17.837 15190264 933.29 4 3 0.059238 6 14957947 14957950 13 0 1 20 1  0
21.5996 15136712 930 4 7 0.13822 43 14986532 14986540 13 0 1 20 1  0
10.3797 14984089 920.622 5 6 0.118475 2 14984089 14984090 13 0 1 20 1  0
12.4994 15105279 928.068 2 8 0.157966 4 14986532 14986534 13 0 1 20 1  0
24.5912 15136088 929.961 5 22 0.434452 461 15020799 15020828 13 0 1 20 1  0
10.2741 14988703 920.906 6 16 0.315943 7 14988703 14988704 13 0 1 20 1  0
10.146 15048843 924.601 4 24 0.473963 1 15048843 15048844 13 0 1 20 1  0
10.3976 15020788 922.877 4 44 0.869417 10 15020788 15020789 13 0 1 20 1  0
0 14940160 917.923 12 603 14.2738 1 15114968 15115086 13 0 1 20 1  0
10.1027 15003406 921.809 12 2921 986.167 1 15003398 15003592 13 0 1 20 1  0
10.3034 15428780 947.944 8 0 0 1 15428780 15428781 13 0 1 20 1  0
10.1076 15217620 934.971 1 0 0 1 15217620 15217621 13 0 1 20 1  0
15.7646 15428780 947.944 2 0 0 2 15210637 15210639 13 0 1 20 1  0
10.0096 15210841 934.554 9 1 0.0197462 4470 15210841 15210842 13 0 1 20 1  0
17.8143 15384133 945.201 3 0 0 1 15210636 15210638 13 0 1 20 1  0
17.47 15361740 943.825 4 1 0.0197462 2 15217615 15217668 13 0 1 20 1  0
16.7763 15383812 945.181 5 0 0 1 15210729 15210850 13 0 1 20 1  0
24.7467 15334550 942.155 8 2 0.0394922 1429 15210616 15210964 13 0 1 20 1  0
14.9436 15314578 940.928 11 126 2.50651 303 15218041 15218593 13 0 1 20 1  0
10.9544 15415612 947.135 2 1 0.0197462 2 15415612 15415613 13 0 1 20 1  0
12.8742 15210607 934.54 8 148 2.95305 19 15210564 15210707 13 0 1 20 1  0
18.1521 15231103 935.799 3 5 0.0987291 40 15220469 15220474 13 0 1 20 1  0
10.8461 15211594 934.6 4 1 0.0197462 1 15211594 15211595 13 0 1 20 1  0
17.1834 15437685 948.491 5 1 0.0197462 1 15210647 15210843 13 0 1 20 1  0
16.4247 15217649 934.972 6 1 0.0197462 244 15210658 15210868 13 0 1 20 1  0
20.3333 15224485 935.392 5 13 0.256698 434 15220466 15220478 13 0 1 20 1  0
14.9783 15220500 935.147 6 4 0.0789836 10 15210660 15210835 13 0 1 20 1  0
14.8534 15359340 943.678 6 3 0.059238 1 15210661 15210856 13 0 1 20 1  0
16.3849 15361564 943.814 3 8 0.157966 6 15220467 15220472 13 0 1 20 1  0
14.2385 15351263 943.182 8 22 0.434452 1 15217608 15217817 13 0 1 20 1  0
11.5162 15463660 950.087 12 2785 774.826 6 15462816 15464450 13 0 1 20 1  0
47.0365 15542015 954.901 10 907 26.6206 15700 15536849 15546355 13 0 1 20 1  0
0 15464448 950.136 8 0 0 26372 15538580 15538583 13 0 1 20 1  0
10.5488 15485148 951.407 2 1 0.0197462 2 15485148 15485149 13 0 1 20 1  0
12.39 15661655 962.252 2 3 0.059238 2 15485146 15485147 13 0 1 20 1  0
19.6219 15483274 951.292 4 5 0.0987291 30 15483269 15483280 13 0 1 20 1  0
14.6916 15542295 954.919 3 1 0.0197462 1 15484401 15484402 13 0 1 20 1  0
10.1715 15480258 951.107 7 32 0.63206 3 15480258 15480259 13 0 1 20 1  0
19.7858 15542365 954.923 4 1 0.0197462 3 15483279 15483287 13 0 1 20 1  0
10.0325 15545923 955.141 1 2 0.0394922 1 15545923 15545924 13 0 1 20 1  0
13.24 15549091 955.336 2 2 0.0394922 2 15511837 15511838 13 0 1 20 1  0
11.3155 15476499 950.876 3 2 0.0394922 5 15476499 15476500 13 0 1 20 1  0
17.7065 15583717 957.464 3 7 0.13822 9 15483267 15483275 13 0 1 20 1  0
18.4493 15521138 953.619 3 4 0.0789836 2 15476494 15476497 13 0 1 20 1  0
12.1861 15511833 953.047 2 6 0.118475 1 15485144 15485145 13 0 1 20 1  0
17.5011 15707761 965.085 5 7 0.13822 3 15484404 15484411 13 0 1 20 1  0
15.8674 15517530 953.397 3 9 0.177712 5 15483264 15483273 13 0 1 20 1  0
10.116 15487297 951.539 2 26 0.513479 1 15487297 15487298 13 0 1 20 1  0
10.0742 15484551 951.371 6 81 1.60397 2 15484551 15484552 13 0 1 20 1  0
12.3836 15541272 954.856 4 395 8.436 20 15540049 15540081 13 0 1 20 1  0
16.179 15538235 954.669 7 611 14.5317 8 15537425 15538369 13 0 1 20 1  0
10.5853 15539754 954.762 4 720 18.3591 8 15539643 15539647 13 0 1 20 1  0
10.2988 15545894 955.14 7 868 24.6885 1 15537783 15538102 13 0 1 20 1  0
10.0889 15537914 954.649 5 877 25.1235 10 15537914 15537915 13 0 1 20 1  0
10.3109 15729745 966.435 8 0 0 2804 15729745 15729746 13 0 1 20 1  0
25.324 15979870 981.803 6 4 0.0789836 1844 15728719 15728756 13 0 1 20 1  0
15.3767 15788622 970.053 2 0 0 1 15728726 15728752 13 0 1 20 1  0
22.2526 15969209 981.148 4 0 0 2 15728726 15728756 13 0 1 20 1  0
18.4818 15789121 970.084 6 1 0.0197462 57 15728721 15728761 13 0 1 20 1  0
10.2225 15744519 967.343 6 6 0.118475 2 15744519 15744520 13 0 1 20 1  0
16.392 15827438 972.438 8 0 0 85 15789034 15789558 13 0 1 20 1  0
10.2677 15799592 970.727 2 1 0.0197462 1 15799592 15799593 13 0 1 20 1  0
15.1155 15770832 968.96 3 2 0.0394922 8 15763697 15763699 13 0 1 20 1  0
10.1997 15750804 967.729 3 2 0.0394922 1 15750804 15750805 13 0 1 20 1  0
17.7621 15977101 981.633 4 2 0.0394922 3 15728743 15728747 13 0 1 20 1  0
10.061 15752799 967.852 3 3 0.059238 1 15752799 15752800 13 0 1 20 1  0
14.4224 15800264 970.768 3 3 0.059238 3 15763695 15763700 13 0 1 20 1  0
10.4017 15763690 968.521 2 10 0.197458 4 15763690 15763691 13 0 1 20 1  0
17.0624 15970799 981.246 4 9 0.177712 39 15763689 15763699 13 0 1 20 1  0
17.0897 15792387 970.284 4 6 0.118475 10 15746674 15746676 13 0 1 20 1  0
10.6095 15746672 967.475 4 7 0.13822 2 15746672 15746673 13 0 1 20 1  0
10.0691 15728734 966.373 5 8 0.157966 1 15728734 15728735 13 0 1 20 1  0
10.1488 15731878 966.567 7 13 0.256698 1 15731878 15731879 13 0 1 20 1  0
12.5013 15884260 975.929 10 17 0.335692 4 15789057 15789644 13 0 1 20 1  0
10.606 15877607 975.52 3 23 0.454207 4 15877607 15877608 13 0 1 20 1  0
10.0684 15966120 980.958 6 37 0.730923 2 15966120 15966121 13 0 1 20 1  0
25.8034 16190589 994.75 7 10 0.197458 1712 16000519 16000618 13 0 1 20 1  0
10.5463 16023101 984.459 1 0 0 1 16023101 16023102 13 0 1 20 1  0
17.8878 16188351 994.612 3 0 0 5 16000571 16000578 13 0 1 20 1  0
0 15988736 982.348 1 0 0 2316 16037975 16037976 13 0 1 20 1  0
10.3738 16007433 983.497 2 0 0 1 16007433 16007434 13 0 1 20 1  0
17.695 16025448 984.604 4 0 0 2 16000548 16000605 13 0 1 20 1  0
13.9276 16023293 984.471 9 35 0.691372 6 16008691 16008849 13 0 1 20 1  0
11.3615 16044032 985.745 2 1 0.0197462 1 16044032 16044033 13 0 1 20 1  0
13.8269 16058422 986.629 2 2 0.0394922 3 16044030 16044032 13 0 1 20 1  0
10.2809 16002491 983.193 2 2 0.0394922 4 16002491 16002492 13 0 1 20 1  0
10.3423 16000564 983.075 6 11 0.217204 3 16000564 16000565 13 0 1 20 1  0
10.3308 16008586 983.568 9 154 3.07556 5 16008582 16008672 13 0 1 20 1  0
10.2016 16012999 983.839 3 31 0.612292 9 16012999 16013000 13 0 1 20 1  0
12.8301 16243251 997.985 4 40 0.790264 17 16190973 16190989 13 0 1 20 1  0
10.7468 16188284 994.608 12 1215 47.2352 1 16187430 16188690 13 0 1 20 1  0
0 15988736 982.348 12 1215 47.2352 1 16241654 16241992 13 0 1 20 1  0
10.4213 16077268 987.787 12 1590 92.7642 5 16076654 16078240 13 0 1 20 1  0
13.8338 16005922 983.404 12 1950 176.092 3 16003606 16006812 13 0 1 20 1  0
0 15988736 982.348 12 1950 176.092 1 16072968 16074782 13 0 1 20 1  0
111.203 5067954 311.375 9 2728 700.329 840 5067427 5068508 13 0 1 20 1 1
