0 120139 96.0067
1 120140 96.0848
2 120140 96.8828
3 120141 97.17
4 120140 98.1427
5 120141 98.3359
6 120142 98.7697
7 120143 99.2062
8 120142 99.4294
9 120142 99.3596
10 120142 99.1817
11 120142 99.1185
12 120142 98.746
13 120142 98.3247
14 120143 98.4784
15 120142 98.9708
16 120142 99.0582
17 120141 99.0272
18 120141 98.8587
19 120141 98.5606
20 120140 98.4007
21 120139 98.0314
22 120139 97.8329
23 120139 97.7386
24 120139 97.7494
25 120137 97.2007
26 120136 96.7609
27 120135 96.4158
28 120134 95.5769
29 120136 96.9426
30 120135 97.0107
31 120134 97.0448
32 120132 96.4138
33 120131 96.0873
34 120131 95.4008
35 120130 94.9412
36 120130 94.0542
37 120129 94.0393
38 120128 93.4318
39 120127 92.6861
40 120127 92.1628
41 120126 91.7833
42 120126 91.5328
43 120125 91.2668
44 120125 91.2556
45 120125 91.2938
46 120124 90.7229
47 120123 89.73
48 120123 89.2602
49 120122 89.0154
50 120122 89.221
51 120122 89.3568
52 120124 89.4744
53 120125 89.7562
54 120125 90.1279
55 120125 90.2679
56 120125 89.9739
57 120124 90.1921
58 120125 90.6648
59 120125 90.4843
60 120126 90.5349
61 120123 88.9375
62 120123 88.5421
63 120123 88.1416
64 120123 88.3112
65 120124 88.1804
66 120123 88.0605
67 120122 88.0822
68 120122 88.0666
69 120121 87.5416
70 120121 87.4443
71 120121 87.2366
72 120119 86.9303
73 120119 86.6418
74 120119 86.538
75 120120 86.5984
76 120119 86.4956
77 120119 86.4068
78 120119 86.5165
79 120120 86.7857
80 120120 86.9498
81 120122 87.4455
82 120122 87.4489
83 120122 87.3683
84 120122 87.3003
85 120121 87.1428
86 120121 86.9478
87 120120 86.8632
88 120120 86.9692
89 120121 86.9613
90 120121 86.852
91 120122 87.4883
92 120122 87.6442
93 120123 87.6336
94 120123 87.7625
95 120123 87.8358
96 120123 87.745
97 120123 87.8662
98 120124 88.1072
99 120124 87.9402
100 120125 87.7875
101 120124 87.7342
102 120125 87.7078
103 120125 87.9431
104 120127 88.7054
105 120128 89.0558
106 120127 88.9892
107 120127 88.8424
108 120127 88.7727
109 120127 88.7713
110 120127 88.5594
111 120127 88.406
112 120127 88.2459
113 120126 87.8983
114 120126 87.6762
115 120126 87.4197
116 120125 87.1594
117 120126 86.9284
118 120126 86.837
119 120126 86.8086
120 120126 86.5976
121 120125 86.308
122 120124 85.9197
123 120123 85.285
124 120123 84.9362
125 120123 84.6846
126 120122 84.4041
127 120121 84.1251
128 120121 83.975
129 120121 83.7529
130 120121 83.3689
131 120120 83.2496
132 120120 83.2544
133 120120 83.1607
134 120119 82.9715
135 120120 82.8225
136 120118 82.2175
137 120119 82.0586
138 120118 82.0216
139 120117 81.839
140 120118 81.8713
141 120117 81.7229
142 120116 81.7273
143 120115 81.4702
144 120114 81.3392
145 120113 81.1734
146 120113 80.9687
147 120112 81.0068
148 120112 81.1258
149 120112 81.0994
150 120111 80.8921
151 120112 80.7528
152 120112 80.7375
153 120112 80.6515
154 120113 80.9097
155 120113 81.0012
156 120113 81.1535
157 120114 81.3984
158 120113 81.5708
159 120114 81.6821
160 120114 81.8015
161 120114 81.7804
162 120115 81.8929
163 120115 82.0009
164 120115 82.07
165 120116 82.1442
166 120117 82.395
167 120117 82.5115
168 120117 82.6265
169 120117 82.6399
170 120119 82.7251
171 120119 82.8699
172 120119 82.8603
173 120120 82.8886
174 120120 82.9538
175 120121 83.1995
176 120122 83.3536
177 120124 83.7551
178 120125 84.0896
179 120126 84.2864
180 120126 83.9923
181 120126 84.0649
182 120126 84.1217
183 120125 84.0507
184 120125 84.0054
185 120125 84.0267
186 120125 84.0534
187 120125 84.0197
188 120125 83.822
189 120125 83.6544
190 120125 83.3485
191 120125 83.306
192 120124 83.1164
193 120124 83.092
194 120122 82.8819
195 120122 82.7664
196 120121 82.6543
197 120119 82.675
198 120119 82.988
199 120119 82.7936
200 120119 82.5414
201 120118 82.5828
202 120117 82.5791
203 120116 82.5438
204 120116 82.6624
205 120116 82.8713
206 120116 83.0314
207 120114 83.2066
208 120115 83.2981
209 120115 83.4328
210 120113 83.2747
211 120113 83.2882
212 120113 83.4671
213 120112 83.3795
214 120112 83.3186
215 120111 83.2385
216 120110 83.1332
217 120110 83.0772
218 120109 82.8293
219 120109 82.715
220 120108 82.6655
221 120108 82.5498
222 120107 82.6438
223 120108 82.5841
224 120108 82.5402
225 120109 82.6061
226 120110 82.6798
227 120110 82.6515
228 120112 82.717
229 120112 82.6204
230 120113 82.1278
231 120113 82.2947
232 120113 82.4025
233 120113 82.4515
234 120113 82.3446
235 120114 82.4553
236 120114 82.2684
237 120114 82.0948
238 120114 81.7893
239 120114 81.4266
240 120113 81.331
241 120113 81.2105
242 120114 81.4923
243 120115 81.7578
244 120116 82.0705
245 120116 82.4358
246 120117 82.6558
247 120119 83.1015
248 120119 83.5846
249 120120 84.009
250 120122 84.5394
251 120123 85.0578
252 120123 85.6398
253 120124 85.6501
254 120124 85.6407
255 120123 85.5602
256 120123 85.6164
257 120123 85.6307
258 120122 85.6815
259 120122 85.9399
260 120121 85.8515
261 120120 85.7832
262 120119 85.6744
263 120118 85.513
264 120118 85.3714
265 120118 85.1529
266 120118 85.1969
267 120117 84.9008
268 120117 85.0489
269 120117 85.0746
270 120117 85.2493
271 120118 85.4987
272 120118 85.7024
273 120118 85.7424
274 120117 85.7771
275 120117 85.7938
276 120118 85.9312
277 120118 86.1198
278 120119 86.4533
279 120119 86.8366
280 120119 86.8492
281 120119 86.8367
282 120119 86.7834
283 120119 86.8711
284 120119 86.7506
285 120120 87.1333
286 120121 87.6866
287 120124 88.3975
288 120125 88.883
289 120127 89.3652
290 120128 90.0232
291 120130 90.2927
292 120130 90.9513
293 120134 91.813
294 120135 92.4592
295 120137 93.0505
296 120138 93.6119
297 120140 94.1898
298 120143 95.0419
299 120144 96.0794
300 120146 96.4775
301 120148 97.6236
302 120149 97.8819
303 120150 98.1798
304 120150 98.2509
305 120152 98.5556
306 120152 98.7509
307 120152 98.6332
308 120153 98.9248
309 120152 98.8998
310 120153 99.0694
311 120153 98.7684
312 120154 98.8941
313 120155 99.0816
314 120155 99.1669
315 120155 99.061
316 120154 98.8267
317 120154 98.6198
318 120152 98.2404
319 120152 98.0679
320 120153 97.9076
321 120151 97.5479
322 120150 96.9458
323 120149 96.6454
324 120148 95.9854
325 120145 95.2625
326 120144 94.8466
327 120143 94.2974
328 120142 93.7983
329 120141 93.1852
330 120139 92.3376
331 120138 91.3677
332 120137 91.1283
333 120135 90.2806
334 120134 90.0299
335 120134 89.8281
336 120133 89.5783
337 120131 88.9861
338 120130 88.489
339 120130 88.0177
340 120129 87.191
341 120128 86.854
342 120126 86.3641
343 120126 86.0783
344 120125 85.9105
345 120124 85.5479
346 120123 85.0942
347 120122 84.8525
348 120122 84.7964
349 120121 84.6469
350 120121 84.458
351 120119 83.9182
352 120118 83.6787
353 120118 83.5037
354 120118 83.567
355 120118 83.3478
356 120118 83.2395
357 120117 83.1546
358 120116 82.9144
359 120116 82.7961
360 120116 82.7489
361 120115 82.6975
362 120114 82.5596
363 120113 82.373
364 120112 81.9099
365 120111 81.5271
366 120110 81.2766
367 120108 80.9206
368 120108 80.7053
369 120108 80.5862
370 120108 80.5089
371 120107 80.6136
372 120107 80.5633
373 120107 80.4576
374 120107 80.3412
375 120106 80.2955
376 120105 79.804
377 120105 79.5497
378 120104 79.4547
379 120103 79.1927
380 120103 78.9491
381 120103 78.9101
382 120103 78.8893
383 120104 78.9639
384 120103 78.8696
385 120103 78.8483
386 120103 78.6859
387 120102 78.7203
388 120102 78.995
389 120102 78.9984
390 120102 78.9772
391 120102 79.0826
392 120102 79.1505
393 120103 79.3376
394 120104 79.5033
395 120105 79.7122
396 120106 79.8336
397 120106 79.7094
398 120106 79.6634
399 120107 79.5734
400 120107 79.4839
401 120107 79.4278
402 120107 79.905
403 120107 80.0932
404 120108 80.1528
405 120108 80.1411
406 120108 80.1743
407 120109 80.407
408 120110 80.6706
409 120109 80.7797
410 120110 80.7456
411 120111 80.832
412 120111 80.9618
413 120111 81.2297
414 120111 81.3861
415 120111 81.6811
416 120111 81.7759
417 120110 81.7866
418 120110 81.7692
419 120110 81.9862
420 120110 81.9311
421 120110 82.0838
422 120110 82.1533
423 120110 82.0425
424 120109 81.9835
425 120108 81.7313
426 120107 81.5526
427 120105 81.4052
428 120104 81.2569
429 120104 81.2593
430 120103 81.2506
431 120103 81.2667
432 120103 81.1559
433 120103 81.0985
434 120102 80.4491
435 120101 80.065
436 120100 79.9821
437 120099 79.9131
438 120099 79.6754
439 120098 79.3282
440 120098 79.1118
441 120098 79.0326
442 120098 79.5041
443 120098 79.604
444 120097 79.5216
445 120096 79.1782
446 120095 78.9487
447 120094 78.8895
448 120094 78.8219
449 120095 78.7996
450 120095 79.2142
451 120095 79.1446
452 120094 78.8825
453 120094 78.6216
454 120093 78.666
455 120094 79.1995
456 120094 79.2228
457 120094 79.2977
458 120094 79.3163
459 120093 79.43
460 120094 79.4889
461 120093 79.5235
462 120094 79.7005
463 120094 79.7273
464 120093 79.7901
465 120092 79.7852
466 120093 79.7811
467 120092 79.8079
468 120092 79.6467
469 120091 79.5547
470 120091 79.5072
471 120091 79.46
472 120090 79.4724
473 120090 79.5336
474 120089 79.0571
475 120089 78.8861
476 120090 78.8911
477 120090 78.92
478 120090 78.8591
479 120089 78.5649
480 120089 78.5916
481 120089 78.6996
482 120088 78.1841
483 120088 78.1101
484 120088 78.0663
485 120088 78.152
486 120088 78.286
487 120088 77.986
488 120088 78.1638
489 120089 78.3307
490 120089 78.6006
491 120090 78.9199
492 120090 79.1686
493 120091 79.4356
494 120090 79.3114
495 120091 79.3999
496 120091 79.5275
497 120092 79.6405
498 120092 79.7638
499 120092 79.8802
500 120092 80.1018
501 120093 80.2082
502 120093 80.436
503 120093 80.5318
504 120093 80.6077
505 120093 80.6328
506 120093 80.7399
507 120093 80.8895
508 120093 81.0691
509 120093 81.2988
510 120093 81.6179
511 120094 81.8657
