0 121678 155.921
1 121678 155.892
2 121678 155.864
3 121677 155.884
4 121677 155.852
5 121677 155.842
6 121677 155.893
7 121677 155.881
8 121677 155.964
9 121677 156.037
10 121677 155.997
11 121677 155.985
12 121677 155.963
13 121677 155.932
14 121677 155.887
15 121676 155.883
16 121677 155.91
17 121677 155.916
18 121677 155.915
19 121677 155.929
20 121677 155.948
21 121677 155.923
22 121677 155.877
23 121676 155.856
24 121676 155.856
25 121676 155.788
26 121676 155.804
27 121676 155.792
28 121677 155.797
29 121677 155.795
30 121677 155.916
31 121678 155.938
32 121678 155.987
33 121678 156.028
34 121678 156.048
35 121678 156.057
36 121678 156.079
37 121678 156.074
38 121678 156.019
39 121678 156.069
40 121678 156.026
41 121678 155.982
42 121678 156.006
43 121678 155.981
44 121678 155.999
45 121678 156.027
46 121679 156.077
47 121679 156.029
48 121679 156.002
49 121679 155.994
50 121679 156.01
51 121679 156.014
52 121679 155.996
53 121679 156.049
54 121680 156.404
55 121680 156.408
56 121680 156.387
57 121680 156.398
58 121680 156.389
59 121680 156.412
60 121680 156.378
61 121680 156.377
62 121679 156.325
63 121679 156.321
64 121679 156.268
65 121679 156.213
66 121678 156.221
67 121678 156.163
68 121679 156.19
69 121679 156.234
70 121679 156.273
71 121679 156.369
72 121679 156.391
73 121679 156.378
74 121679 156.407
75 121680 156.572
76 121680 156.566
77 121680 156.567
78 121679 156.562
79 121679 156.606
80 121679 156.61
81 121679 156.619
82 121679 156.632
83 121679 156.635
84 121680 156.714
85 121680 156.685
86 121678 156.318
87 121678 156.329
88 121678 156.359
89 121679 156.435
90 121678 156.431
91 121678 156.432
92 121678 156.464
93 121678 156.46
94 121678 156.383
95 121678 156.37
96 121678 156.521
97 121679 157.033
98 121679 157.219
99 121679 157.225
100 121679 157.199
101 121679 157.157
102 121679 157.141
103 121679 157.04
104 121679 157.044
105 121679 157.058
106 121679 157.096
107 121678 156.965
108 121678 156.997
109 121678 156.945
110 121678 156.928
111 121678 156.964
112 121678 156.978
113 121678 157.032
114 121678 157.036
115 121678 156.993
116 121677 156.904
117 121677 156.822
118 121677 156.834
119 121677 156.875
120 121676 156.833
121 121676 156.778
122 121675 156.811
123 121675 156.902
124 121675 156.875
125 121675 156.901
126 121674 156.938
127 121673 156.914
128 121673 156.754
129 121672 156.324
130 121671 156.09
131 121670 156.096
132 121669 156.038
133 121668 156.099
134 121668 156.15
135 121667 156.185
136 121666 156.1
137 121666 156.186
138 121665 156.232
139 121665 156.262
140 121665 156.208
141 121665 156.235
142 121665 156.305
143 121665 156.281
144 121665 156.299
145 121664 156.253
146 121664 156.233
147 121664 156.266
148 121665 156.342
149 121665 156.458
150 121665 156.454
151 121665 156.432
152 121665 156.463
153 121665 156.458
154 121666 156.485
155 121666 156.332
156 121666 156.341
157 121665 156.265
158 121666 156.28
159 121666 156.291
160 121666 156.325
161 121667 156.253
162 121667 156.245
163 121668 156.268
164 121668 156.313
165 121669 156.28
166 121669 156.208
167 121669 156.221
168 121670 156.37
169 121669 156.218
170 121669 156.07
171 121668 155.97
172 121668 155.978
173 121667 155.983
174 121667 155.885
175 121666 155.853
176 121666 155.772
177 121665 155.766
178 121665 155.748
179 121665 155.74
180 121665 155.755
181 121665 155.699
182 121665 155.751
183 121664 155.74
184 121664 155.739
185 121665 155.731
186 121665 156.746
187 121665 156.82
188 121665 156.881
189 121665 156.946
190 121665 156.911
191 121665 156.881
192 121665 156.916
193 121665 157.36
194 121665 157.409
195 121665 157.398
196 121665 157.38
197 121665 157.346
198 121665 157.386
199 121664 157.333
200 121664 157.189
201 121665 157.224
202 121665 157.229
203 121665 157.295
204 121666 157.301
205 121667 157.343
206 121667 157.439
207 121667 157.537
208 121668 157.574
209 121669 157.528
210 121669 157.522
211 121669 157.577
212 121669 157.538
213 121668 157.545
214 121668 157.521
215 121668 157.468
216 121668 157.495
217 121668 157.549
218 121667 156.478
219 121667 156.45
220 121667 156.351
221 121667 156.387
222 121667 156.419
223 121667 156.491
224 121667 156.439
225 121668 157.878
226 121670 159.089
227 121670 159.191
228 121670 159.192
229 121670 159.22
230 121670 159.228
231 121670 159.196
232 121671 159.224
233 121671 159.271
234 121671 159.3
235 121671 159.303
236 121671 159.332
237 121671 159.334
238 121672 159.287
239 121672 159.259
240 121672 159.403
241 121673 159.411
242 121673 159.558
243 121673 159.49
244 121673 159.458
245 121673 159.443
246 121673 159.468
247 121673 159.53
248 121673 159.471
249 121673 159.423
250 121673 159.4
251 121673 159.378
252 121673 159.425
253 121674 159.411
254 121674 159.424
255 121674 159.391
256 121674 159.367
257 121673 157.436
258 121671 156.229
259 121671 156.094
260 121671 156.126
261 121671 156.131
262 121671 156.095
263 121671 156.193
264 121671 156.204
265 121671 156.156
266 121671 156.129
267 121671 156.113
268 121671 156.057
269 121671 155.989
270 121671 155.951
271 121670 155.882
272 121670 155.809
273 121670 155.79
274 121670 155.648
275 121670 155.665
276 121670 155.655
277 121670 155.666
278 121670 155.662
279 121670 155.662
280 121670 155.658
281 121670 155.642
282 121670 155.662
283 121670 155.681
284 121670 155.645
285 121670 155.616
286 121670 155.577
287 121670 155.565
288 121670 155.625
289 121670 155.692
290 121670 155.679
291 121671 155.776
292 121671 155.76
293 121671 155.748
294 121671 155.775
295 121671 155.632
296 121671 155.598
297 121671 155.642
298 121671 155.692
299 121671 155.75
300 121672 155.828
301 121672 155.901
302 121672 155.927
303 121672 155.953
304 121674 157.712
305 121675 159.816
306 121678 162.833
307 121679 164.388
308 121679 165.834
309 121680 167.255
310 121683 173.198
311 121685 175.196
312 121687 178.473
313 121687 178.87
314 121687 178.894
315 121687 178.905
316 121688 178.886
317 121688 178.894
318 121688 178.978
319 121688 179.048
320 121689 179.054
321 121689 181.345
322 121694 186.721
323 121695 191.727
324 121696 197.437
325 121696 197.409
326 121697 197.801
327 121698 199.292
328 121700 202.391
329 121700 202.768
330 121700 202.776
331 121700 202.736
332 121700 202.681
333 121700 203.054
334 121700 203.222
335 121701 205.427
336 121699 203.639
337 121699 201.598
338 121696 198.597
339 121695 197.05
340 121695 195.649
341 121695 194.246
342 121692 188.252
343 121690 186.248
344 121688 182.988
345 121688 182.75
346 121688 182.721
347 121688 182.678
348 121688 182.713
349 121688 182.756
350 121688 182.953
351 121688 182.867
352 121688 182.91
353 121687 180.593
354 121683 175.219
355 121682 170.151
356 121681 164.468
357 121681 164.494
358 121680 164.097
359 121679 162.652
360 121678 159.598
361 121678 159.64
362 121678 159.611
363 121678 159.592
364 121678 159.587
365 121678 159.214
366 121678 159.048
367 121677 156.871
368 121678 156.872
369 121678 156.865
370 121678 156.846
371 121678 156.872
372 121678 156.854
373 121678 156.879
374 121677 156.9
375 121677 156.903
376 121678 156.903
377 121677 156.783
378 121678 156.85
379 121678 156.848
380 121678 156.957
381 121678 156.909
382 121678 156.642
383 121678 156.666
384 121678 156.609
385 121678 156.875
386 121680 157.322
387 121682 157.717
388 121684 158.211
389 121684 158.583
390 121686 159.007
391 121685 159.011
392 121686 159.17
393 121686 158.799
394 121686 158.828
395 121688 161.093
396 121688 161.796
397 121688 161.842
398 121688 161.929
399 121688 161.905
400 121688 161.906
401 121688 162.595
402 121688 162.601
403 121689 164.076
404 121689 164.03
405 121689 164.01
406 121690 164.021
407 121690 164.027
408 121689 164.055
409 121689 164.014
410 121689 163.944
411 121690 164.024
412 121689 163.933
413 121689 163.935
414 121689 163.946
415 121690 164.026
416 121690 164.046
417 121690 163.842
418 121689 163.447
419 121687 163.059
420 121686 162.542
421 121686 162.206
422 121684 161.788
423 121684 161.763
424 121684 161.614
425 121683 161.543
426 121683 161.541
427 121682 159.312
428 121681 158.605
429 121680 158.522
430 121680 158.392
431 121679 158.302
432 121679 158.192
433 121678 157.488
434 121677 157.507
435 121676 155.953
436 121676 155.959
437 121675 155.877
438 121675 155.805
439 121675 155.782
440 121675 155.741
441 121674 155.732
442 121674 155.72
443 121673 155.637
444 121673 155.578
445 121673 155.566
446 121672 155.543
447 121671 155.443
448 121671 155.356
449 121670 155.259
450 121669 155.167
451 121669 155.162
452 121668 155.11
453 121667 155.02
454 121667 154.962
455 121666 154.958
456 121666 154.876
457 121666 154.837
458 121665 154.781
459 121665 154.722
460 121665 154.718
461 121665 154.679
462 121665 154.699
463 121665 154.745
464 121665 154.777
465 121666 154.744
466 121666 154.749
467 121666 154.759
468 121666 154.743
469 121666 154.745
470 121666 154.805
471 121666 154.778
472 121666 154.767
473 121666 154.788
474 121666 154.796
475 121666 154.809
476 121666 154.871
477 121666 154.875
478 121666 154.875
479 121666 154.876
480 121666 154.883
481 121666 154.862
482 121667 154.959
483 121667 154.964
484 121668 154.988
485 121668 155.055
486 121668 155.109
487 121668 155.08
488 121668 155.449
489 121669 155.579
490 121669 155.633
491 121669 155.651
492 121669 155.666
493 121670 155.711
494 121670 155.721
495 121670 155.786
496 121670 155.792
497 121670 155.838
498 121670 155.829
499 121670 155.86
500 121670 155.905
501 121671 155.973
502 121671 155.981
503 121671 156.026
504 121671 156.079
505 121672 156.107
506 121672 156.141
507 121672 156.183
508 121672 156.175
509 121672 156.188
510 121673 156.251
511 121673 156.32
