0 120051 104.917
1 120051 105.681
2 120050 105.383
3 120050 105.044
4 120048 104.714
5 120043 103.582
6 120038 101.933
7 120033 100.462
8 120029 99.1588
9 120025 97.9193
10 120021 96.8468
11 120018 95.8276
12 120015 94.9194
13 120012 94.0102
14 120010 93.1748
15 120008 92.4779
16 120005 91.6913
17 120003 90.0381
18 119999 89.0197
19 119996 87.409
20 119993 86.5721
21 119990 85.4305
22 119987 84.6688
23 119982 84.6483
24 119978 85.3999
25 119973 84.6505
26 119969 84.0113
27 119965 82.9747
28 119963 82.1279
29 119962 81.8721
30 119961 82.0309
31 119957 81
32 119952 79.9723
33 119950 78.962
34 119947 78.439
35 119944 77.6816
36 119941 76.9782
37 119942 77.8113
38 119944 78.9282
39 119944 79.1996
40 119945 79.4487
41 119946 80.2492
42 119948 80.9282
43 119950 81.6667
44 119952 82.3316
45 119953 82.8253
46 119955 83.1137
47 119956 83.329
48 119958 83.8548
49 119959 84.3663
50 119961 84.8054
51 119962 84.8996
52 119963 85.1902
53 119967 85.6258
54 119970 86.3249
55 119973 86.7481
56 119976 85.933
57 119980 86.4464
58 119982 86.9998
59 119984 87.3392
60 119986 87.5861
61 119988 87.8974
62 119989 87.8191
63 119990 87.9446
64 119992 87.9126
65 119992 87.5955
66 119994 87.4272
67 119994 87.9285
68 119997 88.7361
69 119999 88.8005
70 120001 88.7506
71 120003 89.6514
72 120006 90.4568
73 120008 90.7855
74 120009 90.9648
75 120009 90.8943
76 120009 91.3531
77 120009 91.5445
78 120009 91.8588
79 120011 92.5146
80 120012 92.4876
81 120012 92.3665
82 120013 92.3385
83 120015 93.0101
84 120015 93.1173
85 120013 92.7168
86 120011 91.9828
87 120010 91.6296
88 120007 91.0843
89 120006 91.5796
90 120007 92.3916
91 120009 93.1579
92 120011 93.9667
93 120011 94.4
94 120011 94.7289
95 120011 94.7781
96 120010 94.6769
97 120013 95.6928
98 120012 95.9918
99 120014 97.0975
100 120016 97.2037
101 120016 97.7297
102 120019 98.4896
103 120018 99.1666
104 120017 99.0759
105 120016 98.5697
106 120014 98.1316
107 120015 98.5348
108 120017 98.6739
109 120019 99.4234
110 120020 99.6657
111 120021 100.018
112 120022 100.793
113 120023 101.376
114 120023 102.262
115 120022 102.744
116 120021 103.023
117 120019 103.007
118 120019 102.952
119 120019 102.446
120 120019 103.364
121 120017 103.313
122 120017 103.108
123 120016 103.236
124 120014 103.17
125 120014 103.309
126 120015 103.858
127 120015 105.489
128 120016 106.853
129 120013 106.201
130 120013 106.438
131 120011 105.602
132 120007 105.06
133 120004 103.587
134 120000 102.433
135 119998 101.599
136 119996 101.263
137 119994 101.485
138 119993 101.902
139 119991 101.766
140 119988 100.943
141 119986 100.387
142 119986 100.256
143 119984 99.6334
144 119982 99.2577
145 119980 99.4623
146 119979 99.0578
147 119978 99.0583
148 119977 99.316
149 119977 99.871
150 119977 100.438
151 119976 100.654
152 119976 100.136
153 119976 99.8466
154 119973 99.0758
155 119971 98.1401
156 119969 97.1705
157 119967 97.1658
158 119965 96.647
159 119964 94.8993
160 119962 93.4978
161 119962 93.5387
162 119962 93.0836
163 119960 93.2517
164 119960 93.1775
165 119961 93.5643
166 119962 93.4288
167 119962 92.9202
168 119964 92.8272
169 119965 92.7117
170 119966 92.648
171 119967 92.2968
172 119968 92.6281
173 119965 93.001
174 119963 92.9209
175 119962 92.8581
176 119962 92.4657
177 119963 91.6113
178 119962 91.4293
179 119962 91.1132
180 119962 90.4207
181 119963 90.3044
182 119963 90.0154
183 119964 89.5034
184 119962 89.269
185 119961 88.4803
186 119960 88.1837
187 119960 88.0899
188 119961 89.4792
189 119961 89.0054
190 119961 88.8662
191 119961 89.6471
192 119963 91.501
193 119962 91.0353
194 119963 91.0589
195 119963 90.1782
196 119962 89.8047
197 119961 89.8299
198 119960 90.3323
199 119960 90.3828
200 119958 90.4273
201 119957 89.7204
202 119956 88.927
203 119955 89.307
204 119955 89.2856
205 119955 88.9421
206 119955 88.821
207 119954 88.4626
208 119952 88.4888
209 119951 88.6936
210 119950 88.8868
211 119949 88.3533
212 119949 88.1797
213 119948 87.5322
214 119947 87.6163
215 119946 87.7283
216 119947 87.5357
217 119948 88.6122
218 119948 88.4926
219 119948 88.4308
220 119947 87.1768
221 119947 87.9187
222 119947 88.6913
223 119947 89.4521
224 119946 88.6846
225 119947 89.5969
226 119946 90.2875
227 119947 91.1357
228 119949 92.9218
229 119948 93.8842
230 119949 93.6733
231 119947 93.4711
232 119947 93.7693
233 119949 95.2702
234 119950 95.8378
235 119950 96.3075
236 119952 97.0009
237 119953 98.0236
238 119955 98.7385
239 119957 100.149
240 119959 101.969
241 119962 101.934
242 119963 102.24
243 119964 102.329
244 119965 102.804
245 119967 104.03
246 119967 104.34
247 119969 105.358
248 119970 106.569
249 119973 106.873
250 119975 107.745
251 119977 108.326
252 119979 108.87
253 119982 108.286
254 119983 108.559
255 119984 107.948
256 119986 108.37
257 119986 108.222
258 119987 108.565
259 119986 108.372
260 119985 106.959
261 119986 105.916
262 119985 105.506
263 119986 105.503
264 119985 104.775
265 119984 104.472
266 119984 105.746
267 119984 105.276
268 119982 104.807
269 119980 103.695
270 119979 103.574
271 119979 103.918
272 119978 103.922
273 119976 105.001
274 119977 105.461
275 119975 105.062
276 119974 105.272
277 119972 104.866
278 119972 104.657
279 119969 103.435
280 119968 102.425
281 119966 101.621
282 119966 102.068
283 119965 102.49
284 119965 102.885
285 119963 103.736
286 119963 103.469
287 119963 104.663
288 119961 103.704
289 119961 103.885
290 119963 104.099
291 119965 104.996
292 119966 105.784
293 119966 106.28
294 119968 106.871
295 119971 108.319
296 119974 109.502
297 119976 109.851
298 119977 109.085
299 119979 109.926
300 119979 110.232
301 119981 110.374
302 119981 110.433
303 119981 109.445
304 119981 108.074
305 119983 107.782
306 119982 107.492
307 119984 108.224
308 119984 107.712
309 119984 107.249
310 119984 106.781
311 119985 108.13
312 119985 108.596
313 119984 108.358
314 119984 107.955
315 119985 108.157
316 119983 107.697
317 119982 106.919
318 119983 106.43
319 119983 106.039
320 119984 106.548
321 119985 106.555
322 119983 106.419
323 119984 106.283
324 119987 106.694
325 119987 106.561
326 119987 106.41
327 119987 107.433
328 119984 106.608
329 119983 105.496
330 119982 105.226
331 119981 104.213
332 119981 103.619
333 119981 102.955
334 119981 102.369
335 119981 102.093
336 119980 102.11
337 119978 100.837
338 119978 99.8231
339 119977 98.9922
340 119977 98.5228
341 119978 98.3527
342 119979 99.4303
343 119979 98.3345
344 119980 97.4855
345 119979 97.1296
346 119979 96.8303
347 119978 95.7393
348 119978 95.4373
349 119979 95.0714
350 119978 94.6807
351 119976 92.9701
352 119976 92.0617
353 119975 91.2475
354 119974 89.911
355 119971 88.6532
356 119968 87.4341
357 119967 86.7442
358 119966 86.0535
359 119964 83.4682
360 119965 83.6807
361 119966 83.9909
362 119967 84.4142
363 119966 83.6614
364 119966 83.3127
365 119966 83.4275
366 119966 83.7854
367 119966 84.2162
368 119966 83.3195
369 119965 83.3914
370 119964 83.316
371 119964 83.3019
372 119964 84.1052
373 119963 83.9416
374 119962 82.6263
375 119961 82.1554
376 119960 82.1316
377 119962 82.3516
378 119961 81.9149
379 119961 82.1938
380 119960 82.2428
381 119959 82.318
382 119958 81.8347
383 119957 82.6463
384 119957 82.4195
385 119957 82.6509
386 119956 82.6513
387 119955 82.4096
388 119955 82.255
389 119955 82.0387
390 119956 82.5221
391 119955 83.0625
392 119954 83.2174
393 119952 83.0826
394 119951 81.8137
395 119951 82.0366
396 119950 81.8613
397 119951 82.154
398 119951 82.5439
399 119950 82.1083
400 119952 83.0937
401 119954 84.5146
402 119955 85.7677
403 119958 86.4302
404 119957 85.5624
405 119957 85.4487
406 119958 85.9689
407 119958 86.0942
408 119958 86.8132
409 119958 87.7849
410 119960 88.6327
411 119961 89.1802
412 119962 89.5776
413 119964 90.1792
414 119967 91.1541
415 119968 90.8896
416 119970 91.7955
417 119972 93.1597
418 119975 94.1312
419 119978 94.6074
420 119981 95.1483
421 119983 95.7062
422 119986 95.7873
423 119989 95.739
424 119991 95.7543
425 119993 96.5793
426 119994 98.0619
427 119994 98.1619
428 119994 98.621
429 119993 98.4523
430 119994 97.9239
431 119994 98.0012
432 119993 98.1696
433 119992 97.6001
434 119991 97.3094
435 119989 97.6102
436 119990 97.8868
437 119990 98.7199
438 119990 99.3769
439 119990 99.8523
440 119990 99.5074
441 119989 99.0257
442 119989 98.9845
443 119989 98.7417
444 119988 98.6146
445 119988 98.4352
446 119987 98.7528
447 119985 98.9435
448 119983 98.4907
449 119982 97.5338
450 119979 96.9758
451 119978 97.596
452 119975 97.9513
453 119974 98.3063
454 119972 99.2746
455 119972 100.237
456 119969 100.925
457 119969 101.786
458 119968 100.982
459 119969 101.373
460 119969 101.724
461 119971 102.957
462 119971 103.37
463 119972 106.008
464 119973 106.072
465 119975 106.13
466 119979 108.667
467 119984 110.158
468 119986 111.227
469 119987 110.69
470 119988 110.707
471 119989 111.989
472 119990 112.172
473 119991 112.251
474 119990 111.704
475 119989 111.266
476 119989 110.836
477 119990 110.939
478 119991 111.341
479 119990 110.489
480 119990 110.276
481 119991 112.965
482 119991 113.477
483 119991 113.215
484 119991 112.823
485 119990 112.465
486 119989 111.457
487 119988 110.973
488 119989 110.133
489 119988 109.016
490 119989 109.019
491 119989 108.998
492 119988 108.343
493 119987 107.64
494 119987 107.858
495 119987 105.489
496 119984 105.134
497 119984 105.142
498 119980 102.254
499 119974 100.526
500 119973 99.8196
501 119973 100.398
502 119971 100.097
503 119970 98.7736
504 119970 98.9062
505 119969 99.0475
506 119970 99.7369
507 119971 100.533
508 119972 101.53
509 119969 101.669
510 119968 100.506
511 119970 102.099
