0 120074 83.7923
1 120073 83.4255
2 120073 83.2725
3 120073 83.3266
4 120073 83.3922
5 120073 83.2673
6 120074 83.3411
7 120073 83.4068
8 120072 83.2969
9 120072 83.2545
10 120072 83.1838
11 120071 83.0026
12 120071 83.4186
13 120071 83.7201
14 120071 83.7792
15 120071 84.6489
16 120071 85.6519
17 120071 85.6593
18 120071 85.9216
19 120070 85.9229
20 120069 85.6923
21 120068 85.8948
22 120067 85.7646
23 120067 85.7227
24 120067 85.9915
25 120067 86.0023
26 120068 86.2129
27 120069 86.5809
28 120069 86.8268
29 120070 87.5067
30 120068 87.1296
31 120068 87.0955
32 120067 86.8126
33 120066 86.6308
34 120065 86.3337
35 120064 86.0123
36 120063 85.6584
37 120063 85.3906
38 120062 84.9896
39 120061 84.587
40 120061 84.3094
41 120060 84.003
42 120060 83.7514
43 120060 83.5398
44 120059 82.858
45 120058 82.2585
46 120057 81.8368
47 120056 80.6351
48 120055 79.2712
49 120054 78.9242
50 120054 78.4008
51 120053 77.8086
52 120053 77.679
53 120052 76.9661
54 120052 76.7148
55 120051 76.4103
56 120050 75.7386
57 120049 75.4213
58 120048 74.8612
59 120046 74.1057
60 120045 73.4848
61 120043 72.6148
62 120043 72.5028
63 120044 72.3826
64 120044 72.455
65 120044 72.4909
66 120044 72.5186
67 120044 72.503
68 120043 72.4421
69 120043 72.4727
70 120043 72.498
71 120043 72.5309
72 120043 72.5453
73 120042 72.5334
74 120042 72.4955
75 120042 72.7385
76 120042 73.3557
77 120042 73.7487
78 120043 74.7484
79 120043 74.7531
80 120044 76.0371
81 120044 77.3393
82 120045 77.3951
83 120044 77.4374
84 120044 77.4246
85 120044 78.1286
86 120045 78.4144
87 120045 78.3725
88 120044 78.4666
89 120044 78.4853
90 120044 78.5038
91 120044 78.4686
92 120043 78.3561
93 120043 78.3581
94 120043 78.2998
95 120042 78.1662
96 120042 78.11
97 120042 78.0914
98 120042 78.1377
99 120042 78.0968
100 120042 78.1037
101 120041 78.0328
102 120041 77.9657
103 120041 77.8994
104 120041 77.8651
105 120040 77.8753
106 120040 77.8877
107 120040 77.6986
108 120040 77.0482
109 120039 76.6243
110 120038 75.6201
111 120038 75.6073
112 120037 74.2628
113 120036 72.9362
114 120036 72.8792
115 120036 72.8507
116 120035 72.8287
117 120035 72.0873
118 120034 71.759
119 120034 71.7759
120 120034 71.6769
121 120033 71.6303
122 120033 71.6188
123 120034 71.7303
124 120034 71.8062
125 120035 71.8994
126 120035 72.0256
127 120036 72.2251
128 120037 72.3507
129 120037 72.3386
130 120036 72.3279
131 120036 72.3144
132 120036 72.2865
133 120036 72.2848
134 120036 72.2977
135 120036 72.2866
136 120036 72.2827
137 120035 72.2309
138 120035 72.1755
139 120034 72.09
140 120034 72.0479
141 120034 72.0086
142 120034 71.9963
143 120034 71.9605
144 120034 71.9503
145 120034 71.9426
146 120034 72.0013
147 120034 72.0105
148 120034 72.0204
149 120034 72.0475
150 120034 72.0769
151 120034 72.0641
152 120034 72.0648
153 120034 72.0569
154 120034 72.0223
155 120033 71.9371
156 120033 71.8875
157 120032 71.7688
158 120032 71.6318
159 120031 71.4484
160 120030 71.2988
161 120030 71.3828
162 120030 71.3302
163 120030 71.3081
164 120030 71.3764
165 120031 71.4334
166 120031 71.441
167 120031 71.4621
168 120031 71.5134
169 120032 71.6799
170 120033 71.7669
171 120033 71.9471
172 120034 72.6331
173 120034 72.6553
174 120034 72.6378
175 120034 72.6483
176 120034 72.6393
177 120034 72.5999
178 120033 72.49
179 120033 72.441
180 120033 72.4033
181 120033 72.3495
182 120034 73.3162
183 120035 74.3803
184 120035 74.9206
185 120035 75.349
186 120036 76.0916
187 120038 76.5728
188 120039 76.9103
189 120041 77.3481
190 120042 77.7356
191 120043 78.0535
192 120044 78.8582
193 120045 79.2873
194 120045 79.8007
195 120045 79.8231
196 120045 79.7787
197 120045 79.735
198 120045 79.7176
199 120046 79.729
200 120046 79.6821
201 120045 79.5115
202 120045 79.4277
203 120044 79.2562
204 120044 78.5884
205 120044 78.5748
206 120044 78.5696
207 120044 78.5696
208 120045 78.5813
209 120045 78.5901
210 120045 78.5991
211 120045 78.6085
212 120045 78.6208
213 120045 78.6299
214 120044 77.6504
215 120043 76.5668
216 120043 75.9967
217 120043 75.5488
218 120042 74.7834
219 120040 74.2682
220 120039 73.9042
221 120037 73.4642
222 120036 73.0599
223 120035 72.7163
224 120034 71.9084
225 120032 71.3383
226 120032 70.8003
227 120032 70.7644
228 120032 70.8312
229 120032 70.8241
230 120031 70.8026
231 120031 70.7822
232 120030 70.7645
233 120030 70.7638
234 120030 70.7534
235 120030 70.7455
236 120030 70.7721
237 120029 70.7661
238 120029 70.7695
239 120029 70.7581
240 120029 70.7824
241 120029 70.804
242 120029 70.7997
243 120029 70.8258
244 120029 70.8506
245 120029 70.8654
246 120029 70.8645
247 120029 70.8741
248 120029 70.8901
249 120029 70.9169
250 120029 70.9699
251 120029 70.9969
252 120029 71.0446
253 120029 71.0408
254 120029 71.0578
255 120029 71.1213
256 120031 71.5446
257 120031 71.6155
258 120031 71.6381
259 120031 71.6632
260 120031 71.5783
261 120031 71.5757
262 120031 71.5908
263 120031 71.6013
264 120032 71.6105
265 120032 71.6294
266 120032 71.6303
267 120032 71.6668
268 120032 71.6319
269 120032 71.6305
270 120032 71.6429
271 120032 71.6528
272 120031 71.627
273 120031 71.6162
274 120031 71.6104
275 120031 71.591
276 120031 71.5776
277 120031 71.5862
278 120031 71.5874
279 120030 71.5828
280 120030 71.615
281 120030 71.6325
282 120030 71.6056
283 120029 71.5658
284 120029 71.537
285 120029 71.5652
286 120029 71.5617
287 120028 71.5126
288 120027 71.0943
289 120027 71.0314
290 120027 71.0081
291 120026 70.9851
292 120026 70.96
293 120026 70.9771
294 120026 70.9513
295 120025 70.9158
296 120025 70.8968
297 120025 70.8704
298 120025 70.8614
299 120025 70.8134
300 120025 70.8265
301 120025 70.8158
302 120025 70.7956
303 120025 70.7707
304 120025 70.7549
305 120025 70.723
306 120025 70.724
307 120025 70.7123
308 120024 70.6898
309 120024 70.6554
310 120024 70.6377
311 120024 70.6402
312 120024 70.5724
313 120024 70.5197
314 120024 70.5387
315 120024 70.5757
316 120024 70.5471
317 120024 70.5241
318 120024 70.5273
319 120024 70.5095
320 120024 70.5001
321 120024 70.5149
322 120024 70.4846
323 120024 70.4838
324 120024 70.4953
325 120024 70.4731
326 120024 70.4963
327 120024 70.5251
328 120024 70.5163
329 120024 70.5151
330 120024 70.5174
331 120024 70.5354
332 120024 70.5179
333 120024 70.5081
334 120024 70.5088
335 120024 70.5075
336 120024 70.5222
337 120024 70.5656
338 120024 70.5856
339 120024 70.588
340 120024 70.5942
341 120024 70.5912
342 120024 70.5665
343 120025 70.5559
344 120025 70.5671
345 120025 70.5595
346 120025 70.5281
347 120025 70.5003
348 120025 70.5197
349 120025 70.5157
350 120025 70.4973
351 120025 70.513
352 120025 70.5065
353 120026 70.5223
354 120026 70.5577
355 120026 70.5519
356 120026 70.5536
357 120026 70.5603
358 120026 70.5706
359 120026 70.5355
360 120027 70.554
361 120027 70.5735
362 120027 70.5855
363 120027 70.5768
364 120027 70.5724
365 120027 70.5865
366 120027 70.5773
367 120027 70.6072
368 120027 70.6624
369 120027 70.6497
370 120028 70.6499
371 120028 70.6681
372 120028 70.6838
373 120028 70.7081
374 120028 70.723
375 120029 70.7472
376 120029 70.7854
377 120029 70.7969
378 120029 70.8035
379 120029 70.7868
380 120029 70.7858
381 120030 70.7922
382 120030 70.7998
383 120030 70.8035
384 120030 70.8137
385 120030 70.7882
386 120030 70.769
387 120030 70.7779
388 120030 70.7783
389 120031 70.7504
390 120031 70.7516
391 120031 70.7666
392 120031 70.7612
393 120031 70.7378
394 120031 70.7675
395 120032 70.8098
396 120032 70.8445
397 120032 70.8478
398 120032 70.858
399 120033 70.8431
400 120033 70.7864
401 120033 70.7834
402 120033 70.7798
403 120033 70.777
404 120033 70.7616
405 120033 70.7751
406 120033 70.7905
407 120033 70.7763
408 120033 70.7491
409 120034 70.7569
410 120034 70.7572
411 120034 70.7818
412 120034 70.7801
413 120034 70.7765
414 120034 70.811
415 120034 70.8336
416 120034 70.9033
417 120034 70.928
418 120034 70.9342
419 120034 70.927
420 120034 70.9507
421 120034 70.9757
422 120034 70.9747
423 120035 71.0719
424 120035 71.0757
425 120035 71.0727
426 120035 71.049
427 120035 70.9992
428 120035 70.9743
429 120035 70.9747
430 120035 70.9688
431 120035 70.9584
432 120035 70.9574
433 120035 70.9905
434 120035 70.981
435 120036 71.332
436 120036 71.3695
437 120036 71.3812
438 120036 71.3705
439 120036 71.4059
440 120036 71.4017
441 120036 71.405
442 120036 71.4305
443 120036 71.4288
444 120036 71.4583
445 120036 71.4648
446 120036 71.4625
447 120036 71.436
448 120036 71.4164
449 120036 71.4118
450 120037 71.4229
451 120036 71.4482
452 120037 71.4478
453 120037 71.4484
454 120037 71.4511
455 120038 71.3776
456 120038 71.3807
457 120038 71.4058
458 120038 71.406
459 120039 71.4302
460 120039 71.5061
461 120040 71.5119
462 120040 71.5239
463 120041 71.5335
464 120041 71.5261
465 120041 71.5007
466 120041 71.5226
467 120041 71.1572
468 120042 71.131
469 120042 71.1191
470 120043 71.1383
471 120043 71.0875
472 120043 71.1237
473 120044 71.1333
474 120045 71.111
475 120045 71.1015
476 120045 71.0792
477 120046 71.089
478 120046 71.0771
479 120047 71.0976
480 120047 71.1333
481 120048 71.206
482 120048 71.2349
483 120048 71.2366
484 120048 71.2516
485 120048 71.2556
486 120049 71.2647
487 120049 71.2554
488 120049 71.2714
489 120049 71.2665
490 120049 71.2683
491 120049 71.2809
492 120049 71.1987
493 120049 71.2054
494 120049 71.2252
495 120048 71.2192
496 120048 71.2247
497 120048 71.233
498 120048 71.2282
499 120048 71.2517
500 120048 71.2708
501 120048 71.2729
502 120048 71.2704
503 120048 71.3052
504 120048 71.2967
505 120048 71.3032
506 120048 71.3119
507 120048 71.3405
508 120048 71.3699
509 120048 71.378
510 120048 71.3902
511 120048 71.3874
