0 122374 1295.37
1 122373 1321.52
2 122397 1286.83
3 122382 1290.54
4 122363 1313.97
5 122399 1275.9
6 122382 1286.87
7 122369 1310.13
8 122388 1267.17
9 122370 1267.76
10 122371 1282.75
11 122378 1261.41
12 122364 1263.62
13 122379 1252.78
14 122384 1238.28
15 122379 1241.45
16 122387 1233.46
17 122377 1216.5
18 122371 1219.51
19 122394 1187.55
20 122380 1186.75
21 122381 1189.75
22 122409 1149.05
23 122379 1172.78
24 122390 1168.66
25 122395 1149.5
26 122381 1178.19
27 122406 1166.94
28 122413 1145.71
29 122407 1155.32
30 122437 1130.57
31 122421 1140.46
32 122410 1151.4
33 122426 1127.98
34 122416 1146.14
35 122405 1161.09
36 122438 1122.47
37 122404 1152.49
38 122418 1155.47
39 122432 1130.91
40 122417 1167.93
41 122438 1176.8
42 122444 1158.92
43 122429 1188.19
44 122450 1197.87
45 122442 1213.52
46 122434 1230.55
47 122456 1202.51
48 122465 1179.53
49 122468 1193.43
50 122501 1155.03
51 122498 1145.84
52 122503 1168.17
53 122517 1144.61
54 122499 1187.38
55 122511 1203.36
56 122525 1169.42
57 122519 1173.45
58 122530 1182.81
59 122529 1186.71
60 122516 1203.69
61 122534 1205.43
62 122543 1180.7
63 122543 1182.96
64 122575 1142.82
65 122557 1150.94
66 122552 1156.02
67 122580 1124.01
68 122556 1161.09
69 122565 1171.71
70 122561 1165.11
71 122553 1186.83
72 122563 1190.69
73 122564 1183.06
74 122551 1198.65
75 122571 1188.36
76 122569 1181.16
77 122543 1187.52
78 122570 1163.86
79 122543 1202.21
80 122529 1240.39
81 122534 1225.7
82 122509 1284.22
83 122494 1332.58
84 122492 1321.29
85 122484 1346.8
86 122498 1336.88
87 122502 1318.11
88 122485 1349.89
89 122498 1353.15
90 122491 1340.9
91 122471 1340.56
92 122500 1305.72
93 122479 1304.35
94 122463 1334.41
95 122477 1308.91
96 122462 1328.35
97 122471 1321.06
98 122476 1310.13
99 122461 1335.85
100 122481 1323.84
101 122493 1282.97
102 122496 1292.57
103 122516 1245.51
104 122514 1217.88
105 122503 1217.82
106 122527 1175.53
107 122529 1150.6
108 122524 1149.04
109 122562 1105.04
110 122550 1100.7
111 122563 1093.56
112 122574 1054.19
113 122562 1058
114 122577 1025.92
115 122594 987.127
116 122597 980.157
117 122586 985.867
118 122589 953.41
119 122574 965.116
120 122573 977.994
121 122566 969.064
122 122559 971.481
123 122581 963.974
124 122562 986.656
125 122564 994.13
126 122566 1005.87
127 122544 1046.79
128 122522 1083.08
129 122536 1089.22
130 122535 1090.37
131 122542 1076.42
132 122546 1047.27
133 122507 1089.46
134 122510 1105.22
135 122505 1109.82
136 122508 1119.25
137 122530 1093.32
138 122533 1094.51
139 122528 1106.27
140 122514 1108.5
141 122521 1117.19
142 122488 1159.65
143 122490 1169.33
144 122479 1198.29
145 122479 1222.14
146 122475 1236.37
147 122457 1259.12
148 122451 1273.4
149 122473 1264.89
150 122456 1303.73
151 122456 1310.45
152 122468 1301.28
153 122467 1319.4
154 122447 1338.81
155 122462 1326.32
156 122440 1348.47
157 122448 1362.62
158 122451 1341.13
159 122446 1353.55
160 122462 1353.48
161 122438 1363.28
162 122419 1389.29
163 122427 1408.11
164 122408 1444.69
165 122422 1446.61
166 122424 1431.73
167 122405 1476.63
168 122364 1511.89
169 122368 1516.85
170 122329 1563.91
171 122322 1587.56
172 122346 1557.21
173 122321 1575.5
174 122350 1555.01
175 122354 1519.3
176 122337 1528.4
177 122352 1519.71
178 122340 1522.71
179 122331 1542.8
180 122343 1539.94
181 122332 1529.6
182 122315 1529.39
183 122345 1491.2
184 122317 1497.38
185 122319 1500
186 122354 1457.85
187 122327 1475.1
188 122351 1452.74
189 122359 1409.65
190 122339 1416.27
191 122361 1395.23
192 122363 1375.93
193 122357 1380.36
194 122382 1364.26
195 122375 1355.4
196 122354 1359.5
197 122393 1316.73
198 122380 1300.96
199 122385 1298.21
200 122428 1251.89
201 122396 1285.24
202 122415 1283.17
203 122413 1274.98
204 122396 1318.69
205 122405 1341.77
206 122401 1359.22
207 122389 1390.62
208 122413 1385.94
209 122405 1376.11
210 122407 1359.13
211 122437 1314
212 122419 1314.28
213 122420 1324.81
214 122448 1303.6
215 122416 1355.24
216 122430 1360.23
217 122423 1356.57
218 122400 1398.63
219 122412 1405.46
220 122410 1417.78
221 122386 1458.01
222 122404 1473.98
223 122390 1486.8
224 122356 1509.28
225 122389 1477.75
226 122367 1489.8
227 122361 1501.38
228 122393 1468.69
229 122356 1515.03
230 122359 1529.71
231 122360 1512.71
232 122343 1543.21
233 122359 1536.38
234 122362 1526.63
235 122359 1531
236 122368 1520.24
237 122366 1505.6
238 122340 1504
239 122367 1472.6
240 122348 1483.58
241 122340 1496.16
242 122355 1481.01
243 122318 1534.21
244 122324 1548.9
245 122318 1545.13
246 122304 1576.36
247 122325 1564.01
248 122329 1561.5
249 122323 1574.1
250 122340 1563.83
251 122333 1565.54
252 122303 1579.67
253 122340 1542.6
254 122323 1550.41
255 122318 1563
256 122364 1516.59
257 122323 1567.08
258 122332 1581.15
259 122326 1576.17
260 122302 1627.86
261 122320 1630.83
262 122320 1638.93
263 122310 1668.38
264 122319 1676.53
265 122308 1686.44
266 122275 1709.09
267 122306 1685.14
268 122281 1711.61
269 122271 1738.97
270 122306 1706.78
271 122265 1759.03
272 122276 1765.93
273 122272 1760.73
274 122263 1801.05
275 122278 1788.33
276 122278 1779.08
277 122282 1787.94
278 122286 1787.96
279 122273 1787.63
280 122242 1804.62
281 122275 1769.76
282 122250 1785.68
283 122235 1811.53
284 122274 1767.04
285 122221 1824.61
286 122230 1829.97
287 122226 1812.04
288 122207 1854.03
289 122222 1844.63
290 122224 1826.88
291 122225 1825.18
292 122238 1807.33
293 122226 1795.28
294 122193 1803.3
295 122227 1760.7
296 122204 1763.29
297 122189 1779.79
298 122232 1729.32
299 122181 1774.32
300 122195 1762.83
301 122192 1743.61
302 122169 1784.02
303 122191 1771.13
304 122191 1756.57
305 122193 1761.43
306 122197 1743.03
307 122203 1708.69
308 122190 1704.47
309 122215 1668.29
310 122213 1646.97
311 122205 1645.33
312 122251 1585.49
313 122232 1592.7
314 122256 1578.28
315 122285 1515.66
316 122270 1537.26
317 122321 1477.73
318 122336 1432.21
319 122351 1421.13
320 122377 1373.78
321 122377 1352.33
322 122380 1346.16
323 122413 1310.6
324 122391 1320.81
325 122382 1342.77
326 122434 1285.87
327 122366 1337.96
328 122379 1348.91
329 122385 1334.56
330 122345 1395.35
331 122370 1393.96
332 122361 1394.32
333 122345 1420.93
334 122351 1427.11
335 122319 1435.81
336 122286 1470.79
337 122315 1446.67
338 122276 1476.05
339 122255 1525.1
340 122286 1488.32
341 122226 1539.95
342 122224 1567.55
343 122234 1555.24
344 122188 1610.52
345 122190 1634.18
346 122176 1631.55
347 122138 1688.2
348 122144 1699.02
349 122097 1739.23
350 122061 1783.92
351 122076 1768.26
352 122028 1819.65
353 122008 1854.35
354 122025 1820.36
355 121956 1878.75
356 121972 1881
357 121980 1854.87
358 121931 1915.5
359 121978 1900.97
360 121976 1881.17
361 121962 1896.17
362 121988 1876.4
363 121964 1868.53
364 121958 1872.04
365 122003 1819.49
366 121991 1810.86
367 122002 1806.23
368 122051 1739.96
369 122008 1765.53
370 122039 1748.85
371 122057 1709.33
372 122019 1760.76
373 122066 1731.71
374 122066 1707.37
375 122047 1738.28
376 122081 1718.52
377 122052 1721.03
378 122044 1736.31
379 122083 1693.88
380 122056 1704.23
381 122062 1714.19
382 122106 1662.02
383 122046 1707.29
384 122100 1664.34
385 122124 1647.05
386 122082 1700.03
387 122116 1695.23
388 122135 1679.64
389 122119 1699.51
390 122131 1701.61
391 122154 1664.34
392 122119 1681.39
393 122155 1672.03
394 122156 1655.51
395 122164 1671.58
396 122190 1654.73
397 122169 1668.7
398 122173 1681.24
399 122194 1666.32
400 122154 1713.81
401 122176 1717.72
402 122191 1706.83
403 122168 1744.63
404 122178 1742.81
405 122192 1721.61
406 122161 1746.34
407 122190 1720.85
408 122190 1705.59
409 122191 1713.63
410 122210 1699.89
411 122191 1713.63
412 122191 1716.09
413 122225 1682.6
414 122190 1720.27
415 122229 1704.92
416 122216 1711.23
417 122200 1710.28
418 122209 1694.55
419 122242 1640.26
420 122201 1651.59
421 122223 1639.81
422 122249 1591.75
423 122198 1635.7
424 122241 1629.45
425 122230 1602.62
426 122195 1632.15
427 122224 1606.09
428 122201 1611.05
429 122192 1635.97
430 122214 1603.73
431 122200 1615.22
432 122197 1612.7
433 122217 1573.76
434 122175 1591.21
435 122195 1574.78
436 122217 1536.3
437 122173 1573.98
438 122207 1564.64
439 122201 1552.72
440 122169 1583.33
441 122201 1565.8
442 122183 1567.47
443 122177 1578.23
444 122211 1549.01
445 122182 1569.54
446 122178 1567.17
447 122199 1529.54
448 122158 1558.44
449 122171 1551.57
450 122196 1522.61
451 122154 1567.83
452 122183 1552.6
453 122187 1525.52
454 122160 1556.49
455 122197 1526.98
456 122182 1514.98
457 122176 1533.97
458 122218 1508.07
459 122193 1517.98
460 122194 1511.71
461 122224 1462.2
462 122185 1489.78
463 122197 1470.91
464 122237 1424.68
465 122199 1461.55
466 122231 1436.67
467 122232 1419.71
468 122204 1457.68
469 122237 1441.58
470 122226 1433.22
471 122220 1457.1
472 122255 1439.95
473 122230 1451.43
474 122230 1451.92
475 122260 1421.34
476 122222 1452.64
477 122236 1454.6
478 122272 1418.43
479 122237 1459.29
480 122270 1450.16
481 122269 1436.65
482 122239 1473.78
483 122274 1449.34
484 122266 1443.51
485 122253 1472.25
486 122282 1451.17
487 122266 1450.56
488 122268 1451.14
489 122297 1409.09
490 122278 1412.49
491 122288 1404.88
492 122320 1367.57
493 122287 1396.16
494 122318 1377.42
495 122318 1366.29
496 122291 1404.62
497 122304 1392.99
498 122296 1401.65
499 122294 1411.43
500 122313 1391.96
501 122296 1393.82
502 122307 1389.4
503 122311 1370.5
504 122297 1370.17
505 122312 1348.6
506 122332 1335.41
507 122293 1368.87
508 122335 1330.82
509 122332 1302.94
510 122304 1351.16
511 122326 1321.62
