0 120178 136.886
1 120176 135.277
2 120174 133.213
3 120174 133.427
4 120171 132.366
5 120172 131.693
6 120171 130.937
7 120172 131.082
8 120173 129.698
9 120173 128.309
10 120175 129.246
11 120177 129.272
12 120178 129.966
13 120177 128.913
14 120177 127.546
15 120178 127.072
16 120179 126.406
17 120181 127.424
18 120183 128.54
19 120183 128.274
20 120183 129.214
21 120183 129.264
22 120183 129.281
23 120181 128.136
24 120180 128.444
25 120178 128.457
26 120178 127.984
27 120175 125.861
28 120172 125.101
29 120169 123.141
30 120167 122.172
31 120161 118.712
32 120160 116.707
33 120159 116.034
34 120159 115.892
35 120157 114.522
36 120157 114.6
37 120156 113.979
38 120154 113.576
39 120152 112.152
40 120151 113.069
41 120149 112.832
42 120145 110.64
43 120141 109.534
44 120141 109.319
45 120143 111.184
46 120143 112.403
47 120142 112.529
48 120141 113.548
49 120139 112.328
50 120137 111.039
51 120138 110.799
52 120139 110.571
53 120140 111.521
54 120143 112.287
55 120143 111.991
56 120146 112.386
57 120150 113.265
58 120150 114.904
59 120150 112.538
60 120153 114.173
61 120155 114.937
62 120156 114.114
63 120158 113.438
64 120159 113.958
65 120161 114.096
66 120160 113.694
67 120161 118.75
68 120160 117.854
69 120159 117.277
70 120159 116.591
71 120158 116.218
72 120157 115.111
73 120156 115.044
74 120156 115.63
75 120156 115.368
76 120156 114.206
77 120154 112.855
78 120153 112.105
79 120151 111.432
80 120151 110.87
81 120151 110.665
82 120152 113.799
83 120152 113.295
84 120155 115.534
85 120157 116.033
86 120158 116.112
87 120158 117.267
88 120157 116.972
89 120154 115.149
90 120153 113.229
91 120151 111.984
92 120149 110.163
93 120149 109.889
94 120149 110.083
95 120150 115.116
96 120150 115.383
97 120150 115.289
98 120152 115.789
99 120152 110.718
100 120153 111.857
101 120153 112.356
102 120155 113.399
103 120156 114.059
104 120158 114.925
105 120160 115.192
106 120163 119.778
107 120164 119.819
108 120164 120.552
109 120164 119.921
110 120164 119.695
111 120165 119.529
112 120164 118.932
113 120164 119.684
114 120164 117.096
115 120162 116.164
116 120157 111.88
117 120153 110.211
118 120152 109.528
119 120152 108.935
120 120152 108.692
121 120152 108.464
122 120153 108.501
123 120154 108.982
124 120155 110.19
125 120156 110.723
126 120156 111.479
127 120156 106.877
128 120157 106.898
129 120158 108.078
130 120158 108.374
131 120158 108.291
132 120159 108.184
133 120160 107.766
134 120159 107.014
135 120160 106.526
136 120158 105.68
137 120158 105.29
138 120156 100.282
139 120156 100.258
140 120155 98.8317
141 120155 98.8077
142 120155 98.6644
143 120156 99.3374
144 120157 99.633
145 120160 101.946
146 120163 104.133
147 120166 106.429
148 120168 108.459
149 120171 111.623
150 120172 113.315
151 120174 114.078
152 120175 114.819
153 120176 116.102
154 120176 116.661
155 120175 116.411
156 120177 116.784
157 120177 116.227
158 120179 116.162
159 120179 116.734
160 120181 117.386
161 120181 116.212
162 120182 116.356
163 120184 117.862
164 120184 119.585
165 120185 119.974
166 120185 119.938
167 120185 120.571
168 120188 121.85
169 120190 123.018
170 120193 123.698
171 120197 127.121
172 120198 129.422
173 120201 129.55
174 120203 129.804
175 120203 129.698
176 120203 129.991
177 120200 127.446
178 120196 124.344
179 120194 123.484
180 120194 123.121
181 120191 120.448
182 120190 119.011
183 120190 119.536
184 120189 118.722
185 120188 118.318
186 120189 118.252
187 120190 118.921
188 120189 118.683
189 120189 119.244
190 120187 119.124
191 120189 119.887
192 120188 119.822
193 120187 120.23
194 120187 120.391
195 120186 119.245
196 120186 117.443
197 120186 118.385
198 120185 118.717
199 120185 118.438
200 120182 116.854
201 120180 116.635
202 120178 115.723
203 120173 112.296
204 120173 111.093
205 120172 111.385
206 120170 110.864
207 120170 110.374
208 120170 109.78
209 120169 109.224
210 120170 109.3
211 120170 108.896
212 120169 108.4
213 120171 109.331
214 120171 108.954
215 120172 107.931
216 120171 107.409
217 120172 107.331
218 120173 107.519
219 120174 107.29
220 120174 106.886
221 120176 106.532
222 120177 106.786
223 120176 105.683
224 120176 105.656
225 120179 106.195
226 120179 106.262
227 120181 107.373
228 120183 108.708
229 120184 108.657
230 120186 109.748
231 120190 111.616
232 120193 112.514
233 120195 112.321
234 120196 112.824
235 120197 113.382
236 120197 113.166
237 120199 114.947
238 120199 115.031
239 120199 115.399
240 120199 115.955
241 120200 116.704
242 120199 116.612
243 120200 116.954
244 120200 116.263
245 120198 115.385
246 120198 115.752
247 120198 115.047
248 120198 115.854
249 120197 116.469
250 120199 118.658
251 120200 120.238
252 120202 121.606
253 120204 124.277
254 120206 125.373
255 120207 127.334
256 120209 129.097
257 120209 129.953
258 120211 131.95
259 120211 131.871
260 120211 131.708
261 120212 133.014
262 120213 134.219
263 120215 135.446
264 120213 135.774
265 120212 136.454
266 120213 138.062
267 120215 138.737
268 120214 138.551
269 120213 137.749
270 120216 139.734
271 120218 141.658
272 120220 143.279
273 120222 145.471
274 120225 147.104
275 120227 148.709
276 120230 150.627
277 120233 152.718
278 120235 154.275
279 120236 156.445
280 120238 157.586
281 120243 157.513
282 120243 159.385
283 120245 159.785
284 120244 159.202
285 120243 158.489
286 120242 158.184
287 120240 157.228
288 120237 154.721
289 120235 153.652
290 120233 152.178
291 120233 152.402
292 120233 152.389
293 120232 152.004
294 120229 150.771
295 120225 148.66
296 120225 148.703
297 120226 148.915
298 120226 148.871
299 120224 148.79
300 120224 148.918
301 120222 148.092
302 120220 147.225
303 120219 146.756
304 120218 145.484
305 120217 142.996
306 120215 141.985
307 120212 140.242
308 120208 138.937
309 120207 137.688
310 120204 136.568
311 120202 134.873
312 120198 133.958
313 120192 133.95
314 120188 129.916
315 120184 129.003
316 120180 127.91
317 120178 126.622
318 120176 125.65
319 120177 125.583
320 120175 125.539
321 120174 124.986
322 120172 124.243
323 120171 123.221
324 120167 122.009
325 120165 120.993
326 120166 122.095
327 120166 122.418
328 120167 124.655
329 120166 125.723
330 120167 125.768
331 120167 127.347
332 120168 128.803
333 120169 129.328
334 120169 129.691
335 120168 129.456
336 120167 129.748
337 120164 129.172
338 120163 129.724
339 120162 129.095
340 120163 130.13
341 120161 129.417
342 120159 128.709
343 120160 130.212
344 120159 129.671
345 120159 129.111
346 120159 130.266
347 120158 129.867
348 120159 130.935
349 120159 131.523
350 120158 131.648
351 120157 130.862
352 120156 131.362
353 120157 132.86
354 120159 134.922
355 120159 135.424
356 120161 135.889
357 120161 136.633
358 120160 135.952
359 120160 136.769
360 120158 133.601
361 120157 132.608
362 120153 132.552
363 120153 131.376
364 120152 130.627
365 120151 130.831
366 120151 129.838
367 120151 129.114
368 120149 127.934
369 120151 129.211
370 120151 128.283
371 120152 128.449
372 120150 126.783
373 120150 126.593
374 120151 127.901
375 120151 125.821
376 120151 125.785
377 120152 125.632
378 120151 124.493
379 120152 124.811
380 120152 126.129
381 120150 124.687
382 120152 127.425
383 120151 127.386
384 120155 129.6
385 120156 129.598
386 120155 128.609
387 120154 128.324
388 120154 127.127
389 120153 125.476
390 120152 124.99
391 120151 124.509
392 120152 126.279
393 120152 127.08
394 120154 126.773
395 120154 126.764
396 120157 126.31
397 120156 126.633
398 120158 127.591
399 120160 127.881
400 120161 129.152
401 120161 128.531
402 120162 128.986
403 120163 130.259
404 120164 131.786
405 120166 133.272
406 120168 136.852
407 120168 137.788
408 120171 141.052
409 120172 142.008
410 120175 143.744
411 120174 143.504
412 120173 140.879
413 120175 140.847
414 120173 137.715
415 120173 137.016
416 120169 135.662
417 120168 135.394
418 120167 135.086
419 120167 135.451
420 120167 136.857
421 120166 137.536
422 120165 136.161
423 120164 135.02
424 120162 133.382
425 120161 131.481
426 120159 130.741
427 120159 130.872
428 120157 130.656
429 120161 133.864
430 120165 135.569
431 120167 139.04
432 120173 140.827
433 120177 142.748
434 120183 144.61
435 120188 146.837
436 120197 148.995
437 120201 150.244
438 120212 151.681
439 120214 152.716
440 120213 150.672
441 120213 151.874
442 120221 154.921
443 120234 158.256
444 120237 161.046
445 120238 162.365
446 120239 162.958
447 120243 165.31
448 120246 167.945
449 120248 168.561
450 120250 171.763
451 120254 172.679
452 120256 176.15
453 120257 176.55
454 120258 176.648
455 120259 177.733
456 120260 179.815
457 120260 179.858
458 120259 178.939
459 120258 177.607
460 120256 176.944
461 120252 174.215
462 120247 172.576
463 120242 169.267
464 120236 167.713
465 120230 166.02
466 120224 164.99
467 120216 162.292
468 120207 159.641
469 120203 158.245
470 120190 152.623
471 120189 153.792
472 120189 152.642
473 120186 150.546
474 120176 145.257
475 120161 140.856
476 120158 139.102
477 120157 137.806
478 120155 136.858
479 120152 136.287
480 120149 133.071
481 120148 132.299
482 120147 128.658
483 120142 127.415
484 120140 123.73
485 120141 124.59
486 120142 126.112
487 120141 124.374
488 120140 122.612
489 120140 121.85
490 120142 122.649
491 120142 122.778
492 120141 122.501
493 120139 121.213
494 120138 119.795
495 120137 119.169
496 120137 118.468
497 120137 118.29
498 120137 117.334
499 120136 116.792
500 120136 116.366
501 120134 115.373
502 120133 115.25
503 120131 112.175
504 120130 111.844
505 120131 112.017
506 120131 112.761
507 120132 113.905
508 120131 113.342
509 120132 114.287
510 120133 115.434
511 120132 113.562
