19.5581 17883 1.09873 8 0 0 1 2980 2982 13 0 1 20 1  0
0 2048 0.125829 8 0 0 997 4560 4562 13 0 1 20 1  0
10.7971 2632 0.16171 1 0 0 1 2632 2633 13 0 1 20 1  0
20.2547 199633 12.2655 1 0 0 2 2981 2982 13 0 1 20 1  0
21.5438 18610 1.1434 2 0 0 21 8497 8500 13 0 1 20 1  0
14.6363 178560 10.9707 4 0 0 3 18609 18613 13 0 1 20 1  0
13.7481 181792 11.1693 5 0 0 12 174673 174687 13 0 1 20 1  0
10.7023 182112 11.189 6 0 0 5 182105 182126 13 0 1 20 1  0
11.6908 18262 1.12202 2 1 0.0197462 1 18262 18263 13 0 1 20 1  0
13.2294 179854 11.0502 4 1 0.0197462 7 174673 174682 13 0 1 20 1  0
10.0717 174680 10.7323 5 3 0.059238 1 174680 174681 13 0 1 20 1  0
20.0473 268231 16.4801 8 0 0 1 260327 260329 13 0 1 20 1  0
0 260096 15.9803 8 0 0 989 261581 261582 13 0 1 20 1  0
21.8293 471255 28.9539 1 0 0 1 260327 260329 13 0 1 20 1  0
17.0572 404697 24.8646 2 0 0 5 260327 260343 13 0 1 20 1  0
14.382 405674 24.9246 3 0 0 3 260337 260344 13 0 1 20 1  0
12.5991 452390 27.7948 5 0 0 7 260341 260345 13 0 1 20 1  0
10.0252 385954 23.713 3 1 0.0197462 1 385954 385955 13 0 1 20 1  0
10.0104 261644 16.0754 4 1 0.0197462 1 261644 261645 13 0 1 20 1  0
10.2227 311753 19.1541 5 1 0.0197462 1 311753 311754 13 0 1 20 1  0
10.2895 274414 16.86 4 2 0.0394922 1 274414 274415 13 0 1 20 1  0
10.8566 335672 20.6237 4 2 0.0394922 1 311753 311756 13 0 1 20 1  0
10.5734 522970 32.1313 8 0 0 1066 522970 522971 13 0 1 20 1  0
17.4429 547558 33.642 8 0 0 1 524287 524288 13 0 1 20 1  0
10.496 524288 32.2123 1 0 0 1 524288 524289 13 0 1 20 1  0
16.6157 594436 36.5221 1 0 0 1 525579 525580 13 0 1 20 1  0
16.0572 534355 32.8308 2 0 0 1 531437 531440 13 0 1 20 1  0
17.1819 611142 37.5486 3 0 0 8 531438 531442 13 0 1 20 1  0
10.0767 552782 33.9629 4 0 0 1 552782 552783 13 0 1 20 1  0
14.1194 615343 37.8067 4 2 0.0394922 11 599498 599507 13 0 1 20 1  0
12.693 608873 37.4092 3 1 0.0197462 3 599498 599508 13 0 1 20 1  0
10.3433 599498 36.8332 4 5 0.0987291 3 599498 599499 13 0 1 20 1  0
10.197 601113 36.9324 3 3 0.059238 2 601113 601114 13 0 1 20 1  0
10.5616 613074 37.6673 3 3 0.059238 1 613074 613075 13 0 1 20 1  0
10.0337 599822 36.8531 5 5 0.0987291 1 599822 599823 13 0 1 20 1  0
10.9633 602723 37.0313 5 8 0.157966 2 602720 602728 13 0 1 20 1  0
11.325 772068 47.4359 10 113 2.24444 12 771864 772103 13 0 1 20 1  0
10.1975 599640 36.8419 10 33 0.651829 2 599637 599652 13 0 1 20 1  0
10.4442 753722 46.3087 12 2309 333.062 1 752526 753924 13 0 1 20 1  0
12.6107 784875 48.2227 8 0 0 768 784875 784876 13 0 1 20 1  0
21.7747 945419 58.0865 8 0 0 1 785513 785514 13 0 1 20 1  0
25.8824 945419 58.0865 1 0 0 34 784875 784877 13 0 1 20 1  0
12.4993 869627 53.4299 5 0 0 2 824520 824531 13 0 1 20 1  0
13.907 1047078 64.3325 8 0 0 709 1047078 1047079 13 0 1 20 1  0
17.0953 1214847 74.6402 8 0 0 1 1047726 1047727 13 0 1 20 1  0
12.7908 1047079 64.3325 1 0 0 1 1047079 1047080 13 0 1 20 1  0
19.007 1238504 76.0937 1 0 0 2 1048383 1048384 13 0 1 20 1  0
10.0703 1059251 65.0804 2 0 0 1 1059251 1059252 13 0 1 20 1  0
12.3699 1209569 74.3159 3 0 0 4 1059894 1059896 13 0 1 20 1  0
12.8865 1252192 76.9347 9 607 14.4024 541 1251975 1252330 13 0 1 20 1  0
12.4493 1311511 80.5792 8 0 0 1 1311511 1311512 13 0 1 20 1  0
20.6407 1436294 88.2459 8 0 0 1 1312806 1312807 13 0 1 20 1  0
0 1308672 80.4048 8 0 0 855 1314424 1314425 13 0 1 20 1  0
11.8454 1308926 80.4204 1 0 0 1 1308926 1308927 13 0 1 20 1  0
22.8671 1494736 91.8366 1 0 0 1 1310868 1310869 13 0 1 20 1  0
18.6817 1539835 94.6075 2 0 0 12 1325301 1325306 13 0 1 20 1  0
14.6112 1402885 86.1933 4 0 0 9 1329986 1329996 13 0 1 20 1  0
11.7375 1329989 81.7145 4 3 0.059238 5 1329987 1329992 13 0 1 20 1  0
15.0909 1338370 82.2294 4 12 0.236951 95 1329984 1329986 13 0 1 20 1  0
14.6457 1340951 82.388 4 15 0.296194 247 1338357 1338376 13 0 1 20 1  0
10.0352 1317691 80.9589 7 41 0.810049 5 1317691 1317692 13 0 1 20 1  0
10.0031 1334488 81.9909 4 15 0.296194 1 1334488 1334489 13 0 1 20 1  0
11.4785 1330011 81.7159 9 179 3.58989 3 1329986 1330080 13 0 1 20 1  0
10.1947 1317422 80.9424 8 488 10.8599 1 1317406 1317432 13 0 1 20 1  0
13.7989 1571408 96.5473 8 0 0 1276 1571408 1571409 13 0 1 20 1  0
24.0471 1578518 96.9841 8 0 0 136 1572051 1572053 13 0 1 20 1  0
10.9885 1571082 96.5273 1 0 0 1 1571082 1571083 13 0 1 20 1  0
31.8319 1579976 97.0737 1 0 0 4 1571409 1571410 13 0 1 20 1  0
36.3288 1580784 97.1234 2 0 0 12 1578402 1578405 13 0 1 20 1  0
11.1217 1578516 96.984 2 3 0.059238 4 1578516 1578517 13 0 1 20 1  0
11.0609 1580958 97.1341 1 1 0.0197462 1 1579163 1579167 13 0 1 20 1  0
11.6949 1664841 102.288 6 30 0.592527 29 1664832 1664851 13 0 1 20 1  0
13.9709 1804820 110.888 12 127 2.52672 39 1803114 1805532 13 0 1 20 1  0
10.2049 1798394 110.493 7 60 1.18646 1 1798393 1798398 13 0 1 20 1  0
10.0184 1804360 110.86 12 453 9.91668 1 1804356 1804388 13 0 1 20 1  0
15.0002 1799472 110.56 12 1954 177.348 30 1795966 1802816 13 0 1 20 1  0
10.409 1796116 110.353 12 2324 342.045 1 1795532 1796838 13 0 1 20 1  0
11.253 1834241 112.696 8 0 0 1 1834241 1834242 13 0 1 20 1  0
18.9118 1871691 114.997 8 0 0 1 1835534 1835535 13 0 1 20 1  0
0 1832960 112.617 8 0 0 452 1835854 1835855 13 0 1 20 1  0
10.3157 1833276 112.636 1 0 0 1 1833276 1833277 13 0 1 20 1  0
21.7822 1871691 114.997 1 0 0 11 1835207 1835208 13 0 1 20 1  0
0 1832960 112.617 1 0 0 380 1835535 1835536 13 0 1 20 1  0
13.3385 1998064 122.761 3 0 0 1 1871688 1871694 13 0 1 20 1  0
11.1277 2081810 127.906 4 0 0 2 1941792 1941805 13 0 1 20 1  0
10.6224 1941799 119.304 5 0 0 3 1941790 1941803 13 0 1 20 1  0
10.3398 2015517 123.833 4 1 0.0197462 1 2015517 2015520 13 0 1 20 1  0
10.6628 2097123 128.847 8 0 0 1 2097123 2097124 13 0 1 20 1  0
16.9983 2318962 142.477 8 0 0 1 2097445 2097446 13 0 1 20 1  0
0 2095104 128.723 8 0 0 728 2097770 2097771 13 0 1 20 1  0
11.555 2097446 128.867 1 0 0 1 2097446 2097447 13 0 1 20 1  0
23.8623 2195878 134.915 2 0 0 54 2103267 2103269 13 0 1 20 1  0
11.0982 2276486 139.867 5 0 0 1 2193694 2193698 13 0 1 20 1  0
11.7462 2193926 134.795 2 1 0.0197462 2 2193926 2193927 13 0 1 20 1  0
16.6342 2349380 144.346 12 165 3.30108 54 2318228 2318254 13 0 1 20 1  0
0 2095104 128.723 12 63 1.246 2 2347222 2350958 13 0 1 20 1  0
0 2095104 128.723 7 2775 761.206 616 2248249 2248296 13 0 1 20 1  0
10.9712 2252051 138.366 6 2787 777.579 2 2247113 2247470 13 0 1 20 1  0
12.0038 2248002 138.117 3 2807 805.654 1 2246809 2246965 13 0 1 20 1  0
10.1192 2247872 138.109 2 2808 807.084 1 2247476 2247477 13 0 1 20 1  0
10.6263 2248202 138.13 2 2809 808.517 1 2246846 2246852 13 0 1 20 1  0
12.1567 2245896 137.988 2 2822 827.374 1 2245864 2246592 13 0 1 20 1  0
10.8511 2245505 137.964 2 2824 830.314 1 2245505 2245506 13 0 1 20 1  0
10.1661 2245221 137.946 2 2826 833.264 1 2245221 2245222 13 0 1 20 1  0
10.0962 2244460 137.9 3 2830 839.196 1 2244460 2244461 13 0 1 20 1  0
10.7977 2244051 137.874 3 2833 843.673 1 2244050 2244054 13 0 1 20 1  0
11.3029 2357441 144.841 8 0 0 311 2357441 2357442 13 0 1 20 1  0
19.6537 2559496 157.255 8 0 0 1 2358080 2358081 13 0 1 20 1  0
18.2478 2436330 149.688 1 0 0 1 2357441 2357443 13 0 1 20 1  0
0 2357248 144.829 1 0 0 431 2358080 2358081 13 0 1 20 1  0
18.7606 2450966 150.587 2 0 0 2 2377525 2377533 13 0 1 20 1  0
12.9853 2461104 151.21 3 0 0 8 2377525 2377533 13 0 1 20 1  0
10.1464 2381407 146.314 4 3 0.059238 1 2381407 2381408 13 0 1 20 1  0
12.4829 2560470 157.315 12 1257 50.9831 34 2559564 2561000 13 0 1 20 1  0
10.1713 2555232 156.993 11 1762 126.051 1 2555175 2557847 13 0 1 20 1  0
10.7621 2552834 156.846 12 2148 250.289 1 2552096 2553800 13 0 1 20 1  0
15.0403 2619618 160.949 8 0 0 515 2619618 2619619 13 0 1 20 1  0
19.6584 2756055 169.332 8 0 0 1 2619944 2619945 13 0 1 20 1  0
19.3133 2639340 162.161 1 0 0 2 2619618 2619620 13 0 1 20 1  0
15.4319 2879550 176.92 1 0 0 1 2619944 2619945 13 0 1 20 1  0
0 2619392 160.935 1 0 0 634 2620592 2620593 13 0 1 20 1  0
10.6308 2631363 161.671 2 0 0 1 2631363 2631364 13 0 1 20 1  0
10.9657 2730720 167.775 3 0 0 1 2642771 2642774 13 0 1 20 1  0
10.2587 2639975 162.2 11 175 3.50716 3 2639966 2639987 13 0 1 20 1  0
10.0586 2802890 172.21 12 1974 183.763 1 2802766 2802956 13 0 1 20 1  0
10.0356 2882353 177.092 8 0 0 1 2882353 2882354 13 0 1 20 1  0
19.4145 3033377 186.371 8 0 0 1 2882461 2882462 13 0 1 20 1  0
0 2881536 177.042 8 0 0 390 2882781 2882782 13 0 1 20 1  0
26.9396 3033376 186.371 2 0 0 24 2882352 2882356 13 0 1 20 1  0
0 2881536 177.042 1 0 0 529 2882462 2882463 13 0 1 20 1  0
10.132 2882354 177.092 3 0 0 1 2882354 2882355 13 0 1 20 1  0
10.2971 3023932 185.79 4 2 0.0394922 2 3023932 3023933 13 0 1 20 1  0
10.3702 3033056 186.351 4 4 0.0789836 2 3033056 3033057 13 0 1 20 1  0
13.1081 3143985 193.166 8 0 0 398 3143985 3143986 13 0 1 20 1  0
18.0043 3159339 194.11 8 0 0 1 3144953 3144955 13 0 1 20 1  0
14.6947 3143986 193.166 1 0 0 1 3143986 3143987 13 0 1 20 1  0
19.1418 3159340 194.11 1 0 0 1 3144306 3144307 13 0 1 20 1  0
0 3143680 193.148 1 0 0 505 3144954 3144955 13 0 1 20 1  0
13.0618 3147860 193.405 2 0 0 1 3144953 3144956 13 0 1 20 1  0
10.0975 3173923 195.006 3 0 0 1 3173923 3173924 13 0 1 20 1  0
11.8851 3370793 207.102 3 0 0 2 3370788 3370798 13 0 1 20 1  0
14.3072 3406138 209.273 8 0 0 310 3406138 3406139 13 0 1 20 1  0
16.4579 3469491 213.166 8 0 0 1 3407431 3407432 13 0 1 20 1  0
14.6062 3406139 209.273 1 0 0 1 3406139 3406140 13 0 1 20 1  0
17.2999 3429889 210.732 1 0 0 1 3407432 3407433 13 0 1 20 1  0
0 3405824 209.254 1 0 0 387 3407754 3407756 13 0 1 20 1  0
12.8926 3600916 221.24 2 0 0 1 3407754 3407756 13 0 1 20 1  0
13.1657 3408610 209.425 3 0 0 8 3407964 3407968 13 0 1 20 1  0
13.163 3627864 222.896 12 100 1.98352 5 3625510 3632764 13 0 1 20 1  0
15.9481 3668583 225.398 8 0 0 814 3668583 3668584 13 0 1 20 1  0
17.4093 3881899 238.504 8 0 0 1 3669230 3669231 13 0 1 20 1  0
14.5003 3668584 225.398 1 0 0 1 3668584 3668585 13 0 1 20 1  0
18.9633 3810917 234.143 1 0 0 1 3669231 3669232 13 0 1 20 1  0
10.1474 3719004 228.496 2 0 0 1 3719004 3719005 13 0 1 20 1  0
24.1736 3831282 235.394 3 0 0 36 3705951 3705959 13 0 1 20 1  0
12.7575 3917340 240.681 5 0 0 9 3752817 3752827 13 0 1 20 1  0
10.0236 3805083 233.784 2 1 0.0197462 1 3805083 3805084 13 0 1 20 1  0
10.0168 3705951 227.694 4 1 0.0197462 1 3705951 3705952 13 0 1 20 1  0
10.1315 3811229 234.162 2 2 0.0394922 2 3811229 3811230 13 0 1 20 1  0
10.0943 3795476 233.194 6 5 0.0987291 1 3795475 3795477 13 0 1 20 1  0
10.5399 3931030 241.522 8 0 0 1 3931030 3931031 13 0 1 20 1  0
19.8116 4000198 245.772 8 0 0 1 3932321 3932322 13 0 1 20 1  0
0 3930112 241.466 8 0 0 468 3932970 3932971 13 0 1 20 1  0
11.0186 3930710 241.503 1 0 0 1 3930710 3930711 13 0 1 20 1  0
19.0558 4030257 247.619 1 0 0 1 3932322 3932323 13 0 1 20 1  0
11.2943 4191208 257.508 1 0 0 1 3932971 3932972 13 0 1 20 1  0
0 3930112 241.466 1 0 0 671 3933619 3933620 13 0 1 20 1  0
10.4349 3936849 241.88 2 0 0 1 3936849 3936850 13 0 1 20 1  0
14.6533 4000198 245.772 2 0 0 1 3940080 3940083 13 0 1 20 1  0
13.5222 4043067 248.406 3 0 0 8 3982624 3982636 13 0 1 20 1  0
10.3904 3982625 244.692 4 2 0.0394922 3 3982625 3982626 13 0 1 20 1  0
10.1273 3984882 244.831 5 3 0.059238 1 3984882 3984883 13 0 1 20 1  0
10.2781 4192491 257.587 8 0 0 496 4192491 4192492 13 0 1 20 1  0
20.4028 4353474 267.477 8 0 0 1 4193138 4193139 13 0 1 20 1  0
10.2806 4192491 257.587 1 0 0 1 4192491 4192492 13 0 1 20 1  0
24.5368 4353475 267.478 1 0 0 3 4193139 4193140 13 0 1 20 1  0
18.15 4422589 271.724 1 0 0 1 4193790 4193791 13 0 1 20 1  0
0 4192256 257.572 1 0 0 785 4194755 4194756 13 0 1 20 1  0
11.0112 4404171 270.592 4 0 0 2 4348461 4348469 13 0 1 20 1  0
10.5411 4348452 267.169 5 0 0 1 4348451 4348465 13 0 1 20 1  0
11.4872 4294252 263.839 6 20 0.394946 27 4294244 4294262 13 0 1 20 1  0
12.0371 4454901 273.709 8 0 0 855 4454901 4454902 13 0 1 20 1  0
19.301 4595113 282.324 8 0 0 1 4455220 4455221 13 0 1 20 1  0
11.4267 4454585 273.69 1 0 0 1 4454585 4454586 13 0 1 20 1  0
28.5885 4595112 282.324 2 0 0 11 4454901 4454903 13 0 1 20 1  0
10.0243 4467050 274.456 3 0 0 1 4467050 4467051 13 0 1 20 1  0
10.451 4468624 274.552 6 2 0.0394922 5 4468608 4468628 13 0 1 20 1  0
10.0363 4518615 277.624 2 1 0.0197462 1 4518615 4518616 13 0 1 20 1  0
11.3911 4559173 280.116 11 69 1.36517 3 4556587 4562072 13 0 1 20 1  0
10.5197 4716688 289.793 8 0 0 773 4716688 4716689 13 0 1 20 1  0
17.7812 4950662 304.169 8 0 0 170 4717014 4717015 13 0 1 20 1  0
11.711 4716689 289.793 1 0 0 1 4716689 4716690 13 0 1 20 1  0
21.9981 4950663 304.169 1 0 0 1 4717014 4717015 13 0 1 20 1  0
10.3304 4717382 289.836 2 0 0 1 4717382 4717383 13 0 1 20 1  0
15.9582 4822865 296.317 2 0 0 1 4720884 4720887 13 0 1 20 1  0
13.2365 4858568 298.51 5 3 0.059238 18 4858564 4858574 13 0 1 20 1  0
10.0701 4777637 293.538 6 0 0 1 4777636 4777638 13 0 1 20 1  0
10.7709 4965509 305.081 9 3 0.059238 1 4965457 4965545 13 0 1 20 1  0
13.0656 4904606 301.339 12 39 0.770481 6 4902932 4905980 13 0 1 20 1  0
10.0635 4931647 303 8 67 1.32543 1 4931644 4931649 13 0 1 20 1  0
10.2286 4979224 305.924 8 0 0 191 4979224 4979225 13 0 1 20 1  0
19.6352 5169905 317.639 8 0 0 1 4979717 4979718 13 0 1 20 1  0
13.6286 4979718 305.954 1 0 0 1 4979718 4979719 13 0 1 20 1  0
22.6739 5169905 317.639 1 0 0 1 4981468 4981470 13 0 1 20 1  0
0 4978688 305.891 1 0 0 228 4981939 4981941 13 0 1 20 1  0
10.1759 4981469 306.061 2 0 0 1 4981469 4981470 13 0 1 20 1  0
19.1562 5050426 310.298 4 2 0.0394922 67 5050421 5050435 13 0 1 20 1  0
11.9419 5241429 322.033 8 0 0 270 5241429 5241430 13 0 1 20 1  0
17.672 5440474 334.263 8 0 0 1 5241753 5241754 13 0 1 20 1  0
10.6965 5241430 322.033 1 0 0 1 5241430 5241431 13 0 1 20 1  0
18.2507 5249930 322.556 1 0 0 2 5241753 5241755 13 0 1 20 1  0
0 5240832 321.997 1 0 0 368 5242724 5242725 13 0 1 20 1  0
11.9096 5443273 334.435 4 0 0 3 5443264 5443278 13 0 1 20 1  0
10.3257 5246640 322.354 12 777 20.6245 1 5246472 5246714 13 0 1 20 1  0
15.038 5244394 322.216 12 1322 57.3492 16 5241732 5246056 13 0 1 20 1  0
10.2864 5242390 322.092 12 2998 1130.46 1 5241548 5242614 13 0 1 20 1  0
10.334 5503485 338.134 8 0 0 532 5503485 5503486 13 0 1 20 1  0
22.5273 5552284 341.132 8 0 0 1 5504132 5504133 13 0 1 20 1  0
11.4483 5503486 338.134 1 0 0 1 5503486 5503487 13 0 1 20 1  0
23.1445 5560031 341.608 1 0 0 1 5504133 5504134 13 0 1 20 1  0
0 5502976 338.103 1 0 0 836 5504780 5504781 13 0 1 20 1  0
15.689 5552285 341.132 2 0 0 1 5504132 5504135 13 0 1 20 1  0
10.3722 5668479 348.271 3 0 0 1 5552283 5552285 13 0 1 20 1  0
10.1526 5612582 344.837 4 0 0 1 5612582 5612587 13 0 1 20 1  0
11.6604 5765184 354.213 8 0 0 604 5765184 5765185 13 0 1 20 1  0
22.882 5813639 357.19 8 0 0 1 5765508 5765510 13 0 1 20 1  0
19.7835 6022962 370.051 8 0 0 1 5765830 5765831 13 0 1 20 1  0
12.0807 5765185 354.213 1 0 0 2 5765185 5765186 13 0 1 20 1  0
26.3261 5898481 362.403 2 0 0 9 5765508 5765510 13 0 1 20 1  0
20.3037 5962229 366.319 1 0 0 1 5765830 5765832 13 0 1 20 1  0
0 5765120 354.209 1 0 0 953 5766478 5766480 13 0 1 20 1  0
13.0729 6025871 370.229 2 0 0 1 5765831 5765833 13 0 1 20 1  0
11.796 5938532 364.863 4 0 0 6 5794575 5794589 13 0 1 20 1  0
10.7545 5992157 368.158 5 0 0 1 5992154 5992163 13 0 1 20 1  0
10.5959 5794582 356.019 3 1 0.0197462 1 5794582 5794583 13 0 1 20 1  0
11.2155 6028776 370.408 8 0 0 1 6028776 6028777 13 0 1 20 1  0
18.5505 6124405 376.283 8 0 0 1 6029746 6029747 13 0 1 20 1  0
0 6027264 370.315 8 0 0 1034 6030070 6030073 13 0 1 20 1  0
13.4742 6028777 370.408 1 0 0 1 6028777 6028778 13 0 1 20 1  0
22.125 6169076 379.028 1 0 0 5 6029422 6029423 13 0 1 20 1  0
23.4879 6184931 380.002 2 0 0 1 6028777 6028779 13 0 1 20 1  0
17.2266 6030072 370.488 3 0 0 11 6030045 6030077 13 0 1 20 1  0
10.7394 6184604 379.982 2 1 0.0197462 1 6169074 6169076 13 0 1 20 1  0
10.8044 6169199 379.036 2 2 0.0394922 1 6169199 6169200 13 0 1 20 1  0
10.9792 6146062 377.614 12 202 4.06919 1 6143622 6146276 13 0 1 20 1  0
10.1779 6149622 377.833 12 1326 57.765 1 6148946 6149758 13 0 1 20 1  0
10.4718 6289974 386.456 8 0 0 452 6289974 6289975 13 0 1 20 1  0
22.2493 6411800 393.941 8 0 0 1 6290638 6290639 13 0 1 20 1  0
11.4119 6289975 386.456 1 0 0 1 6289975 6289976 13 0 1 20 1  0
25.6546 6424977 394.751 1 0 0 1 6290005 6290006 13 0 1 20 1  0
19.9432 6544698 402.106 1 0 0 1 6290639 6290640 13 0 1 20 1  0
0 6289408 386.421 1 0 0 700 6291128 6291129 13 0 1 20 1  0
10.0133 6291127 386.527 2 0 0 1 6291127 6291128 13 0 1 20 1  0
25.2715 6369996 391.373 2 0 0 11 6291443 6291445 13 0 1 20 1  0
10.0927 6363696 390.985 4 0 0 2 6363696 6363697 13 0 1 20 1  0
10.8521 6547203 402.26 11 154 3.07556 2 6546895 6547240 13 0 1 20 1  0
10.1125 6529168 401.152 8 155 3.09602 1 6525950 6525960 13 0 1 20 1  0
10.0152 6528054 401.084 11 524 11.8736 1 6528052 6528055 13 0 1 20 1  0
10.4944 6548336 402.33 12 708 17.9068 1 6548250 6548850 13 0 1 20 1  0
10.138 6548904 402.365 11 985 30.8769 2 6548897 6548945 13 0 1 20 1  0
10.5887 6551803 402.543 8 0 0 1785 6551803 6551804 13 0 1 20 1  0
22.9322 6559236 402.999 8 0 0 2 6552126 6552128 13 0 1 20 1  0
17.3482 6812863 418.582 8 0 0 1 6552448 6552449 13 0 1 20 1  0
12.6511 6551803 402.543 1 0 0 1 6551803 6551804 13 0 1 20 1  0
25.2131 6570330 403.681 2 0 0 2 6552127 6552129 13 0 1 20 1  0
19.2009 6781519 416.657 1 0 0 1 6552448 6552449 13 0 1 20 1  0
10.1665 6557624 402.9 3 0 0 1 6557624 6557625 13 0 1 20 1  0
23.0571 6580343 404.296 3 0 0 4 6557941 6557947 13 0 1 20 1  0
21.6155 6633829 407.582 4 11 0.217204 228 6633821 6633837 13 0 1 20 1  0
16.3146 6654298 408.84 7 24 0.473963 655 6633751 6634090 13 0 1 20 1  0
11.3873 6579215 404.227 11 113 2.24444 15 6573740 6580219 13 0 1 20 1  0
0 6551552 402.527 10 578 13.4863 1 6652501 6652703 13 0 1 20 1  0
12.6112 6813830 418.642 8 0 0 1536 6813830 6813831 13 0 1 20 1  0
22.178 6865326 421.806 8 0 0 1 6814157 6814158 13 0 1 20 1  0
12.6178 6813831 418.642 1 0 0 1 6813831 6813832 13 0 1 20 1  0
26.3118 6865326 421.806 1 0 0 3 6814157 6814159 13 0 1 20 1  0
19.3126 7061356 433.85 1 0 0 1 6814477 6814479 13 0 1 20 1  0
33.85 6858859 421.408 3 0 0 24 6815975 6815982 13 0 1 20 1  0
13.1594 7072985 434.564 2 0 0 1 6814477 6814479 13 0 1 20 1  0
11.7282 6894502 423.598 5 1 0.0197462 3 6858846 6858870 13 0 1 20 1  0
10.0509 6855721 421.215 4 1 0.0197462 1 6855721 6855722 13 0 1 20 1  0
11.0015 6867671 421.95 5 2 0.0394922 1 6867026 6867030 13 0 1 20 1  0
11.1543 6867027 421.91 5 4 0.0789836 2 6867020 6867029 13 0 1 20 1  0
10.3145 6869248 422.047 10 93 1.84346 1 6869241 6869259 13 0 1 20 1  0
15.2689 7076220 434.763 8 0 0 644 7076220 7076221 13 0 1 20 1  0
19.6113 7195471 442.09 8 0 0 1 7076537 7076538 13 0 1 20 1  0
27.4172 7202451 442.519 2 0 0 13 7076220 7076223 13 0 1 20 1  0
14.5636 7332029 450.48 4 0 0 2 7169324 7169337 13 0 1 20 1  0
13.0161 7335574 450.698 5 1 0.0197462 3 7297767 7297770 13 0 1 20 1  0
10.7873 7169329 440.484 2 1 0.0197462 3 7169329 7169330 13 0 1 20 1  0
10.9107 7334286 450.619 4 2 0.0394922 1 7303258 7303259 13 0 1 20 1  0
12.6042 7335899 450.718 5 2 0.0394922 2 7331370 7331379 13 0 1 20 1  0
10.0119 7334929 450.658 4 3 0.059238 1 7334929 7334930 13 0 1 20 1  0
10.8868 7299184 448.462 12 251 5.11363 2 7299000 7299272 13 0 1 20 1  0
19.4819 7344629 451.254 4 0 0 17 7338159 7338169 13 0 1 20 1  0
19.2644 7476900 459.381 8 0 0 1 7349894 7349895 13 0 1 20 1  0
10.3813 7338163 450.857 3 0 0 2144 7338163 7338164 13 0 1 20 1  0
10.0594 7341039 451.033 1 0 0 1 7341039 7341040 13 0 1 20 1  0
26.1173 7515952 461.78 2 0 0 3 7339777 7339784 13 0 1 20 1  0
21.0074 7584162 465.971 1 0 0 1 7344626 7344629 13 0 1 20 1  0
17.9274 7431227 456.575 3 0 0 7 7339773 7339787 13 0 1 20 1  0
10.9148 7343336 451.175 3 1 0.0197462 1 7343336 7343337 13 0 1 20 1  0
10.0243 7340747 451.015 6 2 0.0394922 1 7340747 7340748 13 0 1 20 1  0
20.6039 7558098 464.37 12 1294 54.5185 2151 7556156 7560076 13 0 1 20 1  0
10.0677 7430891 456.554 4 5 0.0987291 2 7430891 7430892 13 0 1 20 1  0
11.2907 7432198 456.634 12 24 0.473963 1 7429130 7432826 13 0 1 20 1  0
21.5932 7669512 471.215 8 0 0 1 7600321 7600323 13 0 1 20 1  0
18.733 7847092 482.125 8 0 0 1 7600645 7600646 13 0 1 20 1  0
0 7600128 466.952 8 0 0 1890 7600962 7600964 13 0 1 20 1  0
27.0064 7669513 471.215 1 0 0 3 7600322 7600324 13 0 1 20 1  0
23.6074 7778726 477.925 1 0 0 10 7600646 7600647 13 0 1 20 1  0
10.3511 7604200 467.202 3 0 0 1 7604200 7604201 13 0 1 20 1  0
12.0357 7660561 470.665 6 0 0 16 7660542 7660577 13 0 1 20 1  0
10.9154 7817535 480.309 11 142 2.83086 2 7817504 7817565 13 0 1 20 1  0
10.1824 7861172 482.99 12 176 3.52783 1 7860558 7861198 13 0 1 20 1  0
11.9766 7807954 479.721 12 477 10.5591 3 7807546 7817798 13 0 1 20 1  0
11.5235 7862598 483.078 8 0 0 1578 7862598 7862599 13 0 1 20 1  0
20.5937 8119514 498.863 8 0 0 1 7862920 7862921 13 0 1 20 1  0
14.2046 7862599 483.078 1 0 0 2 7862599 7862600 13 0 1 20 1  0
25.8928 7896634 485.169 1 0 0 2 7862920 7862922 13 0 1 20 1  0
20.1263 8119515 498.863 1 0 0 1 7863245 7863247 13 0 1 20 1  0
27.6957 7941849 487.947 2 0 0 11 7862920 7862922 13 0 1 20 1  0
10.082 7863248 483.118 3 0 0 1 7863248 7863249 13 0 1 20 1  0
11.3986 7935470 487.555 5 1 0.0197462 2 7898646 7898647 13 0 1 20 1  0
10.1701 7886700 484.559 5 1 0.0197462 1 7886700 7886701 13 0 1 20 1  0
13.358 8125004 499.2 8 0 0 21580 8125004 8125005 13 0 1 20 1  0
21.8178 8330672 511.836 8 0 0 1 8125944 8125945 13 0 1 20 1  0
24.5312 8368485 514.16 8 0 0 1 8125982 8125984 13 0 1 20 1  0
14.2185 8125005 499.2 1 0 0 1 8125005 8125006 13 0 1 20 1  0
20.4362 8155524 501.075 1 0 0 1 8125944 8125946 13 0 1 20 1  0
36.0765 8330672 511.836 2 0 0 5 8125005 8125007 13 0 1 20 1  0
35.1247 8354914 513.326 3 0 0 6 8125985 8125987 13 0 1 20 1  0
12.3765 8324629 511.465 5 0 0 1 8262945 8262947 13 0 1 20 1  0
51.4293 8377584 514.719 12 78 1.54421 10602 8301118 8301776 13 0 1 20 1  0
10.5202 8246708 506.678 2 1 0.0197462 1 8246708 8246709 13 0 1 20 1  0
10.2772 8289101 509.282 7 5 0.0987291 2 8289101 8289102 13 0 1 20 1  0
22.6107 8284420 508.995 4 6 0.118475 214 8284414 8284428 13 0 1 20 1  0
10.0932 8262945 507.675 5 3 0.059238 1 8262945 8262946 13 0 1 20 1  0
20.56 8350730 513.069 12 98 1.94347 179 8347426 8379566 13 0 1 20 1  0
11.497 8379206 514.818 6 37 0.730923 2 8284399 8284423 13 0 1 20 1  0
25.2602 8349988 513.023 12 572 13.3013 798 8348310 8361918 13 0 1 20 1  0
10.1828 8366748 514.053 6 319 6.62833 3 8366748 8366749 13 0 1 20 1  0
10.0153 8355354 513.353 9 1615 96.9984 1 8355354 8355355 13 0 1 20 1  0
22.6204 8336564 512.198 12 2224 286.432 508 8331986 8340550 13 0 1 20 1  0
15.5544 8303774 510.184 12 2826 833.264 2 8300014 8307664 13 0 1 20 1  0
23.4325 8598844 528.313 8 0 0 1 8386759 8386761 13 0 1 20 1  0
0 8386560 515.27 8 0 0 16065 8387086 8387087 13 0 1 20 1  0
13.4127 8386760 515.283 1 0 0 2 8386760 8386761 13 0 1 20 1  0
32.7291 8598845 528.313 2 0 0 20 8387086 8387089 13 0 1 20 1  0
20.8536 8619814 529.601 1 0 0 1 8387411 8387412 13 0 1 20 1  0
31.597 8607346 528.835 12 353 7.42028 4790 8423184 8425916 13 0 1 20 1  0
13.1248 8626123 529.989 5 5 0.0987291 76 8611453 8611456 13 0 1 20 1  0
10.2145 8426051 517.697 3 1 0.0197462 1 8426051 8426052 13 0 1 20 1  0
10.3615 8423135 517.517 4 1 0.0197462 1 8423135 8423136 13 0 1 20 1  0
17.0285 8611113 529.067 7 59 1.16662 159 8606213 8606265 13 0 1 20 1  0
10.4478 8422818 517.498 5 2 0.0394922 1 8422818 8422819 13 0 1 20 1  0
11.9818 8619824 529.602 5 2 0.0394922 1 8423129 8423144 13 0 1 20 1  0
25.6211 8641017 530.904 9 24 0.473963 1926 8422367 8426556 13 0 1 20 1  0
10.2921 8628526 530.137 4 8 0.157966 5 8628526 8628530 13 0 1 20 1  0
16.4201 8645680 531.191 7 54 1.06748 8 8606234 8606265 13 0 1 20 1  0
10.1576 8426250 517.709 9 19 0.375194 1 8426250 8426251 13 0 1 20 1  0
17.1024 8619089 529.557 7 174 3.4865 336 8605926 8606143 13 0 1 20 1  0
10.2905 8612616 529.159 5 147 2.93266 3 8612616 8612617 13 0 1 20 1  0
10.3237 8607094 528.82 5 282 5.79369 5 8605963 8605966 13 0 1 20 1  0
10.688 8424450 517.598 12 670 16.5272 1 8423824 8424618 13 0 1 20 1  0
12.5935 8423476 517.538 12 1462 73.7761 3 8422118 8425444 13 0 1 20 1  0
13.1058 8596472 528.167 12 2110 233.962 54 8594248 8600794 13 0 1 20 1  0
10.4134 8421638 517.425 12 1767 127.178 1 8421262 8422174 13 0 1 20 1  0
0 8386560 515.27 12 1775 129.002 5 8599860 8606612 13 0 1 20 1  0
10.8455 8635142 530.543 12 2072 218.698 1 8419786 8420440 13 0 1 20 1  0
0 8386560 515.27 12 2072 218.698 4 8596892 8597654 13 0 1 20 1  0
10.3789 8418666 517.243 12 2187 268.228 1 8418266 8419570 13 0 1 20 1  0
19.4822 8728453 536.276 8 0 0 1 8649011 8649013 13 0 1 20 1  0
12.0404 8649353 531.416 5 13 0.256698 48071 8649347 8649360 13 0 1 20 1  0
14.0684 8649012 531.395 1 0 0 1 8649012 8649013 13 0 1 20 1  0
21.4321 8885369 545.917 1 0 0 2 8649343 8649345 13 0 1 20 1  0
20.7535 8692105 534.043 2 0 0 55 8649012 8649014 13 0 1 20 1  0
16.9631 8902055 546.942 6 0 0 5 8662119 8662147 13 0 1 20 1  0
45.3033 8881932 545.706 12 758 19.8471 6403 8766640 8771548 13 0 1 20 1  0
29.8367 8768789 538.754 11 875 25.0263 6268 8765185 8770576 13 0 1 20 1  0
10.1821 8662155 532.203 7 4 0.0789836 2 8662155 8662156 13 0 1 20 1  0
14.4457 8910163 547.44 7 40 0.790264 12 8766398 8767066 13 0 1 20 1  0
10.0592 8762477 538.367 7 22 0.434452 1 8762477 8762478 13 0 1 20 1  0
10.9259 8881043 545.651 5 61 1.2063 2 8768798 8768820 13 0 1 20 1  0
15.4592 8887480 546.047 8 155 3.09602 2 8768723 8770799 13 0 1 20 1  0
13.6984 8902336 546.96 11 370 7.82614 4 8859318 8888253 13 0 1 20 1  0
11.7454 8881256 545.664 5 231 4.68316 6 8769779 8769929 13 0 1 20 1  0
11.2408 8867867 544.842 6 313 6.49115 5 8766700 8766993 13 0 1 20 1  0
11.8247 8873209 545.17 5 633 15.2561 6 8766311 8766446 13 0 1 20 1  0
16.2973 8857304 544.193 10 1663 105.67 48 8763267 8766586 13 0 1 20 1  0
10.6229 8877837 545.454 7 1670 106.997 2 8877815 8877855 13 0 1 20 1  0
13.825 8845128 543.445 12 2682 645.462 18 8842116 8847622 13 0 1 20 1  0
23.6066 8911413 547.517 10 639 15.4576 5239 8910848 8911960 13 0 1 20 1  0
21.6986 9016574 553.978 8 0 0 1 8912164 8912165 13 0 1 20 1  0
10.7589 8911196 547.504 1 0 0 1 8911196 8911197 13 0 1 20 1  0
25.9459 9016574 553.978 1 0 0 9 8911842 8911843 13 0 1 20 1  0
21.8006 9162672 562.955 1 0 0 1 8912165 8912166 13 0 1 20 1  0
15.4869 8953701 550.115 4 0 0 2 8951432 8951448 13 0 1 20 1  0
12.3056 9117041 560.151 5 0 0 3 8951433 8951445 13 0 1 20 1  0
12.2311 9074430 557.533 4 2 0.0394922 4 8953694 8953703 13 0 1 20 1  0
10.8386 9020422 554.215 11 1068 36.058 4 8910848 8910891 13 0 1 20 1  0
11.1403 8911686 547.534 12 2797 791.492 1 8910848 8912268 13 0 1 20 1  0
21.8649 9281466 570.253 8 0 0 1 9172998 9173000 13 0 1 20 1  0
17.7547 9433671 579.605 8 0 0 1 9173478 9173479 13 0 1 20 1  0
15.6138 9172999 563.589 1 0 0 10643 9172999 9173000 13 0 1 20 1  0
21.8373 9326021 572.991 1 0 0 1 9173039 9173040 13 0 1 20 1  0
29.3408 9364564 575.359 2 0 0 8 9172998 9173001 13 0 1 20 1  0
15.0007 9218406 566.379 4 0 0 12 9179975 9179988 13 0 1 20 1  0
10.5441 9217753 566.339 4 3 0.059238 3 9217753 9217754 13 0 1 20 1  0
10.7242 9398861 577.466 6 0 0 3 9218390 9218397 13 0 1 20 1  0
10.3206 9208075 565.744 3 1 0.0197462 1 9208075 9208076 13 0 1 20 1  0
50.2736 9419254 578.719 12 1946 174.845 10764 9396922 9399622 13 0 1 20 1  0
10.4775 9222438 566.627 3 2 0.0394922 3 9222438 9222439 13 0 1 20 1  0
13.2276 9303623 571.615 3 2 0.0394922 5 9303483 9303487 13 0 1 20 1  0
10.5121 9206134 565.625 4 2 0.0394922 1 9206134 9206135 13 0 1 20 1  0
12.0349 9240348 567.727 4 2 0.0394922 1 9208070 9208071 13 0 1 20 1  0
11.3284 9426328 579.154 7 8 0.157966 2 9412747 9412750 13 0 1 20 1  0
11.7289 9412724 578.318 7 29 0.572762 7 9408700 9408763 13 0 1 20 1  0
15.8493 9409350 578.11 8 131 2.60765 431 9408593 9409425 13 0 1 20 1  0
10.0427 9412044 578.276 5 21 0.414699 1 9412044 9412045 13 0 1 20 1  0
10.0292 9346732 574.263 9 21 0.414699 1 9346732 9346733 13 0 1 20 1  0
10.1332 9346067 574.222 7 422 9.11327 11 9346067 9346068 13 0 1 20 1  0
10.01 9362158 575.211 12 423 9.13874 1 9362158 9362160 13 0 1 20 1  0
10.5097 9429142 579.326 6 621 14.8581 1 9421323 9421335 13 0 1 20 1  0
26.5719 9406052 577.908 12 1523 82.2938 336 9337950 9342680 13 0 1 20 1  0
10.7899 9389588 576.896 12 1398 65.7667 1 9341838 9341870 13 0 1 20 1  0
10.0033 9373452 575.905 12 1673 107.571 1 9373452 9373454 13 0 1 20 1  0
10.2267 9424615 579.048 5 1969 182.137 1 9424613 9424617 13 0 1 20 1  0
14.6065 9372766 575.863 12 2368 369.815 19 9369202 9376644 13 0 1 20 1  0
11.5314 9422477 578.917 11 2684 647.756 7 9422120 9423281 13 0 1 20 1  0
10.1088 9368882 575.624 12 2667 628.517 1 9368808 9369080 13 0 1 20 1  0
10.0774 9371468 575.783 12 2996 1126.45 1 9371416 9371478 13 0 1 20 1  0
19.8189 9524057 585.158 8 0 0 1 9435295 9435297 13 0 1 20 1  0
43.7047 9453492 580.823 12 593 13.9555 39195 9435136 9461718 13 0 1 20 1  0
23.2908 9435296 579.705 1 0 0 1 9435295 9435298 13 0 1 20 1  0
21.0394 9694338 595.62 3 0 0 62 9435293 9435355 13 0 1 20 1  0
21.202 9693683 595.58 6 2 0.0394922 96 9435187 9435391 13 0 1 20 1  0
10.931 9696932 595.779 3 2 0.0394922 3 9693692 9693698 13 0 1 20 1  0
10.241 9444391 580.263 4 3 0.059238 2 9444391 9444392 13 0 1 20 1  0
10.0015 9448077 580.49 5 11 0.217204 1 9448077 9448078 13 0 1 20 1  0
10.2077 9692081 595.481 4 15 0.296194 3 9692081 9692082 13 0 1 20 1  0
10.4087 9697083 595.789 9 90 1.78351 1 9438799 9439158 13 0 1 20 1  0
14.0588 9452042 580.733 6 618 14.7597 31 9443310 9444108 13 0 1 20 1  0
10.4727 9452516 580.763 5 1005 32.0601 1 9443043 9443049 13 0 1 20 1  0
11.1671 9697280 595.801 12 2980 1094.94 3 9696478 9697282 13 0 1 20 1  0
10.0321 9709118 596.528 8 0 0 1 9709118 9709119 13 0 1 20 1  0
21.9945 9898024 608.135 8 0 0 1 9717859 9717861 13 0 1 20 1  0
0 9697280 595.801 8 0 0 2150 9718512 9718513 13 0 1 20 1  0
14.4549 9717860 597.065 1 0 0 1 9717860 9717861 13 0 1 20 1  0
27.7235 9898024 608.135 1 0 0 1 9718513 9718514 13 0 1 20 1  0
34.3234 9782502 601.037 3 0 0 7 9719150 9719208 13 0 1 20 1  0
25.0056 9723692 597.424 5 0 0 709 9719183 9719212 13 0 1 20 1  0
21.2314 9726920 597.622 6 0 0 1 9719167 9719203 13 0 1 20 1  0
17.2606 9753671 599.266 3 3 0.059238 9 9723694 9723708 13 0 1 20 1  0
14.1545 9897037 608.074 3 7 0.13822 10 9719196 9719199 13 0 1 20 1  0
10.231 9719190 597.147 4 19 0.375194 2 9719190 9719191 13 0 1 20 1  0
10.7243 9748810 598.967 8 134 2.66842 12 9748764 9748862 13 0 1 20 1  0
10.9168 9813469 602.94 11 1909 163.718 2 9811701 9813859 13 0 1 20 1  0
13.5091 9959858 611.934 8 0 0 24123 9959858 9959859 13 0 1 20 1  0
63.2876 10150159 623.626 8 2 0.0394922 8546 10116263 10124057 13 0 1 20 1  0
10.1094 9959859 611.934 2 0 0 1 9959859 9959860 13 0 1 20 1  0
71.7846 10118426 621.676 12 152 3.03469 1904 10114658 10151712 13 0 1 20 1  0
10.1379 10116800 621.576 5 162 3.23946 4 10116800 10116801 13 0 1 20 1  0
10.3833 10117673 621.63 3 6 0.118475 1 10117673 10117674 13 0 1 20 1  0
10.4315 10117422 621.614 3 19 0.375194 7 10117422 10117423 13 0 1 20 1  0
10.1053 10120017 621.774 3 12 0.236951 1 10120017 10120018 13 0 1 20 1  0
15.5199 10118711 621.694 5 13 0.256698 8 10116463 10116563 13 0 1 20 1  0
17.4076 10140781 623.05 6 26 0.513479 13 10116443 10116513 13 0 1 20 1  0
32.2864 10140169 623.012 7 182 3.65206 215 10116414 10117185 13 0 1 20 1  0
10.0932 10117150 621.598 5 151 3.01426 5 10117150 10117151 13 0 1 20 1  0
10.1956 10140405 623.026 2 64 1.26585 3 10140405 10140407 13 0 1 20 1  0
10.4067 10140688 623.044 2 82 1.6239 3 10140688 10140689 13 0 1 20 1  0
10.1596 10140342 623.023 2 106 2.10381 2 10140342 10140343 13 0 1 20 1  0
10.0421 10140641 623.041 2 108 2.14396 1 10140641 10140642 13 0 1 20 1  0
10.0676 10118160 621.66 6 263 5.37495 2 10118160 10118161 13 0 1 20 1  0
10.0253 10125613 622.118 7 632 15.2226 2 10125613 10125614 13 0 1 20 1  0
10.0024 10122961 621.955 7 913 26.929 1 10122961 10122962 13 0 1 20 1  0
10.2094 10118559 621.684 9 1783 130.852 1 10118554 10118574 13 0 1 20 1  0
15.7606 10113008 621.343 12 2517 481.697 282 10110704 10115344 13 0 1 20 1  0
0 9959424 611.907 11 2396 388.649 4 10113075 10114110 13 0 1 20 1  0
11.4662 10073820 618.935 11 2471 443.954 1 10072528 10075835 13 0 1 20 1  0
11.7327 10057014 617.903 12 2646 605.539 1 10055060 10060228 13 0 1 20 1  0
11.6867 10107535 621.007 11 2896 943.4 13 10105829 10108820 13 0 1 20 1  0
0 9959424 611.907 11 2869 899.292 1 10108466 10109016 13 0 1 20 1  0
10.2585 10221665 628.019 8 0 0 1062 10221665 10221666 13 0 1 20 1  0
19.3756 10246793 629.563 8 0 0 1 10222663 10222664 13 0 1 20 1  0
10.5956 10221666 628.019 1 0 0 1 10221666 10221667 13 0 1 20 1  0
30.1444 10246792 629.563 2 0 0 8 10221702 10221704 13 0 1 20 1  0
21.1304 10294305 632.482 5 0 0 52 10293315 10293353 13 0 1 20 1  0
12.2869 10293336 632.423 3 2 0.0394922 4 10246789 10246794 13 0 1 20 1  0
10.106 10221714 628.022 12 2219 283.901 1 10221640 10222038 13 0 1 20 1  0
12.2175 10483808 644.125 8 0 0 1538 10483808 10483809 13 0 1 20 1  0
21.3353 10531373 647.048 8 0 0 1 10484126 10484127 13 0 1 20 1  0
13.4354 10483809 644.125 1 0 0 1 10483809 10483810 13 0 1 20 1  0
21.9345 10533324 647.167 1 0 0 1 10484127 10484128 13 0 1 20 1  0
18.474 10742231 660.003 1 0 0 1 10484449 10484450 13 0 1 20 1  0
24.0422 10715262 658.346 3 0 0 8 10487550 10487555 13 0 1 20 1  0
10.058 10486899 644.315 4 0 0 1 10486899 10486900 13 0 1 20 1  0
17.0108 10496921 644.931 4 0 0 3 10487551 10487559 13 0 1 20 1  0
15.0021 10729213 659.203 4 0 0 1 10487878 10487890 13 0 1 20 1  0
15.0629 10506919 645.545 5 0 0 8 10487556 10487561 13 0 1 20 1  0
11.1856 10631580 653.204 6 0 0 2 10496258 10496278 13 0 1 20 1  0
13.9786 10553832 648.427 3 6 0.118475 18 10553831 10553836 13 0 1 20 1  0
10.8827 10741619 659.965 10 153 3.05512 11 10741316 10741686 13 0 1 20 1  0
12.7867 10746745 660.28 8 0 0 1 10746745 10746746 13 0 1 20 1  0
18.0938 10979349 674.571 8 0 0 1 10750299 10750300 13 0 1 20 1  0
0 10745856 660.225 8 0 0 421 10750618 10750619 13 0 1 20 1  0
13.5499 10746746 660.28 1 0 0 1 10746746 10746747 13 0 1 20 1  0
19.9121 10937599 672.006 1 0 0 1 10749327 10749328 13 0 1 20 1  0
13.6263 11007730 676.315 1 0 0 1 10750299 10750300 13 0 1 20 1  0
0 10745856 660.225 1 0 0 654 10750619 10750620 13 0 1 20 1  0
20.3753 10915911 670.674 2 0 0 7 10749677 10749679 13 0 1 20 1  0
12.1016 10831941 665.514 4 1 0.0197462 5 10831938 10831946 13 0 1 20 1  0
10.2544 10773407 661.918 4 1 0.0197462 1 10773407 10773408 13 0 1 20 1  0
10.4079 10753528 660.697 4 8 0.157966 3 10753528 10753531 13 0 1 20 1  0
11.66 11008367 676.354 8 0 0 534 11008367 11008368 13 0 1 20 1  0
19.1357 11269127 692.375 8 0 0 1 11008417 11008418 13 0 1 20 1  0
12.2866 11008057 676.335 1 0 0 1 11008057 11008058 13 0 1 20 1  0
21.0274 11035475 678.02 1 0 0 1 11008367 11008368 13 0 1 20 1  0
28.0556 11269126 692.375 2 0 0 36 11008416 11008419 13 0 1 20 1  0
0 11008000 676.331 1 0 0 800 11009326 11009328 13 0 1 20 1  0
10.9901 11266949 692.241 5 0 0 3 11266943 11266956 13 0 1 20 1  0
10.3819 11033981 677.928 3 2 0.0394922 1 11033981 11033982 13 0 1 20 1  0
10.8034 11111142 682.669 12 1292 54.3216 2 11110652 11111784 13 0 1 20 1  0
11.0167 11270275 692.446 8 0 0 1685 11270275 11270276 13 0 1 20 1  0
19.3793 11294802 693.953 8 0 0 1 11270935 11270936 13 0 1 20 1  0
18.6216 11511119 707.243 8 0 0 1 11271254 11271255 13 0 1 20 1  0
10.7269 11270275 692.446 1 0 0 1 11270275 11270276 13 0 1 20 1  0
23.5323 11354916 697.646 1 0 0 7 11270935 11270936 13 0 1 20 1  0
26.2366 11474590 704.999 4 4 0.0789836 14 11354910 11354920 13 0 1 20 1  0
30.6593 11361053 698.023 4 0 0 374 11270175 11270181 13 0 1 20 1  0
13.8265 11532520 708.558 8 0 0 1643 11532520 11532521 13 0 1 20 1  0
21.1676 11606712 713.116 8 0 0 1 11533812 11533813 13 0 1 20 1  0
18.4488 11753784 722.152 8 0 0 1 11534893 11534895 13 0 1 20 1  0
13.7884 11532521 708.558 1 0 0 1 11532521 11532522 13 0 1 20 1  0
21.8045 11674769 717.298 1 0 0 1 11533813 11533814 13 0 1 20 1  0
20.6116 11686833 718.039 2 0 0 3 11534892 11534896 13 0 1 20 1  0
13.1902 11779909 723.758 2 0 0 1 11549620 11549622 13 0 1 20 1  0
20.2385 11698529 718.758 3 0 0 241 11534891 11534895 13 0 1 20 1  0
10.3863 11592718 712.257 5 3 0.059238 3 11592718 11592719 13 0 1 20 1  0
11.4699 11794433 724.65 8 0 0 2451 11794433 11794434 13 0 1 20 1  0
22.9042 11914500 732.027 8 0 0 1 11794746 11794748 13 0 1 20 1  0
35.5456 11914500 732.027 2 0 0 9 11794433 11794435 13 0 1 20 1  0
31.262 11985183 736.37 7 5 0.0987291 391 11932914 11932983 13 0 1 20 1  0
29.8037 11945558 733.935 3 0 0 40 11835912 11835918 13 0 1 20 1  0
11.0071 11913230 731.949 3 1 0.0197462 2 11913230 11913231 13 0 1 20 1  0
10.1898 11932922 733.159 7 8 0.157966 3 11932922 11932923 13 0 1 20 1  0
10.3146 12012543 738.051 6 173 3.46586 6 12012539 12012547 13 0 1 20 1  0
13.672 12056937 740.778 8 0 0 2164 12056937 12056938 13 0 1 20 1  0
21.2481 12168842 747.654 8 0 0 1 12057582 12057583 13 0 1 20 1  0
20.3864 12311170 756.398 8 0 0 1 12057908 12057910 13 0 1 20 1  0
26.7742 12104786 743.718 1 0 0 3 12056938 12056939 13 0 1 20 1  0
10.7362 12056938 740.778 2 0 0 1 12056938 12056939 13 0 1 20 1  0
28.2126 12311169 756.398 2 0 0 10 12058553 12058554 13 0 1 20 1  0
23.6449 12316650 756.735 2 0 0 10 12058874 12058876 13 0 1 20 1  0
27.2285 12262483 753.407 3 0 0 4 12104783 12104790 13 0 1 20 1  0
13.9286 12275462 754.204 5 0 0 6 12164518 12164535 13 0 1 20 1  0
12.8222 12164494 747.386 7 4 0.0789836 35 12164467 12164532 13 0 1 20 1  0
10.577 12212813 750.355 2 2 0.0394922 2 12212813 12212814 13 0 1 20 1  0
14.3786 12171199 747.798 4 8 0.157966 28 12171195 12171204 13 0 1 20 1  0
10.3411 12278914 754.416 2 6 0.118475 2 12278914 12278915 13 0 1 20 1  0
16.7681 12318791 756.867 8 0 0 1578 12318791 12318792 13 0 1 20 1  0
21.8109 12550639 771.111 8 0 0 1 12319114 12319115 13 0 1 20 1  0
17.3865 12555468 771.408 8 0 0 1 12319762 12319763 13 0 1 20 1  0
25.0353 12432392 763.846 2 0 0 7 12318791 12318793 13 0 1 20 1  0
16.3723 12547833 770.939 3 0 0 6 12332215 12332223 13 0 1 20 1  0
15.4269 12487958 767.26 5 0 0 29 12368637 12368663 13 0 1 20 1  0
10.4861 12333996 757.801 2 1 0.0197462 6 12333996 12333997 13 0 1 20 1  0
10.3082 12368649 759.93 4 4 0.0789836 1 12368649 12368650 13 0 1 20 1  0
12.0712 12365966 759.765 12 1041 34.2925 1 12365196 12366310 13 0 1 20 1  0
10.7168 12580944 772.973 8 0 0 2363 12580944 12580945 13 0 1 20 1  0
20.2796 12739886 782.739 8 0 0 1 12582558 12582559 13 0 1 20 1  0
11.4372 12580945 772.973 1 0 0 1 12580945 12580946 13 0 1 20 1  0
22.4941 12731305 782.211 1 0 0 1 12581915 12581916 13 0 1 20 1  0
18.3587 12609324 774.717 2 0 0 52 12582558 12582560 13 0 1 20 1  0
18.3304 12841542 788.984 2 0 0 1 12585005 12585007 13 0 1 20 1  0
18.4167 12664986 778.137 3 0 0 18 12581469 12581473 13 0 1 20 1  0
10.6333 12798436 786.336 4 4 0.0789836 2 12664978 12664988 13 0 1 20 1  0
10.033 12631445 776.076 5 9 0.177712 1 12631445 12631446 13 0 1 20 1  0
10.2055 12808432 786.95 12 1616 97.1717 1 12808320 12808590 13 0 1 20 1  0
11.9311 12845288 789.214 8 0 0 1 12845288 12845289 13 0 1 20 1  0
20.3841 12938112 794.918 8 0 0 1 12845612 12845613 13 0 1 20 1  0
10.1405 12843233 789.088 5 2 0.0394922 1792 12843233 12843234 13 0 1 20 1  0
10.7154 12845289 789.215 1 0 0 1 12845289 12845290 13 0 1 20 1  0
24.6081 12938113 794.918 1 0 0 1 12845613 12845614 13 0 1 20 1  0
25.9344 12930146 794.428 2 0 0 6 12843238 12843242 13 0 1 20 1  0
15.5286 13085518 803.974 2 0 0 1 12844531 12844533 13 0 1 20 1  0
16.9767 12853554 789.722 3 0 0 1 12843235 12843245 13 0 1 20 1  0
16.3484 12847105 789.326 5 0 0 6 12843228 12843245 13 0 1 20 1  0
15.6298 13099775 804.85 5 0 0 25 12843554 12843563 13 0 1 20 1  0
13.3334 12945414 795.366 3 1 0.0197462 13 12847098 12847106 13 0 1 20 1  0
10.181 12888994 791.9 3 2 0.0394922 3 12888994 12888995 13 0 1 20 1  0
11.9308 12979253 797.445 2 3 0.059238 3 12930145 12930147 13 0 1 20 1  0
10.0983 12844842 789.187 4 3 0.059238 1 12844842 12844843 13 0 1 20 1  0
10.7506 13105379 805.194 8 0 0 1562 13105379 13105380 13 0 1 20 1  0
23.3557 13169697 809.146 8 0 0 1 13105701 13105702 13 0 1 20 1  0
24.6571 13133378 806.915 1 0 0 1 13105701 13105703 13 0 1 20 1  0
22.2278 13351876 820.339 2 0 0 8 13112021 13112042 13 0 1 20 1  0
17.4312 13305138 817.468 3 0 0 28 13109134 13109136 13 0 1 20 1  0
15.4552 13133617 806.929 5 0 0 19 13112019 13112045 13 0 1 20 1  0
10.2524 13219083 812.18 2 1 0.0197462 2 13219083 13219084 13 0 1 20 1  0
10.847 13348477 820.13 2 1 0.0197462 2 13348477 13348478 13 0 1 20 1  0
11.0725 13272794 815.48 7 2 0.0394922 6 13272783 13272805 13 0 1 20 1  0
10.0999 13113965 805.722 4 2 0.0394922 1 13113965 13113966 13 0 1 20 1  0
10.6236 13176465 809.562 6 8 0.157966 1 13133597 13133615 13 0 1 20 1  0
13.7328 13367280 821.286 12 2632 590.688 12 13364744 13367298 13 0 1 20 1  0
10.1947 13898818 853.943 8 0 0 1 13898818 13898819 13 0 1 20 1  0
14.4877 14087663 865.546 8 0 0 53 13908499 13908500 13 0 1 20 1  0
0 13891584 853.499 8 0 0 80 13961331 13961332 13 0 1 20 1  0
10.4293 14087664 865.546 1 0 0 1 14087663 14087665 13 0 1 20 1  0
10.0566 14035446 862.338 4 10 0.197458 1 14035446 14035447 13 0 1 20 1  0
10.5897 14098088 866.187 4 10 0.197458 1 14090841 14090848 13 0 1 20 1  0
11.132 14046561 863.021 6 77 1.5243 12 14046547 14046582 13 0 1 20 1  0
10.588 14030396 862.028 3 262 5.35308 1 14030392 14030397 13 0 1 20 1  0
10.2495 13923803 855.478 11 3204 1628.94 1 13923722 13923972 13 0 1 20 1  0
12.259 14153743 869.606 8 0 0 1265 14153743 14153744 13 0 1 20 1  0
18.6527 14259421 876.099 8 0 0 1 14154066 14154067 13 0 1 20 1  0
27.2726 14259421 876.099 2 0 0 11 14154707 14154709 13 0 1 20 1  0
18.432 14406804 885.154 1 0 0 1 14154392 14154393 13 0 1 20 1  0
14.8806 14402165 884.869 4 0 0 10 14164588 14164591 13 0 1 20 1  0
10.1149 14298371 878.492 4 1 0.0197462 1 14298371 14298372 13 0 1 20 1  0
10.0883 14298683 878.511 5 9 0.177712 2 14298683 14298684 13 0 1 20 1  0
148.025 2246198 138.006 10 2822 827.374 857 2245371 2247081 13 0 1 20 1 1
