0 121954 183.496
1 121954 184.134
2 121954 183.862
3 121951 183.957
4 121951 183.794
5 121951 183.503
6 121950 183.457
7 121949 183.477
8 121950 183.509
9 121952 184.257
10 121951 184.028
11 121950 184.136
12 121949 184.971
13 121949 184.96
14 121949 185.143
15 121948 185.305
16 121946 184.889
17 121945 184.954
18 121942 184.797
19 121940 184.704
20 121938 184.055
21 121936 183.875
22 121932 183.14
23 121928 182.778
24 121928 182.437
25 121927 182.735
26 121926 182.955
27 121926 183.344
28 121927 183.271
29 121927 183.177
30 121929 183.497
31 121927 183.001
32 121929 182.749
33 121926 181.987
34 121927 183.414
35 121931 183.271
36 121932 183.677
37 121932 183.697
38 121934 185.022
39 121934 184.795
40 121932 184.419
41 121929 183.547
42 121927 183.34
43 121928 183.203
44 121928 182.502
45 121928 182.406
46 121926 182.2
47 121928 183.145
48 121930 184.107
49 121934 184.627
50 121936 184.653
51 121941 185.493
52 121944 185.8
53 121945 185.918
54 121947 186.171
55 121946 185.837
56 121946 185.39
57 121944 184.902
58 121944 184.456
59 121946 184.331
60 121944 184.243
61 121944 185.042
62 121943 185.738
63 121943 185.96
64 121943 186.047
65 121945 186.372
66 121942 184.963
67 121937 184.492
68 121933 183.781
69 121932 183.431
70 121929 182.871
71 121928 183.248
72 121931 184.304
73 121931 185.018
74 121931 185.031
75 121930 184.661
76 121931 184.614
77 121933 184.677
78 121933 184.636
79 121932 183.231
80 121931 182.457
81 121926 181.529
82 121923 181.319
83 121917 180.536
84 121912 180.159
85 121913 181.229
86 121911 181.298
87 121910 181.311
88 121909 181.232
89 121907 180.959
90 121904 181.665
91 121907 182.905
92 121908 183.272
93 121911 185.524
94 121913 187.535
95 121910 187.555
96 121911 187.584
97 121909 187.27
98 121908 187.092
99 121910 187.205
100 121910 187.041
101 121910 187.266
102 121909 186.09
103 121909 185.483
104 121905 184.624
105 121906 183.917
106 121909 184.462
107 121910 184.704
108 121907 184.685
109 121906 184.567
110 121907 184.41
111 121905 184.264
112 121902 184.803
113 121904 185.485
114 121909 186.015
115 121911 186.51
116 121916 187.744
117 121919 186.947
118 121920 186.655
119 121920 186.618
120 121922 186.86
121 121927 187.696
122 121930 187.139
123 121926 185.461
124 121925 185.026
125 121920 181.551
126 121919 178.933
127 121920 178.715
128 121918 178.477
129 121918 178.534
130 121919 178.453
131 121923 182.685
132 121926 185.711
133 121927 185.676
134 121931 186.041
135 121933 186.715
136 121933 186.697
137 121934 186.959
138 121932 186.846
139 121933 186.774
140 121939 188.701
141 121941 189.479
142 121940 189.796
143 121943 190.396
144 121948 190.256
145 121946 189.834
146 121945 189.569
147 121945 189.26
148 121943 188.995
149 121945 189.584
150 121955 197.176
151 121958 198.768
152 121961 199.113
153 121957 198.576
154 121958 198.535
155 121959 199.611
156 121965 201.356
157 121968 203.442
158 121968 204.067
159 121969 205.788
160 121974 206.862
161 121983 209.613
162 121983 210.269
163 121983 209.114
164 121981 210.13
165 121986 212.676
166 121986 214.992
167 121992 216.374
168 121998 219.969
169 122003 223.612
170 122008 224.444
171 122011 226.974
172 122007 225.699
173 122007 226.228
174 122009 226.336
175 122013 235.758
176 122019 241.023
177 122019 240.918
178 122020 240.836
179 122019 240.886
180 122021 241.568
181 122019 241.776
182 122009 234.594
183 122008 233.598
184 122007 237.77
185 122011 239.577
186 122012 241.461
187 122010 240.707
188 122004 239.171
189 122001 236.989
190 121998 235.869
191 121997 233.76
192 121992 232.735
193 121986 231.581
194 121985 232.004
195 121986 230.959
196 121987 227.76
197 121983 225.353
198 121986 223.468
199 121982 222.267
200 121979 219.36
201 121977 216.403
202 121974 215.964
203 121978 215.5
204 121980 215.121
205 121982 214.112
206 121982 214.915
207 121978 205.753
208 121972 200.411
209 121973 200.913
210 121974 201.296
211 121977 201.822
212 121976 201.506
213 121976 201.094
214 121977 202.134
215 121978 201.944
216 121977 198.203
217 121975 196.889
218 121977 195.847
219 121982 196.483
220 121986 197.78
221 121994 199.606
222 121998 200.878
223 122000 202.052
224 122002 202.529
225 122002 204.559
226 122002 203.727
227 121998 203.238
228 121996 203.685
229 121994 203.62
230 121989 202.849
231 121987 202.714
232 121982 202.548
233 121981 204.598
234 121982 206.62
235 121978 209.403
236 121977 209.449
237 121981 211.754
238 121986 213.198
239 121983 214.268
240 121980 215.18
241 121979 215.46
242 121980 216.519
243 121980 221.046
244 121980 223.533
245 121981 224.129
246 121979 223.001
247 121978 223.277
248 121978 224.998
249 121978 225.312
250 121977 224.55
251 121975 223.929
252 121973 222.986
253 121972 222.688
254 121968 223.548
255 121967 223.293
256 121970 225.242
257 121970 223.792
258 121973 225.358
259 121976 227.976
260 121979 229.019
261 121983 229.703
262 121987 230.706
263 121988 230.62
264 121991 230.436
265 121990 227.836
266 121993 229.728
267 121993 226.255
268 121994 225.961
269 121991 225.121
270 121986 223.683
271 121989 224.412
272 121993 224.009
273 121994 223.255
274 121992 222.19
275 121994 220.395
276 121993 220.619
277 121989 219.854
278 121990 220.204
279 121992 219.909
280 121993 217.949
281 121999 220.315
282 122001 220.979
283 122003 221.475
284 122002 221.714
285 122000 221.11
286 122002 219.467
287 122003 219.166
288 122002 219.364
289 122002 218.965
290 122003 217.677
291 122000 215.54
292 122000 215.902
293 121999 219.491
294 122002 220.687
295 122001 224.021
296 122002 224.122
297 122002 225.223
298 121997 221.984
299 121997 224.21
300 122000 231.243
301 121996 229.639
302 121993 228.282
303 121991 225.883
304 121989 225.144
305 121988 226.401
306 121989 228.34
307 121986 225.767
308 121985 222.091
309 121986 221.838
310 121990 222.221
311 121988 222.162
312 121986 221.75
313 121982 221.441
314 121979 220.996
315 121978 221.94
316 121977 223.166
317 121973 222.426
318 121970 222.185
319 121967 222.473
320 121965 221.73
321 121962 220.468
322 121958 220.075
323 121958 219.361
324 121956 217.859
325 121954 214.321
326 121949 212.653
327 121948 210.103
328 121949 210.535
329 121954 212.432
330 121950 212.385
331 121946 209.54
332 121942 203.366
333 121945 203.608
334 121948 205.058
335 121951 206.787
336 121958 208.312
337 121965 208.792
338 121972 209.609
339 121980 211.425
340 121984 213.576
341 121991 215.163
342 121999 218.845
343 122003 220.951
344 122005 221.94
345 122008 220.344
346 122011 221.917
347 122012 222.414
348 122016 223.67
349 122023 225.013
350 122027 226.86
351 122036 228.433
352 122042 229.137
353 122047 230.351
354 122054 231.542
355 122058 231.769
356 122065 232.946
357 122070 234.85
358 122073 237.071
359 122076 237.179
360 122075 237.483
361 122073 235.925
362 122079 239.155
363 122085 239.875
364 122085 241.051
365 122083 241.053
366 122087 240.766
367 122086 239.754
368 122081 239.347
369 122077 239.58
370 122071 240.05
371 122067 239.435
372 122069 239.702
373 122068 239.854
374 122060 236.409
375 122060 236.064
376 122062 237.451
377 122055 237.493
378 122054 237.19
379 122051 235.955
380 122046 233.515
381 122044 233.361
382 122043 232.422
383 122037 233.707
384 122033 234.881
385 122038 237.032
386 122038 239.018
387 122040 240.179
388 122047 240.857
389 122048 245.183
390 122046 243.355
391 122044 243.995
392 122043 246.288
393 122046 247.746
394 122048 244.323
395 122049 246.941
396 122050 247.037
397 122056 251.246
398 122052 252.195
399 122055 253.703
400 122056 255.796
401 122061 260.612
402 122061 259.391
403 122061 258.431
404 122059 258.455
405 122058 257.754
406 122057 257.625
407 122057 258.396
408 122057 259.235
409 122064 260.866
410 122068 260.863
411 122077 262.699
412 122083 263.481
413 122085 265.015
414 122090 267.233
415 122091 266.419
416 122092 263.364
417 122089 262.606
418 122086 260.124
419 122084 259.061
420 122080 260.329
421 122078 254.131
422 122082 254.965
423 122082 254.061
424 122083 251.449
425 122081 249.593
426 122079 249.688
427 122076 247.682
428 122075 246.462
429 122071 244.469
430 122073 246.01
431 122075 245.774
432 122077 244.779
433 122069 239.351
434 122065 238.496
435 122064 238.783
436 122061 237.84
437 122060 238.373
438 122070 243.192
439 122066 242.252
440 122064 239.976
441 122078 243.592
442 122075 243.527
443 122070 242.091
444 122068 243.468
445 122069 243.534
446 122064 241.77
447 122065 240.037
448 122066 240.456
449 122063 238.402
450 122065 240.307
451 122065 240.54
452 122055 237.12
453 122054 237.843
454 122048 236.409
455 122048 235.357
456 122047 234.99
457 122047 236.595
458 122049 239.392
459 122051 238.329
460 122052 239.081
461 122053 237.204
462 122052 234.492
463 122048 234.221
464 122048 233.534
465 122049 232.597
466 122052 231.685
467 122052 230.53
468 122054 229.343
469 122053 228.648
470 122046 223.946
471 122049 224.272
472 122050 223.843
473 122034 218.175
474 122041 220.11
475 122043 220.339
476 122043 218.782
477 122042 218.581
478 122046 218.158
479 122052 218.958
480 122052 220.051
481 122050 219.481
482 122053 218.577
483 122055 218.238
484 122067 219.991
485 122071 220.402
486 122077 221.526
487 122080 222.355
488 122084 224.062
489 122089 221.975
490 122088 218.921
491 122090 221.066
492 122096 222.101
493 122107 223.573
494 122110 224.838
495 122115 224.784
496 122116 223.918
497 122119 224.91
498 122124 226.072
499 122127 227.642
500 122131 228.985
501 122134 229.649
502 122136 230.376
503 122139 229.731
504 122144 231.162
505 122145 232.351
506 122141 229.865
507 122144 230.345
508 122151 231.114
509 122151 229.8
510 122155 230.969
511 122151 230.84
