0 120401 110.224
1 120400 111.197
2 120399 111.273
3 120397 111.216
4 120396 111.15
5 120398 111.228
6 120395 112.212
7 120392 111.936
8 120389 111.577
9 120389 111.344
10 120387 111.104
11 120385 111.044
12 120383 110.632
13 120382 110.21
14 120383 110.143
15 120382 109.777
16 120381 109.617
17 120367 106.259
18 120352 102.859
19 120342 99.398
20 120342 99.4274
21 120343 99.3331
22 120344 99.361
23 120344 99.4387
24 120346 99.9682
25 120347 100.342
26 120349 101.183
27 120348 101.436
28 120348 101.529
29 120349 101.35
30 120349 101.34
31 120349 101.174
32 120350 101.356
33 120348 100.461
34 120347 99.8808
35 120346 99.2797
36 120346 98.8066
37 120343 98.4493
38 120344 97.2354
39 120346 97.3142
40 120347 97.5858
41 120347 97.4891
42 120346 97.4566
43 120348 97.4311
44 120351 99.7239
45 120354 101.667
46 120355 102.825
47 120357 104.52
48 120356 104.079
49 120362 105.354
50 120367 106.125
51 120370 106.551
52 120373 107.084
53 120376 108.413
54 120377 108.906
55 120378 108.836
56 120378 108.729
57 120377 108.482
58 120378 107.924
59 120381 108.487
60 120383 108.657
61 120384 108.93
62 120386 109.16
63 120387 109.251
64 120389 110.271
65 120392 112.04
66 120393 112.409
67 120395 112.439
68 120396 112.48
69 120399 113.964
70 120404 115.556
71 120405 115.893
72 120407 115.612
73 120407 115.325
74 120410 115.899
75 120410 115.818
76 120412 114.267
77 120414 113.562
78 120415 113.134
79 120416 111.981
80 120419 112.823
81 120416 111.944
82 120414 111.313
83 120415 111.744
84 120415 111.974
85 120414 111.099
86 120415 110.859
87 120416 111.092
88 120415 111.183
89 120414 111.084
90 120412 110.922
91 120410 110.256
92 120408 109.995
93 120408 110.279
94 120409 110.571
95 120412 111.16
96 120408 110.097
97 120407 108.582
98 120409 108.769
99 120411 109.881
100 120410 110.086
101 120406 108.323
102 120404 107.551
103 120408 107.653
104 120408 108.941
105 120407 108.922
106 120404 108.289
107 120404 108.115
108 120402 107.529
109 120397 106.271
110 120395 105.259
111 120393 104.738
112 120391 104.205
113 120390 103.879
114 120391 104.081
115 120389 103.562
116 120387 103.217
117 120387 103.201
118 120388 103.271
119 120387 103.699
120 120389 103.511
121 120392 104.199
122 120395 104.623
123 120398 105.034
124 120400 105.768
125 120400 105.424
126 120400 105.875
127 120400 105.717
128 120402 106.057
129 120403 106.098
130 120402 108.114
131 120400 111.207
132 120406 115.351
133 120408 115.751
134 120406 115.104
135 120401 114.309
136 120400 112.93
137 120401 113.256
138 120402 112.893
139 120401 112.743
140 120399 112.431
141 120400 112.719
142 120399 112.751
143 120398 112.649
144 120400 112.641
145 120399 112.369
146 120397 112.053
147 120398 112.033
148 120397 111.751
149 120396 112.894
150 120396 113.433
151 120397 113.847
152 120396 113.997
153 120395 113.776
154 120393 113.41
155 120391 112.969
156 120390 112.355
157 120388 112.035
158 120386 111.561
159 120383 111.217
160 120381 110.794
161 120378 110.276
162 120377 107.676
163 120376 103.432
164 120370 99.0999
165 120367 98.6692
166 120366 98.4435
167 120366 98.2159
168 120364 97.9926
169 120362 97.9127
170 120362 98.4212
171 120361 98.1618
172 120360 98.007
173 120358 97.5324
174 120357 97.1813
175 120356 96.8997
176 120352 96.5719
177 120351 96.5202
178 120350 96.3739
179 120348 96.1411
180 120348 95.9832
181 120346 94.4815
182 120343 93.5377
183 120341 93.531
184 120340 93.1133
185 120337 92.6129
186 120337 92.5793
187 120336 92.5901
188 120335 92.5581
189 120336 92.7633
190 120336 92.6874
191 120336 92.8085
192 120336 92.9604
193 120335 93.0895
194 120336 93.2205
195 120336 93.1966
196 120335 93.1338
197 120335 93.2068
198 120335 93.3629
199 120335 93.7875
200 120336 93.8889
201 120338 93.6327
202 120338 93.2491
203 120339 93.5149
204 120341 93.9179
205 120341 93.962
206 120342 94.2431
207 120343 94.5791
208 120344 94.6973
209 120344 94.7181
210 120345 94.7196
211 120345 94.8489
212 120345 95.0029
213 120346 95.014
214 120347 95.0789
215 120346 94.0756
216 120346 93.8915
217 120346 93.828
218 120345 93.7668
219 120345 93.7996
220 120345 93.8577
221 120345 93.6496
222 120342 93.3045
223 120341 92.9639
224 120340 92.7601
225 120340 93.6856
226 120339 94.4927
227 120343 104.648
228 120342 104.61
229 120342 104.644
230 120342 104.645
231 120341 104.333
232 120339 104.05
233 120338 103.973
234 120336 104.004
235 120335 103.963
236 120333 103.563
237 120333 103.401
238 120330 103.108
239 120329 107.21
240 120332 111.329
241 120337 115.967
242 120341 118.59
243 120347 122.251
244 120354 125.9
245 120358 129.608
246 120365 132.003
247 120370 135.896
248 120380 138.681
249 120387 142.562
250 120390 145.73
251 120399 148.866
252 120405 154.245
253 120413 157.576
254 120420 161.532
255 120426 164.116
256 120432 166.248
257 120436 167.004
258 120437 167.6
259 120439 158.956
260 120441 160.41
261 120444 161.725
262 120446 163.845
263 120450 165.281
264 120453 167.581
265 120456 169.628
266 120459 170.852
267 120461 172.301
268 120466 175.092
269 120469 176.149
270 120471 177.18
271 120474 174.612
272 120475 171.583
273 120473 168.091
274 120471 167.186
275 120467 164.893
276 120462 162.698
277 120460 160.082
278 120456 158.466
279 120454 155.5
280 120447 154.059
281 120443 151.318
282 120442 148.904
283 120436 146.483
284 120431 141.717
285 120426 138.962
286 120422 135.436
287 120418 133.465
288 120415 131.808
289 120411 130.459
290 120411 129.163
291 120406 127.957
292 120405 126.694
293 120403 125.57
294 120402 123.808
295 120400 122.567
296 120398 120.727
297 120398 119.115
298 120395 118.356
299 120394 117.172
300 120392 114.787
301 120389 114.475
302 120404 120.569
303 120420 124.927
304 120418 125.573
305 120416 124.497
306 120418 127.335
307 120431 132.24
308 120441 135.751
309 120448 140.579
310 120456 145.168
311 120453 144.436
312 120451 143.414
313 120448 142.444
314 120454 148.324
315 120455 151.469
316 120453 150.845
317 120451 150.348
318 120448 149.873
319 120446 149.33
320 120443 148.833
321 120444 148.403
322 120443 148.256
323 120445 149.365
324 120449 150.337
325 120449 151.569
326 120449 151.722
327 120448 151.969
328 120449 152.345
329 120447 152.125
330 120451 152.531
331 120455 153.075
332 120458 153.591
333 120460 153.88
334 120444 147.313
335 120430 142.033
336 120430 141.015
337 120431 141.317
338 120427 137.293
339 120411 130.915
340 120398 125.892
341 120387 119.911
342 120376 114.419
343 120376 114.375
344 120374 114.288
345 120373 114.196
346 120365 108.92
347 120360 105.222
348 120359 105.095
349 120358 104.986
350 120360 105.383
351 120360 105.616
352 120360 105.681
353 120361 106.097
354 120362 106.393
355 120360 105.215
356 120357 104.625
357 120356 103.339
358 120356 102.909
359 120357 102.916
360 120355 102.467
361 120355 102.322
362 120351 101.691
363 120347 100.883
364 120344 100.274
365 120341 99.3142
366 120340 98.7251
367 120336 97.7931
368 120333 97.082
369 120332 96.769
370 120332 96.5511
371 120334 96.718
372 120335 96.714
373 120336 97.0006
374 120339 97.2359
375 120340 97.1262
376 120345 97.6602
377 120351 98.4947
378 120353 97.9068
379 120357 97.946
380 120357 98.0985
381 120360 98.3698
382 120361 98.2983
383 120362 98.6133
384 120364 99.0606
385 120364 98.7377
386 120364 98.4586
387 120362 99.5154
388 120361 98.7666
389 120360 98.3647
390 120359 98.3681
391 120357 97.943
392 120357 99.9431
393 120357 99.8427
394 120357 100.045
395 120360 100.976
396 120359 100.81
397 120359 101.41
398 120362 101.944
399 120364 102.852
400 120365 103.314
401 120366 103.547
402 120364 103.512
403 120363 103.202
404 120362 103.079
405 120361 102.76
406 120360 102.758
407 120357 102.643
408 120353 101.947
409 120346 101.285
410 120344 101.241
411 120343 101.105
412 120346 102.193
413 120346 103.324
414 120345 103.802
415 120347 104.117
416 120348 104.229
417 120348 104.691
418 120349 104.745
419 120351 104.052
420 120352 104.334
421 120353 104.595
422 120353 104.648
423 120356 105.505
424 120357 103.645
425 120358 104.368
426 120360 104.663
427 120361 104.709
428 120366 106.133
429 120368 105.886
430 120367 105.643
431 120366 105.086
432 120366 104.931
433 120368 105.516
434 120370 106.024
435 120373 106.665
436 120375 108.223
437 120378 108.67
438 120380 108.884
439 120383 109.506
440 120385 109.798
441 120387 109.778
442 120385 109.346
443 120385 109.423
444 120382 108.195
445 120381 106.949
446 120380 106.143
447 120376 105.484
448 120373 104.936
449 120375 104.838
450 120374 104.941
451 120371 104.42
452 120370 104.695
453 120370 104.545
454 120371 105.392
455 120368 105.004
456 120368 104.535
457 120368 104.521
458 120368 104.419
459 120367 103.799
460 120362 102.77
461 120362 102.708
462 120363 103.744
463 120362 103.479
464 120360 102.969
465 120356 102.006
466 120354 101.372
467 120352 101.187
468 120350 99.6037
469 120349 99.7397
470 120352 100.331
471 120353 100.745
472 120354 100.942
473 120356 101.491
474 120360 102.009
475 120361 103.009
476 120363 104.763
477 120364 104.996
478 120365 105.513
479 120366 105.566
480 120369 105.971
481 120367 105.855
482 120369 106.07
483 120382 112.897
484 120399 116.706
485 120414 121.312
486 120430 124.79
487 120442 128.785
488 120461 132.992
489 120475 137.249
490 120492 140.855
491 120499 143.871
492 120503 146.197
493 120510 150.985
494 120525 153.767
495 120540 158.602
496 120545 161.522
497 120552 163.841
498 120560 166.206
499 120567 168.459
500 120577 171.351
501 120584 173.805
502 120588 175.936
503 120594 178.151
504 120604 181.289
505 120611 184.359
506 120620 187.47
507 120632 190.338
508 120643 192.664
509 120658 197.536
510 120674 202.735
511 120693 208.933
