0 121191 133.922
1 121191 133.908
2 121190 133.873
3 121190 133.893
4 121190 133.907
5 121190 133.887
6 121190 133.905
7 121190 133.892
8 121190 133.893
9 121190 133.885
10 121190 133.869
11 121190 133.854
12 121190 133.873
13 121190 133.862
14 121190 133.822
15 121190 133.787
16 121190 133.792
17 121190 133.749
18 121190 133.745
19 121189 133.728
20 121190 133.692
21 121190 133.787
22 121191 133.814
23 121191 133.847
24 121192 133.889
25 121192 133.913
26 121192 133.885
27 121192 133.814
28 121192 133.851
29 121192 133.897
30 121192 133.866
31 121192 133.857
32 121191 133.849
33 121191 133.852
34 121192 133.906
35 121192 133.882
36 121192 133.91
37 121192 133.961
38 121192 133.93
39 121192 133.909
40 121193 133.905
41 121192 133.935
42 121193 133.962
43 121193 133.946
44 121192 133.879
45 121192 133.892
46 121193 133.952
47 121192 133.992
48 121192 133.991
49 121192 134.013
50 121192 134.021
51 121192 134.045
52 121192 134.055
53 121192 133.996
54 121191 133.897
55 121191 133.882
56 121191 133.888
57 121192 133.911
58 121192 133.948
59 121192 134.019
60 121192 134.024
61 121192 134.005
62 121192 134.058
63 121192 134.09
64 121192 134.121
65 121192 134.158
66 121193 134.133
67 121193 134.153
68 121193 134.131
69 121193 134.118
70 121193 134.144
71 121193 134.181
72 121193 134.166
73 121193 134.118
74 121193 134.123
75 121193 134.107
76 121193 134.186
77 121193 134.223
78 121193 134.194
79 121193 134.233
80 121193 134.247
81 121193 134.295
82 121193 134.282
83 121193 134.264
84 121193 134.247
85 121193 134.236
86 121192 134.291
87 121192 134.273
88 121192 134.247
89 121192 134.233
90 121192 134.205
91 121192 134.138
92 121192 134.123
93 121192 134.1
94 121192 134.177
95 121192 134.214
96 121192 134.185
97 121192 134.166
98 121192 134.13
99 121191 134.097
100 121191 134.103
101 121191 134.084
102 121191 134.073
103 121191 134.088
104 121191 134.071
105 121191 134.097
106 121191 134.121
107 121191 134.234
108 121191 134.236
109 121191 134.174
110 121191 134.207
111 121191 134.164
112 121191 134.174
113 121191 134.169
114 121191 134.133
115 121190 134.069
116 121191 134.101
117 121191 134.004
118 121191 133.988
119 121191 134.014
120 121191 134.018
121 121190 133.989
122 121190 134.007
123 121190 133.996
124 121190 133.956
125 121190 133.988
126 121190 133.892
127 121189 133.828
128 121189 133.864
129 121189 133.858
130 121189 133.906
131 121190 133.941
132 121190 133.971
133 121190 134.002
134 121190 134.012
135 121190 134.03
136 121190 134.038
137 121189 134.013
138 121189 133.988
139 121189 133.909
140 121188 133.859
141 121188 133.84
142 121188 133.807
143 121188 133.751
144 121188 133.681
145 121188 133.68
146 121188 133.733
147 121187 133.797
148 121187 133.791
149 121187 133.882
150 121186 133.909
151 121186 133.829
152 121186 133.879
153 121186 133.856
154 121186 133.862
155 121186 133.898
156 121186 133.895
157 121185 133.839
158 121184 133.765
159 121184 133.701
160 121184 133.671
161 121183 133.613
162 121183 133.565
163 121183 133.581
164 121182 133.501
165 121182 133.444
166 121182 133.437
167 121182 133.371
168 121182 133.407
169 121182 133.411
170 121183 133.422
171 121183 133.466
172 121183 133.537
173 121183 133.587
174 121183 133.57
175 121183 133.628
176 121183 133.683
177 121183 133.662
178 121183 133.649
179 121183 133.573
180 121183 133.585
181 121183 133.566
182 121183 133.546
183 121183 133.6
184 121183 133.546
185 121183 133.592
186 121183 133.561
187 121184 133.577
188 121183 133.593
189 121184 133.615
190 121184 133.652
191 121184 133.708
192 121185 133.73
193 121184 133.758
194 121184 133.792
195 121184 133.765
196 121184 133.809
197 121184 133.829
198 121184 133.837
199 121184 133.843
200 121184 133.822
201 121183 133.792
202 121183 133.718
203 121183 133.676
204 121183 133.63
205 121182 133.608
206 121183 133.663
207 121183 133.659
208 121183 133.657
209 121184 133.678
210 121183 133.681
211 121183 133.74
212 121183 133.708
213 121184 133.721
214 121184 133.736
215 121184 133.717
216 121185 133.777
217 121185 133.787
218 121185 133.851
219 121185 133.865
220 121185 133.879
221 121185 133.908
222 121185 133.924
223 121185 133.93
224 121186 133.949
225 121186 133.924
226 121186 133.911
227 121186 133.897
228 121186 133.873
229 121186 133.877
230 121186 133.863
231 121186 133.875
232 121186 133.887
233 121186 133.915
234 121186 133.941
235 121186 133.922
236 121185 133.863
237 121185 133.861
238 121184 133.796
239 121184 133.759
240 121183 133.685
241 121182 133.602
242 121181 133.556
243 121181 133.471
244 121181 133.494
245 121180 133.464
246 121179 133.418
247 121179 133.439
248 121178 133.423
249 121177 133.358
250 121177 133.276
251 121176 133.201
252 121175 133.169
253 121175 133.136
254 121174 133.087
255 121173 133.058
256 121172 132.985
257 121172 133.019
258 121171 132.973
259 121171 132.943
260 121170 132.872
261 121170 132.848
262 121169 132.786
263 121169 132.773
264 121168 132.707
265 121167 132.704
266 121167 132.68
267 121167 132.626
268 121166 132.647
269 121166 132.603
270 121166 132.587
271 121166 132.599
272 121166 132.636
273 121167 132.667
274 121166 132.667
275 121166 132.71
276 121166 132.668
277 121166 132.626
278 121166 132.622
279 121166 132.569
280 121166 132.504
281 121166 132.5
282 121166 132.491
283 121166 132.492
284 121166 132.473
285 121166 132.484
286 121166 132.505
287 121166 132.511
288 121166 132.522
289 121166 132.442
290 121166 132.501
291 121166 132.536
292 121166 132.607
293 121166 132.637
294 121167 132.763
295 121166 132.806
296 121167 132.88
297 121168 132.873
298 121168 132.92
299 121168 133.022
300 121168 133.04
301 121168 133.126
302 121169 133.255
303 121169 133.286
304 121169 133.367
305 121170 133.384
306 121170 133.403
307 121170 133.351
308 121170 133.358
309 121170 133.402
310 121170 133.412
311 121170 133.394
312 121170 133.461
313 121171 133.486
314 121171 133.511
315 121171 133.483
316 121171 133.509
317 121171 133.49
318 121172 133.538
319 121172 133.507
320 121172 133.526
321 121173 133.576
322 121174 133.553
323 121173 133.603
324 121173 133.587
325 121174 133.519
326 121174 133.411
327 121174 133.384
328 121173 133.336
329 121173 133.365
330 121174 133.348
331 121174 133.337
332 121174 133.354
333 121174 133.286
334 121174 133.184
335 121174 133.161
336 121174 133.062
337 121174 133.085
338 121174 133.087
339 121174 133.172
340 121174 133.188
341 121174 133.251
342 121175 133.256
343 121175 133.278
344 121175 133.224
345 121175 133.245
346 121175 133.245
347 121175 133.283
348 121175 133.247
349 121175 133.242
350 121175 133.169
351 121175 133.188
352 121175 133.173
353 121175 133.176
354 121175 133.145
355 121175 133.087
356 121175 133.084
357 121175 133.085
358 121175 133.114
359 121174 133.049
360 121174 133.079
361 121174 133.018
362 121173 132.992
363 121172 132.909
364 121172 132.882
365 121171 132.881
366 121171 132.849
367 121171 132.832
368 121170 132.837
369 121169 132.757
370 121169 132.707
371 121169 132.656
372 121169 132.61
373 121168 132.545
374 121168 132.543
375 121168 132.576
376 121167 132.53
377 121167 132.465
378 121167 132.474
379 121167 132.468
380 121166 132.452
381 121166 132.435
382 121166 132.416
383 121166 132.423
384 121165 132.44
385 121165 132.424
386 121165 132.424
387 121164 132.416
388 121164 132.389
389 121163 132.437
390 121163 132.385
391 121163 132.396
392 121163 132.382
393 121163 132.348
394 121163 132.327
395 121163 132.304
396 121163 132.266
397 121163 132.256
398 121163 132.207
399 121162 132.194
400 121162 132.164
401 121162 132.135
402 121162 132.102
403 121161 132.073
404 121161 132.05
405 121161 131.988
406 121160 131.889
407 121160 131.851
408 121160 131.91
409 121160 131.958
410 121159 131.925
411 121159 131.884
412 121159 131.852
413 121159 131.843
414 121158 131.845
415 121158 131.769
416 121158 131.704
417 121158 131.71
418 121157 131.639
419 121157 131.609
420 121157 131.593
421 121156 131.509
422 121156 131.488
423 121156 131.46
424 121156 131.442
425 121156 131.498
426 121155 131.491
427 121155 131.513
428 121155 131.497
429 121155 131.479
430 121155 131.521
431 121155 131.485
432 121156 131.498
433 121156 131.535
434 121156 131.585
435 121156 131.618
436 121156 131.615
437 121156 131.62
438 121156 131.689
439 121157 131.688
440 121156 131.706
441 121156 131.643
442 121156 131.661
443 121156 131.664
444 121156 131.698
445 121156 131.683
446 121157 131.718
447 121157 131.739
448 121157 131.758
449 121157 131.741
450 121157 131.761
451 121157 131.771
452 121157 131.755
453 121157 131.752
454 121157 131.74
455 121157 131.724
456 121157 131.741
457 121157 131.729
458 121157 131.714
459 121157 131.689
460 121157 131.703
461 121157 131.723
462 121157 131.752
463 121157 131.759
464 121157 131.74
465 121157 131.756
466 121157 131.771
467 121157 131.797
468 121157 131.83
469 121157 131.855
470 121157 131.84
471 121157 131.844
472 121157 131.799
473 121157 131.846
474 121157 131.796
475 121157 131.858
476 121157 131.878
477 121157 131.837
478 121156 131.795
479 121156 131.792
480 121156 131.747
481 121156 131.755
482 121156 131.771
483 121156 131.739
484 121156 131.749
485 121156 131.73
486 121156 131.763
487 121156 131.793
488 121156 131.757
489 121156 131.753
490 121156 131.725
491 121156 131.764
492 121157 131.775
493 121157 131.765
494 121157 132.078
495 121157 132.252
496 121158 132.43
497 121158 132.418
498 121157 132.413
499 121157 132.395
500 121157 132.393
501 121157 132.415
502 121157 132.445
503 121157 132.459
504 121157 132.474
505 121157 132.469
506 121157 132.526
507 121158 132.494
508 121158 132.503
509 121158 132.626
510 121158 132.699
511 121159 132.782
