21.1104 565235 34.728 8 0 0 1 522412 522414 13 0 1 20 1  0
0 522240 32.0864 8 0 0 631 522728 522729 13 0 1 20 1  0
22.5579 674640 41.4499 1 0 0 2 522413 522415 13 0 1 20 1  0
21.3698 693529 42.6104 1 0 0 1 522728 522729 13 0 1 20 1  0
0 522240 32.0864 1 0 0 878 523058 523060 13 0 1 20 1  0
19.7802 691004 42.4553 2 0 0 3 522413 522415 13 0 1 20 1  0
10.4495 529788 32.5502 3 0 0 1 529788 529789 13 0 1 20 1  0
10.8336 533366 32.77 3 2 0.0394922 7 533364 533367 13 0 1 20 1  0
10.6785 530754 32.6095 3 1 0.0197462 2 530754 530755 13 0 1 20 1  0
11.9202 533039 32.7499 3 1 0.0197462 3 533037 533042 13 0 1 20 1  0
10.0227 538576 33.0901 4 2 0.0394922 1 538576 538577 13 0 1 20 1  0
10.9475 781478 48.014 4 10 0.197458 4 781477 781481 13 0 1 20 1  0
22.2853 925665 56.8729 8 0 0 1 784390 784392 13 0 1 20 1  0
21.1018 1029030 63.2236 8 0 0 1 784709 784710 13 0 1 20 1  0
0 784384 48.1926 8 0 0 1838 785046 785047 13 0 1 20 1  0
22.5928 925666 56.8729 1 0 0 1 784391 784393 13 0 1 20 1  0
15.1242 838264 51.5029 2 0 0 1 784391 784393 13 0 1 20 1  0
12.3937 1041903 64.0145 2 0 0 1 784710 784712 13 0 1 20 1  0
11.3951 802828 49.3258 3 0 0 1 802822 802833 13 0 1 20 1  0
10.764 858826 52.7663 7 1 0.0197462 7 858799 859471 13 0 1 20 1  0
11.8429 905546 55.6367 3 2 0.0394922 8 905545 905548 13 0 1 20 1  0
11.9141 949814 58.3566 3 8 0.157966 11 949812 949816 13 0 1 20 1  0
10.1676 1042616 64.0583 2 4 0.0789836 1 1042616 1042617 13 0 1 20 1  0
12.9852 1046781 64.3142 8 0 0 696 1046781 1046782 13 0 1 20 1  0
20.9484 1075600 66.0849 8 0 0 1 1047105 1047106 13 0 1 20 1  0
21.0204 1227676 75.4284 8 0 0 7 1047436 1047437 13 0 1 20 1  0
11.6223 1046782 64.3143 1 0 0 1 1046782 1046783 13 0 1 20 1  0
21.6344 1198043 73.6078 1 0 0 1 1047105 1047107 13 0 1 20 1  0
21.4687 1242654 76.3487 1 0 0 2 1047757 1047759 13 0 1 20 1  0
0 1046528 64.2987 1 0 0 928 1048089 1048091 13 0 1 20 1  0
10.1512 1087322 66.8051 1 1 0.0197462 1 1087322 1087323 13 0 1 20 1  0
10.0828 1209162 74.2909 12 2382 379.115 1 1208818 1209320 13 0 1 20 1  0
20.1631 1308936 80.421 8 0 0 665 1308936 1308937 13 0 1 20 1  0
20.6618 1454796 89.3827 8 0 0 1 1309886 1309888 13 0 1 20 1  0
19.682 1525996 93.7572 8 0 0 1 1309918 1309919 13 0 1 20 1  0
19.4136 1331543 81.81 1 0 0 1 1308936 1308938 13 0 1 20 1  0
0 1308672 80.4048 1 0 0 697 1309887 1309888 13 0 1 20 1  0
13.3101 1565074 96.1581 2 0 0 1 1316577 1316579 13 0 1 20 1  0
10.0623 1386228 85.1698 1 1 0.0197462 1 1386228 1386229 13 0 1 20 1  0
14.5502 1561221 95.9214 3 5 0.0987291 51 1561218 1561224 13 0 1 20 1  0
14.8471 1327826 81.5816 10 154 3.07556 551 1327428 1328205 13 0 1 20 1  0
10.2861 1449270 89.0431 12 752 19.6063 1 1327810 1327870 13 0 1 20 1  0
0 1308672 80.4048 12 752 19.6063 1 1449156 1449412 13 0 1 20 1  0
21.9744 1570816 96.5109 12 2937 1014.55 138 1567526 1570818 13 0 1 20 1  0
16.2745 1522714 93.5555 12 3057 1255.14 3 1516244 1528164 13 0 1 20 1  0
22.5877 1682976 103.402 8 0 0 1 1571076 1571078 13 0 1 20 1  0
15.5394 1583399 97.284 11 2666 627.404 45042 1581856 1585159 13 0 1 20 1  0
27.0303 1662336 102.134 2 0 0 13 1571076 1571078 13 0 1 20 1  0
18.9004 1785544 109.704 1 0 0 1 1571397 1571399 13 0 1 20 1  0
14.9426 1715512 105.401 2 0 0 1 1572055 1572056 13 0 1 20 1  0
10.1518 1640611 100.799 1 1 0.0197462 1 1640611 1640612 13 0 1 20 1  0
10.6401 1581702 97.1798 2 2 0.0394922 4 1581702 1581703 13 0 1 20 1  0
14.2843 1662657 102.154 2 2 0.0394922 9 1583970 1583973 13 0 1 20 1  0
10.3331 1583971 97.3192 2 3 0.059238 2 1583971 1583972 13 0 1 20 1  0
10.5939 1623317 99.7366 2 5 0.0987291 3 1623317 1623318 13 0 1 20 1  0
10.22 1575505 96.799 3 4 0.0789836 1 1575505 1575506 13 0 1 20 1  0
11.2061 1661670 102.093 2 5 0.0987291 1 1627595 1627597 13 0 1 20 1  0
10.2803 1585435 97.4091 3 11 0.217204 6 1585435 1585436 13 0 1 20 1  0
10.7298 1608424 98.8216 3 12 0.236951 1 1608424 1608425 13 0 1 20 1  0
10.3063 1623015 99.718 4 261 5.33123 17 1623015 1623016 13 0 1 20 1  0
10.0232 1621301 99.6127 8 60 1.18646 2 1621301 1621302 13 0 1 20 1  0
10.1806 1627566 99.9977 3 25 0.493721 9 1627566 1627567 13 0 1 20 1  0
10.1202 1639285 100.718 3 32 0.63206 1 1639285 1639286 13 0 1 20 1  0
10.1474 1640540 100.795 2 67 1.32543 1 1640540 1640541 13 0 1 20 1  0
10.0693 1628265 100.041 3 152 3.03469 5 1628265 1628266 13 0 1 20 1  0
10.1227 1634908 100.449 3 106 2.10381 1 1634908 1634909 13 0 1 20 1  0
10.2266 1640474 100.791 3 130 2.5874 1 1640474 1640475 13 0 1 20 1  0
10.393 1629640 100.125 3 174 3.4865 11 1629640 1629641 13 0 1 20 1  0
10.4512 1641445 100.85 2 240 4.87612 5 1641445 1641446 13 0 1 20 1  0
10.1441 1622725 99.7002 3 227 4.59778 14 1622725 1622726 13 0 1 20 1  0
10.0336 1641251 100.838 4 328 6.83551 1 1641251 1641252 13 0 1 20 1  0
12.9536 1634581 100.429 4 387 8.23911 6 1634222 1634278 13 0 1 20 1  0
10.2885 1641198 100.835 3 358 7.53893 3 1641198 1641199 13 0 1 20 1  0
10.2527 1633974 100.391 4 380 8.06818 2 1633974 1633975 13 0 1 20 1  0
10.0014 1641133 100.831 2 405 8.68451 1 1641133 1641134 13 0 1 20 1  0
10.103 1639790 100.749 2 421 9.08782 1 1639790 1639791 13 0 1 20 1  0
10.0199 1634808 100.443 4 452 9.89031 1 1634808 1634809 13 0 1 20 1  0
11.5658 1639529 100.733 3 522 11.8161 27 1639526 1639534 13 0 1 20 1  0
10.1025 1638558 100.673 4 537 12.2514 6 1638558 1638559 13 0 1 20 1  0
10.3829 1639444 100.727 3 546 12.5167 3 1639444 1639445 13 0 1 20 1  0
10.0286 1627244 99.9779 7 570 13.2399 2 1627244 1627245 13 0 1 20 1  0
10.0308 1641086 100.828 2 571 13.2706 1 1641086 1641087 13 0 1 20 1  0
10.0054 1641037 100.825 2 589 13.8295 1 1641037 1641038 13 0 1 20 1  0
10.1448 1641017 100.824 2 595 14.0188 1 1641017 1641018 13 0 1 20 1  0
10.4436 1640953 100.82 2 616 14.6943 2 1640953 1640954 13 0 1 20 1  0
10.1137 1640819 100.812 3 664 16.3164 3 1640819 1640820 13 0 1 20 1  0
10.68 1640903 100.817 2 645 15.6609 2 1640903 1640904 13 0 1 20 1  0
10.0578 1641729 100.868 2 708 17.9068 1 1641729 1641730 13 0 1 20 1  0
10.3647 1637430 100.604 4 913 26.929 5 1637430 1637431 13 0 1 20 1  0
10.0045 1625968 99.8995 7 931 27.8724 1 1625968 1625969 13 0 1 20 1  0
10.087 1632495 100.3 5 1036 33.9743 4 1632495 1632496 13 0 1 20 1  0
10.1207 1638687 100.681 2 1013 32.5446 1 1638687 1638688 13 0 1 20 1  0
10.0909 1625366 99.8625 6 1249 50.248 1 1625366 1625367 13 0 1 20 1  0
10.0238 1624425 99.8047 6 1343 59.5647 1 1624425 1624426 13 0 1 20 1  0
10.1634 1635560 100.489 5 1453 72.5947 3 1635560 1635561 13 0 1 20 1  0
10.1958 1635748 100.5 4 1495 78.2706 6 1635748 1635749 13 0 1 20 1  0
10.266 1635244 100.469 4 1518 81.5608 3 1635244 1635245 13 0 1 20 1  0
10.0167 1635404 100.479 4 1484 76.7434 1 1635404 1635405 13 0 1 20 1  0
10.1172 1634869 100.446 4 1571 89.6685 4 1634869 1634870 13 0 1 20 1  0
10.2001 1635023 100.456 4 1527 82.8849 1 1635023 1635024 13 0 1 20 1  0
10.0057 1630149 100.156 6 1637 100.882 1 1630149 1630150 13 0 1 20 1  0
10.003 1630355 100.169 5 1640 101.423 1 1630355 1630356 13 0 1 20 1  0
10.0437 1628962 100.083 5 1704 113.681 1 1628962 1628963 13 0 1 20 1  0
10.0461 1629076 100.09 5 1714 115.725 1 1629076 1629077 13 0 1 20 1  0
10.9267 1624305 99.7973 10 2780 767.986 2 1623745 1624642 13 0 1 20 1  0
12.5452 1604068 98.5539 4 2812 812.83 1 1601916 1602150 13 0 1 20 1  0
12.2356 1603922 98.545 4 2813 814.273 1 1601916 1602076 13 0 1 20 1  0
11.9806 1600722 98.3484 2 2833 843.673 1 1600633 1600635 13 0 1 20 1  0
10.0367 1600288 98.3217 2 2835 846.67 1 1600288 1600289 13 0 1 20 1  0
11.4104 1600522 98.3361 2 2836 848.173 1 1600193 1600199 13 0 1 20 1  0
10.3772 1599976 98.3025 2 2837 849.679 1 1599976 1599977 13 0 1 20 1  0
13.6886 1600099 98.3101 3 2837 849.679 1 1599907 1600261 13 0 1 20 1  0
17.6534 1599795 98.2914 4 2838 851.187 1 1599700 1601515 13 0 1 20 1  0
10.9181 1599519 98.2744 3 2840 854.211 1 1599519 1599522 13 0 1 20 1  0
10.053 1598901 98.2365 4 2843 858.768 1 1598901 1598902 13 0 1 20 1  0
13.9632 1598789 98.2296 5 2845 861.819 3 1598351 1599014 13 0 1 20 1  0
14.3487 1603422 98.5142 12 3237 1727.11 5 1599428 1606342 13 0 1 20 1  0
12.735 1833080 112.624 8 0 0 2494 1833080 1833081 13 0 1 20 1  0
22.8771 2053383 126.16 8 0 0 1 1833407 1833408 13 0 1 20 1  0
23.0163 2090571 128.445 8 0 0 1 1834056 1834057 13 0 1 20 1  0
12.695 1833081 112.624 1 0 0 1 1833081 1833082 13 0 1 20 1  0
27.9083 2090573 128.445 2 0 0 43 1837307 1837310 13 0 1 20 1  0
17.1633 1954606 120.091 5 0 0 122 1845504 1845519 13 0 1 20 1  0
10.2013 1965983 120.79 1 1 0.0197462 1 1965983 1965984 13 0 1 20 1  0
10.0081 1957532 120.271 2 4 0.0789836 1 1957532 1957533 13 0 1 20 1  0
10.1916 1931804 118.69 4 9 0.177712 2 1931804 1931805 13 0 1 20 1  0
10.2477 1952303 119.949 4 12 0.236951 2 1952303 1952304 13 0 1 20 1  0
10.5735 1957086 120.243 6 221 4.47014 14 1957076 1957098 13 0 1 20 1  0
11.3093 1927638 118.434 12 986 30.9352 2 1927028 1928504 13 0 1 20 1  0
23.0645 2096060 128.782 8 0 0 4100 2095587 2095588 13 0 1 20 1  0
22.9627 2304594 141.594 8 0 0 1 2096029 2096031 13 0 1 20 1  0
13.5486 2095550 128.751 1 0 0 1 2095550 2095551 13 0 1 20 1  0
22.5306 2121468 130.343 1 0 0 1 2095588 2095589 13 0 1 20 1  0
25.6444 2218697 136.317 1 0 0 205 2096030 2096032 13 0 1 20 1  0
28.7708 2304596 141.594 2 0 0 7 2096030 2096032 13 0 1 20 1  0
18.9442 2339469 143.737 1 0 0 1 2096521 2096524 13 0 1 20 1  0
13.9335 2334516 143.433 2 0 0 1 2096061 2096063 13 0 1 20 1  0
17.9566 2219352 136.357 4 5 0.0987291 8 2105327 2105329 13 0 1 20 1  0
11.6769 2246392 138.018 2 4 0.0789836 1 2105324 2105327 13 0 1 20 1  0
15.7324 2282191 140.218 3 4 0.0789836 7 2105324 2105329 13 0 1 20 1  0
10.3866 2105323 129.351 2 6 0.118475 1 2105323 2105324 13 0 1 20 1  0
14.4009 2220007 136.397 3 6 0.118475 6 2105321 2105327 13 0 1 20 1  0
10.6027 2221959 136.517 2 9 0.177712 1 2220003 2220007 13 0 1 20 1  0
10.0178 2249314 138.198 2 10 0.197458 1 2249314 2249315 13 0 1 20 1  0
14.0542 2307707 141.786 4 13 0.256698 5 2164805 2164815 13 0 1 20 1  0
10.1049 2164798 133.005 4 29 0.572762 2 2164798 2164799 13 0 1 20 1  0
10.6908 2227162 136.837 3 27 0.533239 1 2218682 2218688 13 0 1 20 1  0
11.1268 2222600 136.557 4 31 0.612292 2 2218677 2218684 13 0 1 20 1  0
18.6432 2255980 138.607 12 544 12.4574 5661 2253384 2257044 13 0 1 20 1  0
0 2095104 128.723 6 681 16.9186 49 2254645 2254700 13 0 1 20 1  0
0 2095104 128.723 6 1035 33.9109 4 2253049 2253052 13 0 1 20 1  0
0 2095104 128.723 7 1387 64.4781 1 2250823 2251142 13 0 1 20 1  0
24.573 2414224 148.33 8 0 0 1 2357727 2357729 13 0 1 20 1  0
24.6062 2544310 156.322 8 0 0 1 2358182 2358183 13 0 1 20 1  0
0 2357248 144.829 8 0 0 1901 2358210 2358211 13 0 1 20 1  0
24.2454 2559288 157.243 1 0 0 1 2357727 2357729 13 0 1 20 1  0
10.3197 2357728 144.859 2 0 0 1 2357728 2357729 13 0 1 20 1  0
16.9695 2455924 150.892 2 0 0 5 2358735 2358737 13 0 1 20 1  0
13.9413 2522217 154.965 4 0 0 15 2418638 2418649 13 0 1 20 1  0
10.4952 2438688 149.833 3 1 0.0197462 3 2438688 2438689 13 0 1 20 1  0
10.0992 2440310 149.933 4 3 0.059238 1 2440310 2440311 13 0 1 20 1  0
11.2775 2619388 160.935 12 3236 1724.05 2 2618674 2619394 13 0 1 20 1  0
19.7078 2622292 161.114 8 0 0 15411 2620008 2620009 13 0 1 20 1  0
17.5734 2856522 175.505 8 0 0 1 2620335 2620336 13 0 1 20 1  0
14.0268 2619694 160.954 1 0 0 1 2619694 2619695 13 0 1 20 1  0
20.0647 2711338 166.585 1 0 0 41 2620009 2620010 13 0 1 20 1  0
18.7432 2831458 173.965 1 0 0 1 2620336 2620337 13 0 1 20 1  0
22.3133 2752609 169.12 8 28 0.553 769 2711221 2711270 13 0 1 20 1  0
12.5705 2711398 166.588 3 1 0.0197462 4 2632102 2632118 13 0 1 20 1  0
10.2328 2632104 161.716 2 2 0.0394922 3 2632104 2632105 13 0 1 20 1  0
10.5298 2791506 171.51 3 5 0.0987291 1 2711393 2711395 13 0 1 20 1  0
13.9648 2730919 167.788 4 22 0.434452 265 2730912 2730931 13 0 1 20 1  0
10.4314 2738866 168.276 3 10 0.197458 2 2738865 2738867 13 0 1 20 1  0
36.5938 2828662 173.793 12 294 6.06149 1661 2776428 2809796 13 0 1 20 1  0
13.1398 2741304 168.426 6 33 0.651829 21 2712971 2712994 13 0 1 20 1  0
10.2493 2711844 166.616 3 33 0.651829 1 2711844 2711845 13 0 1 20 1  0
22.8724 2743117 168.537 8 107 2.12388 868 2711054 2711120 13 0 1 20 1  0
14.3748 2809979 172.645 6 62 1.22615 61 2711195 2711248 13 0 1 20 1  0
13.1196 2851555 175.2 7 90 1.78351 13 2741139 2741238 13 0 1 20 1  0
10.0537 2740940 168.403 5 193 3.88089 1 2740940 2740941 13 0 1 20 1  0
10.5493 2856486 175.502 8 213 4.30073 1 2740854 2741583 13 0 1 20 1  0
10.965 2841387 174.575 5 251 5.11363 7 2742745 2742849 13 0 1 20 1  0
10.1187 2842687 174.655 4 254 5.17874 1 2841386 2841389 13 0 1 20 1  0
10.084 2828363 173.775 3 256 5.22223 1 2742791 2742793 13 0 1 20 1  0
12.7127 2828682 173.794 5 262 5.35308 37 2741451 2741489 13 0 1 20 1  0
11.0878 2798734 171.954 4 266 5.44065 7 2742766 2742772 13 0 1 20 1  0
11.2513 2829343 173.835 3 262 5.35308 2 2798738 2798743 13 0 1 20 1  0
11.1919 2852434 175.254 3 267 5.46259 1 2742767 2742773 13 0 1 20 1  0
11.528 2853744 175.334 6 268 5.48454 4 2740804 2740805 13 0 1 20 1  0
10.5985 2851100 175.172 4 283 5.81591 7 2742732 2742743 13 0 1 20 1  0
14.915 2851760 175.212 12 282 5.79369 1 2807770 2807866 13 0 1 20 1  0
11 2791083 171.484 6 439 9.55029 9 2742237 2742280 13 0 1 20 1  0
10.1121 2855866 175.464 5 440 9.57626 2 2828185 2828186 13 0 1 20 1  0
10.268 2828172 173.763 5 443 9.65436 2 2828172 2828178 13 0 1 20 1  0
24.4509 2806268 172.417 12 741 19.1707 4 2733190 2750118 13 0 1 20 1  0
13.3235 2840860 174.542 8 543 12.4279 13 2730156 2730234 13 0 1 20 1  0
11.0709 2808938 172.581 6 566 13.1178 4 2741838 2741882 13 0 1 20 1  0
12.2076 2850624 175.142 12 620 14.8253 1 2806272 2807248 13 0 1 20 1  0
11.1728 2855133 175.419 8 730 18.7423 1 2826313 2826575 13 0 1 20 1  0
13.796 2786537 171.205 8 1027 33.4082 39 2737966 2738432 13 0 1 20 1  0
20.4097 2735704 168.082 12 1297 54.8153 248 2733170 2738118 13 0 1 20 1  0
13.8819 2842222 174.626 12 1562 88.2379 10 2731990 2734316 13 0 1 20 1  0
20.6498 2783342 171.009 12 1964 180.527 60 2731826 2732400 13 0 1 20 1  0
13.022 2826380 173.653 12 2164 257.499 7 2824646 2828266 13 0 1 20 1  0
10.6587 2799346 171.992 12 2514 479.141 3 2798148 2799980 13 0 1 20 1  0
12.0457 2881895 177.064 8 0 0 2361 2881895 2881896 13 0 1 20 1  0
19.4229 3016812 185.353 8 0 0 1 2882553 2882554 13 0 1 20 1  0
11.1941 2881896 177.064 1 0 0 1 2881896 2881897 13 0 1 20 1  0
18.3147 3019771 185.535 1 0 0 1 2883523 2883524 13 0 1 20 1  0
10.2799 2900286 178.194 2 0 0 1 2900286 2900287 13 0 1 20 1  0
17.1883 3029397 186.126 2 0 0 59 2901269 2901270 13 0 1 20 1  0
16.3332 3008356 184.833 3 0 0 16 3007919 3007923 13 0 1 20 1  0
15.73 3027835 186.03 5 0 0 64 3008342 3008362 13 0 1 20 1  0
10.5258 3008075 184.816 3 2 0.0394922 2 3008075 3008076 13 0 1 20 1  0
14.3721 3029737 186.147 2 1 0.0197462 56 3008345 3008362 13 0 1 20 1  0
10.011 3020639 185.588 6 3 0.059238 1 3020639 3020640 13 0 1 20 1  0
10.2857 3019970 185.547 2 7 0.13822 2 3019970 3019971 13 0 1 20 1  0
10.5809 3064855 188.305 4 45 0.889211 7 3029708 3029711 13 0 1 20 1  0
10.7469 3020802 185.598 6 223 4.51263 6 3020793 3020814 13 0 1 20 1  0
11.9859 3020637 185.588 10 228 4.6191 4 3020275 3020717 13 0 1 20 1  0
0 2881536 177.042 10 228 4.6191 1 3027427 3027512 13 0 1 20 1  0
10.5527 3027284 185.996 5 260 5.3094 8 3027276 3027301 13 0 1 20 1  0
12.3795 3143746 193.152 8 0 0 1388 3143746 3143747 13 0 1 20 1  0
21.7381 3343948 205.452 2 0 0 294 3164807 3164814 13 0 1 20 1  0
18.6285 3367628 206.907 8 0 0 1 3144732 3144733 13 0 1 20 1  0
10.2444 3143747 193.152 1 0 0 1 3143747 3143748 13 0 1 20 1  0
12.7526 3399627 208.873 3 16 0.315943 15 3343923 3343941 13 0 1 20 1  0
10.7017 3297292 202.586 2 1 0.0197462 3 3297292 3297293 13 0 1 20 1  0
10.0062 3200430 196.634 3 6 0.118475 1 3200430 3200431 13 0 1 20 1  0
11.3336 3362782 206.609 7 199 4.00631 44 3362759 3362810 13 0 1 20 1  0
10.898 3406435 209.291 8 0 0 2660 3406435 3406436 13 0 1 20 1  0
20.1249 3509923 215.65 8 0 0 1 3406751 3406752 13 0 1 20 1  0
10.0531 3406752 209.311 1 0 0 1 3406752 3406753 13 0 1 20 1  0
20.4391 3597503 221.031 1 0 0 173 3407733 3407734 13 0 1 20 1  0
20.3612 3541796 217.608 10 182 3.65206 2145 3535932 3536980 13 0 1 20 1  0
14.9386 3478128 213.696 2 1 0.0197462 6 3478120 3478130 13 0 1 20 1  0
11.3983 3477704 213.67 2 1 0.0197462 1 3477704 3477705 13 0 1 20 1  0
11.486 3429304 210.696 2 2 0.0394922 6 3429304 3429305 13 0 1 20 1  0
10.1016 3536189 217.263 6 9 0.177712 1 3536189 3536190 13 0 1 20 1  0
10.3085 3535840 217.242 3 13 0.256698 4 3535840 3535841 13 0 1 20 1  0
10.029 3545276 217.822 4 22 0.434452 1 3545276 3545277 13 0 1 20 1  0
10.0065 3544700 217.786 6 308 6.37739 1 3544700 3544701 13 0 1 20 1  0
14.6274 3668085 225.367 8 0 0 4190 3668085 3668086 13 0 1 20 1  0
20.9738 3819601 234.676 8 0 0 1 3668406 3668407 13 0 1 20 1  0
20.8111 3875603 238.117 8 0 0 1 3668451 3668452 13 0 1 20 1  0
13.3233 3668086 225.367 1 0 0 1 3668086 3668087 13 0 1 20 1  0
22.7472 3885877 238.748 1 0 0 1 3668407 3668408 13 0 1 20 1  0
19.4047 3919401 240.808 2 0 0 2 3671652 3671655 13 0 1 20 1  0
19.5747 3703452 227.54 2 0 0 91 3670893 3670898 13 0 1 20 1  0
18.6004 3708982 227.88 5 11 0.217204 645 3703092 3703114 13 0 1 20 1  0
10.5081 3707400 227.783 1 1 0.0197462 1 3707400 3707401 13 0 1 20 1  0
10.0788 3683364 226.306 2 1 0.0197462 1 3683364 3683365 13 0 1 20 1  0
10.4861 3670896 225.54 3 2 0.0394922 4 3670896 3670897 13 0 1 20 1  0
10.2674 3701793 227.438 3 16 0.315943 3 3701793 3701794 13 0 1 20 1  0
11.7281 3704795 227.623 2 3 0.059238 1 3703117 3703118 13 0 1 20 1  0
11.0912 3705713 227.679 2 4 0.0789836 2 3703441 3703455 13 0 1 20 1  0
13.8897 3709946 227.939 3 4 0.0789836 3 3670919 3670923 13 0 1 20 1  0
12.5086 3707981 227.818 3 10 0.197458 14 3703434 3703453 13 0 1 20 1  0
15.5379 3707341 227.779 4 8 0.157966 21 3701799 3701802 13 0 1 20 1  0
12.3132 3704426 227.6 3 11 0.217204 2 3703434 3703451 13 0 1 20 1  0
10.0361 3705281 227.652 6 224 4.5339 1 3705281 3705282 13 0 1 20 1  0
11.1765 3707231 227.772 10 1296 54.7162 3 3707054 3707532 13 0 1 20 1  0
11.2724 3668004 225.362 12 2431 413.545 2 3667968 3669190 13 0 1 20 1  0
27.6405 3937678 241.931 2 0 0 189 3930148 3930150 13 0 1 20 1  0
21.9692 4082218 250.811 8 0 0 1 3930466 3930467 13 0 1 20 1  0
20.2506 4179091 256.763 8 0 0 1 3930797 3930799 13 0 1 20 1  0
0 3930112 241.466 8 0 0 2459 3931120 3931122 13 0 1 20 1  0
22.5028 4079934 250.671 1 0 0 1 3930466 3930467 13 0 1 20 1  0
19.2807 4171418 256.292 1 0 0 1 3930798 3930800 13 0 1 20 1  0
13.5613 4082219 250.812 2 0 0 1 3931121 3931123 13 0 1 20 1  0
10.6436 3935370 241.789 1 1 0.0197462 3 3935370 3935371 13 0 1 20 1  0
10.3634 3934044 241.708 3 6 0.118475 2 3934044 3934045 13 0 1 20 1  0
10.7083 3934372 241.728 3 20 0.394946 9 3934370 3934373 13 0 1 20 1  0
11.9654 3939306 242.031 4 26 0.513479 17 3936318 3936322 13 0 1 20 1  0
12.8493 3936326 241.848 4 14 0.276446 7 3936321 3936332 13 0 1 20 1  0
17.2427 4191314 257.514 9 269 5.50651 3665 4191079 4191571 13 0 1 20 1  0
0 3930112 241.466 6 824 22.6499 11 4190021 4190026 13 0 1 20 1  0
10.7378 4193233 257.632 8 0 0 1 4193233 4193234 13 0 1 20 1  0
19.8147 4310312 264.826 8 0 0 1 4193720 4193721 13 0 1 20 1  0
20.0239 4392194 269.856 8 0 0 1 4193751 4193752 13 0 1 20 1  0
0 4192256 257.572 8 0 0 734 4194216 4194217 13 0 1 20 1  0
10.1476 4193721 257.662 1 0 0 1 4193721 4193722 13 0 1 20 1  0
19.7444 4388603 269.636 1 0 0 1 4194217 4194218 13 0 1 20 1  0
19.0304 4403606 270.558 1 0 0 1 4194706 4194707 13 0 1 20 1  0
0 4192256 257.572 1 0 0 665 4194739 4194740 13 0 1 20 1  0
10.306 4197144 257.873 2 0 0 1 4197144 4197145 13 0 1 20 1  0
15.2033 4414736 271.241 2 0 0 3 4197173 4197175 13 0 1 20 1  0
10.1613 4374665 268.779 3 0 0 1 4374665 4374666 13 0 1 20 1  0
11.6233 4430027 272.181 3 0 0 4 4414072 4414073 13 0 1 20 1  0
10.1531 4201544 258.143 2 1 0.0197462 1 4201544 4201545 13 0 1 20 1  0
10.1265 4417317 271.4 3 2 0.0394922 1 4417317 4417318 13 0 1 20 1  0
10.2868 4445310 273.12 3 2 0.0394922 3 4445310 4445311 13 0 1 20 1  0
10.4032 4413401 271.159 3 4 0.0789836 1 4413401 4413402 13 0 1 20 1  0
10.2715 4413079 271.14 3 7 0.13822 1 4413078 4413080 13 0 1 20 1  0
10.1417 4444656 273.08 3 9 0.177712 1 4444656 4444657 13 0 1 20 1  0
10.9766 4454568 273.689 8 0 0 1826 4454568 4454569 13 0 1 20 1  0
20.4806 4614014 283.485 8 0 0 1 4455026 4455027 13 0 1 20 1  0
20.3218 4673609 287.147 8 0 0 1 4455516 4455517 13 0 1 20 1  0
10.5831 4454539 273.687 1 0 0 1 4454539 4454540 13 0 1 20 1  0
24.632 4614015 283.485 1 0 0 1 4455027 4455028 13 0 1 20 1  0
24.4411 4673610 287.147 1 0 0 1 4455517 4455518 13 0 1 20 1  0
24.677 4615647 283.585 2 0 0 5 4457633 4457635 13 0 1 20 1  0
18.5373 4619603 283.828 3 0 0 4 4458505 4458507 13 0 1 20 1  0
16.0407 4618951 283.788 2 1 0.0197462 34 4463064 4463065 13 0 1 20 1  0
11.3484 4462431 274.172 2 1 0.0197462 3 4462431 4462432 13 0 1 20 1  0
10.3518 4466165 274.401 5 1 0.0197462 1 4466165 4466166 13 0 1 20 1  0
10.1061 4463060 274.21 4 6 0.118475 2 4463060 4463061 13 0 1 20 1  0
12.8733 4463130 274.215 3 10 0.197458 15 4463127 4463135 13 0 1 20 1  0
13.8073 4526610 278.115 3 6 0.118475 5 4462426 4462428 13 0 1 20 1  0
10.2502 4673594 287.146 2 10 0.197458 2 4673594 4673595 13 0 1 20 1  0
13.2912 4479404 275.215 4 11 0.217204 35 4463124 4463134 13 0 1 20 1  0
11.1161 4478095 275.134 3 22 0.434452 9 4463119 4463121 13 0 1 20 1  0
10.6052 4478369 275.151 3 18 0.355443 1 4478369 4478370 13 0 1 20 1  0
10.2078 4454424 273.68 12 2745 721.765 1 4454400 4454510 13 0 1 20 1  0
20.5642 4872497 299.366 8 0 0 1 4716685 4716687 13 0 1 20 1  0
19.4364 4922500 302.438 8 0 0 1 4717014 4717015 13 0 1 20 1  0
0 4716544 289.784 8 0 0 1558 4717340 4717341 13 0 1 20 1  0
14.4383 4716686 289.793 1 0 0 1 4716686 4716687 13 0 1 20 1  0
21.789 4897580 300.907 1 0 0 1 4717014 4717016 13 0 1 20 1  0
17.6098 4903439 301.267 1 0 0 1 4717340 4717341 13 0 1 20 1  0
10.1837 4721251 290.074 2 0 0 1 4721251 4721252 13 0 1 20 1  0
14.503 4925458 302.62 2 0 0 53 4723852 4723854 13 0 1 20 1  0
10.5096 4890928 300.499 2 1 0.0197462 1 4890928 4890929 13 0 1 20 1  0
11.4333 4924813 302.581 2 1 0.0197462 2 4924812 4924814 13 0 1 20 1  0
10.4365 4897468 300.9 3 4 0.0789836 5 4897468 4897469 13 0 1 20 1  0
18.7237 5044416 309.929 8 0 0 1 4978806 4978808 13 0 1 20 1  0
17.2519 5216460 320.499 8 0 0 1 4979126 4979128 13 0 1 20 1  0
0 4978688 305.891 8 0 0 661 4979455 4979456 13 0 1 20 1  0
13.0351 4978807 305.898 1 0 0 1 4978807 4978808 13 0 1 20 1  0
16.8002 4995078 306.898 1 0 0 1 4979127 4979128 13 0 1 20 1  0
15.2812 5216461 320.499 1 0 0 1 4979778 4979780 13 0 1 20 1  0
0 4978688 305.891 1 0 0 615 4980107 4980108 13 0 1 20 1  0
10.0648 5006150 307.578 2 0 0 1 5006150 5006151 13 0 1 20 1  0
11.7795 5239955 321.943 3 5 0.0987291 13 5238645 5238648 13 0 1 20 1  0
11.3214 5238645 321.862 3 6 0.118475 8 5238643 5238647 13 0 1 20 1  0
21.2422 5293632 325.241 8 0 0 1 5240885 5240887 13 0 1 20 1  0
22.0976 5442067 334.361 8 0 0 1 5241212 5241213 13 0 1 20 1  0
0 5240832 321.997 8 0 0 1727 5241542 5241543 13 0 1 20 1  0
14.2434 5240886 322 1 0 0 1 5240886 5240887 13 0 1 20 1  0
19.7841 5323423 327.071 1 0 0 1 5241212 5241214 13 0 1 20 1  0
10.3151 5241902 322.062 2 0 0 1 5241902 5241903 13 0 1 20 1  0
15.0639 5337146 327.914 3 0 0 15 5250378 5250383 13 0 1 20 1  0
12.7014 5259535 323.146 2 2 0.0394922 8 5259534 5259536 13 0 1 20 1  0
10.2366 5254943 322.864 3 2 0.0394922 2 5254943 5254944 13 0 1 20 1  0
14.1217 5259801 323.162 4 7 0.13822 28 5259472 5259481 13 0 1 20 1  0
10.067 5331279 327.554 4 2 0.0394922 1 5331279 5331280 13 0 1 20 1  0
12.3802 5259471 323.142 3 12 0.236951 4 5259468 5259475 13 0 1 20 1  0
10.0008 5255258 322.883 4 3 0.059238 1 5255258 5255259 13 0 1 20 1  0
10.6745 5349634 328.681 4 20 0.394946 12 5349631 5349636 13 0 1 20 1  0
10.3733 5241948 322.065 12 2961 1058.66 1 5241346 5242272 13 0 1 20 1  0
10.3453 5503919 338.161 8 0 0 1 5503919 5503920 13 0 1 20 1  0
18.7076 5520191 339.161 8 0 0 1 5504244 5504245 13 0 1 20 1  0
13.9827 5764604 354.177 8 0 0 1 5504570 5504571 13 0 1 20 1  0
0 5502976 338.103 8 0 0 598 5505547 5505548 13 0 1 20 1  0
10.1214 5503593 338.141 1 0 0 1 5503593 5503594 13 0 1 20 1  0
16.1003 5563066 341.795 1 0 0 1 5504245 5504246 13 0 1 20 1  0
0 5502976 338.103 1 0 0 579 5505548 5505549 13 0 1 20 1  0
10.782 5561762 341.715 2 0 0 1 5561762 5561763 13 0 1 20 1  0
12.5355 5737961 352.54 3 4 0.0789836 10 5646694 5646696 13 0 1 20 1  0
10.0278 5737658 352.522 7 0 0 1 5737656 5737659 13 0 1 20 1  0
13.5167 5653364 347.343 4 8 0.157966 48 5651764 5651772 13 0 1 20 1  0
10.119 5646696 346.933 3 3 0.059238 2 5646696 5646697 13 0 1 20 1  0
13.0443 5651774 347.245 3 3 0.059238 4 5651773 5651776 13 0 1 20 1  0
16.5203 5643163 346.716 8 736 18.9751 2578 5642986 5643280 13 0 1 20 1  0
0 5502976 338.103 7 217 4.38533 711 5648213 5648242 13 0 1 20 1  0
0 5502976 338.103 12 1059 35.4605 4 5755444 5755910 13 0 1 20 1  0
13.0476 5755092 353.593 12 1199 45.8774 6 5753752 5756290 13 0 1 20 1  0
12.5607 5635434 346.241 12 1653 103.802 3 5634412 5636800 13 0 1 20 1  0
12.1464 5735474 352.388 12 2083 223.012 3 5733668 5737308 13 0 1 20 1  0
13.5826 5765255 354.217 8 0 0 804 5765255 5765256 13 0 1 20 1  0
22.1964 5894435 362.154 8 0 0 1 5765916 5765917 13 0 1 20 1  0
22.1014 6022765 370.039 8 0 0 1 5766239 5766241 13 0 1 20 1  0
13.5834 5765256 354.217 1 0 0 1 5765256 5765257 13 0 1 20 1  0
20.0252 5896070 362.255 1 0 0 1 5765916 5765917 13 0 1 20 1  0
21.98 5920467 363.753 1 0 0 1 5766240 5766241 13 0 1 20 1  0
0 5765120 354.209 1 0 0 910 5766709 5766711 13 0 1 20 1  0
13.6528 5922081 363.853 2 0 0 1 5776492 5776494 13 0 1 20 1  0
10.002 5989664 368.005 3 0 0 1 5989664 5989665 13 0 1 20 1  0
10.8483 5851846 359.537 3 5 0.0987291 7 5851845 5851847 13 0 1 20 1  0
10.4599 5860330 360.059 2 1 0.0197462 1 5860330 5860331 13 0 1 20 1  0
13.6466 5856245 359.808 7 456 9.99597 873 5856196 5856300 13 0 1 20 1  0
0 5765120 354.209 8 414 8.91049 214 5857179 5857203 13 0 1 20 1  0
13.5962 5848392 359.325 11 1554 86.9852 237 5847320 5849771 13 0 1 20 1  0
21.0536 6027512 370.33 8 0 0 6567 6027512 6027514 13 0 1 20 1  0
19.1284 6285681 386.192 8 0 0 1 6027844 6027845 13 0 1 20 1  0
22.6669 6216772 381.958 1 0 0 23 6027512 6027515 13 0 1 20 1  0
23.9326 6204252 381.189 7 492 10.9702 3871 6108538 6108702 13 0 1 20 1  0
13.2567 6211236 381.618 2 1 0.0197462 2 6211235 6211239 13 0 1 20 1  0
10.2019 6193325 380.518 4 2 0.0394922 1 6193325 6193326 13 0 1 20 1  0
17.2867 6108809 375.325 7 426 9.21534 546 6108735 6108875 13 0 1 20 1  0
10.085 6205896 381.29 4 60 1.18646 1 6205896 6205897 13 0 1 20 1  0
11.0718 6206909 381.352 4 199 4.00631 9 6203989 6204001 13 0 1 20 1  0
0 6027264 370.315 8 1151 42.0215 3 6201015 6201122 13 0 1 20 1  0
11.8693 6289879 386.45 8 0 0 1714 6289879 6289880 13 0 1 20 1  0
22.0624 6335183 389.234 8 0 0 1 6290370 6290372 13 0 1 20 1  0
21.0483 6517401 400.429 8 0 0 1 6290857 6290858 13 0 1 20 1  0
25.9863 6335184 389.234 1 0 0 5 6290371 6290373 13 0 1 20 1  0
26.5496 6336814 389.334 2 0 0 14 6295800 6295809 13 0 1 20 1  0
26.4587 6345918 389.893 3 0 0 53 6295800 6295810 13 0 1 20 1  0
10.2268 6320853 388.353 3 1 0.0197462 1 6320853 6320854 13 0 1 20 1  0
12.8422 6443969 395.917 7 59 1.16662 56 6443947 6444006 13 0 1 20 1  0
27.7298 6575833 404.019 2 0 0 72 6551848 6551850 13 0 1 20 1  0
23.2313 6796824 417.597 8 0 0 1 6551880 6551881 13 0 1 20 1  0
0 6551552 402.527 8 0 0 2595 6552337 6552339 13 0 1 20 1  0
24.0846 6747443 414.563 1 0 0 1 6551880 6551882 13 0 1 20 1  0
26.4353 6796824 417.597 2 0 0 4 6552897 6552898 13 0 1 20 1  0
19.8152 6584590 404.557 4 0 0 514 6575815 6575841 13 0 1 20 1  0
15.5542 6585882 404.637 3 4 0.0789836 2 6575816 6575834 13 0 1 20 1  0
10.273 6583955 404.518 2 8 0.157966 1 6583955 6583956 13 0 1 20 1  0
12.5209 6584552 404.555 12 968 29.9019 3 6583096 6585546 13 0 1 20 1  0
10.6873 6813747 418.637 8 0 0 3805 6813747 6813748 13 0 1 20 1  0
23.8651 6855763 421.218 8 0 0 1 6813778 6813779 13 0 1 20 1  0
10.6362 6814058 418.656 1 0 0 1 6814058 6814059 13 0 1 20 1  0
27.8976 6855765 421.218 2 0 0 28 6816380 6816382 13 0 1 20 1  0
26.7415 6974817 428.533 1 0 0 1 6814919 6814920 13 0 1 20 1  0
15.4255 6933168 425.974 4 0 0 1 6836609 6836616 13 0 1 20 1  0
14.3004 6908728 424.472 5 23 0.454207 74 6839447 6839464 13 0 1 20 1  0
12.814 6999856 430.071 6 0 0 55 6999840 6999883 13 0 1 20 1  0
10.1928 6852895 421.042 1 1 0.0197462 1 6852895 6852896 13 0 1 20 1  0
10.3682 6873122 422.285 1 1 0.0197462 1 6855769 6855770 13 0 1 20 1  0
16.4188 6836614 420.042 3 3 0.059238 8 6836611 6836617 13 0 1 20 1  0
14.1601 6997872 429.949 4 11 0.217204 35 6836600 6836612 13 0 1 20 1  0
10.0095 6878917 422.641 3 15 0.296194 1 6878917 6878918 13 0 1 20 1  0
13.6856 6915563 424.892 4 22 0.434452 72 6839448 6839457 13 0 1 20 1  0
12.4453 6839342 420.209 5 79 1.56412 69 6839334 6839356 13 0 1 20 1  0
10.1681 6877496 422.553 3 23 0.454207 2 6877496 6877497 13 0 1 20 1  0
10.0504 6873561 422.312 3 43 0.849625 1 6873561 6873562 13 0 1 20 1  0
10.9435 6933071 425.968 3 45 0.889211 4 6839424 6839426 13 0 1 20 1  0
11.1395 6991907 429.583 6 71 1.40493 2 6991890 6991916 13 0 1 20 1  0
10.0599 6974482 428.512 7 335 6.99785 1 6974482 6974499 13 0 1 20 1  0
28.5731 7102907 436.403 2 0 0 94 7077043 7077045 13 0 1 20 1  0
21.8965 7300091 448.518 8 0 0 1 7076390 7076392 13 0 1 20 1  0
0 7075840 434.74 8 0 0 8366 7076721 7076722 13 0 1 20 1  0
22.6552 7206031 442.739 1 0 0 1 7076391 7076392 13 0 1 20 1  0
27.5591 7300092 448.518 1 0 0 2 7076722 7076724 13 0 1 20 1  0
28.3955 7114582 437.12 7 366 7.73002 9640 7114479 7114922 13 0 1 20 1  0
11.9545 7166123 440.287 2 3 0.059238 2 7102892 7102907 13 0 1 20 1  0
14.1191 7338221 450.86 8 0 0 880 7338221 7338222 13 0 1 20 1  0
21.0429 7374984 453.119 8 0 0 1 7338257 7338258 13 0 1 20 1  0
21.0296 7594540 466.609 8 0 0 1 7338718 7338720 13 0 1 20 1  0
13.8244 7338222 450.86 1 0 0 1 7338222 7338223 13 0 1 20 1  0
21.3782 7374985 453.119 1 0 0 1 7338257 7338259 13 0 1 20 1  0
22.255 7465883 458.704 1 0 0 1 7338719 7338721 13 0 1 20 1  0
21.0798 7594541 466.609 1 0 0 1 7338750 7338751 13 0 1 20 1  0
0 7337984 450.846 1 0 0 1063 7339206 7339207 13 0 1 20 1  0
10.2018 7341645 451.071 2 0 0 1 7341645 7341646 13 0 1 20 1  0
15.2201 7462327 458.485 2 0 0 1 7343137 7343138 13 0 1 20 1  0
13.4452 7461228 458.418 3 2 0.0394922 12 7461226 7461232 13 0 1 20 1  0
11.6448 7365265 452.522 2 1 0.0197462 1 7365265 7365267 13 0 1 20 1  0
10.5943 7389677 454.022 4 2 0.0394922 8 7389677 7389678 13 0 1 20 1  0
11.5551 7469050 458.898 4 7 0.13822 11 7389668 7389677 13 0 1 20 1  0
21.455 7681887 471.975 8 0 0 1 7601043 7601045 13 0 1 20 1  0
20.3845 7829209 481.027 8 0 0 1 7601694 7601695 13 0 1 20 1  0
0 7600128 466.952 8 0 0 2642 7602023 7602025 13 0 1 20 1  0
10.8184 7600720 466.988 1 0 0 1 7600720 7600721 13 0 1 20 1  0
26.7711 7681892 471.975 1 0 0 4 7601044 7601046 13 0 1 20 1  0
21.4264 7710004 473.703 1 0 0 1 7601374 7601376 13 0 1 20 1  0
21.3453 7853654 482.528 1 0 0 1 7601695 7601696 13 0 1 20 1  0
29.769 7678740 471.782 2 0 0 6 7601044 7601046 13 0 1 20 1  0
27.9229 7671183 471.317 3 0 0 1493 7661977 7661980 13 0 1 20 1  0
10.166 7666955 471.058 5 3 0.059238 2 7666955 7666956 13 0 1 20 1  0
10.1742 7679019 471.799 1 1 0.0197462 1 7678729 7678730 13 0 1 20 1  0
10.3196 7670822 471.295 3 2 0.0394922 1 7670822 7670823 13 0 1 20 1  0
10.4372 7678712 471.78 2 16 0.315943 2 7671156 7671167 13 0 1 20 1  0
10.0499 7855138 482.62 12 67 1.32543 1 7855134 7855148 13 0 1 20 1  0
15.8566 7862388 483.065 8 0 0 2540 7862388 7862389 13 0 1 20 1  0
22.3547 7967515 489.524 8 0 0 1 7862435 7862436 13 0 1 20 1  0
20.9931 8092215 497.186 8 0 0 1 7862718 7862719 13 0 1 20 1  0
13.408 7862389 483.065 1 0 0 1 7862389 7862390 13 0 1 20 1  0
29.3459 7967517 489.524 2 0 0 26 7864344 7864346 13 0 1 20 1  0
20.2818 8098556 497.575 1 0 0 1 7862718 7862720 13 0 1 20 1  0
10.2347 7864062 483.168 2 0 0 1 7864062 7864063 13 0 1 20 1  0
24.2306 8039779 493.964 2 0 0 163 7864996 7864998 13 0 1 20 1  0
28.9445 7968827 489.605 3 0 0 2 7882767 7882770 13 0 1 20 1  0
21.0597 7970777 489.725 4 0 0 104 7883242 7883251 13 0 1 20 1  0
10.0047 7887988 484.638 5 0 0 1 7887988 7887989 13 0 1 20 1  0
10.5362 7883240 484.346 2 2 0.0394922 2 7883240 7883241 13 0 1 20 1  0
10.0137 7970123 489.684 5 9 0.177712 1 7970123 7970124 13 0 1 20 1  0
12.1822 7887790 484.626 10 442 9.6283 79 7887680 7888148 13 0 1 20 1  0
10.5368 8124394 499.163 12 2068 217.151 1 8124148 8124418 13 0 1 20 1  0
22.3474 8243407 506.475 8 0 0 454 8124438 8124441 13 0 1 20 1  0
21.021 8301412 510.039 8 0 0 1 8124762 8124763 13 0 1 20 1  0
17.5876 8124652 499.179 12 601 14.2098 2136 8124416 8128422 13 0 1 20 1  0
25.3662 8238201 506.155 3 0 0 72 8216400 8216405 13 0 1 20 1  0
24.4486 8243408 506.475 1 0 0 1 8124762 8124764 13 0 1 20 1  0
10.0141 8237867 506.135 4 0 0 1 8237867 8237868 13 0 1 20 1  0
10.0619 8128820 499.435 2 1 0.0197462 1 8128820 8128821 13 0 1 20 1  0
10.1794 8216398 504.815 3 1 0.0197462 1 8216398 8216399 13 0 1 20 1  0
10.5049 8238835 506.194 5 5 0.0987291 2 8238183 8238190 13 0 1 20 1  0
14.6292 8277368 508.561 12 871 24.8328 152 8124416 8126904 13 0 1 20 1  0
10.6082 8139806 500.11 12 1189 45.0476 2 8124416 8124570 13 0 1 20 1  0
11.1981 8236248 506.035 12 2368 369.815 3 8235380 8241102 13 0 1 20 1  0
14.5925 8386638 515.275 8 0 0 1998 8386638 8386639 13 0 1 20 1  0
19.4929 8437226 518.383 8 0 0 1 8386972 8386974 13 0 1 20 1  0
21.3642 8564266 526.188 8 0 0 1 8387291 8387292 13 0 1 20 1  0
18.2532 8437227 518.383 1 0 0 1 8386638 8386640 13 0 1 20 1  0
23.7445 8608031 528.877 2 0 0 30 8395426 8395428 13 0 1 20 1  0
15.9692 8612901 529.177 4 1 0.0197462 384 8494200 8494208 13 0 1 20 1  0
10.0151 8457407 519.623 2 1 0.0197462 1 8457407 8457408 13 0 1 20 1  0
10.7198 8467206 520.225 3 1 0.0197462 1 8467206 8467207 13 0 1 20 1  0
10.6817 8493229 521.824 4 1 0.0197462 3 8493229 8493230 13 0 1 20 1  0
11.7742 8611590 529.096 2 2 0.0394922 3 8608025 8608030 13 0 1 20 1  0
10.396 8492600 521.785 3 4 0.0789836 1 8492600 8492601 13 0 1 20 1  0
11.0124 8517804 523.334 3 7 0.13822 1 8517804 8517805 13 0 1 20 1  0
10.6768 8610445 529.026 3 54 1.06748 14 8610444 8610447 13 0 1 20 1  0
10.0651 8493498 521.841 12 204 4.11117 1 8493484 8493506 13 0 1 20 1  0
17.4503 8648852 531.385 8 0 0 2156 8648852 8648853 13 0 1 20 1  0
20.3414 8872949 545.154 8 0 0 1 8649177 8649178 13 0 1 20 1  0
20.5731 8875554 545.314 8 0 0 1 8649502 8649504 13 0 1 20 1  0
19.8752 8696015 534.283 1 0 0 1 8648852 8648854 13 0 1 20 1  0
20.234 8773786 539.061 1 0 0 3 8649177 8649179 13 0 1 20 1  0
18.748 8872950 545.154 1 0 0 1 8649503 8649504 13 0 1 20 1  0
19.5648 8774112 539.081 2 0 0 13 8649825 8649827 13 0 1 20 1  0
16.7949 8775095 539.142 2 0 0 4 8650803 8650804 13 0 1 20 1  0
14.207 8775478 539.165 4 0 0 4 8703050 8703055 13 0 1 20 1  0
15.0336 8776264 539.214 9 31 0.612292 489 8776139 8778260 13 0 1 20 1  0
10.3189 8777424 539.285 1 1 0.0197462 1 8777424 8777425 13 0 1 20 1  0
10.3021 8773193 539.025 2 1 0.0197462 1 8773193 8773194 13 0 1 20 1  0
10.6409 8725176 536.075 3 2 0.0394922 2 8725176 8725177 13 0 1 20 1  0
12.6148 8777363 539.281 3 3 0.059238 1 8774104 8774109 13 0 1 20 1  0
10.0406 8776532 539.23 4 15 0.296194 1 8776532 8776533 13 0 1 20 1  0
13.0751 8748444 537.504 7 63 1.246 37 8748417 8749444 13 0 1 20 1  0
0 8648704 531.376 11 317 6.58253 11 8775106 8777158 13 0 1 20 1  0
10.9572 8748332 537.497 7 474 10.4778 31 8748321 8748356 13 0 1 20 1  0
18.5838 8910849 547.483 8 0 0 3416 8910849 8910850 13 0 1 20 1  0
21.0881 8954908 550.19 8 0 0 1 8911167 8911168 13 0 1 20 1  0
19.3511 9001245 553.036 1 0 0 1 8910849 8910851 13 0 1 20 1  0
18.5686 9133266 561.148 1 0 0 1 8910891 8910892 13 0 1 20 1  0
19.1017 8986018 552.101 3 0 0 16 8910893 8910895 13 0 1 20 1  0
10.4259 8969759 551.102 2 1 0.0197462 1 8969759 8969760 13 0 1 20 1  0
16.4615 8971707 551.222 3 1 0.0197462 28 8911214 8911220 13 0 1 20 1  0
10.2227 8911216 547.505 3 2 0.0394922 1 8911216 8911217 13 0 1 20 1  0
12.6102 8975274 551.441 3 3 0.059238 3 8913805 8913807 13 0 1 20 1  0
10.4571 8914143 547.685 7 5 0.0987291 9 8914140 8914162 13 0 1 20 1  0
11.5791 8986664 552.141 3 4 0.0789836 1 8914128 8914132 13 0 1 20 1  0
10.1277 8970067 551.121 4 6 0.118475 1 8970067 8970068 13 0 1 20 1  0
10.1982 8914772 547.724 3 9 0.177712 1 8914772 8914773 13 0 1 20 1  0
13.1687 8914253 547.692 11 347 7.27865 1 8913250 8915431 13 0 1 20 1  0
10.793 8913049 547.618 11 746 19.3678 3 8912838 8913548 13 0 1 20 1  0
10.9877 8911092 547.497 12 1020 32.9739 2 8910848 8911910 13 0 1 20 1  0
10.7749 9028692 554.723 12 2520 484.267 1 9027694 9029228 13 0 1 20 1  0
21.3159 9175701 563.755 8 0 0 1 9173098 9173100 13 0 1 20 1  0
22.9548 9299738 571.376 8 0 0 6 9173428 9173430 13 0 1 20 1  0
22.2156 9384444 576.58 8 0 0 1 9173752 9173754 13 0 1 20 1  0
0 9172992 563.589 8 0 0 2359 9174079 9174081 13 0 1 20 1  0
19.4913 9248852 568.249 1 0 0 1 9173099 9173101 13 0 1 20 1  0
21.1303 9307864 571.875 1 0 0 1 9173428 9173430 13 0 1 20 1  0
12.8191 9304341 571.659 4 0 0 3 9271175 9271183 13 0 1 20 1  0
10.8415 9304668 571.679 2 1 0.0197462 1 9273124 9273126 13 0 1 20 1  0
12.8409 9273127 569.741 3 1 0.0197462 3 9271180 9271182 13 0 1 20 1  0
10.0373 9272151 569.681 3 2 0.0394922 2 9272151 9272152 13 0 1 20 1  0
11.4173 9302069 571.519 4 1 0.0197462 2 9272475 9272480 13 0 1 20 1  0
10.0573 9272472 569.701 3 3 0.059238 2 9272472 9272473 13 0 1 20 1  0
10.0716 9272801 569.721 4 3 0.059238 1 9272801 9272802 13 0 1 20 1  0
11.2331 9260022 568.936 9 91 1.80349 3 9260003 9260077 13 0 1 20 1  0
10.0226 9272688 569.714 12 210 4.23743 1 9272676 9272692 13 0 1 20 1  0
10.028 9300990 571.453 12 231 4.68316 1 9300980 9301002 13 0 1 20 1  0
10.3758 9346216 574.232 12 603 14.2738 1 9346130 9346576 13 0 1 20 1  0
12.701 9435151 579.696 1 0 0 2989 9435151 9435152 13 0 1 20 1  0
23.1314 9461973 581.344 8 0 0 1 9435479 9435480 13 0 1 20 1  0
23.0473 9692831 595.528 8 0 0 1 9435802 9435803 13 0 1 20 1  0
23.1168 9459708 581.204 1 0 0 1 9435480 9435481 13 0 1 20 1  0
28.6807 9580060 588.599 2 0 0 15 9436456 9436459 13 0 1 20 1  0
22.4531 9694457 595.627 1 0 0 1 9436126 9436128 13 0 1 20 1  0
10.0704 9436126 579.756 2 0 0 1 9436126 9436127 13 0 1 20 1  0
23.9647 9591082 589.276 3 0 0 100 9442841 9442851 13 0 1 20 1  0
10.0099 9458777 581.147 5 0 0 1 9458777 9458778 13 0 1 20 1  0
10.8085 9510142 584.303 2 1 0.0197462 1 9510142 9510143 13 0 1 20 1  0
10.1427 9512411 584.443 2 2 0.0394922 1 9512411 9512412 13 0 1 20 1  0
10.6392 9443494 580.208 3 2 0.0394922 1 9443494 9443495 13 0 1 20 1  0
10.0307 9485113 582.765 4 3 0.059238 1 9485113 9485114 13 0 1 20 1  0
10.0037 9510788 584.343 4 8 0.157966 1 9510788 9510789 13 0 1 20 1  0
23.7395 9715110 596.896 8 0 0 1 9697546 9697548 13 0 1 20 1  0
24.0688 9842684 604.734 8 0 0 1 9697873 9697875 13 0 1 20 1  0
24.1661 9909192 608.821 8 0 0 1 9698196 9698198 13 0 1 20 1  0
0 9697280 595.801 8 0 0 5720 9698521 9698523 13 0 1 20 1  0
35.4908 9862751 605.967 8 219 4.42771 11145 9862602 9864484 13 0 1 20 1  0
23.3166 9942052 610.84 1 0 0 1 9697873 9697875 13 0 1 20 1  0
10.6505 9747831 598.907 2 1 0.0197462 3 9747831 9747832 13 0 1 20 1  0
10.0477 9747501 598.886 4 2 0.0394922 1 9747501 9747502 13 0 1 20 1  0
11.0752 9942078 610.841 7 8 0.157966 2 9863028 9863103 13 0 1 20 1  0
12.1244 9870276 606.43 8 212 4.27962 6 9869785 9870307 13 0 1 20 1  0
10.3715 9942021 610.838 2 18 0.355443 1 9863026 9863054 13 0 1 20 1  0
12.2737 9959545 611.914 8 0 0 875 9959545 9959546 13 0 1 20 1  0
22.7069 10054012 617.718 8 0 0 1 9959578 9959580 13 0 1 20 1  0
22.5724 10085511 619.654 8 0 0 1 9960031 9960033 13 0 1 20 1  0
20.6132 10211513 627.395 8 0 0 1 9960063 9960064 13 0 1 20 1  0
23.4806 10059863 618.078 1 0 0 1 9959545 9959547 13 0 1 20 1  0
21.2123 10194425 626.345 1 0 0 1 9959579 9959581 13 0 1 20 1  0
0 9959424 611.907 1 0 0 1261 9960032 9960034 13 0 1 20 1  0
14.9456 10108627 621.074 2 0 0 2 9960032 9960034 13 0 1 20 1  0
11.2954 10079068 619.258 3 2 0.0394922 9 10079066 10079070 13 0 1 20 1  0
10.3741 10054983 617.778 2 1 0.0197462 1 10054983 10054984 13 0 1 20 1  0
13.0088 10001528 614.494 8 282 5.79369 377 10001484 10001617 13 0 1 20 1  0
0 9959424 611.907 9 250 5.09196 5 10211232 10211257 13 0 1 20 1  0
11.0715 10211495 627.394 10 250 5.09196 1 10211458 10211596 13 0 1 20 1  0
10.1291 10031372 616.327 9 1682 109.311 1 10031354 10031383 13 0 1 20 1  0
10.2718 10029908 616.238 10 1917 166.062 1 10029849 10029975 13 0 1 20 1  0
10.7202 10188014 625.952 12 1958 178.612 4 10187410 10189442 13 0 1 20 1  0
16.609 9974245 612.818 11 3319 1997.43 342 9973149 9975130 13 0 1 20 1  0
26.0282 10348967 635.841 2 0 0 50 10222571 10222572 13 0 1 20 1  0
21.3244 10467098 643.098 8 0 0 1 10221920 10221922 13 0 1 20 1  0
19.8513 10479936 643.887 8 0 0 1 10222249 10222250 13 0 1 20 1  0
0 10221568 628.013 8 0 0 1978 10222570 10222572 13 0 1 20 1  0
18.7103 10393926 638.603 1 0 0 1 10221921 10221922 13 0 1 20 1  0
18.5315 10481718 643.997 1 0 0 1 10222250 10222251 13 0 1 20 1  0
10.0427 10221922 628.035 2 0 0 1 10221922 10221923 13 0 1 20 1  0
10.5301 10330478 634.705 2 3 0.059238 2 10330478 10330479 13 0 1 20 1  0
14.8953 10386503 638.147 3 5 0.0987291 13 10348958 10348966 13 0 1 20 1  0
10.6625 10386237 638.13 4 17 0.335692 3 10348937 10348941 13 0 1 20 1  0
11.0221 10346524 635.69 12 1741 121.425 2 10345860 10347030 13 0 1 20 1  0
10.1203 10234700 628.82 12 3074 1293.56 1 10234532 10234936 13 0 1 20 1  0
23.4185 10488384 644.406 8 0 0 1 10484153 10484155 13 0 1 20 1  0
0 10483712 644.119 8 0 0 870 10484184 10484185 13 0 1 20 1  0
23.022 10528060 646.844 1 0 0 1 10484154 10484156 13 0 1 20 1  0
19.4148 10702711 657.575 1 0 0 1 10484184 10484186 13 0 1 20 1  0
0 10483712 644.119 1 0 0 1170 10484637 10484639 13 0 1 20 1  0
10.2332 10484154 644.146 2 0 0 1 10484154 10484155 13 0 1 20 1  0
14.9283 10536061 647.336 2 0 0 1 10484671 10484672 13 0 1 20 1  0
10.5589 10496741 644.92 3 0 0 1 10496739 10496744 13 0 1 20 1  0
10.084 10628104 652.991 2 1 0.0197462 1 10628104 10628105 13 0 1 20 1  0
10.3895 10745992 660.234 8 0 0 825 10745992 10745993 13 0 1 20 1  0
22.4646 10799970 663.55 8 0 0 1 10746448 10746449 13 0 1 20 1  0
22.5247 10947951 672.642 8 0 0 1 10746480 10746481 13 0 1 20 1  0
12.5757 10746449 660.262 1 0 0 1 10746449 10746450 13 0 1 20 1  0
20.8453 10799971 663.55 1 0 0 1 10746480 10746482 13 0 1 20 1  0
0 10745856 660.225 1 0 0 739 10746941 10746942 13 0 1 20 1  0
10.4488 10751822 660.592 2 0 0 1 10751822 10751823 13 0 1 20 1  0
13.1131 10761581 661.192 2 0 0 1 10761580 10761583 13 0 1 20 1  0
10.398 10880160 668.477 4 15 0.296194 5 10880160 10880163 13 0 1 20 1  0
11.241 10824324 665.046 12 273 5.59455 4 10822662 10824646 13 0 1 20 1  0
10.3032 10990397 675.25 10 501 11.2206 1 10990125 10990409 13 0 1 20 1  0
12.2508 10823394 664.989 12 599 14.146 3 10821262 10824082 13 0 1 20 1  0
0 10745856 660.225 12 580 13.5483 2 10988476 10988718 13 0 1 20 1  0
10.025 10989378 675.187 10 769 20.2943 1 10989377 10989381 13 0 1 20 1  0
10.712 10984071 674.861 11 1384 64.131 2 10983909 10984538 13 0 1 20 1  0
14.6415 10977830 674.478 12 1762 126.051 18 10975704 10979592 13 0 1 20 1  0
0 10745856 660.225 12 1755 124.49 1 11000952 11002208 13 0 1 20 1  0
19.6807 11007862 676.323 12 2821 825.908 60 11004952 11008002 13 0 1 20 1  0
26.4571 11022884 677.246 1 0 0 743 11008145 11008147 13 0 1 20 1  0
22.4468 11176484 686.683 8 0 0 1 11008473 11008474 13 0 1 20 1  0
21.8131 11249301 691.157 8 0 0 1 11008797 11008798 13 0 1 20 1  0
0 11008000 676.331 8 0 0 7990 11009120 11009121 13 0 1 20 1  0
16.7326 11269042 692.37 2 0 0 11 11016275 11016276 13 0 1 20 1  0
17.4713 11023000 677.253 2 1 0.0197462 3 11019948 11019950 13 0 1 20 1  0
10.5017 11019946 677.065 3 3 0.059238 3 11019946 11019947 13 0 1 20 1  0
14.1794 11269690 692.41 4 3 0.059238 1 11020917 11020926 13 0 1 20 1  0
15.0757 11020920 677.125 3 5 0.0987291 4 11020266 11020280 13 0 1 20 1  0
10.8472 11264801 692.109 2 7 0.13822 2 11020916 11020920 13 0 1 20 1  0
10.1756 11020257 677.085 3 19 0.375194 3 11020257 11020258 13 0 1 20 1  0
12.3353 11023502 677.284 3 17 0.335692 5 11022851 11022875 13 0 1 20 1  0
12.7087 11265069 692.126 5 39 0.770481 20 11022829 11022843 13 0 1 20 1  0
13.2441 11268649 692.346 4 37 0.730923 29 11022845 11022849 13 0 1 20 1  0
12.1106 11263136 692.007 4 27 0.533239 10 11022845 11022861 13 0 1 20 1  0
10.681 11246223 690.968 3 30 0.592527 1 11221181 11221184 13 0 1 20 1  0
11.9143 11245240 690.908 5 35 0.691372 3 11022833 11022850 13 0 1 20 1  0
12.4081 11241659 690.688 4 36 0.711146 13 11022839 11022850 13 0 1 20 1  0
10.088 11269628 692.406 2 34 0.671599 1 11269628 11269629 13 0 1 20 1  0
10.146 11235150 690.288 4 35 0.691372 1 11235150 11235151 13 0 1 20 1  0
10.1284 11211728 688.849 4 39 0.770481 5 11211728 11211729 13 0 1 20 1  0
10.1506 11212693 688.908 4 45 0.889211 3 11212693 11212694 13 0 1 20 1  0
10.0493 11239039 690.527 4 49 0.968414 1 11239039 11239040 13 0 1 20 1  0
10.627 11266656 692.223 4 56 1.10713 3 11212018 11212022 13 0 1 20 1  0
10.1003 11212034 688.867 5 51 1.00803 1 11212034 11212035 13 0 1 20 1  0
14.759 11270284 692.446 8 0 0 7164 11270284 11270285 13 0 1 20 1  0
19.6075 11273693 692.656 8 0 0 1 11270333 11270353 13 0 1 20 1  0
19.7117 11438260 702.767 8 0 0 1 11270613 11270614 13 0 1 20 1  0
12.4409 11270285 692.446 1 0 0 1 11270285 11270286 13 0 1 20 1  0
20.5051 11351643 697.445 1 0 0 331 11270333 11270354 13 0 1 20 1  0
16.9747 11470107 704.723 1 0 0 1 11270613 11270615 13 0 1 20 1  0
16.7022 11525706 708.139 1 0 0 1 11270660 11270678 13 0 1 20 1  0
20.348 11347082 697.165 2 0 0 9 11270333 11270354 13 0 1 20 1  0
20.3523 11368867 698.503 2 0 0 20 11270659 11270679 13 0 1 20 1  0
16.07 11282700 693.209 5 0 0 3 11270331 11270351 13 0 1 20 1  0
11.9239 11371792 698.683 5 2 0.0394922 1 11273260 11273266 13 0 1 20 1  0
10.0571 11297329 694.108 2 3 0.059238 1 11297329 11297330 13 0 1 20 1  0
13.2088 11367229 698.403 3 5 0.0987291 3 11272935 11272938 13 0 1 20 1  0
10.2425 11276808 692.847 4 22 0.434452 4 11276808 11276809 13 0 1 20 1  0
10.364 11272932 692.609 3 9 0.177712 2 11272932 11272933 13 0 1 20 1  0
10.0661 11270652 692.469 4 9 0.177712 1 11270652 11270653 13 0 1 20 1  0
10.0667 11277794 692.908 3 12 0.236951 1 11277794 11277795 13 0 1 20 1  0
10.0496 11331448 696.204 3 13 0.256698 1 11331448 11331449 13 0 1 20 1  0
10.639 11368185 698.461 3 15 0.296194 1 11277141 11277145 13 0 1 20 1  0
10.6385 11371415 698.66 3 24 0.473963 2 11277127 11277129 13 0 1 20 1  0
11.8199 11370449 698.6 5 23 0.454207 1 11277125 11277135 13 0 1 20 1  0
11.0835 11332405 696.263 4 24 0.473963 1 11277127 11277135 13 0 1 20 1  0
10.0519 11335980 696.483 3 25 0.493721 1 11335980 11335981 13 0 1 20 1  0
10.0539 11277112 692.866 4 34 0.671599 4 11277112 11277113 13 0 1 20 1  0
10.3067 11332720 696.282 3 26 0.513479 1 11328503 11328506 13 0 1 20 1  0
10.2463 11277435 692.886 4 31 0.612292 2 11277434 11277442 13 0 1 20 1  0
0 11270144 692.438 7 286 5.88266 2 11351043 11351156 13 0 1 20 1  0
21.864 11600336 712.725 8 0 0 1 11532542 11532544 13 0 1 20 1  0
21.8984 11724572 720.358 8 0 0 1 11532857 11532859 13 0 1 20 1  0
0 11532288 708.544 8 0 0 3537 11533189 11533190 13 0 1 20 1  0
22.2921 11600337 712.725 1 0 0 1 11532543 11532545 13 0 1 20 1  0
19.3788 11552907 709.811 2 0 0 150 11534319 11534321 13 0 1 20 1  0
14.5642 11711933 719.581 2 0 0 1 11535014 11535015 13 0 1 20 1  0
10.4348 11551281 709.711 3 1 0.0197462 1 11551281 11551282 13 0 1 20 1  0
10.1301 11551609 709.731 4 1 0.0197462 1 11551609 11551610 13 0 1 20 1  0
15.5764 11638969 715.098 3 2 0.0394922 20 11552891 11552944 13 0 1 20 1  0
11.2022 11591893 712.206 4 13 0.256698 13 11590263 11590266 13 0 1 20 1  0
10.69 11590243 712.104 3 25 0.493721 5 11590242 11590246 13 0 1 20 1  0
10.4046 11627987 714.424 4 20 0.394946 4 11591880 11591885 13 0 1 20 1  0
21.2928 11835307 727.161 8 0 0 1 11794541 11794546 13 0 1 20 1  0
21.1481 11904893 731.437 8 0 0 1 11794638 11794640 13 0 1 20 1  0
19.9353 12038559 739.649 8 0 0 1 11794670 11794671 13 0 1 20 1  0
15.0068 11795194 724.697 4 1 0.0197462 3201 11795183 11795210 13 0 1 20 1  0
18.249 11806020 725.362 1 0 0 1 11794542 11794547 13 0 1 20 1  0
18.7167 11939521 733.564 1 0 0 1 11794638 11794640 13 0 1 20 1  0
17.7345 11987663 736.522 1 0 0 1 11794670 11794672 13 0 1 20 1  0
17.5517 11800725 725.036 3 0 0 54 11794540 11794546 13 0 1 20 1  0
15.5842 12051146 740.422 3 0 0 3 11795185 11795213 13 0 1 20 1  0
13.4798 12004959 737.585 3 3 0.059238 12 11795190 11795197 13 0 1 20 1  0
11.0698 11856944 728.491 4 23 0.454207 11 11800679 11800687 13 0 1 20 1  0
10.188 11933706 733.207 3 19 0.375194 1 11933706 11933707 13 0 1 20 1  0
10.1025 12051103 740.42 3 23 0.454207 1 12051103 12051106 13 0 1 20 1  0
10.2469 11868637 729.209 4 33 0.651829 1 11856926 11856934 13 0 1 20 1  0
10.9017 12056680 740.762 8 0 0 4269 12056680 12056681 13 0 1 20 1  0
21.1219 12224524 751.075 8 0 0 1 12058069 12058070 13 0 1 20 1  0
21.1219 12250311 752.659 8 0 0 1 12058119 12058120 13 0 1 20 1  0
10.0142 12056680 740.762 1 0 0 1 12056680 12056681 13 0 1 20 1  0
18.2119 12119932 744.649 1 0 0 1 12057003 12057004 13 0 1 20 1  0
18.1757 12169016 747.664 1 0 0 1 12057433 12057434 13 0 1 20 1  0
24.5976 12224525 751.075 1 0 0 11 12058070 12058071 13 0 1 20 1  0
19.087 12282512 754.638 1 0 0 1 12058303 12058308 13 0 1 20 1  0
10.0439 12057003 740.782 2 0 0 1 12057003 12057004 13 0 1 20 1  0
12.8525 12137662 745.738 4 0 0 1 12068390 12068392 13 0 1 20 1  0
12.3826 12095708 743.16 4 1 0.0197462 35 12068711 12068712 13 0 1 20 1  0
10.6738 12072940 741.761 2 1 0.0197462 1 12072940 12072941 13 0 1 20 1  0
10.3151 12068352 741.479 3 19 0.375194 5 12068352 12068353 13 0 1 20 1  0
10.0714 12080735 742.24 3 8 0.157966 2 12080735 12080736 13 0 1 20 1  0
10.337 12068679 741.5 3 17 0.335692 5 12068679 12068680 13 0 1 20 1  0
10.0555 12069036 741.522 3 3 0.059238 2 12069036 12069037 13 0 1 20 1  0
11.547 12098957 743.36 4 2 0.0394922 1 12070985 12070986 13 0 1 20 1  0
11.4164 12139607 745.857 3 3 0.059238 1 12069356 12069359 13 0 1 20 1  0
12.0315 12143841 746.118 4 3 0.059238 4 12069031 12069036 13 0 1 20 1  0
10.1945 12069356 741.541 3 4 0.0789836 4 12069356 12069357 13 0 1 20 1  0
11.3878 12102845 743.599 4 8 0.157966 4 12069346 12069351 13 0 1 20 1  0
10.1188 12082360 742.34 5 5 0.0987291 1 12082360 12082361 13 0 1 20 1  0
10.0074 12079117 742.141 3 6 0.118475 1 12079117 12079118 13 0 1 20 1  0
12.2202 12151612 746.595 5 18 0.355443 29 12077458 12077464 13 0 1 20 1  0
12.2964 12096643 743.218 4 22 0.434452 14 12068667 12068671 13 0 1 20 1  0
10.0319 12072272 741.72 5 9 0.177712 1 12072272 12072273 13 0 1 20 1  0
12.3259 12147064 746.316 4 19 0.375194 16 12068670 12068677 13 0 1 20 1  0
10.1983 12095339 743.138 3 25 0.493721 5 12095339 12095340 13 0 1 20 1  0
10.092 12077468 742.04 5 14 0.276446 2 12077468 12077469 13 0 1 20 1  0
10.1305 12078092 742.078 4 29 0.572762 3 12078092 12078093 13 0 1 20 1  0
11.578 12097275 743.257 4 34 0.671599 9 12095639 12095649 13 0 1 20 1  0
10.2527 12087389 742.649 11 335 6.99785 1 12087371 12087410 13 0 1 20 1  0
14.019 12069598 741.556 11 874 24.9778 169 12064940 12070183 13 0 1 20 1  0
0 12056576 740.756 11 467 10.2892 40 12086661 12087129 13 0 1 20 1  0
11.4229 12085873 742.556 11 834 23.1007 17 12069470 12069993 13 0 1 20 1  0
10.8191 12092626 742.971 12 1613 96.6528 2 12091572 12093466 13 0 1 20 1  0
22.8732 12418911 763.018 8 0 0 1 12318825 12318827 13 0 1 20 1  0
23.0109 12476356 766.547 8 0 0 1 12318910 12318912 13 0 1 20 1  0
22.4994 12535512 770.182 8 0 0 1 12318941 12318943 13 0 1 20 1  0
12.4488 12319147 756.888 3 1 0.0197462 2658 12318820 12318827 13 0 1 20 1  0
21.8288 12318942 756.876 1 0 0 1 12318819 12318831 13 0 1 20 1  0
22.1224 12580728 772.96 1 0 0 2 12318910 12318912 13 0 1 20 1  0
13.6393 12388724 761.163 2 0 0 1 12318819 12318830 13 0 1 20 1  0
13.2496 12340934 758.227 3 0 0 6 12318819 12318830 13 0 1 20 1  0
11.1309 12350043 758.787 5 0 0 5 12319142 12319154 13 0 1 20 1  0
12.3565 12386132 761.004 2 1 0.0197462 15 12340282 12340284 13 0 1 20 1  0
10.1496 12318821 756.868 4 1 0.0197462 2 12318821 12318822 13 0 1 20 1  0
10.0986 12385158 760.944 2 2 0.0394922 1 12385158 12385159 13 0 1 20 1  0
10.2773 12322720 757.108 3 4 0.0789836 1 12322720 12322721 13 0 1 20 1  0
10.3959 12320439 756.968 5 4 0.0789836 5 12320435 12320442 13 0 1 20 1  0
10.8249 12383525 760.844 4 5 0.0987291 1 12340924 12340928 13 0 1 20 1  0
12.0438 12420911 763.141 4 13 0.256698 24 12359440 12359444 13 0 1 20 1  0
10.6304 12340595 758.206 5 6 0.118475 1 12319133 12319135 13 0 1 20 1  0
10.1347 12341241 758.246 4 7 0.13822 1 12341241 12341242 13 0 1 20 1  0
13.9199 12379561 760.6 5 32 0.63206 130 12379549 12379577 13 0 1 20 1  0
10.7921 12380121 760.635 3 10 0.197458 1 12379525 12379528 13 0 1 20 1  0
10.128 12359445 759.364 4 10 0.197458 1 12359445 12359446 13 0 1 20 1  0
10.1046 12321722 757.047 5 13 0.256698 2 12321722 12321723 13 0 1 20 1  0
10.1144 12362361 759.543 3 17 0.335692 2 12362361 12362362 13 0 1 20 1  0
10.0504 12386427 761.022 3 19 0.375194 1 12386427 12386428 13 0 1 20 1  0
10.1558 12369191 759.963 5 19 0.375194 1 12369191 12369192 13 0 1 20 1  0
10.2 12576767 772.717 10 1803 135.593 1 12576675 12576929 13 0 1 20 1  0
10.6049 12572997 772.485 10 1924 168.141 3 12572869 12573359 13 0 1 20 1  0
10.1507 12551798 771.182 11 2435 416.49 1 12551683 12551826 13 0 1 20 1  0
10.4915 12546134 770.834 12 2665 626.292 1 12545716 12546704 13 0 1 20 1  0
11.8004 12581063 772.98 8 0 0 2052 12581063 12581064 13 0 1 20 1  0
21.6576 12679111 779.005 8 0 0 1 12581377 12581378 13 0 1 20 1  0
21.6385 12718955 781.453 8 0 0 1 12581709 12581711 13 0 1 20 1  0
21.5467 12826107 788.036 8 0 0 1 12582027 12582029 13 0 1 20 1  0
10.1467 12581064 772.981 1 0 0 1 12581064 12581065 13 0 1 20 1  0
25.186 12657057 777.65 2 0 0 54 12581710 12581712 13 0 1 20 1  0
18.7517 12828057 788.156 1 0 0 1 12581709 12581711 13 0 1 20 1  0
11.7732 12807743 786.908 5 19 0.375194 39 12807736 12807753 13 0 1 20 1  0
18.2584 12599884 774.137 11 841 23.4205 1314 12598786 12605876 13 0 1 20 1  0
13.4989 12588065 773.411 10 598 14.1141 386 12587680 12588322 13 0 1 20 1  0
10.0608 12585342 773.243 8 1181 44.394 1195 12585339 12585347 13 0 1 20 1  0
12.9516 12601341 774.226 11 382 8.11689 43 12600458 12601867 13 0 1 20 1  0
10.1534 12833319 788.479 9 352 7.39661 1 12619176 12619192 13 0 1 20 1  0
11.0511 12806541 786.834 11 460 10.1021 1 12806185 12806735 13 0 1 20 1  0
10.7775 12840794 788.938 11 568 13.1788 1 12840674 12841011 13 0 1 20 1  0
10.9078 12591835 773.642 7 651 15.8659 3 12591816 12591863 13 0 1 20 1  0
12.1327 12645994 776.97 9 833 23.0553 36 12599308 12600078 13 0 1 20 1  0
13.0943 12637969 776.477 10 966 29.7889 68 12598803 12599541 13 0 1 20 1  0
10.8427 12843000 789.074 9 1110 38.9701 4 12598262 12598341 13 0 1 20 1  0
12.9283 12795853 786.177 8 1726 118.225 44 12795280 12797582 13 0 1 20 1  0
0 12580864 772.968 8 1726 118.225 8 12798595 12798626 13 0 1 20 1  0
21.9427 12843008 789.074 12 2128 241.559 78 12839504 12843010 13 0 1 20 1  0
0 12580864 772.968 12 2000 192.449 2 12828040 12830208 13 0 1 20 1  0
10.9935 12780160 785.213 12 2183 266.33 1 12778880 12781466 13 0 1 20 1  0
10.8765 12776962 785.017 12 2768 751.814 2 12776484 12778146 13 0 1 20 1  0
10.2642 12759798 783.962 12 2850 869.495 1 12758800 12760024 13 0 1 20 1  0
11.4285 12843135 789.082 8 0 0 3487 12843135 12843136 13 0 1 20 1  0
21.2698 13051297 801.872 8 0 0 1 12843344 12843345 13 0 1 20 1  0
11.1434 12843136 789.082 1 0 0 1 12843136 12843137 13 0 1 20 1  0
21.4411 12901856 792.69 1 0 0 1 12843344 12843346 13 0 1 20 1  0
24.0151 13104111 805.117 1 0 0 1 12843655 12843656 13 0 1 20 1  0
10.1198 12844324 789.155 2 0 0 1 12844324 12844325 13 0 1 20 1  0
15.3037 13002526 798.875 2 0 0 1 12844674 12844675 13 0 1 20 1  0
15.0582 13095380 804.58 4 12 0.236951 94 12986932 12986938 13 0 1 20 1  0
10.12 13101200 804.938 1 1 0.0197462 1 13101200 13101201 13 0 1 20 1  0
12.4775 13103855 805.101 3 1 0.0197462 7 12883876 12883878 13 0 1 20 1  0
13.0849 13080109 803.642 4 7 0.13822 8 12986940 12986944 13 0 1 20 1  0
10.5845 12898351 792.475 3 4 0.0789836 3 12898351 12898352 13 0 1 20 1  0
10.0357 13077838 803.502 4 3 0.059238 1 13077838 13077839 13 0 1 20 1  0
12.3071 12986942 797.918 3 7 0.13822 5 12898347 12898350 13 0 1 20 1  0
10.2931 13078461 803.541 3 20 0.394946 6 13078461 13078462 13 0 1 20 1  0
12.0706 13079126 803.581 3 11 0.217204 2 12986936 12986938 13 0 1 20 1  0
10.0637 13078796 803.561 3 14 0.276446 1 13078796 13078797 13 0 1 20 1  0
10.2665 13091797 804.36 3 16 0.315943 1 13091797 13091798 13 0 1 20 1  0
10.0065 13091144 804.32 3 18 0.355443 1 13091144 13091145 13 0 1 20 1  0
11.1461 13104141 805.118 3 22 0.434452 1 13091138 13091140 13 0 1 20 1  0
11.5681 13095682 804.599 3 25 0.493721 7 13080074 13080077 13 0 1 20 1  0
17.9292 12844026 789.137 12 1154 42.2533 2866 12843008 12846074 13 0 1 20 1  0
10.1438 12898694 792.496 9 260 5.3094 1 12898681 12898700 13 0 1 20 1  0
15.478 12862465 790.27 10 640 15.4913 292 12844635 12846638 13 0 1 20 1  0
16.9252 13034465 800.838 11 1162 42.8772 972 12843008 12844292 13 0 1 20 1  0
16.6862 12856765 789.92 9 1549 86.2111 759 12854771 12860951 13 0 1 20 1  0
11.2222 12843042 789.076 12 2182 265.858 8 12843008 12844350 13 0 1 20 1  0
10.3158 13105485 805.201 8 0 0 8487 13105485 13105486 13 0 1 20 1  0
22.4077 13303121 817.344 8 0 0 1 13105735 13105737 13 0 1 20 1  0
26.7917 13155167 808.253 1 0 0 2 13105160 13105168 13 0 1 20 1  0
18.3017 13184172 810.036 2 0 0 40 13105159 13105167 13 0 1 20 1  0
10.4706 13134709 806.997 1 1 0.0197462 1 13134709 13134710 13 0 1 20 1  0
10.4435 13303438 817.363 1 1 0.0197462 1 13135682 13135683 13 0 1 20 1  0
10.0068 13133772 806.939 2 1 0.0197462 1 13133772 13133773 13 0 1 20 1  0
14.4752 13185142 810.095 3 1 0.0197462 1 13113284 13113290 13 0 1 20 1  0
10.708 13214727 811.913 2 2 0.0394922 1 13214727 13214728 13 0 1 20 1  0
10.4596 13216355 812.013 2 2 0.0394922 1 13216355 13216356 13 0 1 20 1  0
17.0819 13184802 810.074 4 6 0.118475 88 13105466 13105473 13 0 1 20 1  0
12.6822 13134409 806.978 3 7 0.13822 3 13134407 13134415 13 0 1 20 1  0
14.5924 13216654 812.031 4 13 0.256698 6 13112931 13112941 13 0 1 20 1  0
10.5267 13113270 805.679 3 6 0.118475 3 13113270 13113271 13 0 1 20 1  0
10.018 13112943 805.659 3 11 0.217204 1 13112943 13112944 13 0 1 20 1  0
10.1591 13162017 808.674 6 12 0.236951 1 13162016 13162021 13 0 1 20 1  0
14.6092 13204290 811.272 5 16 0.315943 1 13106101 13106107 13 0 1 20 1  0
11.7496 13188677 810.312 3 21 0.414699 2 13134385 13134387 13 0 1 20 1  0
10.0842 13134684 806.995 3 32 0.63206 1 13134684 13134685 13 0 1 20 1  0
10.799 13357904 820.71 12 3120 1403.5 1 13356364 13358074 13 0 1 20 1  0
11.0296 13367651 821.308 8 0 0 10103 13367651 13367652 13 0 1 20 1  0
23.1039 13553758 832.743 8 0 0 1 13367684 13367686 13 0 1 20 1  0
23.1191 13559689 833.107 8 0 0 1 13368135 13368136 13 0 1 20 1  0
29.1046 13553758 832.743 2 0 0 10 13368656 13368659 13 0 1 20 1  0
24.9503 13595315 835.296 1 0 0 1 13367685 13367687 13 0 1 20 1  0
24.289 13516614 830.461 2 0 0 37 13368623 13368625 13 0 1 20 1  0
14.3475 13622812 836.986 2 0 0 1 13369598 13369601 13 0 1 20 1  0
20.1882 13611306 836.279 5 3 0.059238 1062 13516599 13516621 13 0 1 20 1  0
10.0828 13432556 825.296 1 1 0.0197462 1 13432556 13432557 13 0 1 20 1  0
10.6251 13448157 826.255 1 1 0.0197462 1 13448157 13448158 13 0 1 20 1  0
10.268 13410157 823.92 3 1 0.0197462 1 13410157 13410158 13 0 1 20 1  0
10.2201 13418281 824.419 4 2 0.0394922 1 13418281 13418282 13 0 1 20 1  0
10.0029 13376331 821.842 4 3 0.059238 1 13376331 13376332 13 0 1 20 1  0
11.3931 13613930 836.44 2 4 0.0789836 1 13516603 13516606 13 0 1 20 1  0
10.0222 13417949 824.399 4 4 0.0789836 1 13417949 13417950 13 0 1 20 1  0
10.133 13393229 822.88 4 5 0.0987291 2 13393229 13393230 13 0 1 20 1  0
17.2995 13539571 831.871 9 197 3.96445 334 13517739 13517769 13 0 1 20 1  0
13.9111 13606740 835.998 3 6 0.118475 2 13516598 13516610 13 0 1 20 1  0
10.0547 13418897 824.457 4 21 0.414699 4 13418897 13418898 13 0 1 20 1  0
10.0088 13393535 822.899 5 12 0.236951 1 13393535 13393536 13 0 1 20 1  0
10.1311 13417599 824.377 4 17 0.335692 2 13417599 13417600 13 0 1 20 1  0
14.0283 13518147 830.555 5 18 0.355443 40 13393526 13393532 13 0 1 20 1  0
14.4626 13529065 831.226 6 322 6.69721 285 13529033 13529106 13 0 1 20 1  0
13.6033 13593083 835.159 8 205 4.13218 171 13529195 13529213 13 0 1 20 1  0
11.2354 13536837 831.703 5 176 3.52783 3 13529130 13529148 13 0 1 20 1  0
13.1818 13541368 831.982 6 196 3.94354 28 13529114 13529153 13 0 1 20 1  0
10.0115 13538077 831.779 5 200 4.02726 1 13538077 13538078 13 0 1 20 1  0
12.9614 13537091 831.719 6 364 7.68211 39 13529034 13529059 13 0 1 20 1  0
14.6598 13439243 825.707 9 920 27.2925 545 13438555 13439645 13 0 1 20 1  0
12.9971 13537052 831.716 12 1393 65.1779 36 13535462 13539344 13 0 1 20 1  0
0 13367296 821.287 12 1003 31.94 19 13539448 13539456 13 0 1 20 1  0
12.6021 13434840 825.437 10 1415 67.8074 31 13433911 13435742 13 0 1 20 1  0
10.5778 13536154 831.661 12 1778 129.693 2 13535806 13537428 13 0 1 20 1  0
11.1706 13532892 831.461 12 2538 499.978 2 13531310 13534016 13 0 1 20 1  0
14.3674 13629454 837.394 8 0 0 4780 13629454 13629455 13 0 1 20 1  0
23.3016 13662462 839.422 8 0 0 1 13629718 13629723 13 0 1 20 1  0
23.2683 13867495 852.019 8 0 0 1 13629730 13629731 13 0 1 20 1  0
28.02 13652281 838.796 2 0 0 3 13629717 13629724 13 0 1 20 1  0
26.7333 13767266 845.861 1 0 0 1 13629933 13629934 13 0 1 20 1  0
24.535 13891388 853.487 1 0 0 1 13629963 13629964 13 0 1 20 1  0
28.6859 13766953 845.842 3 0 0 1771 13629717 13629724 13 0 1 20 1  0
29.3835 13755223 845.121 4 0 0 49 13630908 13630912 13 0 1 20 1  0
10.0148 13639677 838.022 4 43 0.849625 3 13639677 13639678 13 0 1 20 1  0
10.6008 13631267 837.505 1 1 0.0197462 4 13631267 13631268 13 0 1 20 1  0
11.8868 13629719 837.41 2 1 0.0197462 1 13629719 13629720 13 0 1 20 1  0
10.1707 13644808 838.337 2 3 0.059238 1 13644808 13644809 13 0 1 20 1  0
10.03 13639765 838.027 2 5 0.0987291 1 13639765 13639766 13 0 1 20 1  0
11.2947 13653570 838.875 2 5 0.0987291 1 13641359 13641362 13 0 1 20 1  0
10.0356 13652266 838.795 6 12 0.236951 3 13652266 13652267 13 0 1 20 1  0
10.3675 13631920 837.545 2 8 0.157966 4 13631920 13631921 13 0 1 20 1  0
10.6507 13656964 839.084 2 8 0.157966 1 13641354 13641357 13 0 1 20 1  0
12.1415 13745341 844.514 6 205 4.13218 115 13656474 13656477 13 0 1 20 1  0
10.118 13631585 837.525 3 20 0.394946 7 13631585 13631586 13 0 1 20 1  0
10.2552 13652251 838.794 2 13 0.256698 1 13652251 13652252 13 0 1 20 1  0
10.2512 13655366 838.986 2 15 0.296194 2 13655366 13655367 13 0 1 20 1  0
10.0028 13728536 843.481 8 128 2.54694 1 13728536 13728537 13 0 1 20 1  0
10.006 13651750 838.763 8 261 5.33123 1 13651750 13651751 13 0 1 20 1  0
11.9005 13654600 838.939 12 307 6.3547 1 13654254 13656268 13 0 1 20 1  0
10.0421 13656198 839.037 8 333 6.95136 1 13656198 13656199 13 0 1 20 1  0
10.0399 13728002 843.448 8 359 7.56274 1 13728002 13728003 13 0 1 20 1  0
10.1747 13652317 838.798 11 1176 43.99 1 13652275 13652363 13 0 1 20 1  0
22.5331 13967343 858.154 8 0 0 1 13891870 13891872 13 0 1 20 1  0
22.5254 14135454 868.482 8 0 0 1 13891901 13891902 13 0 1 20 1  0
0 13891584 853.499 8 0 0 3328 13892353 13892355 13 0 1 20 1  0
27.1131 13942846 856.648 2 0 0 11 13893366 13893368 13 0 1 20 1  0
21.2078 14063755 864.077 1 0 0 1 13891901 13891903 13 0 1 20 1  0
10.0031 13892848 853.577 2 0 0 1 13892848 13892849 13 0 1 20 1  0
23.2826 13901877 854.131 4 0 0 97 13894374 13894381 13 0 1 20 1  0
10.1024 13895027 853.71 4 1 0.0197462 1 13895027 13895028 13 0 1 20 1  0
11.0094 13894373 853.67 2 2 0.0394922 1 13894373 13894374 13 0 1 20 1  0
20.0082 13928859 855.789 3 2 0.0394922 10 13895020 13895037 13 0 1 20 1  0
11.7876 13939588 856.448 2 3 0.059238 1 13896343 13896351 13 0 1 20 1  0
15.627 13896343 853.791 3 5 0.0987291 3 13896337 13896350 13 0 1 20 1  0
10.4325 13984715 859.221 3 31 0.612292 2 13901819 13901835 13 0 1 20 1  0
10.4099 14014951 861.079 3 34 0.671599 3 13901830 13901832 13 0 1 20 1  0
10.3189 13984218 859.19 11 126 2.50651 1 13981276 13984238 13 0 1 20 1  0
10.0195 14065714 864.197 11 189 3.79751 1 14065711 14065716 13 0 1 20 1  0
15.5316 14154103 869.628 8 0 0 3000 14154103 14154104 13 0 1 20 1  0
24.1041 14210543 873.096 8 0 0 1 14154134 14154135 13 0 1 20 1  0
24.0329 14386580 883.911 8 0 0 1 14154401 14154402 13 0 1 20 1  0
28.6071 14319036 879.762 1 0 0 1 14154103 14154105 13 0 1 20 1  0
28.764 14363252 882.478 1 0 0 6 14154134 14154136 13 0 1 20 1  0
10.0501 14155571 869.718 2 0 0 1 14155571 14155572 13 0 1 20 1  0
18.4944 14234287 874.555 2 0 0 1 14155603 14155606 13 0 1 20 1  0
31.4104 14348345 881.562 2 0 0 2 14156059 14156061 13 0 1 20 1  0
30.7072 14292418 878.126 3 0 0 65 14178054 14178056 13 0 1 20 1  0
17.5306 14354074 881.914 5 0 0 12 14233990 14234009 13 0 1 20 1  0
10.6956 14393102 884.312 1 1 0.0197462 1 14292415 14292422 13 0 1 20 1  0
10.8038 14265692 876.484 3 2 0.0394922 3 14265692 14265693 13 0 1 20 1  0
10.3761 14260813 876.184 3 5 0.0987291 1 14260813 14260814 13 0 1 20 1  0
10.2423 14233976 874.535 3 9 0.177712 2 14233976 14233977 13 0 1 20 1  0
13.6678 14411807 885.461 5 11 0.217204 20 14233978 14233987 13 0 1 20 1  0
19.3443 14191950 871.953 12 1584 91.7754 3635 14189232 14194360 13 0 1 20 1  0
0 14153728 869.605 8 242 4.91916 30 14203892 14204065 13 0 1 20 1  0
0 14153728 869.605 8 1364 61.8627 36 14194633 14195329 13 0 1 20 1  0
125.647 1601136 98.3738 9 2832 842.178 21133 1600596 1601829 13 0 1 20 1 1
