12.8078 32032 1.96805 8 0 0 1 32032 32033 13 0 1 20 1  0
22.3887 33064 2.03145 8 0 0 1 32254 32258 13 0 1 20 1  0
0 2048 0.125829 8 0 0 676 33063 33068 13 0 1 20 1  0
34.2473 33066 2.03157 2 0 0 14 32254 32259 13 0 1 20 1  0
35.7339 182440 11.2091 3 0 0 6 32252 32261 13 0 1 20 1  0
20.9123 63253 3.88626 4 1 0.0197462 236 32248 32262 13 0 1 20 1  0
11.4334 83956 5.15826 9 9 0.177712 5 62986 63161 13 0 1 20 1  0
11.4773 32252 1.98156 2 3 0.059238 6 32252 32253 13 0 1 20 1  0
10.1537 51887 3.18794 4 9 0.177712 2 51887 51888 13 0 1 20 1  0
12.3404 64830 3.98316 5 29 0.572762 12 61259 61262 13 0 1 20 1  0
20.081 56380 3.46399 12 1342 59.4573 393 53312 58448 13 0 1 20 1  0
10.2676 265362 16.3038 8 0 0 340 265362 265363 13 0 1 20 1  0
24.8803 274169 16.8449 8 0 0 1 266016 266017 13 0 1 20 1  0
10.4463 264878 16.2741 1 0 0 1 264878 264879 13 0 1 20 1  0
31.0441 274170 16.845 1 0 0 15 265362 265363 13 0 1 20 1  0
20.5745 385108 23.661 3 0 0 12 273192 273200 13 0 1 20 1  0
16.2457 505035 31.0293 5 0 0 16 274156 274186 13 0 1 20 1  0
11.0086 273191 16.7849 2 3 0.059238 2 273191 273192 13 0 1 20 1  0
13.2085 468511 28.7853 4 1 0.0197462 6 274162 274176 13 0 1 20 1  0
12.2256 469153 28.8248 6 2 0.0394922 3 468495 468529 13 0 1 20 1  0
11.6622 394212 24.2204 2 4 0.0789836 2 274164 274166 13 0 1 20 1  0
11.0894 502113 30.8498 6 5 0.0987291 3 468498 468527 13 0 1 20 1  0
11.9567 484107 29.7435 11 7 0.13822 7 481336 486085 13 0 1 20 1  0
11.746 463364 28.4691 12 74 1.46459 1 462390 469556 13 0 1 20 1  0
10.7943 314462 19.3205 12 181 3.63133 1 314284 315584 13 0 1 20 1  0
11.0492 522210 32.0846 12 211 4.25852 1 521636 522242 13 0 1 20 1  0
24.7222 522481 32.1012 8 0 0 35 522481 522484 13 0 1 20 1  0
31.8711 522482 32.1013 1 0 0 7 522481 522484 13 0 1 20 1  0
0 522240 32.0864 1 0 0 104 522577 522580 13 0 1 20 1  0
11.3033 756751 46.4948 4 1 0.0197462 1 629905 629907 13 0 1 20 1  0
11.6812 522575 32.107 2 2 0.0394922 1 522479 522481 13 0 1 20 1  0
10.2922 685451 42.1141 3 2 0.0394922 1 685451 685452 13 0 1 20 1  0
10.5327 629906 38.7014 2 5 0.0987291 2 629906 629907 13 0 1 20 1  0
11.2295 588907 36.1824 2 3 0.059238 2 588907 588908 13 0 1 20 1  0
11.9756 756806 46.4982 2 3 0.059238 7 685452 685453 13 0 1 20 1  0
42.4699 912446 56.0607 3 0 0 83 819832 819840 13 0 1 20 1  0
0 784384 48.1926 8 0 0 29 846257 846258 13 0 1 20 1  0
0 784384 48.1926 1 0 0 63 846258 846259 13 0 1 20 1  0
10.3348 819834 50.3706 2 1 0.0197462 1 819834 819835 13 0 1 20 1  0
11.8753 905598 55.6399 2 2 0.0394922 2 905598 905599 13 0 1 20 1  0
13.8924 1015130 62.3696 12 189 3.79751 2 936214 939532 13 0 1 20 1  0
0 784384 48.1926 12 189 3.79751 1 1013686 1021348 13 0 1 20 1  0
10.7129 1014350 62.3217 12 666 16.3865 1 1014272 1014624 13 0 1 20 1  0
10.1084 1013268 62.2552 12 968 29.9019 1 1013254 1013312 13 0 1 20 1  0
10.7278 1064695 65.4149 8 0 0 1 1064695 1064696 13 0 1 20 1  0
22.5217 1141870 70.1565 8 0 0 1 1103605 1103606 13 0 1 20 1  0
0 1046528 64.2987 8 0 0 165 1103703 1103704 13 0 1 20 1  0
26.1962 1141871 70.1566 1 0 0 2 1064695 1064697 13 0 1 20 1  0
10.3789 1064696 65.4149 2 0 0 1 1064696 1064697 13 0 1 20 1  0
32.025 1229812 75.5596 2 0 0 5 1105329 1105331 13 0 1 20 1  0
33.6603 1188551 73.0246 3 0 0 43 1105541 1105546 13 0 1 20 1  0
11.5728 1107335 68.0347 2 1 0.0197462 4 1107335 1107336 13 0 1 20 1  0
15.0399 1161693 71.3744 2 1 0.0197462 2 1141868 1141870 13 0 1 20 1  0
10.467 1046648 64.3061 12 168 3.36279 1 1046528 1046744 13 0 1 20 1  0
10.4506 1089408 66.9332 12 1566 88.871 2 1089084 1089614 13 0 1 20 1  0
23.098 1530462 94.0316 8 0 0 1 1327868 1327870 13 0 1 20 1  0
0 1308672 80.4048 8 0 0 195 1328411 1328412 13 0 1 20 1  0
12.4186 1325266 81.4243 1 0 0 1 1325266 1325267 13 0 1 20 1  0
30.0153 1529069 93.946 1 0 0 1 1327868 1327871 13 0 1 20 1  0
45.2626 1377348 84.6243 3 0 0 69 1327866 1327873 13 0 1 20 1  0
11.7597 1530461 94.0315 1 1 0.0197462 1 1377347 1377350 13 0 1 20 1  0
10.2607 1314366 80.7546 7 1 0.0197462 1 1314366 1314367 13 0 1 20 1  0
10.0797 1376048 84.5444 2 5 0.0987291 1 1376048 1376049 13 0 1 20 1  0
23.3539 1610719 98.9626 8 0 0 1 1599671 1599675 13 0 1 20 1  0
0 1570816 96.5109 8 0 0 205 1599893 1599897 13 0 1 20 1  0
10.3722 1578780 97.0002 1 0 0 2 1578780 1578781 13 0 1 20 1  0
29.0248 1610720 98.9626 1 0 0 29 1599671 1599675 13 0 1 20 1  0
30.8764 1725932 106.041 2 0 0 1 1599671 1599676 13 0 1 20 1  0
24.3649 1726052 106.049 3 0 0 2 1599669 1599677 13 0 1 20 1  0
11.3941 1643757 100.992 9 0 0 4 1643738 1643773 13 0 1 20 1  0
16.0874 1725622 106.022 2 1 0.0197462 5 1599671 1599673 13 0 1 20 1  0
10.893 1599670 98.2837 2 2 0.0394922 4 1599670 1599671 13 0 1 20 1  0
10.3525 1605914 98.6674 3 3 0.059238 1 1605914 1605915 13 0 1 20 1  0
10.4484 1599881 98.2967 3 9 0.177712 2 1599881 1599882 13 0 1 20 1  0
21.5795 2075763 127.535 8 0 0 1 2010945 2010949 13 0 1 20 1  0
0 1832960 112.617 8 0 0 7 2033695 2033697 13 0 1 20 1  0
10.3715 1953988 120.053 1 0 0 1 1953988 1953989 13 0 1 20 1  0
30.2141 2010947 123.553 2 0 0 19 2010945 2010951 13 0 1 20 1  0
0 1832960 112.617 1 0 0 18 2033696 2033698 13 0 1 20 1  0
13.0071 2187009 134.37 8 0 0 1 2187009 2187010 13 0 1 20 1  0
23.8835 2304876 141.612 8 0 0 1 2188481 2188482 13 0 1 20 1  0
0 2095104 128.723 8 0 0 101 2188805 2188806 13 0 1 20 1  0
33.5765 2304876 141.612 1 0 0 2 2187009 2187011 13 0 1 20 1  0
33.9908 2356800 144.802 2 0 0 12 2187009 2187012 13 0 1 20 1  0
11.254 2152274 132.236 5 0 0 3 2152258 2152280 13 0 1 20 1  0
11.2831 2150260 132.112 12 0 0 1 2149582 2158202 13 0 1 20 1  0
10.228 2286784 140.5 3 1 0.0197462 2 2286784 2286785 13 0 1 20 1  0
10.5022 2303247 141.511 2 2 0.0394922 2 2303247 2303248 13 0 1 20 1  0
10.2862 2286126 140.46 4 2 0.0394922 1 2286126 2286127 13 0 1 20 1  0
10.1572 2303569 141.531 3 5 0.0987291 1 2303569 2303570 13 0 1 20 1  0
11.0863 2313968 142.17 12 1184 44.6381 1 2312928 2314594 13 0 1 20 1  0
34.4341 2607329 160.194 4 0 0 64 2358241 2358256 13 0 1 20 1  0
0 2357248 144.829 8 0 0 3634 2357763 2357766 13 0 1 20 1  0
30.3767 2597733 159.605 2 0 0 6 2357603 2357606 13 0 1 20 1  0
10.3538 2357602 144.851 3 0 0 1 2357602 2357603 13 0 1 20 1  0
34.8176 2601481 159.835 3 0 0 21 2357761 2357769 13 0 1 20 1  0
10.0767 2357765 144.861 4 0 0 1 2357765 2357766 13 0 1 20 1  0
48.684 2482308 152.513 9 1 0.0197462 10645 2479122 2479744 13 0 1 20 1  0
11.4812 2358245 144.891 2 2 0.0394922 4 2358245 2358247 13 0 1 20 1  0
10.1612 2597895 159.615 1 1 0.0197462 1 2597895 2597896 13 0 1 20 1  0
10.8575 2596915 159.554 2 3 0.059238 2 2596914 2596916 13 0 1 20 1  0
10.759 2602541 159.9 2 4 0.0789836 1 2601478 2601479 13 0 1 20 1  0
10.199 2600804 159.793 3 9 0.177712 2 2600804 2600805 13 0 1 20 1  0
10.1086 2453655 150.753 5 15 0.296194 4 2453655 2453656 13 0 1 20 1  0
32.9449 2716120 166.878 2 0 0 13 2646806 2646815 13 0 1 20 1  0
0 2619392 160.935 8 0 0 72 2646876 2646877 13 0 1 20 1  0
18.1642 2646808 162.62 3 1 0.0197462 12 2646806 2646812 13 0 1 20 1  0
10.2028 2829857 173.866 8 1 0.0197462 1 2829833 2829862 13 0 1 20 1  0
10.2241 2821158 173.332 4 9 0.177712 5 2821158 2821161 13 0 1 20 1  0
11.8803 2881520 177.041 12 251 5.11363 2 2878878 2881538 13 0 1 20 1  0
10.1412 2783888 171.042 12 2416 402.686 1 2783406 2784020 13 0 1 20 1  0
51.9917 2920251 179.42 3 0 0 33 2883708 2883718 13 0 1 20 1  0
0 2881536 177.042 8 0 0 738 2883973 2883974 13 0 1 20 1  0
25.0784 2933984 180.264 6 7 0.13822 1037 2933941 2934004 13 0 1 20 1  0
11.0223 2938035 180.513 1 1 0.0197462 1 2938035 2938036 13 0 1 20 1  0
16.815 2883702 177.175 3 7 0.13822 8 2883700 2883706 13 0 1 20 1  0
24.2176 2936255 180.404 4 3 0.059238 16 2883703 2883716 13 0 1 20 1  0
11.8413 2930798 180.068 12 634 15.2895 1 2930174 2933142 13 0 1 20 1  0
18.1437 3192189 196.128 8 0 0 1 3192188 3192190 13 0 1 20 1  0
0 3143680 193.148 8 0 0 15 3216049 3216050 13 0 1 20 1  0
25.5866 3229691 198.432 1 0 0 3 3192189 3192191 13 0 1 20 1  0
0 3143680 193.148 1 0 0 36 3216049 3216051 13 0 1 20 1  0
23.3503 3276131 201.285 2 0 0 12 3192188 3192191 13 0 1 20 1  0
36.3138 3555675 218.461 2 0 0 54 3471378 3471393 13 0 1 20 1  0
0 3405824 209.254 8 0 0 195 3471390 3471391 13 0 1 20 1  0
18.6359 3471384 213.282 4 1 0.0197462 17 3471376 3471390 13 0 1 20 1  0
11.3639 3475051 213.507 2 3 0.059238 2 3475051 3475052 13 0 1 20 1  0
23.5269 3667930 225.358 12 3270 1831.2 45 3663836 3667970 13 0 1 20 1  0
11.7451 3931146 241.53 2 2 0.0394922 12620 3931146 3931147 13 0 1 20 1  0
34.0335 3940890 242.128 2 0 0 354 3930886 3930945 13 0 1 20 1  0
19.7294 4017636 246.844 8 0 0 1 3930896 3930898 13 0 1 20 1  0
23.522 3933109 241.65 2 0 0 4 3930820 3930825 13 0 1 20 1  0
22.3925 4172441 256.355 3 0 0 162 3931128 3931269 13 0 1 20 1  0
22.9433 3942841 242.248 4 1 0.0197462 19 3930897 3930974 13 0 1 20 1  0
10.1874 3932399 241.607 3 21 0.414699 2 3932399 3932400 13 0 1 20 1  0
10.4947 3933042 241.646 3 28 0.553 4 3933042 3933043 13 0 1 20 1  0
10.1472 4115713 252.869 2 21 0.414699 1 3940851 3940865 13 0 1 20 1  0
12.876 4053221 249.03 8 59 1.16662 17 3931070 3931093 13 0 1 20 1  0
10.1469 3931829 241.572 4 30 0.592527 2 3931829 3931830 13 0 1 20 1  0
10.0045 3940198 242.086 3 36 0.711146 1 3940198 3940199 13 0 1 20 1  0
10.089 3939854 242.065 3 54 1.06748 1 3939854 3939855 13 0 1 20 1  0
11.9772 4025813 247.346 7 231 4.68316 82 4014792 4014854 13 0 1 20 1  0
10.1398 3966254 243.687 3 169 3.38338 3 3966254 3966257 13 0 1 20 1  0
10.346 3966578 243.707 3 166 3.32164 1 3966577 3966579 13 0 1 20 1  0
10.0209 4014839 246.672 6 227 4.59778 1 4014839 4014840 13 0 1 20 1  0
10.1266 4171729 256.311 5 446 9.73273 1 4171728 4171732 13 0 1 20 1  0
10.1775 4052084 248.96 4 491 10.9426 1 4052079 4052085 13 0 1 20 1  0
11.2328 4166592 255.995 4 1222 47.8411 22 4166590 4166601 13 0 1 20 1  0
10.736 4166439 255.986 11 1230 48.5426 2 4166101 4166816 13 0 1 20 1  0
0 3930112 241.466 6 1239 49.3434 4 4166685 4166689 13 0 1 20 1  0
10.0922 3962786 243.474 12 3215 1661.03 1 3962604 3963230 13 0 1 20 1  0
60.4433 4258894 261.666 7 1 0.0197462 13383 4257472 4257612 13 0 1 20 1  0
0 4192256 257.572 8 0 0 4827 4193005 4193009 13 0 1 20 1  0
13.7327 4308704 264.727 6 0 0 1 4258319 4259020 13 0 1 20 1  0
15.4775 4230574 259.926 2 2 0.0394922 8 4193005 4193006 13 0 1 20 1  0
10.7846 4192584 257.592 2 3 0.059238 6 4192584 4192585 13 0 1 20 1  0
10.213 4224562 259.557 3 3 0.059238 1 4224562 4224563 13 0 1 20 1  0
11.5885 4424687 271.853 7 4 0.0789836 1 4258463 4259016 13 0 1 20 1  0
10.1971 4243950 260.748 4 40 0.790264 15 4243950 4243951 13 0 1 20 1  0
15.0451 4257512 261.582 3 11 0.217204 6 4230560 4230565 13 0 1 20 1  0
10.4514 4257415 261.576 2 52 1.02784 3 4257415 4257416 13 0 1 20 1  0
10.2161 4257389 261.574 2 65 1.28571 1 4257389 4257390 13 0 1 20 1  0
0 4192256 257.572 12 716 18.2074 1 4275884 4276008 13 0 1 20 1  0
13.5148 4454310 273.673 12 3194 1600.31 10 4452642 4454402 13 0 1 20 1  0
10.2691 4440474 272.823 12 3279 1860.66 1 4439254 4440534 13 0 1 20 1  0
22.237 4462476 274.175 8 0 0 1 4462473 4462479 13 0 1 20 1  0
34.5183 4708724 289.304 5 0 0 4686 4462480 4462486 13 0 1 20 1  0
0 4454400 273.678 8 0 0 43183 4463118 4463120 13 0 1 20 1  0
34.8392 4487483 275.711 2 0 0 6 4462472 4462480 13 0 1 20 1  0
39.3701 4482937 275.432 3 0 0 9 4462471 4462481 13 0 1 20 1  0
35.1354 4648635 285.612 4 0 0 55 4462469 4462484 13 0 1 20 1  0
15.5454 4714802 289.677 4 0 0 2 4463215 4463228 13 0 1 20 1  0
32.0187 4656728 286.109 8 8 0.157966 4514 4487347 4487354 13 0 1 20 1  0
10.7949 4463219 274.22 1 1 0.0197462 1 4463219 4463220 13 0 1 20 1  0
10.1051 4489095 275.81 1 2 0.0394922 1 4489095 4489096 13 0 1 20 1  0
10.2261 4472447 274.787 5 3 0.059238 1 4472447 4472448 13 0 1 20 1  0
18.0103 4493970 276.109 3 4 0.0789836 13 4462468 4462474 13 0 1 20 1  0
25.2651 4678172 287.427 7 19 0.375194 79 4472361 4472366 13 0 1 20 1  0
10.0715 4608436 283.142 6 14 0.276446 2 4608436 4608437 13 0 1 20 1  0
16.0022 4462468 274.174 3 6 0.118475 2 4462465 4462471 13 0 1 20 1  0
12.8238 4575142 281.097 2 7 0.13822 2 4462464 4462469 13 0 1 20 1  0
10.1433 4618502 283.761 6 9 0.177712 1 4618502 4618503 13 0 1 20 1  0
10.1681 4646705 285.494 2 23 0.454207 1 4646705 4646706 13 0 1 20 1  0
11.9523 4699164 288.717 2 23 0.454207 1 4648582 4648592 13 0 1 20 1  0
12.8027 4656587 286.101 3 42 0.829836 1 4644724 4644751 13 0 1 20 1  0
10.1374 4659880 286.303 2 63 1.246 1 4659880 4659881 13 0 1 20 1  0
12.1075 4645606 285.426 3 79 1.56412 11 4644641 4644667 13 0 1 20 1  0
10.1301 4646904 285.506 2 78 1.54421 1 4646904 4646905 13 0 1 20 1  0
11.1758 4677993 287.416 3 85 1.68372 1 4644624 4644653 13 0 1 20 1  0
10.4991 4680924 287.596 3 116 2.30481 1 4644550 4644563 13 0 1 20 1  0
10.3952 4659710 286.293 3 129 2.56717 1 4644530 4644554 13 0 1 20 1  0
10.5716 4663260 286.511 4 136 2.70898 4 4644506 4644536 13 0 1 20 1  0
10.2047 4703286 288.97 4 202 4.06919 6 4703285 4703287 13 0 1 20 1  0
12.0286 4676452 287.321 5 321 6.67423 21 4644038 4644048 13 0 1 20 1  0
10.2001 4649646 285.674 5 388 8.26363 1 4649646 4649647 13 0 1 20 1  0
10.0009 4681168 287.611 7 783 20.8748 1 4681168 4681169 13 0 1 20 1  0
10.1274 4663519 286.527 7 989 31.1104 3 4663519 4663520 13 0 1 20 1  0
10.0778 4653073 285.885 7 997 31.5821 2 4653073 4653074 13 0 1 20 1  0
10.7252 4699019 288.708 6 1285 53.6376 2 4691880 4692076 13 0 1 20 1  0
19.4658 4716544 289.784 12 1664 105.859 769 4642830 4646046 13 0 1 20 1  0
0 4454400 273.678 8 1632 99.9861 361 4716523 4716545 13 0 1 20 1  0
14.5972 4635098 284.78 12 1974 183.763 108 4631976 4639748 13 0 1 20 1  0
18.4235 4686940 287.966 12 2026 201.544 489 4631560 4637072 13 0 1 20 1  0
10.6333 4635094 284.78 8 2225 286.941 1 4634965 4635124 13 0 1 20 1  0
13.6892 4617628 283.707 12 2289 321.45 25 4615544 4621924 13 0 1 20 1  0
19.2567 4667166 286.751 12 2341 352.518 136 4612780 4630464 13 0 1 20 1  0
10.3962 4683210 287.736 12 2430 412.812 2 4682148 4683876 13 0 1 20 1  0
14.1185 4600824 282.675 12 2517 481.697 11 4598544 4613384 13 0 1 20 1  0
14.717 4716524 289.783 12 2675 637.499 14 4714272 4716546 13 0 1 20 1  0
11.3929 4585094 281.708 12 2768 751.814 2 4583600 4589166 13 0 1 20 1  0
11.2972 4619395 283.816 11 2913 972.274 1 4616400 4620455 13 0 1 20 1  0
10.2687 4913136 301.863 8 0 0 1 4913136 4913137 13 0 1 20 1  0
11.4445 4730804 290.661 1 0 0 3 4730804 4730807 13 0 1 20 1  0
0 4716544 289.784 1 0 0 4 4751477 4751480 13 0 1 20 1  0
12.1301 4913870 301.908 12 246 5.00544 6 4913248 4915362 13 0 1 20 1  0
0 4716544 289.784 12 246 5.00544 1 4936040 4936406 13 0 1 20 1  0
11.7204 4912626 301.832 12 699 17.573 10 4912004 4913234 13 0 1 20 1  0
19.2051 5347735 328.565 8 0 0 1 5243445 5243448 13 0 1 20 1  0
0 5240832 321.997 8 0 0 497 5243849 5243850 13 0 1 20 1  0
21.0248 5347736 328.565 1 0 0 6 5243445 5243448 13 0 1 20 1  0
16.5416 5324697 327.149 3 0 0 31 5243444 5243449 13 0 1 20 1  0
14.2377 5477002 336.507 3 0 0 1 5243831 5243853 13 0 1 20 1  0
10.0216 5245786 322.301 4 0 0 1 5245786 5245787 13 0 1 20 1  0
10.122 5320044 326.863 1 1 0.0197462 1 5320044 5320045 13 0 1 20 1  0
10.2634 5323400 327.07 3 1 0.0197462 1 5323400 5323401 13 0 1 20 1  0
11.1985 5298108 325.516 3 6 0.118475 4 5298106 5298109 13 0 1 20 1  0
10.9575 5413959 332.634 2 2 0.0394922 2 5347733 5347734 13 0 1 20 1  0
10.0434 5249029 322.5 3 2 0.0394922 1 5249029 5249030 13 0 1 20 1  0
10.3889 5472004 336.2 7 5 0.0987291 1 5472001 5472014 13 0 1 20 1  0
11.7542 5243920 322.186 12 351 7.37298 7 5242848 5244754 13 0 1 20 1  0
10.2464 5501824 338.032 12 2252 301.023 1 5501414 5502436 13 0 1 20 1  0
13.5866 5240832 321.997 12 3009 1152.72 2 5240832 5242010 13 0 1 20 1  0
11.0683 5507297 338.368 8 0 0 1 5507297 5507298 13 0 1 20 1  0
11.0049 5710329 350.843 8 0 0 1 5534617 5534618 13 0 1 20 1  0
0 5502976 338.103 8 0 0 4 5538182 5538183 13 0 1 20 1  0
10.5791 5506978 338.349 1 0 0 1 5506978 5506979 13 0 1 20 1  0
11.1705 5534617 340.047 1 0 0 3 5507297 5507298 13 0 1 20 1  0
0 5502976 338.103 1 0 0 10 5534617 5534620 13 0 1 20 1  0
10.0523 5535688 340.113 5 4 0.0789836 1 5535688 5535689 13 0 1 20 1  0
10.2413 5769935 354.505 8 0 0 1 5769935 5769936 13 0 1 20 1  0
17.7093 5955949 365.934 8 0 0 1 5774812 5774813 13 0 1 20 1  0
0 5765120 354.209 8 0 0 2753 5774819 5774820 13 0 1 20 1  0
19.4196 5806957 356.779 4 0 0 23 5774813 5774815 13 0 1 20 1  0
20.8253 5955948 365.933 2 0 0 9 5769933 5769937 13 0 1 20 1  0
17.6281 6017278 369.702 6 3 0.059238 67 5794937 5794941 13 0 1 20 1  0
10.0474 5981901 367.528 1 1 0.0197462 1 5981901 5981902 13 0 1 20 1  0
10.0088 5794617 356.021 6 3 0.059238 1 5794617 5794618 13 0 1 20 1  0
10.1882 5796541 356.139 4 6 0.118475 1 5796541 5796542 13 0 1 20 1  0
12.5441 6004276 368.903 4 6 0.118475 4 5801084 5801086 13 0 1 20 1  0
10.1982 5801083 356.419 4 7 0.13822 1 5801083 5801084 13 0 1 20 1  0
10.0681 5775760 354.863 3 9 0.177712 1 5775760 5775761 13 0 1 20 1  0
10.0329 5795566 356.08 5 9 0.177712 1 5795566 5795567 13 0 1 20 1  0
12.7363 6021885 369.985 5 9 0.177712 1 5806923 5806948 13 0 1 20 1  0
10.1099 5993667 368.251 4 11 0.217204 1 5993667 5993668 13 0 1 20 1  0
10.2775 5999716 368.623 4 11 0.217204 1 5999716 5999720 13 0 1 20 1  0
10.1428 5981867 367.526 5 14 0.276446 2 5981866 5981868 13 0 1 20 1  0
10.5234 5980155 367.421 4 319 6.62833 2 5980154 5980156 13 0 1 20 1  0
11.3224 6289625 386.435 8 0 0 37510 6289625 6289626 13 0 1 20 1  0
30.8615 6342441 389.68 5 1 0.0197462 215 6333888 6333976 13 0 1 20 1  0
41.0993 6372013 391.496 6 1 0.0197462 3002 6333881 6333963 13 0 1 20 1  0
11.8543 6289625 386.435 1 0 0 1 6289625 6289626 13 0 1 20 1  0
34.2266 6371073 391.439 1 0 0 2 6289781 6289783 13 0 1 20 1  0
23.4527 6453055 396.476 1 0 0 1 6290108 6290109 13 0 1 20 1  0
38.248 6372694 391.538 4 0 0 13 6326858 6326863 13 0 1 20 1  0
37.2817 6372029 391.497 5 1 0.0197462 4 6334224 6334296 13 0 1 20 1  0
39.1951 6378505 391.895 6 0 0 198 6333887 6333959 13 0 1 20 1  0
12.8797 6326856 388.722 2 5 0.0987291 2 6326855 6326858 13 0 1 20 1  0
11.8378 6370729 391.418 1 1 0.0197462 1 6342456 6342457 13 0 1 20 1  0
10.6027 6290920 386.514 2 1 0.0197462 1 6290920 6290921 13 0 1 20 1  0
10.193 6492259 398.884 1 2 0.0394922 1 6492259 6492260 13 0 1 20 1  0
25.012 6377552 391.837 4 5 0.0987291 12 6333886 6333910 13 0 1 20 1  0
12.4666 6387681 392.459 2 4 0.0789836 1 6326857 6326859 13 0 1 20 1  0
16.1899 6413396 394.039 3 4 0.0789836 1 6333895 6333908 13 0 1 20 1  0
22.1677 6380465 392.016 5 5 0.0987291 1 6337140 6337217 13 0 1 20 1  0
10.1864 6343484 389.744 2 7 0.13822 1 6343484 6343485 13 0 1 20 1  0
11.4244 6376507 391.773 2 7 0.13822 1 6368434 6368435 13 0 1 20 1  0
19.0675 6386520 392.388 4 7 0.13822 2 6333953 6333959 13 0 1 20 1  0
16.4699 6366733 391.172 4 10 0.197458 4 6333875 6333886 13 0 1 20 1  0
15.349 6491677 398.849 3 10 0.197458 15 6334266 6334270 13 0 1 20 1  0
10.3559 6333950 389.158 3 11 0.217204 9 6333950 6333951 13 0 1 20 1  0
19.4504 6405270 393.54 8 133 2.64815 18 6338531 6338591 13 0 1 20 1  0
13.5524 6410973 393.89 4 30 0.592527 20 6342046 6342059 13 0 1 20 1  0
10.0443 6334259 389.177 3 14 0.276446 1 6334259 6334260 13 0 1 20 1  0
10.0179 6367486 391.218 2 15 0.296194 1 6367486 6367487 13 0 1 20 1  0
10.0598 6342138 389.661 2 17 0.335692 1 6342138 6342139 13 0 1 20 1  0
13.4353 6418462 394.35 5 17 0.335692 2 6337123 6337187 13 0 1 20 1  0
10.3247 6367447 391.216 2 18 0.355443 2 6367447 6367448 13 0 1 20 1  0
10.903 6396881 393.024 2 18 0.355443 1 6370641 6370642 13 0 1 20 1  0
10.1122 6370362 391.395 2 19 0.375194 2 6370362 6370363 13 0 1 20 1  0
10.0167 6339211 389.481 5 20 0.394946 1 6339211 6339212 13 0 1 20 1  0
10.4532 6370629 391.411 2 26 0.513479 1 6370629 6370631 13 0 1 20 1  0
10.0857 6370672 391.414 2 31 0.612292 1 6370672 6370673 13 0 1 20 1  0
10.3409 6341040 389.593 3 46 0.909008 9 6341040 6341041 13 0 1 20 1  0
10.1239 6370918 391.429 2 35 0.691372 1 6370918 6370919 13 0 1 20 1  0
11.7749 6342026 389.654 3 44 0.869417 7 6340758 6340761 13 0 1 20 1  0
10.6832 6339478 389.498 3 39 0.770481 9 6339478 6339479 13 0 1 20 1  0
14.5805 6375420 391.706 4 57 1.12696 3 6333792 6333803 13 0 1 20 1  0
10.1597 6361782 390.868 2 61 1.2063 1 6361782 6361783 13 0 1 20 1  0
10.0146 6368913 391.306 5 69 1.36517 1 6368913 6368914 13 0 1 20 1  0
10.1369 6405355 393.545 2 71 1.40493 1 6371833 6371840 13 0 1 20 1  0
10.5478 6377684 391.845 3 86 1.70367 1 6370204 6370211 13 0 1 20 1  0
10.7709 6339356 389.49 3 98 1.94347 2 6339355 6339360 13 0 1 20 1  0
10.6428 6341228 389.605 3 134 2.66842 4 6341228 6341229 13 0 1 20 1  0
10.1086 6336887 389.338 5 143 2.8512 3 6336887 6336888 13 0 1 20 1  0
11.582 6375324 391.7 3 126 2.50651 2 6370120 6370128 13 0 1 20 1  0
10.3259 6367820 391.239 2 130 2.5874 1 6367820 6367821 13 0 1 20 1  0
11.3923 6370384 391.396 2 150 2.99385 3 6342481 6342490 13 0 1 20 1  0
10.2631 6370061 391.377 2 152 3.03469 1 6370061 6370062 13 0 1 20 1  0
10.3916 6368759 391.297 2 153 3.05512 2 6368759 6368760 13 0 1 20 1  0
10.1775 6370690 391.415 2 157 3.13695 1 6370365 6370376 13 0 1 20 1  0
10.6611 6368742 391.296 2 161 3.21894 3 6368742 6368743 13 0 1 20 1  0
10.3845 6370036 391.375 2 162 3.23946 1 6370036 6370037 13 0 1 20 1  0
10.071 6340827 389.58 3 168 3.36279 1 6340827 6340828 13 0 1 20 1  0
10.1576 6372218 391.509 3 195 3.92265 4 6372218 6372219 13 0 1 20 1  0
10.2132 6375135 391.688 2 205 4.13218 3 6375135 6375136 13 0 1 20 1  0
10.1405 6336660 389.324 5 225 4.55518 7 6336660 6336661 13 0 1 20 1  0
10.1551 6361462 390.848 3 216 4.36416 1 6361462 6361463 13 0 1 20 1  0
10.1631 6367567 391.223 3 231 4.68316 3 6367567 6367568 13 0 1 20 1  0
10.3162 6368564 391.285 3 226 4.57647 2 6368564 6368565 13 0 1 20 1  0
10.1108 6369846 391.363 3 232 4.70454 1 6369846 6369847 13 0 1 20 1  0
10.4573 6371387 391.458 3 263 5.37495 2 6371387 6371388 13 0 1 20 1  0
14.1459 6377371 391.826 6 507 11.3891 451 6370573 6370589 13 0 1 20 1  0
10.003 6368374 391.273 4 302 6.24154 1 6368374 6368375 13 0 1 20 1  0
10.0245 6336396 389.308 5 322 6.69721 1 6336396 6336397 13 0 1 20 1  0
11.8359 6393711 392.83 11 368 7.77803 1 6340498 6341145 13 0 1 20 1  0
10.6647 6372611 391.533 3 502 11.2486 4 6372609 6372613 13 0 1 20 1  0
11.1898 6372529 391.528 4 526 11.9313 2 6370552 6370565 13 0 1 20 1  0
15.5318 6372826 391.546 9 1379 63.5565 110 6331271 6335154 13 0 1 20 1  0
0 6289408 386.421 8 1331 58.2888 335 6376840 6376963 13 0 1 20 1  0
14.8055 6328319 388.812 11 1684 109.701 144 6326539 6329866 13 0 1 20 1  0
15.8769 6518349 400.487 11 1568 89.1891 103 6328323 6332125 13 0 1 20 1  0
10.8465 6551213 402.507 6 1877 154.665 1 6550835 6550840 13 0 1 20 1  0
11.9849 6503557 399.579 10 2135 244.579 20 6500135 6504523 13 0 1 20 1  0
0 6289408 386.421 10 2135 244.579 20 6544076 6544745 13 0 1 20 1  0
11.6084 6541619 401.917 10 2196 272.547 9 6504834 6507874 13 0 1 20 1  0
10.7516 6334824 389.212 12 2404 394.204 1 6333704 6335786 13 0 1 20 1  0
0 6289408 386.421 12 2404 394.204 4 6486022 6489858 13 0 1 20 1  0
12.729 6487622 398.599 12 2425 409.166 3 6332274 6334974 13 0 1 20 1  0
12.22 6562779 403.217 8 0 0 1 6562779 6562780 13 0 1 20 1  0
16.0713 6591359 404.973 8 0 0 35 6563703 6563708 13 0 1 20 1  0
14.3028 6707055 412.081 8 0 0 1 6564347 6564348 13 0 1 20 1  0
0 6551552 402.527 8 0 0 1131 6565002 6565003 13 0 1 20 1  0
10.0449 6563706 403.274 3 0 0 1 6563706 6563707 13 0 1 20 1  0
10.5112 6568690 403.58 3 1 0.0197462 2 6568690 6568691 13 0 1 20 1  0
10.6637 6568283 403.555 2 1 0.0197462 1 6568283 6568284 13 0 1 20 1  0
14.2704 6641990 408.084 6 2 0.0394922 31 6589699 6589768 13 0 1 20 1  0
12.4654 6593330 405.094 4 2 0.0394922 3 6589707 6589776 13 0 1 20 1  0
10.8655 6592350 405.034 3 4 0.0789836 1 6590075 6590078 13 0 1 20 1  0
11.0635 6622534 406.888 3 5 0.0987291 1 6590073 6590075 13 0 1 20 1  0
10.112 6589753 404.874 5 6 0.118475 2 6589753 6589754 13 0 1 20 1  0
10.0439 6590062 404.893 5 8 0.157966 1 6590062 6590063 13 0 1 20 1  0
11.6572 6592550 405.046 7 43 0.849625 21 6589618 6589645 13 0 1 20 1  0
12.1387 6642551 408.118 6 15 0.296194 9 6589679 6589732 13 0 1 20 1  0
11.765 6815058 418.717 8 0 0 3 6815058 6815059 13 0 1 20 1  0
15.8256 6965283 427.947 8 0 0 4 6815064 6815065 13 0 1 20 1  0
0 6813696 418.633 8 0 0 1351 6816451 6816452 13 0 1 20 1  0
16.763 6859417 421.443 1 0 0 1 6815039 6815041 13 0 1 20 1  0
15.2044 7006115 430.456 1 0 0 2 6815047 6815049 13 0 1 20 1  0
16.2986 7051793 433.262 1 0 0 1 6815058 6815071 13 0 1 20 1  0
13.9006 7041138 432.608 3 0 0 5 6815057 6815065 13 0 1 20 1  0
12.5074 7038863 432.468 5 2 0.0394922 4 6817336 6817350 13 0 1 20 1  0
12.3953 7003158 430.274 6 0 0 8 6815043 6815050 13 0 1 20 1  0
10.0647 6999284 430.036 1 1 0.0197462 1 6999284 6999285 13 0 1 20 1  0
10.6902 6831836 419.748 2 1 0.0197462 1 6831836 6831837 13 0 1 20 1  0
13.0738 7005403 430.412 7 5 0.0987291 25 6861958 6861964 13 0 1 20 1  0
10.1089 7040094 432.543 2 2 0.0394922 1 7040094 7040095 13 0 1 20 1  0
10.1026 6817334 418.857 3 2 0.0394922 1 6817334 6817335 13 0 1 20 1  0
13.6376 7024597 431.591 4 2 0.0394922 3 6815060 6815062 13 0 1 20 1  0
10.7945 6964236 427.883 3 3 0.059238 3 6964234 6964239 13 0 1 20 1  0
10.1611 6822923 419.2 4 3 0.059238 1 6822923 6822924 13 0 1 20 1  0
10.0272 6901643 424.037 4 5 0.0987291 1 6901643 6901644 13 0 1 20 1  0
10.0421 7051403 433.238 4 11 0.217204 1 7051403 7051404 13 0 1 20 1  0
13.8521 6996445 429.862 8 2362 365.9 25 6995413 6998364 13 0 1 20 1  0
10.0066 7075782 434.736 12 3284 1877.23 1 7075770 7075784 13 0 1 20 1  0
10.6619 7148554 439.207 8 0 0 1 7148554 7148555 13 0 1 20 1  0
12.4697 7243292 445.028 1 0 0 20 7148555 7148556 13 0 1 20 1  0
0 7075840 434.74 8 0 0 14 7159249 7159252 13 0 1 20 1  0
10.0661 7093713 435.838 1 0 0 1 7093713 7093714 13 0 1 20 1  0
0 7075840 434.74 1 0 0 8 7157654 7157655 13 0 1 20 1  0
10.1085 7159246 439.864 3 2 0.0394922 1 7159246 7159247 13 0 1 20 1  0
12.7488 7286642 447.691 6 1728 118.647 202 7286154 7288162 13 0 1 20 1  0
0 7075840 434.74 5 1637 100.882 111 7288336 7288354 13 0 1 20 1  0
10.2978 7362084 452.326 8 0 0 1 7362084 7362085 13 0 1 20 1  0
13.3883 7496695 460.597 5 0 0 45 7385434 7385454 13 0 1 20 1  0
0 7337984 450.846 8 0 0 242 7475263 7475264 13 0 1 20 1  0
10.3156 7362084 452.326 1 0 0 1 7362084 7362085 13 0 1 20 1  0
10.2043 7494097 460.437 2 0 0 3 7494097 7494098 13 0 1 20 1  0
10.1022 7495161 460.503 3 2 0.0394922 2 7495161 7495162 13 0 1 20 1  0
10.1453 7385444 453.762 5 3 0.059238 1 7385444 7385445 13 0 1 20 1  0
10.0394 7494479 460.461 6 8 0.157966 1 7494479 7494480 13 0 1 20 1  0
10.1759 7467877 458.826 6 2123 239.424 1 7467876 7467880 13 0 1 20 1  0
19.7183 7690140 472.482 8 0 0 8 7603727 7603729 13 0 1 20 1  0
13.5088 7836543 481.477 8 0 0 1 7627667 7627671 13 0 1 20 1  0
0 7600128 466.952 8 0 0 779 7630018 7630019 13 0 1 20 1  0
17.5633 7689822 472.463 1 0 0 1 7603727 7603729 13 0 1 20 1  0
19.7685 7690141 472.482 2 0 0 3 7603727 7603730 13 0 1 20 1  0
14.1389 7812862 480.022 4 0 0 10 7640798 7640804 13 0 1 20 1  0
13.3052 7816116 480.222 6 0 0 2 7667420 7667431 13 0 1 20 1  0
11.6121 7821995 480.583 7 0 0 4 7816127 7816165 13 0 1 20 1  0
10.9344 7627667 468.644 2 1 0.0197462 1 7627667 7627668 13 0 1 20 1  0
10.2968 7689156 472.422 4 1 0.0197462 1 7689156 7689157 13 0 1 20 1  0
10.0004 7820046 480.464 7 1 0.0197462 1 7820046 7820047 13 0 1 20 1  0
10.0082 7640798 469.451 3 3 0.059238 1 7640798 7640799 13 0 1 20 1  0
12.1944 7819628 480.438 12 198 3.98538 5 7816082 7820312 13 0 1 20 1  0
11.3156 7813687 480.073 6 536 12.2221 34 7813667 7813723 13 0 1 20 1  0
12.7063 7781596 478.101 12 2415 401.972 38 7778406 7784084 13 0 1 20 1  0
10.5037 7782233 478.14 7 2402 392.808 1 7782224 7782240 13 0 1 20 1  0
10.2053 7779917 477.998 7 2418 404.117 1 7779890 7779922 13 0 1 20 1  0
0 7600128 466.952 8 2431 413.545 3 7780217 7780991 13 0 1 20 1  0
10.0754 7812064 479.973 12 2665 626.292 1 7811922 7812140 13 0 1 20 1  0
10.6287 7863478 483.132 8 0 0 1 7863478 7863479 13 0 1 20 1  0
13.7817 7954700 488.737 8 0 0 1 7878735 7878737 13 0 1 20 1  0
0 7862272 483.058 8 0 0 523 7878740 7878741 13 0 1 20 1  0
12.767 7954699 488.737 2 0 0 3 7863472 7863481 13 0 1 20 1  0
15.3295 7918091 486.487 5 0 0 17 7878739 7878754 13 0 1 20 1  0
13.8173 8120893 498.948 5 0 0 1 7913318 7913344 13 0 1 20 1  0
10.6165 7918711 486.526 7 0 0 2 7918041 7918077 13 0 1 20 1  0
10.9246 8071552 495.916 2 1 0.0197462 1 7918032 7918042 13 0 1 20 1  0
10.7446 7953397 488.657 3 2 0.0394922 3 7953396 7953398 13 0 1 20 1  0
10.0082 8119951 498.89 11 139 2.76988 1 8119946 8119953 13 0 1 20 1  0
12.7638 8109764 498.264 12 3227 1696.75 2 8105948 8113268 13 0 1 20 1  0
10.0676 8091582 497.147 12 3277 1854.07 1 8091306 8091602 13 0 1 20 1  0
15.1365 8302164 510.085 8 0 0 1 8131923 8131925 13 0 1 20 1  0
0 8124416 499.164 8 0 0 1279 8132237 8132238 13 0 1 20 1  0
10.6096 8131924 499.625 1 0 0 2 8131924 8131925 13 0 1 20 1  0
15.8905 8302165 510.085 2 0 0 4 8132563 8132575 13 0 1 20 1  0
15.5124 8194237 503.454 3 0 0 3 8132561 8132577 13 0 1 20 1  0
17.4957 8194897 503.494 5 0 0 12 8129578 8129587 13 0 1 20 1  0
15.2362 8262089 507.623 5 1 0.0197462 17 8132562 8132576 13 0 1 20 1  0
13.2882 8330227 511.809 4 1 0.0197462 1 8135476 8135499 13 0 1 20 1  0
10.1806 8135476 499.844 3 3 0.059238 1 8135476 8135477 13 0 1 20 1  0
10.6068 8138669 500.04 3 3 0.059238 1 8135796 8135798 13 0 1 20 1  0
10.0504 8132563 499.665 4 3 0.059238 1 8132563 8132564 13 0 1 20 1  0
13.5678 8197474 503.653 5 4 0.0789836 4 8132559 8132562 13 0 1 20 1  0
10.3875 8138239 500.013 3 5 0.0987291 1 8138239 8138241 13 0 1 20 1  0
12.0833 8344830 512.706 6 8 0.157966 11 8193904 8193908 13 0 1 20 1  0
10.7252 8317193 511.008 7 7 0.13822 1 8262080 8262109 13 0 1 20 1  0
10.0055 8314690 510.855 12 460 10.1021 1 8314686 8314692 13 0 1 20 1  0
11.1146 8320566 511.216 12 3209 1643.45 1 8319754 8322214 13 0 1 20 1  0
18.8994 8496072 521.999 8 0 0 1 8406758 8406760 13 0 1 20 1  0
0 8386560 515.27 8 0 0 390 8406821 8406830 13 0 1 20 1  0
10.6435 8406759 516.511 1 0 0 1 8406759 8406760 13 0 1 20 1  0
19.9636 8496072 521.999 2 0 0 15 8406820 8406829 13 0 1 20 1  0
15.2684 8517826 523.335 6 0 0 99 8390291 8390297 13 0 1 20 1  0
10.4831 8496387 522.018 3 4 0.0789836 2 8496064 8496067 13 0 1 20 1  0
10.4845 8406811 516.514 5 2 0.0394922 2 8406811 8406812 13 0 1 20 1  0
10.0129 8505471 522.576 6 9 0.177712 1 8505471 8505472 13 0 1 20 1  0
10.0461 8499300 522.197 6 10 0.197458 1 8499300 8499301 13 0 1 20 1  0
10.9208 8514073 523.105 10 1223 47.9282 11 8511756 8514583 13 0 1 20 1  0
0 8386560 515.27 5 1206 46.4668 6 8514090 8514091 13 0 1 20 1  0
10.0331 8513542 523.072 5 1223 47.9282 1 8513542 8513543 13 0 1 20 1  0
10.1584 8513415 523.064 5 1361 61.5292 1 8513414 8513417 13 0 1 20 1  0
10.1312 8511107 522.922 5 1477 75.7868 1 8511105 8511108 13 0 1 20 1  0
0 8386560 515.27 5 1477 75.7868 1 8512487 8512488 13 0 1 20 1  0
10.0371 8505540 522.58 7 1753 124.048 1 8505518 8505541 13 0 1 20 1  0
11.3351 8498507 522.148 8 2017 198.348 8 8497672 8498881 13 0 1 20 1  0
10.3547 8616766 529.414 10 2100 229.845 3 8616532 8617025 13 0 1 20 1  0
0 8386560 515.27 7 2058 213.329 1 8618364 8618379 13 0 1 20 1  0
10.1155 8599049 528.326 8 2366 368.505 2 8599049 8599050 13 0 1 20 1  0
10.3355 8466596 520.188 8 2483 453.505 1 8465459 8465513 13 0 1 20 1  0
0 8386560 515.27 8 2483 453.505 1 8466449 8466608 13 0 1 20 1  0
10.1311 8894432 546.474 8 0 0 1 8894432 8894433 13 0 1 20 1  0
10.544 8719417 535.721 2 1 0.0197462 1 8719417 8719418 13 0 1 20 1  0
10.1378 8893570 546.421 12 184 3.69356 1 8893508 8893620 13 0 1 20 1  0
10.0024 9221613 566.576 8 0 0 1 9221613 9221614 13 0 1 20 1  0
16.4397 9313128 572.199 8 0 0 1 9225845 9225847 13 0 1 20 1  0
0 9172992 563.589 8 0 0 34 9233563 9233564 13 0 1 20 1  0
10.0365 9181381 564.104 1 0 0 1 9181381 9181382 13 0 1 20 1  0
19.9454 9313128 572.199 1 0 0 8 9182683 9182684 13 0 1 20 1  0
0 9172992 563.589 1 0 0 180 9182694 9182695 13 0 1 20 1  0
10.0426 9222264 566.616 2 0 0 1 9222264 9222265 13 0 1 20 1  0
17.9592 9272566 569.706 2 0 0 5 9225846 9225847 13 0 1 20 1  0
11.0237 9272661 569.712 2 3 0.059238 2 9272660 9272663 13 0 1 20 1  0
10.9082 9312797 572.178 4 6 0.118475 4 9312795 9312799 13 0 1 20 1  0
11.1286 9434777 579.673 10 3149 1477.57 7 9434509 9435136 13 0 1 20 1  0
15.647 9476455 582.233 8 0 0 1 9476455 9476456 13 0 1 20 1  0
26.877 9570529 588.013 6 1 0.0197462 177 9465715 9465729 13 0 1 20 1  0
16.6289 9641512 592.374 8 0 0 1 9484408 9484409 13 0 1 20 1  0
0 9435136 579.695 8 0 0 4526 9484573 9484574 13 0 1 20 1  0
10.4417 9465723 581.574 1 0 0 1 9465723 9465724 13 0 1 20 1  0
10.1165 9436521 579.78 2 0 0 1 9436521 9436522 13 0 1 20 1  0
25.3414 9641513 592.375 2 0 0 1 9436828 9436834 13 0 1 20 1  0
12.6448 9539621 586.114 2 2 0.0394922 8 9485100 9485102 13 0 1 20 1  0
15.4682 9548662 586.67 12 293 6.03907 122 9546910 9551346 13 0 1 20 1  0
10.6889 9485096 582.764 3 5 0.0987291 5 9485096 9485097 13 0 1 20 1  0
17.6352 9618263 590.946 5 2 0.0394922 2 9520853 9520857 13 0 1 20 1  0
12.2845 9641288 592.361 4 3 0.059238 1 9542491 9542503 13 0 1 20 1  0
12.5535 9678814 594.666 3 7 0.13822 6 9485092 9485095 13 0 1 20 1  0
12.7631 9618451 590.958 4 10 0.197458 11 9542191 9542202 13 0 1 20 1  0
15.4173 9677868 594.608 6 8 0.157966 45 9542453 9542477 13 0 1 20 1  0
10.2778 9537021 585.955 3 11 0.217204 3 9537021 9537022 13 0 1 20 1  0
10.0679 9580799 588.644 2 14 0.276446 1 9580799 9580800 13 0 1 20 1  0
12.0921 9571393 588.066 4 14 0.276446 2 9542187 9542192 13 0 1 20 1  0
10.0548 9542209 586.273 7 15 0.296194 1 9542209 9542210 13 0 1 20 1  0
10.0429 9549317 586.71 3 18 0.355443 1 9549317 9549318 13 0 1 20 1  0
10.0885 9548663 586.67 3 22 0.434452 1 9548663 9548664 13 0 1 20 1  0
10.5738 9677468 594.584 4 34 0.671599 9 9677462 9677471 13 0 1 20 1  0
10.0059 9599906 589.818 2 41 0.810049 1 9599906 9599907 13 0 1 20 1  0
11.5631 9638801 592.208 7 227 4.59778 7 9638769 9638845 13 0 1 20 1  0
10.0892 9678044 594.619 3 237 4.81166 1 9678044 9678045 13 0 1 20 1  0
10.2321 9569795 587.968 4 296 6.10639 3 9569794 9569797 13 0 1 20 1  0
10.1381 9570389 588.005 4 393 8.38662 1 9570389 9570390 13 0 1 20 1  0
10.6101 9546688 586.548 5 412 8.86008 2 9546681 9546710 13 0 1 20 1  0
10.1882 9568219 587.871 6 802 21.6831 2 9568219 9568223 13 0 1 20 1  0
10.71 9545411 586.47 4 808 21.9435 4 9545408 9545413 13 0 1 20 1  0
0 9435136 579.695 5 808 21.9435 2 9568221 9568231 13 0 1 20 1  0
10.0139 9545131 586.453 6 875 25.0263 1 9545124 9545132 13 0 1 20 1  0
10.107 9563935 587.608 4 1347 59.9959 1 9563934 9563936 13 0 1 20 1  0
10.1636 9538555 586.049 4 1646 102.515 1 9538555 9538558 13 0 1 20 1  0
12.7922 9535706 585.874 12 1805 136.076 34 9533482 9537366 13 0 1 20 1  0
10.0123 9535003 585.831 4 1834 143.28 1 9535003 9535004 13 0 1 20 1  0
10.6131 9535166 585.841 4 1834 143.28 1 9535161 9535170 13 0 1 20 1  0
10.0781 9534205 585.782 4 1854 148.468 1 9534205 9534206 13 0 1 20 1  0
0 9435136 579.695 6 1855 148.732 24 9534390 9534788 13 0 1 20 1  0
10.2935 9534052 585.772 3 1866 151.67 1 9534052 9534053 13 0 1 20 1  0
10.0101 9533831 585.759 4 1866 151.67 1 9533831 9533832 13 0 1 20 1  0
10.3291 9533683 585.749 5 1880 155.492 1 9533671 9533687 13 0 1 20 1  0
10.1461 9532533 585.679 5 1932 170.549 2 9532529 9532534 13 0 1 20 1  0
10.0773 9532189 585.658 3 1949 175.779 1 9532189 9532190 13 0 1 20 1  0
10.4881 9699267 595.923 8 0 0 1 9699267 9699268 13 0 1 20 1  0
31.3218 9752504 599.194 3 0 0 75 9697312 9697325 13 0 1 20 1  0
0 9697280 595.801 8 0 0 2725 9702506 9702517 13 0 1 20 1  0
14.2822 9906661 608.665 6 0 0 9 9736002 9736047 13 0 1 20 1  0
13.2596 9735989 598.179 7 1 0.0197462 12 9735954 9736046 13 0 1 20 1  0
17.7014 9901751 608.364 3 1 0.0197462 16 9702185 9702188 13 0 1 20 1  0
10.4894 9704458 596.242 2 1 0.0197462 1 9704458 9704459 13 0 1 20 1  0
10.1908 9698621 595.883 4 1 0.0197462 1 9698621 9698622 13 0 1 20 1  0
10.2332 9699261 595.923 4 2 0.0394922 4 9699261 9699262 13 0 1 20 1  0
12.2858 9932223 610.236 4 3 0.059238 1 9702499 9702524 13 0 1 20 1  0
14.5607 9848212 605.074 3 4 0.0789836 5 9734571 9734573 13 0 1 20 1  0
12.1628 9896232 608.024 6 7 0.13822 12 9735992 9736013 13 0 1 20 1  0
10.2569 9734569 598.092 3 6 0.118475 1 9734569 9734570 13 0 1 20 1  0
10.2271 9702824 596.141 5 6 0.118475 1 9702824 9702825 13 0 1 20 1  0
10.1978 9702166 596.101 4 7 0.13822 1 9702166 9702167 13 0 1 20 1  0
10.1561 9707354 596.42 3 8 0.157966 1 9707354 9707355 13 0 1 20 1  0
10.1641 9713520 596.799 4 8 0.157966 1 9713520 9713521 13 0 1 20 1  0
10.0777 9703458 596.18 4 9 0.177712 1 9703458 9703459 13 0 1 20 1  0
10.0141 9737306 598.26 6 10 0.197458 1 9737306 9737307 13 0 1 20 1  0
11.767 9907903 608.742 6 10 0.197458 1 9752487 9752494 13 0 1 20 1  0
10.0659 9799527 602.083 6 12 0.236951 1 9799527 9799528 13 0 1 20 1  0
11.1872 9962416 612.091 8 0 0 1226 9962416 9962417 13 0 1 20 1  0
17.3765 9985945 613.536 8 0 0 25 9985448 9985449 13 0 1 20 1  0
20.8885 10138924 622.935 1 0 0 1 9959492 9959494 13 0 1 20 1  0
22.5828 10099176 620.493 4 1 0.0197462 68 9959806 9959809 13 0 1 20 1  0
16.3442 10137602 622.854 6 0 0 35 9963393 9963401 13 0 1 20 1  0
20.3428 10105663 620.892 4 7 0.13822 72 9960452 9960455 13 0 1 20 1  0
10.2192 9961112 612.011 5 1 0.0197462 1 9961112 9961113 13 0 1 20 1  0
10.873 9960463 611.971 3 2 0.0394922 3 9960463 9960464 13 0 1 20 1  0
10.057 10135324 622.714 7 3 0.059238 1 10135324 10135325 13 0 1 20 1  0
10.2215 10006817 614.819 2 4 0.0789836 2 10006817 10006818 13 0 1 20 1  0
10.446 9987701 613.644 2 6 0.118475 3 9987701 9987702 13 0 1 20 1  0
10.1056 9960119 611.95 4 7 0.13822 1 9960119 9960120 13 0 1 20 1  0
10.0849 9963326 612.147 3 27 0.533239 2 9963326 9963327 13 0 1 20 1  0
10.1168 9986717 613.584 2 11 0.217204 1 9986717 9986718 13 0 1 20 1  0
10.2294 9988640 613.702 2 23 0.454207 3 9988640 9988641 13 0 1 20 1  0
10.1771 9962362 612.088 4 21 0.414699 4 9962362 9962363 13 0 1 20 1  0
10.4846 9981882 613.287 12 2965 1066.2 1 9981828 9982148 13 0 1 20 1  0
11.9353 10231321 628.612 8 0 0 1 10231321 10231322 13 0 1 20 1  0
16.666 10359965 636.516 8 0 0 1 10233661 10233662 13 0 1 20 1  0
0 10221568 628.013 8 0 0 1517 10233759 10233760 13 0 1 20 1  0
11.9788 10231322 628.612 1 0 0 1 10231322 10231323 13 0 1 20 1  0
21.3442 10359965 636.516 2 0 0 7 10262988 10262990 13 0 1 20 1  0
17.923 10395226 638.683 4 0 0 71 10293991 10293993 13 0 1 20 1  0
16.3123 10395882 638.723 5 0 0 63 10321247 10321269 13 0 1 20 1  0
16.011 10391670 638.464 6 1 0.0197462 60 10321258 10321262 13 0 1 20 1  0
12.6579 10262988 630.558 2 2 0.0394922 3 10262987 10262989 13 0 1 20 1  0
10.1907 10311492 633.538 4 6 0.118475 3 10311492 10311493 13 0 1 20 1  0
10.5313 10407848 639.458 3 7 0.13822 3 10380271 10380273 13 0 1 20 1  0
10.2292 10379636 637.725 3 7 0.13822 1 10379636 10379637 13 0 1 20 1  0
10.0416 10361800 636.629 6 8 0.157966 1 10361800 10361801 13 0 1 20 1  0
10.195 10358854 636.448 4 9 0.177712 3 10358854 10358855 13 0 1 20 1  0
14.0294 10399455 638.943 7 12 0.236951 10 10381882 10381940 13 0 1 20 1  0
10.2477 10323159 634.255 4 16 0.315943 6 10323159 10323160 13 0 1 20 1  0
10.0821 10285197 631.922 3 14 0.276446 1 10285197 10285198 13 0 1 20 1  0
12.2813 10396153 638.74 4 17 0.335692 6 10311468 10311473 13 0 1 20 1  0
10.1545 10380565 637.782 2 23 0.454207 1 10380565 10380566 13 0 1 20 1  0
10.6516 10381848 637.861 6 39 0.770481 2 10381841 10381855 13 0 1 20 1  0
10.0628 10321182 634.133 4 32 0.63206 2 10321182 10321183 13 0 1 20 1  0
10.0937 10392949 638.543 7 1286 53.7348 1 10392949 10392950 13 0 1 20 1  0
11.1146 10485001 644.198 8 0 0 1 10485001 10485002 13 0 1 20 1  0
18.0473 10511068 645.8 8 0 0 2 10485098 10485099 13 0 1 20 1  0
0 10483712 644.119 8 0 0 1452 10495638 10495640 13 0 1 20 1  0
12.9866 10485099 644.204 1 0 0 2 10485099 10485100 13 0 1 20 1  0
19.6685 10729543 659.223 1 0 0 1 10495639 10495641 13 0 1 20 1  0
17.7009 10669692 655.546 2 0 0 5 10506172 10506175 13 0 1 20 1  0
10.0672 10506173 645.499 3 0 0 1 10506173 10506174 13 0 1 20 1  0
17.4914 10716405 658.416 3 0 0 3 10509741 10509755 13 0 1 20 1  0
17.522 10555190 648.511 6 0 0 19 10510072 10510105 13 0 1 20 1  0
13.2705 10531500 647.055 7 5 0.0987291 13 10529534 10529581 13 0 1 20 1  0
10.3743 10681218 656.254 1 1 0.0197462 1 10681218 10681219 13 0 1 20 1  0
10.0883 10533756 647.194 3 2 0.0394922 1 10533756 10533757 13 0 1 20 1  0
10.3579 10512019 645.858 4 2 0.0394922 2 10512019 10512020 13 0 1 20 1  0
12.051 10715102 658.336 4 2 0.0394922 1 10531510 10531513 13 0 1 20 1  0
11.1337 10561998 648.929 3 4 0.0789836 3 10532115 10532118 13 0 1 20 1  0
12.6276 10556141 648.569 4 3 0.059238 16 10512004 10512007 13 0 1 20 1  0
10.0476 10614210 652.137 2 4 0.0789836 1 10614210 10614211 13 0 1 20 1  0
10.1463 10532115 647.093 3 5 0.0987291 1 10532115 10532116 13 0 1 20 1  0
10.0085 10529543 646.935 7 8 0.157966 1 10529543 10529544 13 0 1 20 1  0
10.6878 10483942 644.133 11 3125 1416 1 10483712 10484252 13 0 1 20 1  0
10.1221 10754361 660.748 8 0 0 1 10754361 10754362 13 0 1 20 1  0
13.3127 10944285 672.417 8 0 0 1 10772865 10772866 13 0 1 20 1  0
0 10745856 660.225 8 0 0 1037 10773844 10773845 13 0 1 20 1  0
19.8632 10777745 662.185 6 0 0 181 10770928 10770935 13 0 1 20 1  0
10.147 10754369 660.748 4 0 0 1 10754369 10754370 13 0 1 20 1  0
10.229 10772866 661.885 3 1 0.0197462 3 10772866 10772867 13 0 1 20 1  0
10.306 10825872 665.142 3 6 0.118475 3 10825872 10825873 13 0 1 20 1  0
14.3911 10849092 666.568 5 5 0.0987291 21 10754349 10754353 13 0 1 20 1  0
11.4335 10778661 662.241 3 12 0.236951 12 10773470 10773473 13 0 1 20 1  0
10.0858 10848877 666.555 3 7 0.13822 1 10848877 10848878 13 0 1 20 1  0
10.1887 10773476 661.922 4 9 0.177712 2 10773476 10773477 13 0 1 20 1  0
10.1153 10776386 662.101 3 14 0.276446 4 10776386 10776387 13 0 1 20 1  0
10.1262 10953140 672.961 4 35 0.691372 2 10953140 10953142 13 0 1 20 1  0
10.0086 10773765 661.94 5 31 0.612292 1 10773765 10773766 13 0 1 20 1  0
10.0918 10830168 665.406 3 52 1.02784 1 10830168 10830169 13 0 1 20 1  0
10.4184 10778234 662.215 3 67 1.32543 1 10777907 10777915 13 0 1 20 1  0
11.3004 10762810 661.267 6 1763 126.276 3 10762657 10762828 13 0 1 20 1  0
10.0393 10760426 661.121 12 1836 143.79 1 10759832 10760532 13 0 1 20 1  0
15.505 10745902 660.228 12 2209 278.908 39 10745856 10748772 13 0 1 20 1  0
20.0731 11007932 676.327 12 3092 1335.52 9 11003982 11008002 13 0 1 20 1  0
17.7976 11177390 686.739 8 0 0 28 11017876 11017878 13 0 1 20 1  0
0 11008000 676.331 8 0 0 9990 11020057 11020058 13 0 1 20 1  0
24.4682 11214409 689.013 7 5 0.0987291 2189 11020030 11020066 13 0 1 20 1  0
19.4202 11179009 686.838 5 2 0.0394922 110 11020038 11020065 13 0 1 20 1  0
27.79 11192679 687.678 7 3 0.059238 39 11020032 11020086 13 0 1 20 1  0
10.3038 11179034 686.84 1 1 0.0197462 1 11179034 11179035 13 0 1 20 1  0
10.3559 11164732 685.961 2 2 0.0394922 2 11164732 11164733 13 0 1 20 1  0
15.7855 11182255 687.038 3 2 0.0394922 10 11020389 11020391 13 0 1 20 1  0
10.3368 11165033 685.98 2 5 0.0987291 2 11165033 11165034 13 0 1 20 1  0
11.7393 11190003 687.514 3 8 0.157966 7 11038839 11038841 13 0 1 20 1  0
10.514 11163395 685.879 3 6 0.118475 3 11163395 11163396 13 0 1 20 1  0
16.1249 11181936 687.018 4 3 0.059238 1 11020376 11020394 13 0 1 20 1  0
10.0827 11165165 685.988 2 4 0.0789836 1 11165165 11165166 13 0 1 20 1  0
12.9849 11199744 688.112 3 6 0.118475 12 11165160 11165165 13 0 1 20 1  0
10.3329 11164053 685.919 4 5 0.0987291 5 11164053 11164054 13 0 1 20 1  0
17.0924 11166004 686.039 5 7 0.13822 19 11020017 11020035 13 0 1 20 1  0
10.1159 11116049 682.97 4 7 0.13822 1 11116049 11116050 13 0 1 20 1  0
10.1775 11020009 677.069 5 16 0.315943 7 11020009 11020010 13 0 1 20 1  0
10.6081 11022598 677.228 3 16 0.315943 4 11022598 11022599 13 0 1 20 1  0
10.0578 11165333 685.998 3 15 0.296194 2 11165333 11165334 13 0 1 20 1  0
11.6391 11169879 686.277 3 19 0.375194 15 11022591 11022595 13 0 1 20 1  0
10.0149 11023904 677.309 6 23 0.454207 1 11023904 11023905 13 0 1 20 1  0
13.0375 11210151 688.752 6 34 0.671599 36 11019977 11019991 13 0 1 20 1  0
10.2298 11021279 677.147 3 29 0.572762 3 11021279 11021280 13 0 1 20 1  0
10.7633 11208800 688.669 3 50 0.988221 6 11171429 11171433 13 0 1 20 1  0
10.7164 11200684 688.17 3 28 0.553 1 11021280 11021284 13 0 1 20 1  0
11.4345 11178320 686.796 3 32 0.63206 7 11169852 11169863 13 0 1 20 1  0
10.0026 11020306 677.088 4 40 0.790264 1 11020306 11020307 13 0 1 20 1  0
10.1036 11176026 686.655 3 41 0.810049 2 11176026 11176027 13 0 1 20 1  0
10.1775 11168312 686.181 3 161 3.21894 8 11168312 11168313 13 0 1 20 1  0
10.8292 11177269 686.731 3 51 1.00803 3 11171427 11171429 13 0 1 20 1  0
10.0229 11167167 686.111 6 221 4.47014 5 11167167 11167168 13 0 1 20 1  0
10.1515 11166236 686.054 3 55 1.0873 3 11166236 11166237 13 0 1 20 1  0
10.1894 11172077 686.412 3 54 1.06748 5 11172077 11172078 13 0 1 20 1  0
10.0746 11171420 686.372 5 59 1.16662 1 11171420 11171421 13 0 1 20 1  0
10.0334 11164596 685.953 3 60 1.18646 1 11164596 11164597 13 0 1 20 1  0
10.0454 11209414 688.706 3 83 1.64383 1 11209414 11209415 13 0 1 20 1  0
10.0163 11168411 686.187 3 117 2.32495 1 11168411 11168412 13 0 1 20 1  0
13.3485 11180247 686.914 5 206 4.15321 276 11167191 11167211 13 0 1 20 1  0
10.0134 11114792 682.893 4 154 3.07556 1 11114792 11114793 13 0 1 20 1  0
11.7693 11191966 687.634 3 155 3.09602 1 11168324 11168327 13 0 1 20 1  0
10.0588 11176811 686.703 6 264 5.39683 6 11176811 11176812 13 0 1 20 1  0
10.0151 11174146 686.539 5 173 3.46586 1 11174146 11174147 13 0 1 20 1  0
10.2337 11177621 686.753 3 198 3.98538 12 11177621 11177622 13 0 1 20 1  0
12.0769 11214856 689.041 4 238 4.83313 4 11180123 11180164 13 0 1 20 1  0
11.9343 11164411 685.941 11 280 5.74931 2 11163770 11164844 13 0 1 20 1  0
10.9608 11208324 688.639 4 362 7.63429 5 11208318 11208330 13 0 1 20 1  0
10.1414 11214323 689.008 3 438 9.52435 2 11213310 11213312 13 0 1 20 1  0
10.0469 11212567 688.9 3 447 9.75892 1 11212567 11212568 13 0 1 20 1  0
10.5902 11214291 689.006 3 449 9.81138 2 11213254 11213276 13 0 1 20 1  0
10.1689 11212481 688.895 3 487 10.8323 1 11212481 11212482 13 0 1 20 1  0
10.097 11166926 686.096 5 631 15.1893 2 11166926 11166927 13 0 1 20 1  0
10.2549 11211521 688.836 7 718 18.2831 2 11179699 11179720 13 0 1 20 1  0
12.1827 11178617 686.814 5 960 29.4524 152 11178542 11178738 13 0 1 20 1  0
10.3333 11196115 687.889 5 874 24.9778 4 11179182 11179208 13 0 1 20 1  0
10.3484 11195787 687.869 5 927 27.6603 1 11178898 11178904 13 0 1 20 1  0
10.8695 11195350 687.842 5 998 31.6415 6 11195337 11195360 13 0 1 20 1  0
10.3717 11188092 687.396 5 1093 37.7663 1 11188088 11188201 13 0 1 20 1  0
0 11008000 676.331 7 2779 766.625 464 11075828 11076644 13 0 1 20 1  0
11.39 11075801 680.497 6 2783 772.083 2 11071630 11071851 13 0 1 20 1  0
11.4459 11073535 680.358 4 2796 790.09 1 11071346 11071397 13 0 1 20 1  0
12.5808 11070426 680.167 2 2814 815.718 1 11070375 11071099 13 0 1 20 1  0
10.3939 11070197 680.153 2 2815 817.166 1 11070197 11070198 13 0 1 20 1  0
12.9876 11069858 680.132 3 2819 822.984 3 11069474 11069513 13 0 1 20 1  0
10.3507 11069807 680.129 3 2817 820.07 1 11069807 11069808 13 0 1 20 1  0
14.9438 11069762 680.126 3 2818 821.525 2 11069671 11070793 13 0 1 20 1  0
12.6429 11069176 680.09 4 2822 827.374 2 11068933 11069204 13 0 1 20 1  0
11.2602 11068683 680.06 4 2824 830.314 1 11068675 11068723 13 0 1 20 1  0
13.8728 11068528 680.05 5 2826 833.264 1 11068153 11070509 13 0 1 20 1  0
12.6532 11068026 680.019 5 2827 834.743 1 11068001 11068387 13 0 1 20 1  0
10.4605 11068945 680.076 5 2831 840.685 1 11067302 11067304 13 0 1 20 1  0
11.5972 11064605 679.809 7 2845 861.819 2 11064534 11065042 13 0 1 20 1  0
10.3007 11276724 692.842 8 0 0 1 11276724 11276725 13 0 1 20 1  0
20.0195 11326907 695.925 8 0 0 1 11288390 11288391 13 0 1 20 1  0
0 11270144 692.438 8 0 0 16617 11292794 11292796 13 0 1 20 1  0
10.5544 11272841 692.603 1 0 0 4 11272841 11272842 13 0 1 20 1  0
24.9164 11326908 695.925 2 0 0 6 11272837 11272843 13 0 1 20 1  0
35.778 11442084 703.002 7 0 0 7605 11276665 11276716 13 0 1 20 1  0
25.1275 11444067 703.123 5 0 0 16 11272824 11272842 13 0 1 20 1  0
10.9337 11292793 693.829 1 1 0.0197462 2 11292793 11292794 13 0 1 20 1  0
10.2525 11345056 697.04 1 2 0.0394922 1 11345056 11345057 13 0 1 20 1  0
16.2944 11443079 703.063 4 4 0.0789836 12 11276721 11276724 13 0 1 20 1  0
12.8574 11531623 708.503 4 4 0.0789836 8 11277040 11277047 13 0 1 20 1  0
10.2855 11283375 693.251 5 202 4.06919 14 11283375 11283376 13 0 1 20 1  0
10.0543 11276723 692.842 4 5 0.0987291 1 11276723 11276724 13 0 1 20 1  0
10.0841 11282497 693.197 5 32 0.63206 3 11282497 11282498 13 0 1 20 1  0
14.0111 11445565 703.216 4 8 0.157966 12 11277033 11277037 13 0 1 20 1  0
10.3357 11285603 693.387 3 54 1.06748 8 11285603 11285604 13 0 1 20 1  0
10.0897 11277033 692.861 4 9 0.177712 2 11277033 11277034 13 0 1 20 1  0
12.3233 11288350 693.556 3 18 0.355443 13 11288347 11288357 13 0 1 20 1  0
13.7868 11444242 703.134 4 25 0.493721 15 11282503 11282508 13 0 1 20 1  0
10.4316 11287872 693.527 3 59 1.16662 7 11287872 11287873 13 0 1 20 1  0
10.1412 11424237 701.905 4 29 0.572762 1 11424237 11424238 13 0 1 20 1  0
10.4254 11436241 702.643 3 156 3.11648 17 11436241 11436242 13 0 1 20 1  0
10.5608 11440905 702.929 3 79 1.56412 8 11440905 11440906 13 0 1 20 1  0
10.0014 11530662 708.444 10 73 1.4447 1 11440805 11444331 13 0 1 20 1  0
14.2813 11443862 703.111 3 92 1.82347 2 11436716 11436717 13 0 1 20 1  0
17.0584 11443747 703.104 4 139 2.76988 70 11435935 11435978 13 0 1 20 1  0
10.764 11436356 702.65 2 106 2.10381 7 11436356 11436357 13 0 1 20 1  0
10.1186 11288413 693.56 4 130 2.5874 3 11288413 11288414 13 0 1 20 1  0
10.3448 11440825 702.924 2 134 2.66842 2 11440825 11440826 13 0 1 20 1  0
11.9931 11443420 703.084 2 136 2.70898 5 11441460 11441472 13 0 1 20 1  0
10.002 11531261 708.481 5 183 3.6728 1 11435220 11435233 13 0 1 20 1  0
10.0221 11440679 702.915 4 195 3.92265 1 11440679 11440680 13 0 1 20 1  0
10.0877 11435802 702.616 4 210 4.23743 3 11435802 11435803 13 0 1 20 1  0
19.65 11419528 701.616 12 2024 200.83 918 11412336 11423802 13 0 1 20 1  0
0 11270144 692.438 6 1963 180.206 318 11422338 11422369 13 0 1 20 1  0
17.1027 11516774 707.591 12 2191 270.139 172 11408606 11415596 13 0 1 20 1  0
21.2052 11543201 709.214 6 41 0.810049 4 11541265 11541302 13 0 1 20 1  0
21.882 11658964 716.327 8 0 0 1 11543009 11543010 13 0 1 20 1  0
17.4185 11532302 708.545 12 1835 143.535 55281 11532288 11535602 13 0 1 20 1  0
25.9132 11578505 711.383 2 0 0 2 11541388 11541402 13 0 1 20 1  0
36.5027 11549462 709.599 9 49 0.968414 2225 11541012 11552685 13 0 1 20 1  0
41.0848 11631373 714.632 10 528 11.9892 6673 11540033 11540409 13 0 1 20 1  0
13.2861 11644839 715.459 2 1 0.0197462 1 11543006 11543012 13 0 1 20 1  0
10.2947 11540419 709.043 3 1 0.0197462 1 11540419 11540420 13 0 1 20 1  0
23.6879 11632409 714.695 5 18 0.355443 62 11541344 11541353 13 0 1 20 1  0
10.9698 11550139 709.641 1 2 0.0394922 1 11550139 11550140 13 0 1 20 1  0
15.4742 11635050 714.857 3 6 0.118475 7 11545583 11545588 13 0 1 20 1  0
22.8125 11636970 714.975 6 46 0.909008 6 11541565 11541594 13 0 1 20 1  0
10.7235 11562186 710.381 2 8 0.157966 3 11562185 11562187 13 0 1 20 1  0
20.0735 11544463 709.292 5 72 1.42481 20 11541209 11541246 13 0 1 20 1  0
10.3485 11541331 709.099 4 29 0.572762 20 11541331 11541332 13 0 1 20 1  0
10.0433 11545584 709.361 2 7 0.13822 1 11545584 11545585 13 0 1 20 1  0
10.3058 11545229 709.339 3 8 0.157966 2 11545229 11545230 13 0 1 20 1  0
10.2646 11542635 709.179 3 17 0.335692 4 11542635 11542636 13 0 1 20 1  0
16.4122 11643813 715.396 4 37 0.730923 3 11541920 11541944 13 0 1 20 1  0
10.1965 11543586 709.238 2 28 0.553 2 11543586 11543587 13 0 1 20 1  0
25.0837 11547354 709.469 5 77 1.5243 81 11541195 11541237 13 0 1 20 1  0
12.1626 11549656 709.611 2 30 0.592527 1 11548412 11548413 13 0 1 20 1  0
10.0876 11544210 709.276 2 34 0.671599 1 11544210 11544211 13 0 1 20 1  0
10.6778 11543560 709.236 2 38 0.750701 2 11543560 11543561 13 0 1 20 1  0
10.3962 11542588 709.177 3 38 0.750701 2 11542588 11542589 13 0 1 20 1  0
10.0094 11543179 709.213 2 39 0.770481 1 11543179 11543180 13 0 1 20 1  0
10.0179 11545820 709.375 2 40 0.790264 1 11545820 11545821 13 0 1 20 1  0
10.0284 11541931 709.136 3 40 0.790264 1 11541931 11541932 13 0 1 20 1  0
10.4456 11544380 709.287 2 111 2.20423 4 11544380 11544381 13 0 1 20 1  0
10.3845 11545470 709.354 2 46 0.909008 1 11545470 11545471 13 0 1 20 1  0
10.0157 11544183 709.275 2 48 0.948609 1 11544183 11544184 13 0 1 20 1  0
16.5752 11642791 715.333 5 48 0.948609 1 11541568 11541591 13 0 1 20 1  0
10.1825 11542891 709.195 2 49 0.968414 1 11542891 11542892 13 0 1 20 1  0
10.4185 11542846 709.192 2 71 1.40493 3 11542846 11542847 13 0 1 20 1  0
11.001 11541847 709.131 2 77 1.5243 3 11541847 11541848 13 0 1 20 1  0
10.4949 11541183 709.09 3 89 1.76354 4 11541183 11541184 13 0 1 20 1  0
10.0899 11542806 709.19 2 87 1.72362 1 11542806 11542807 13 0 1 20 1  0
22.7456 11645252 715.484 7 106 2.10381 10 11542416 11547640 13 0 1 20 1  0
10.2739 11542786 709.189 2 94 1.86345 3 11542786 11542787 13 0 1 20 1  0
10.2124 11543050 709.205 2 113 2.24444 4 11543050 11543051 13 0 1 20 1  0
10.02 11541750 709.125 3 120 2.3854 1 11541750 11541751 13 0 1 20 1  0
10.2444 11543024 709.203 2 123 2.44592 2 11543024 11543025 13 0 1 20 1  0
10.1134 11545618 709.363 2 125 2.48631 1 11545618 11545619 13 0 1 20 1  0
10.3946 11544325 709.283 2 133 2.64815 2 11544325 11544326 13 0 1 20 1  0
10.2459 11545597 709.361 2 136 2.70898 1 11545597 11545598 13 0 1 20 1  0
10.2386 11542973 709.2 2 147 2.93266 2 11542973 11542974 13 0 1 20 1  0
17.6435 11626369 714.324 8 274 5.61661 7 11546867 11546951 13 0 1 20 1  0
10.0799 11545479 709.354 6 352 7.39661 3 11545479 11545480 13 0 1 20 1  0
12.6973 11644355 715.429 6 522 11.8161 5 11630956 11631687 13 0 1 20 1  0
10.5673 11639790 715.149 6 938 28.2469 1 11629465 11629963 13 0 1 20 1  0
10.8224 11622209 714.068 6 1696 112.072 1 11621992 11622897 13 0 1 20 1  0
10.3655 11533271 708.604 5 1802 135.352 1 11533269 11533280 13 0 1 20 1  0
10.0255 11618254 713.826 5 1857 149.262 1 11618254 11618255 13 0 1 20 1  0
10.7783 11617488 713.778 7 1929 169.642 1 11617445 11617535 13 0 1 20 1  0
12.9871 11598801 712.63 9 2373 373.11 26 11596260 11600480 13 0 1 20 1  0
0 11532288 708.544 9 2416 402.686 1 11595281 11597594 13 0 1 20 1  0
13.4589 11563374 710.454 11 2795 788.69 30 11561871 11565657 13 0 1 20 1  0
20.8542 11532312 708.545 12 3025 1185.9 55 11532288 11535802 13 0 1 20 1  0
10.0271 11835438 727.169 8 0 0 1 11835438 11835439 13 0 1 20 1  0
17.5507 11875049 729.603 8 0 0 1 11836083 11836084 13 0 1 20 1  0
0 11794432 724.65 8 0 0 147 11836730 11836731 13 0 1 20 1  0
11.1729 11835438 727.169 1 0 0 1 11835438 11835439 13 0 1 20 1  0
25.5161 11875051 729.603 2 0 0 20 11837711 11837713 13 0 1 20 1  0
13.647 11913974 731.995 4 0 0 2 11875045 11875058 13 0 1 20 1  0
13.5103 11910569 731.785 5 0 0 4 11908776 11908790 13 0 1 20 1  0
11.9532 11921097 732.432 4 1 0.0197462 2 11875043 11875056 13 0 1 20 1  0
11.8972 12035669 739.471 2 4 0.0789836 5 11875044 11875046 13 0 1 20 1  0
13.1483 11915902 732.113 5 5 0.0987291 14 11910554 11910561 13 0 1 20 1  0
10.9282 11916874 732.173 4 3 0.059238 3 11916873 11916875 13 0 1 20 1  0
10.3274 11908770 731.675 5 5 0.0987291 1 11908770 11908771 13 0 1 20 1  0
10.2889 12072224 741.717 8 0 0 1 12072224 12072225 13 0 1 20 1  0
21.5339 12298884 755.643 8 0 0 1 12084920 12084921 13 0 1 20 1  0
0 12056576 740.756 8 0 0 153 12121479 12121480 13 0 1 20 1  0
10.4196 12068990 741.519 1 0 0 1 12068990 12068991 13 0 1 20 1  0
31.2548 12298885 755.643 2 0 0 3 12121479 12121482 13 0 1 20 1  0
28.4246 12202666 749.732 3 0 0 38 12199893 12199900 13 0 1 20 1  0
15.4133 12278617 754.398 2 1 0.0197462 25 12201252 12201254 13 0 1 20 1  0
10.0051 12202050 749.694 1 2 0.0394922 1 12202050 12202051 13 0 1 20 1  0
12.5422 12201251 749.645 2 2 0.0394922 5 12201251 12201252 13 0 1 20 1  0
11.7308 12197120 749.391 6 27 0.533239 38 12197114 12197140 13 0 1 20 1  0
15.4963 12400012 761.857 8 0 0 1 12400012 12400013 13 0 1 20 1  0
19.5073 12456665 765.337 8 0 0 1 12404774 12404778 13 0 1 20 1  0
0 12318720 756.862 8 0 0 22 12406076 12406080 13 0 1 20 1  0
10.4599 12369305 759.97 1 0 0 1 12369305 12369306 13 0 1 20 1  0
25.0794 12456665 765.337 1 0 0 1 12400012 12400014 13 0 1 20 1  0
0 12318720 756.862 1 0 0 174 12404774 12404779 13 0 1 20 1  0
29.3003 12404776 762.149 2 0 0 24 12404774 12404779 13 0 1 20 1  0
12.9455 12489537 767.357 4 0 0 8 12404770 12404783 13 0 1 20 1  0
11.5117 12406716 762.269 1 1 0.0197462 1 12406716 12406717 13 0 1 20 1  0
15.8306 12406077 762.229 2 1 0.0197462 5 12404774 12404776 13 0 1 20 1  0
13.367 12489433 767.351 2 3 0.059238 5 12404771 12404773 13 0 1 20 1  0
10.3673 12580736 772.96 12 2449 426.962 1 12580630 12580866 13 0 1 20 1  0
15.4767 12613933 775 8 0 0 1 12613933 12613934 13 0 1 20 1  0
20.7908 12622450 775.523 8 0 0 1 12622448 12622452 13 0 1 20 1  0
0 12580864 772.968 8 0 0 1087 12633139 12633140 13 0 1 20 1  0
28.9872 12622450 775.523 2 0 0 8 12603613 12603618 13 0 1 20 1  0
10.0088 12603380 774.352 2 0 0 1 12603380 12603381 13 0 1 20 1  0
29.9656 12603670 774.369 7 2 0.0394922 3073 12603338 12603767 13 0 1 20 1  0
10.2702 12707446 780.745 1 1 0.0197462 1 12707446 12707447 13 0 1 20 1  0
12.7341 12834441 788.548 1 1 0.0197462 1 12834441 12834442 13 0 1 20 1  0
10.7633 12750905 783.416 1 3 0.059238 2 12750905 12750906 13 0 1 20 1  0
13.773 12763005 784.159 3 5 0.0987291 5 12622440 12622445 13 0 1 20 1  0
10.3053 12651150 777.287 1 3 0.059238 1 12651150 12651151 13 0 1 20 1  0
14.9938 12750245 783.375 3 7 0.13822 13 12622438 12622442 13 0 1 20 1  0
13.6005 12836743 788.689 7 115 2.28468 62 12603554 12603643 13 0 1 20 1  0
23.8913 12988850 798.035 8 0 0 1 12852377 12852380 13 0 1 20 1  0
0 12843008 789.074 8 0 0 29 12866070 12866074 13 0 1 20 1  0
27.4875 12988850 798.035 1 0 0 7 12852379 12852381 13 0 1 20 1  0
0 12843008 789.074 1 0 0 285 12866070 12866075 13 0 1 20 1  0
31.8682 12866072 790.491 2 0 0 8 12852378 12852380 13 0 1 20 1  0
30.1615 12964860 796.561 3 0 0 58 12852377 12852379 13 0 1 20 1  0
10.5494 12872714 790.9 1 1 0.0197462 1 12872714 12872715 13 0 1 20 1  0
10.6738 12988691 798.025 1 3 0.059238 2 12988691 12988692 13 0 1 20 1  0
10.2865 13078639 803.552 1 2 0.0394922 1 12988691 12988692 13 0 1 20 1  0
10.7958 12971340 796.959 1 4 0.0789836 1 12971340 12971341 13 0 1 20 1  0
10.1105 12866370 790.51 4 13 0.256698 2 12866370 12866371 13 0 1 20 1  0
10.777 13010878 799.388 3 19 0.375194 6 12964837 12964839 13 0 1 20 1  0
13.5195 13105082 805.176 12 3153 1488.09 1 13104176 13105154 13 0 1 20 1  0
10.7858 13111397 805.564 8 0 0 1 13111397 13111398 13 0 1 20 1  0
18.5622 13184379 810.048 8 0 0 1 13111459 13111463 13 0 1 20 1  0
0 13105152 805.18 8 0 0 21 13111939 13111940 13 0 1 20 1  0
23.6611 13184379 810.048 1 0 0 24 13111460 13111463 13 0 1 20 1  0
0 13105152 805.18 1 0 0 79 13111939 13111941 13 0 1 20 1  0
24.9441 13111461 805.568 2 0 0 9 13111459 13111464 13 0 1 20 1  0
10.23 13158762 808.474 4 0 0 1 13158762 13158763 13 0 1 20 1  0
10.5438 13227591 812.703 1 2 0.0394922 1 13227591 13227592 13 0 1 20 1  0
10.7574 13284514 816.201 1 3 0.059238 1 13280120 13280121 13 0 1 20 1  0
10.0374 13154208 808.195 4 4 0.0789836 1 13154208 13154209 13 0 1 20 1  0
41.0898 13484535 828.49 7 0 0 1422 13484437 13484637 13 0 1 20 1  0
14.8021 13367482 821.298 11 8 0.157966 28 13367296 13370256 13 0 1 20 1  0
31.5176 13478969 828.148 2 0 0 10 13375821 13375825 13 0 1 20 1  0
0 13367296 821.287 1 0 0 109 13382234 13382236 13 0 1 20 1  0
33.2083 13484534 828.49 4 0 0 9 13478963 13478976 13 0 1 20 1  0
12.3554 13444574 826.035 3 1 0.0197462 3 13444574 13444575 13 0 1 20 1  0
10.1708 13535079 831.595 1 2 0.0394922 1 13535079 13535080 13 0 1 20 1  0
13.7197 13502242 829.578 3 5 0.0987291 6 13478960 13478964 13 0 1 20 1  0
13.766 13489663 828.805 2 5 0.0987291 11 13444569 13444571 13 0 1 20 1  0
10.1732 13628848 837.356 12 1780 130.155 2 13628768 13629438 13 0 1 20 1  0
20.0992 13725478 843.293 8 0 0 1 13632217 13632222 13 0 1 20 1  0
10.752 13631612 837.526 11 113 2.24444 106 13631584 13632583 13 0 1 20 1  0
10.2732 13630277 837.444 1 0 0 1 13630277 13630278 13 0 1 20 1  0
31.6098 13722883 843.134 2 0 0 6 13632219 13632223 13 0 1 20 1  0
0 13629440 837.393 1 0 0 29 13632326 13632328 13 0 1 20 1  0
25.4935 13804795 848.167 3 0 0 53 13632217 13632224 13 0 1 20 1  0
10.5424 13826033 849.471 1 1 0.0197462 1 13826033 13826034 13 0 1 20 1  0
10.6108 13632219 837.563 3 1 0.0197462 2 13632219 13632220 13 0 1 20 1  0
11.5332 13670175 839.896 2 3 0.059238 4 13670175 13670176 13 0 1 20 1  0
10.1779 13802926 848.052 2 9 0.177712 1 13802926 13802927 13 0 1 20 1  0
10.2329 13703492 841.943 5 9 0.177712 2 13703491 13703493 13 0 1 20 1  0
10.0476 13711039 842.406 3 10 0.197458 1 13711039 13711040 13 0 1 20 1  0
10.0719 13629444 837.393 12 2759 739.91 1 13629440 13629484 13 0 1 20 1  0
14.5294 13901846 854.129 8 0 0 1 13901846 13901847 13 0 1 20 1  0
19.9224 14026079 861.762 8 0 0 1 13907253 13907254 13 0 1 20 1  0
0 13891584 853.499 8 0 0 15 13907360 13907361 13 0 1 20 1  0
33.5866 13974537 858.596 2 0 0 5 13901845 13901847 13 0 1 20 1  0
0 13891584 853.499 1 0 0 113 13907254 13907257 13 0 1 20 1  0
23.3853 14026079 861.762 3 0 0 9 13907252 13907258 13 0 1 20 1  0
15.401 14026729 861.802 2 2 0.0394922 23 13974533 13974536 13 0 1 20 1  0
11.3255 13907253 854.462 2 1 0.0197462 7 13907253 13907254 13 0 1 20 1  0
10.5295 14096578 866.094 1 2 0.0394922 1 14096578 14096579 13 0 1 20 1  0
11.4486 14086369 865.466 4 3 0.059238 1 14026722 14026734 13 0 1 20 1  0
10.3771 14164561 870.271 8 0 0 1 14164561 14164562 13 0 1 20 1  0
19.5108 14310703 879.25 8 0 0 1 14180446 14180447 13 0 1 20 1  0
0 14153728 869.605 8 0 0 5 14250026 14250028 13 0 1 20 1  0
10.3447 14160668 870.031 1 0 0 1 14160668 14160669 13 0 1 20 1  0
24.77 14310704 879.25 1 0 0 2 14161957 14161958 13 0 1 20 1  0
0 14153728 869.605 1 0 0 18 14164562 14164563 13 0 1 20 1  0
19.6986 14352622 881.825 2 0 0 6 14250026 14250030 13 0 1 20 1  0
10.1142 14250023 875.521 2 3 0.059238 2 14250023 14250024 13 0 1 20 1  0
10.0458 14338841 880.978 2 2 0.0394922 1 14338841 14338842 13 0 1 20 1  0
10.1499 14414932 885.653 12 251 5.11363 2 14414864 14415874 13 0 1 20 1  0
67.2222 11070568 680.176 8 2814 815.718 560 11070252 11071221 13 0 1 20 1 1
