11.4342 7299 0.448451 8 0 0 1 7299 7300 13 0 1 20 1  0
19.3183 91037 5.59331 8 0 0 1 9738 9739 13 0 1 20 1  0
0 2048 0.125829 8 0 0 82 9743 9744 13 0 1 20 1  0
14.011 9743 0.59861 1 0 0 1 9743 9744 13 0 1 20 1  0
20.9698 101181 6.21656 1 0 0 11 12595 12596 13 0 1 20 1  0
0 2048 0.125829 1 0 0 83 13608 13609 13 0 1 20 1  0
10.7721 117403 7.21324 6 9 0.177712 12 117400 117406 13 0 1 20 1  0
10.0732 208978 12.8396 12 251 5.11363 1 208974 210012 13 0 1 20 1  0
10.8963 195977 12.0408 10 2319 339.024 2 195758 196141 13 0 1 20 1  0
10.4478 245272 15.0695 12 2784 773.453 2 244608 246910 13 0 1 20 1  0
13.9166 260084 15.9796 12 2824 830.314 7 232146 233526 13 0 1 20 1  0
0 2048 0.125829 11 2824 830.314 592 259082 260097 13 0 1 20 1  0
10.1335 228835 14.0596 2 2890 933.415 1 228835 228836 13 0 1 20 1  0
11.2843 228986 14.0689 2 2890 933.415 1 228985 228987 13 0 1 20 1  0
10.0555 228813 14.0583 2 2891 935.072 1 228813 228814 13 0 1 20 1  0
10.2443 229020 14.071 2 2891 935.072 1 229019 229021 13 0 1 20 1  0
10.4442 227538 13.9799 3 2893 938.394 1 227538 227539 13 0 1 20 1  0
10.0472 227507 13.978 3 2894 940.06 1 227507 227508 13 0 1 20 1  0
10.5492 228417 14.0339 3 2895 941.728 1 228415 228418 13 0 1 20 1  0
10.4318 225980 13.8842 5 2906 960.279 3 225980 225982 13 0 1 20 1  0
10.1172 224357 13.7845 5 2908 963.691 1 224350 224369 13 0 1 20 1  0
10.3957 268517 16.4977 8 0 0 1 268517 268518 13 0 1 20 1  0
19.3972 292844 17.9923 8 0 0 1 271610 271611 13 0 1 20 1  0
0 260096 15.9803 8 0 0 66 272379 272380 13 0 1 20 1  0
11.9962 268518 16.4977 1 0 0 1 268518 268519 13 0 1 20 1  0
24.585 292845 17.9924 1 0 0 2 271611 271612 13 0 1 20 1  0
0 260096 15.9803 1 0 0 93 272379 272380 13 0 1 20 1  0
13.2942 518438 31.8528 4 0 0 18 518432 518442 13 0 1 20 1  0
10.2169 373822 22.9676 2 4 0.0789836 2 373822 373823 13 0 1 20 1  0
13.2868 261128 16.0437 12 2694 659.347 7 260096 263390 13 0 1 20 1  0
10.7202 523793 32.1818 8 0 0 1 523793 523794 13 0 1 20 1  0
17.8128 573345 35.2263 8 0 0 1 531339 531340 13 0 1 20 1  0
0 522240 32.0864 8 0 0 234 534822 534823 13 0 1 20 1  0
10.6321 527997 32.4401 1 0 0 1 527997 527998 13 0 1 20 1  0
17.7459 736925 45.2767 1 0 0 2 533390 533391 13 0 1 20 1  0
0 522240 32.0864 1 0 0 252 533733 533734 13 0 1 20 1  0
10.0452 553684 34.0183 2 0 0 1 553684 553685 13 0 1 20 1  0
16.5039 600270 36.8806 4 0 0 16 600260 600277 13 0 1 20 1  0
11.3026 729024 44.7912 12 128 2.54694 1 726396 732230 13 0 1 20 1  0
11.1987 784370 48.1917 12 2760 741.223 1 782584 784386 13 0 1 20 1  0
10.9196 785372 48.2533 8 0 0 1 785372 785373 13 0 1 20 1  0
18.223 1017308 62.5034 8 0 0 8 785902 785904 13 0 1 20 1  0
0 784384 48.1926 8 0 0 675 786190 786191 13 0 1 20 1  0
11.2376 785372 48.2533 1 0 0 1 785372 785373 13 0 1 20 1  0
22.7781 788399 48.4392 1 0 0 1 785903 785904 13 0 1 20 1  0
16.5702 1014451 62.3279 2 0 0 5 785903 785905 13 0 1 20 1  0
15.0909 788289 48.4325 3 0 0 4 788287 788295 13 0 1 20 1  0
11.0961 1001766 61.5485 12 196 3.94354 2 1001406 1002382 13 0 1 20 1  0
0 784384 48.1926 12 196 3.94354 1 1017010 1018122 13 0 1 20 1  0
11.7677 1046775 64.3139 8 0 0 118 1046775 1046776 13 0 1 20 1  0
20.3164 1261163 77.4859 8 0 0 1 1048230 1048231 13 0 1 20 1  0
12.5201 1048230 64.4033 1 0 0 1 1048230 1048231 13 0 1 20 1  0
21.2204 1114648 68.484 1 0 0 1 1048558 1048559 13 0 1 20 1  0
0 1046528 64.2987 1 0 0 151 1048877 1048878 13 0 1 20 1  0
10.2461 1048878 64.4431 2 0 0 1 1048878 1048879 13 0 1 20 1  0
15.7942 1261641 77.5152 2 0 0 1 1051312 1051315 13 0 1 20 1  0
13.3162 1079992 66.3547 3 0 0 2 1079990 1079996 13 0 1 20 1  0
11.4844 1209093 74.2867 4 11 0.217204 15 1209090 1209098 13 0 1 20 1  0
10.7125 1174512 72.162 5 0 0 3 1174505 1174517 13 0 1 20 1  0
10.0848 1311061 80.5516 8 0 0 1 1311061 1311062 13 0 1 20 1  0
18.4161 1560730 95.8913 8 0 0 1 1311548 1311549 13 0 1 20 1  0
0 1308672 80.4048 8 0 0 75 1312013 1312014 13 0 1 20 1  0
12.6579 1312014 80.6101 1 0 0 1 1312014 1312015 13 0 1 20 1  0
23.8223 1560731 95.8913 1 0 0 2 1322930 1322931 13 0 1 20 1  0
0 1308672 80.4048 1 0 0 98 1326482 1326483 13 0 1 20 1  0
19.4996 1560624 95.8847 3 0 0 7 1508315 1508318 13 0 1 20 1  0
15.499 1508305 92.6703 3 6 0.118475 44 1508302 1508308 13 0 1 20 1  0
10.6292 1570676 96.5023 12 430 9.31787 1 1569266 1570818 13 0 1 20 1  0
10.128 1571360 96.5444 8 0 0 51 1571360 1571361 13 0 1 20 1  0
21.2238 1656338 101.765 8 0 0 1 1576600 1576601 13 0 1 20 1  0
10.3305 1574647 96.7463 1 0 0 1 1574647 1574648 13 0 1 20 1  0
29.871 1748023 107.399 2 0 0 10 1619789 1619793 13 0 1 20 1  0
0 1570816 96.5109 1 0 0 94 1579798 1579799 13 0 1 20 1  0
16.9908 1813473 111.42 4 0 0 10 1748016 1748030 13 0 1 20 1  0
10.2493 1620802 99.5821 2 1 0.0197462 1 1620802 1620803 13 0 1 20 1  0
12.6032 1664118 102.243 3 5 0.0987291 33 1664115 1664120 13 0 1 20 1  0
12.5272 1663144 102.184 12 1761 125.827 2 1660752 1664808 13 0 1 20 1  0
11.9709 1819834 111.811 12 2912 970.552 3 1817444 1821408 13 0 1 20 1  0
12.0605 1832952 112.617 12 3059 1259.6 12 1831542 1832962 13 0 1 20 1  0
0 1570816 96.5109 12 3065 1273.08 1 1830782 1832962 13 0 1 20 1  0
12.7244 1800718 110.636 12 3074 1293.56 4 1797626 1804180 13 0 1 20 1  0
10.9019 1838647 112.966 8 0 0 4735 1838647 1838648 13 0 1 20 1  0
19.1453 1906383 117.128 8 0 0 1 1843360 1843361 13 0 1 20 1  0
10.1929 1838018 112.928 1 0 0 1 1838018 1838019 13 0 1 20 1  0
20.9645 1954004 120.054 1 0 0 1 1838648 1838649 13 0 1 20 1  0
39.8042 1877735 115.368 9 2 0.0394922 5291 1870519 1870938 13 0 1 20 1  0
10.2287 1869385 114.855 4 1 0.0197462 2 1869385 1869386 13 0 1 20 1  0
10.3495 1876834 115.313 2 2 0.0394922 4 1876834 1876835 13 0 1 20 1  0
10.9044 1878420 115.41 3 158 3.15743 7 1877841 1877844 13 0 1 20 1  0
18.0215 1990434 122.292 12 160 3.19842 1 1875828 1881808 13 0 1 20 1  0
10.0378 1870326 114.913 6 192 3.86003 2 1870326 1870327 13 0 1 20 1  0
13.2603 1992038 122.391 6 190 3.81834 16 1870321 1870340 13 0 1 20 1  0
0 1832960 112.617 9 1431 69.7844 1 1877525 1877604 13 0 1 20 1  0
11.1226 2097513 128.871 8 0 0 1 2097513 2097514 13 0 1 20 1  0
20.7529 2168029 133.204 8 0 0 1 2098990 2098991 13 0 1 20 1  0
0 2095104 128.723 8 0 0 51 2099786 2099787 13 0 1 20 1  0
10.9063 2097514 128.871 1 0 0 1 2097514 2097515 13 0 1 20 1  0
26.8219 2316825 142.346 2 0 0 9 2111149 2111152 13 0 1 20 1  0
0 2095104 128.723 1 0 0 57 2101411 2101412 13 0 1 20 1  0
12.2013 2111150 129.709 3 3 0.059238 12 2111149 2111152 13 0 1 20 1  0
11.2715 2167876 133.194 2 2 0.0394922 2 2167876 2167877 13 0 1 20 1  0
12.4453 2349225 144.336 10 17 0.335692 1 2349198 2349562 13 0 1 20 1  0
10.4412 2318090 142.423 12 160 3.19842 1 2317722 2318108 13 0 1 20 1  0
10.0838 2366876 145.421 8 0 0 1 2366876 2366877 13 0 1 20 1  0
17.3402 2403465 147.669 8 0 0 1 2381022 2381023 13 0 1 20 1  0
0 2357248 144.829 8 0 0 798 2398103 2398104 13 0 1 20 1  0
10.4935 2366877 145.421 1 0 0 1 2366877 2366878 13 0 1 20 1  0
16.6554 2560147 157.295 1 0 0 1 2381023 2381024 13 0 1 20 1  0
17.5685 2456302 150.915 2 0 0 1 2421391 2421393 13 0 1 20 1  0
10.2961 2435941 149.664 3 0 0 1 2435941 2435942 13 0 1 20 1  0
16.8961 2545036 156.367 3 0 0 45 2456299 2456305 13 0 1 20 1  0
22.4772 2512186 154.349 12 202 4.06919 590 2508186 2520386 13 0 1 20 1  0
16.7595 2546964 156.485 5 2 0.0394922 121 2508998 2509010 13 0 1 20 1  0
10.4123 2511932 154.333 3 2 0.0394922 2 2511932 2511933 13 0 1 20 1  0
13.3413 2396510 147.242 8 219 4.42771 302 2396441 2396584 13 0 1 20 1  0
13.395 2547425 156.514 11 75 1.48449 1 2511080 2512444 13 0 1 20 1  0
11.2118 2547856 156.54 12 346 7.25513 1 2547126 2548174 13 0 1 20 1  0
13.6295 2632710 161.754 8 0 0 1 2632710 2632711 13 0 1 20 1  0
20.1713 2635931 161.952 5 3 0.059238 558 2635590 2635620 13 0 1 20 1  0
0 2619392 160.935 8 0 0 2280 2635948 2635949 13 0 1 20 1  0
14.9933 2635949 161.953 2 0 0 4 2635613 2635626 13 0 1 20 1  0
15.6255 2757489 169.42 10 1251 50.4309 1715 2756873 2758204 13 0 1 20 1  0
17.43 2858400 175.62 10 286 5.88266 1819 2758419 2758860 13 0 1 20 1  0
10.1509 2749706 168.942 12 2559 518.952 1 2749428 2750080 13 0 1 20 1  0
12.0863 2881813 177.059 8 0 0 123 2881813 2881814 13 0 1 20 1  0
18.0153 3111780 191.188 8 0 0 1 2886092 2886093 13 0 1 20 1  0
24.5657 3111781 191.188 1 0 0 1 2881813 2881815 13 0 1 20 1  0
0 2881536 177.042 1 0 0 133 2886093 2886094 13 0 1 20 1  0
19.7642 2991134 183.775 2 0 0 5 2886093 2886095 13 0 1 20 1  0
10.4508 2987962 183.58 9 16 0.315943 1 2987957 2987967 13 0 1 20 1  0
11.0189 2988021 183.584 3 37 0.730923 3 2988017 2988023 13 0 1 20 1  0
11.5713 3146313 193.309 8 0 0 1 3146313 3146314 13 0 1 20 1  0
19.9046 3278729 201.445 8 0 0 1 3190098 3190099 13 0 1 20 1  0
0 3143680 193.148 8 0 0 104 3190752 3190753 13 0 1 20 1  0
11.4846 3144549 193.201 1 0 0 1 3144549 3144550 13 0 1 20 1  0
20.5784 3301318 202.833 1 0 0 2 3146314 3146315 13 0 1 20 1  0
0 3143680 193.148 1 0 0 113 3158467 3158468 13 0 1 20 1  0
10.3426 3306725 203.165 3 0 0 1 3306725 3306727 13 0 1 20 1  0
10.0464 3147554 193.386 12 719 18.3211 1 3147520 3147562 13 0 1 20 1  0
11.6816 3409185 209.46 8 0 0 1 3409185 3409186 13 0 1 20 1  0
18.7638 3640217 223.655 8 0 0 1 3418410 3418411 13 0 1 20 1  0
0 3405824 209.254 8 0 0 183 3422939 3422940 13 0 1 20 1  0
10.019 3409186 209.46 1 0 0 1 3409186 3409187 13 0 1 20 1  0
19.1742 3654412 224.527 1 0 0 3 3419083 3419084 13 0 1 20 1  0
0 3405824 209.254 1 0 0 226 3420667 3420668 13 0 1 20 1  0
10.0197 3521048 216.333 2 0 0 1 3521048 3521049 13 0 1 20 1  0
12.5219 3607699 221.657 9 4 0.0789836 10 3607634 3607826 13 0 1 20 1  0
13.8907 3649481 224.224 11 100 1.98352 54 3648816 3649889 13 0 1 20 1  0
10.998 3500470 215.069 5 11 0.217204 21 3500468 3500474 13 0 1 20 1  0
10.3495 3608720 221.72 12 290 5.97193 1 3608648 3609400 13 0 1 20 1  0
10.9505 3643938 223.884 11 1270 52.1995 5 3643669 3644716 13 0 1 20 1  0
11.2822 3671240 225.561 8 0 0 1 3671240 3671241 13 0 1 20 1  0
19.5074 3892314 239.144 8 0 0 1 3674491 3674492 13 0 1 20 1  0
0 3667968 225.36 8 0 0 218 3678713 3678714 13 0 1 20 1  0
11.1968 3671241 225.561 1 0 0 1 3671241 3671242 13 0 1 20 1  0
25.3359 3830547 235.349 2 0 0 9 3687151 3687152 13 0 1 20 1  0
0 3667968 225.36 1 0 0 245 3678714 3678715 13 0 1 20 1  0
10.9758 3686673 226.509 2 0 0 1 3686673 3686674 13 0 1 20 1  0
12.2608 3738130 229.671 5 0 0 3 3738126 3738137 13 0 1 20 1  0
10.1076 3903724 239.845 12 2833 843.673 1 3903416 3903864 13 0 1 20 1  0
15.7291 3930172 241.47 8 0 0 290 3930172 3930173 13 0 1 20 1  0
20.9441 3995646 245.492 8 0 0 1 3930682 3930683 13 0 1 20 1  0
20.5138 3948202 242.578 1 0 0 1 3930172 3930174 13 0 1 20 1  0
0 3930112 241.466 1 0 0 383 3930683 3930684 13 0 1 20 1  0
14.5439 3934879 241.759 2 0 0 1 3930172 3930175 13 0 1 20 1  0
10.9634 4069315 250.019 4 1 0.0197462 5 4069315 4069318 13 0 1 20 1  0
11.2498 4196658 257.843 8 0 0 1 4196658 4196659 13 0 1 20 1  0
18.3017 4318094 265.304 8 0 0 1 4198274 4198275 13 0 1 20 1  0
0 4192256 257.572 8 0 0 70 4198610 4198611 13 0 1 20 1  0
10.0632 4193396 257.642 1 0 0 1 4193396 4193397 13 0 1 20 1  0
21.0962 4424114 271.818 1 0 0 2 4196659 4196660 13 0 1 20 1  0
0 4192256 257.572 1 0 0 82 4204448 4204449 13 0 1 20 1  0
11.9249 4348975 267.201 3 0 0 1 4348973 4348977 13 0 1 20 1  0
10.7463 4347388 267.104 12 122 2.42574 1 4345420 4353628 13 0 1 20 1  0
11.3064 4458771 273.947 8 0 0 1 4458771 4458772 13 0 1 20 1  0
18.1206 4467878 274.506 8 0 0 1 4459911 4459912 13 0 1 20 1  0
0 4454400 273.678 8 0 0 144 4460403 4460404 13 0 1 20 1  0
11.0105 4455354 273.737 1 0 0 1 4455354 4455355 13 0 1 20 1  0
21.8686 4705372 289.098 1 0 0 2 4458771 4458772 13 0 1 20 1  0
0 4454400 273.678 1 0 0 200 4459912 4459913 13 0 1 20 1  0
12.2555 4582893 281.573 3 0 0 1 4508729 4508734 13 0 1 20 1  0
10.2672 4588518 281.919 1 1 0.0197462 1 4588518 4588519 13 0 1 20 1  0
10.1576 4533998 278.569 12 397 8.48549 1 4533904 4534216 13 0 1 20 1  0
11.3731 4716573 289.786 11 33 0.651829 142 4716544 4717723 13 0 1 20 1  0
20.7682 4794516 294.575 8 0 0 1 4716750 4716751 13 0 1 20 1  0
10.1411 4716698 289.794 1 0 0 1 4716698 4716699 13 0 1 20 1  0
29.3217 4794517 294.575 2 0 0 12 4718650 4718652 13 0 1 20 1  0
0 4716544 289.784 1 0 0 142 4719961 4719962 13 0 1 20 1  0
12.3758 4986537 306.373 8 0 0 1 4986537 4986538 13 0 1 20 1  0
20.337 5170073 317.649 8 0 0 1 4986591 4986592 13 0 1 20 1  0
0 4978688 305.891 8 0 0 727 4987825 4987826 13 0 1 20 1  0
14.2447 4986538 306.373 1 0 0 1 4986538 4986539 13 0 1 20 1  0
20.6777 5231854 321.445 1 0 0 2 4986854 4986855 13 0 1 20 1  0
11.1581 5059170 310.835 6 0 0 1 5059164 5059179 13 0 1 20 1  0
12.8451 5061495 310.978 10 74 1.46459 274 5061160 5061809 13 0 1 20 1  0
13.7714 5164685 317.318 4 7 0.13822 50 5164682 5164691 13 0 1 20 1  0
10.2042 5187858 318.742 5 14 0.276446 2 5187858 5187862 13 0 1 20 1  0
10.1895 5240526 321.978 5 19 0.375194 1 5240525 5240527 13 0 1 20 1  0
12.4611 5240544 321.979 12 71 1.40493 2 5232414 5240834 13 0 1 20 1  0
12.6973 5240953 322.004 8 0 0 283 5240953 5240954 13 0 1 20 1  0
18.6983 5443239 334.433 8 0 0 1 5243401 5243403 13 0 1 20 1  0
19.832 5280296 324.421 1 0 0 1 5240953 5240955 13 0 1 20 1  0
0 5240832 321.997 1 0 0 357 5243401 5243403 13 0 1 20 1  0
14.9876 5464241 335.723 2 0 0 1 5243401 5243404 13 0 1 20 1  0
14.7129 5437085 334.055 3 0 0 32 5437082 5437089 13 0 1 20 1  0
11.5155 5455642 335.195 7 3 0.059238 5 5455621 5455658 13 0 1 20 1  0
11.2448 5502976 338.103 12 2112 234.794 2 5502460 5502978 13 0 1 20 1  0
12.7136 5503843 338.156 8 0 0 1 5503843 5503844 13 0 1 20 1  0
20.9695 5669999 348.365 8 0 0 1 5503876 5503877 13 0 1 20 1  0
0 5502976 338.103 8 0 0 417 5504528 5504529 13 0 1 20 1  0
13.3189 5503364 338.127 1 0 0 1 5503364 5503365 13 0 1 20 1  0
21.7133 5674099 348.617 1 0 0 2 5503843 5503845 13 0 1 20 1  0
0 5502976 338.103 1 0 0 569 5504599 5504601 13 0 1 20 1  0
12.7301 5504910 338.222 3 0 0 2 5504598 5504600 13 0 1 20 1  0
10.0027 5609093 344.623 11 165 3.30108 1 5609093 5609094 13 0 1 20 1  0
10.4126 5518178 339.037 12 405 8.68451 2 5518134 5518560 13 0 1 20 1  0
11.265 5517492 338.995 11 1059 35.4605 3 5516252 5517944 13 0 1 20 1  0
0 5502976 338.103 11 1059 35.4605 1 5605969 5606737 13 0 1 20 1  0
12.1927 5765118 354.209 12 3017 1169.19 1 5763670 5765122 13 0 1 20 1  0
10.8428 5766071 354.267 8 0 0 1 5766071 5766072 13 0 1 20 1  0
21.3606 6022925 370.048 8 0 0 1 5766401 5766402 13 0 1 20 1  0
0 5765120 354.209 8 0 0 441 5766435 5766436 13 0 1 20 1  0
21.6423 5917916 363.597 1 0 0 1 5766401 5766403 13 0 1 20 1  0
0 5765120 354.209 1 0 0 599 5766435 5766436 13 0 1 20 1  0
10.5737 5774369 354.777 2 0 0 1 5774369 5774370 13 0 1 20 1  0
16.2362 5994388 368.295 2 0 0 2 5776514 5776517 13 0 1 20 1  0
10.3567 5827055 358.014 3 4 0.0789836 1 5827055 5827056 13 0 1 20 1  0
13.3694 5827216 358.024 12 159 3.17792 2 5819688 5830870 13 0 1 20 1  0
11.1303 6027304 370.318 8 0 0 609 6027304 6027305 13 0 1 20 1  0
21.1722 6175332 379.412 8 0 0 1 6027357 6027358 13 0 1 20 1  0
27.5001 6175333 379.412 1 0 0 7 6027357 6027359 13 0 1 20 1  0
0 6027264 370.315 1 0 0 440 6027977 6027979 13 0 1 20 1  0
30.1297 6271962 385.349 3 0 0 39 6115179 6115183 13 0 1 20 1  0
11.8282 6264472 384.889 12 179 3.58989 11 6263788 6266250 13 0 1 20 1  0
10.0001 6264570 384.895 5 1 0.0197462 1 6264570 6264571 13 0 1 20 1  0
11.681 6114106 375.651 7 445 9.70658 294 6114061 6114134 13 0 1 20 1  0
0 6027264 370.315 7 354 7.44396 16 6114094 6114147 13 0 1 20 1  0
10.94 6289753 386.442 8 0 0 1298 6289753 6289754 13 0 1 20 1  0
39.8885 6386977 392.416 9 0 0 5599 6386486 6387451 13 0 1 20 1  0
10.2996 6289711 386.44 1 0 0 1 6289711 6289712 13 0 1 20 1  0
18.7527 6507421 399.816 1 0 0 1 6290024 6290025 13 0 1 20 1  0
23.1466 6329176 388.865 2 0 0 6 6290688 6290690 13 0 1 20 1  0
10.6934 6357556 390.608 2 1 0.0197462 2 6357556 6357557 13 0 1 20 1  0
0 6289408 386.421 7 498 11.1368 1 6386492 6386494 13 0 1 20 1  0
10.3468 6366716 391.171 12 2005 194.166 1 6366286 6366948 13 0 1 20 1  0
12.5592 6337744 389.391 12 3279 1860.66 3 6335088 6340780 13 0 1 20 1  0
12.2905 6551552 402.527 12 3309 1962.32 14 6550396 6551554 13 0 1 20 1  0
12.6799 6552599 402.592 8 0 0 1 6552599 6552600 13 0 1 20 1  0
21.3247 6757791 415.199 8 0 0 1 6553092 6553093 13 0 1 20 1  0
0 6551552 402.527 8 0 0 1258 6553747 6553748 13 0 1 20 1  0
22.222 6633885 407.586 1 0 0 1 6552599 6552601 13 0 1 20 1  0
18.5364 6783580 416.783 1 0 0 1 6553093 6553094 13 0 1 20 1  0
15.8226 6627721 407.207 2 0 0 1 6552599 6552601 13 0 1 20 1  0
11.6865 6800636 417.831 3 0 0 1 6556805 6556807 13 0 1 20 1  0
11.8599 6561031 403.11 4 0 0 6 6561027 6561036 13 0 1 20 1  0
15.1809 6664794 409.485 12 2047 209.202 13 6661834 6667040 13 0 1 20 1  0
13.9191 6613512 406.334 12 2931 1003.81 11 6611342 6616454 13 0 1 20 1  0
11.589 6579526 404.246 11 3173 1541.81 6 6577885 6581732 13 0 1 20 1  0
10.8358 6568630 403.577 11 3234 1717.95 2 6568214 6569181 13 0 1 20 1  0
14.6631 6551990 402.554 12 3309 1962.32 3 6551552 6555122 13 0 1 20 1  0
20.3864 7058470 433.672 8 0 0 1 6814145 6814147 13 0 1 20 1  0
0 6813696 418.633 8 0 0 412 6814941 6814942 13 0 1 20 1  0
16.5615 6814146 418.661 1 0 0 1 6814146 6814147 13 0 1 20 1  0
25.752 7058471 433.672 1 0 0 4 6814460 6814461 13 0 1 20 1  0
0 6813696 418.633 1 0 0 529 6814942 6814943 13 0 1 20 1  0
10.073 6945103 426.707 10 2086 224.203 1 6945103 6945107 13 0 1 20 1  0
10.0691 7076447 434.777 8 0 0 294 7076447 7076448 13 0 1 20 1  0
17.9117 7312236 449.264 8 0 0 1 7077909 7077910 13 0 1 20 1  0
10.4321 7076447 434.777 1 0 0 1 7076447 7076448 13 0 1 20 1  0
26.592 7096817 436.028 6 0 0 214 7096772 7096856 13 0 1 20 1  0
0 7075840 434.74 1 0 0 368 7078725 7078726 13 0 1 20 1  0
10.8356 7108139 436.724 1 1 0.0197462 1 7108139 7108140 13 0 1 20 1  0
12.7143 7338096 450.853 8 0 0 972 7338096 7338097 13 0 1 20 1  0
19.4678 7367182 452.64 8 0 0 1 7338737 7338738 13 0 1 20 1  0
19.6494 7367183 452.64 1 0 0 1 7338096 7338098 13 0 1 20 1  0
10.374 7339216 450.921 2 0 0 1 7339216 7339217 13 0 1 20 1  0
13.463 7355482 451.921 2 0 0 1 7341820 7341823 13 0 1 20 1  0
13.9487 7546630 463.665 4 0 0 6 7545326 7545334 13 0 1 20 1  0
22.1939 7549903 463.866 9 352 7.39661 3203 7549649 7550160 13 0 1 20 1  0
10.124 7545325 463.585 4 1 0.0197462 2 7545325 7545326 13 0 1 20 1  0
12.7401 7338546 450.88 12 20 0.394946 1 7337984 7341172 13 0 1 20 1  0
10.3757 7552570 464.03 12 1769 127.632 1 7551830 7552852 13 0 1 20 1  0
15.9596 7551426 463.96 12 2006 194.511 3 7548738 7554694 13 0 1 20 1  0
13.2173 7600508 466.975 8 0 0 500 7600508 7600509 13 0 1 20 1  0
19.2789 7768852 477.318 8 0 0 1 7600990 7600991 13 0 1 20 1  0
12.8587 7600509 466.975 1 0 0 1 7600509 7600510 13 0 1 20 1  0
20.8058 7720924 474.374 1 0 0 1 7600990 7600992 13 0 1 20 1  0
22.5319 7851236 482.38 1 0 0 2 7601649 7601650 13 0 1 20 1  0
0 7600128 466.952 1 0 0 739 7601687 7601688 13 0 1 20 1  0
11.4564 7818318 480.357 3 0 0 1 7818316 7818322 13 0 1 20 1  0
11.1457 7735979 475.299 6 2 0.0394922 3 7735978 7735983 13 0 1 20 1  0
14.4501 7862306 483.06 1 0 0 1208 7862306 7862307 13 0 1 20 1  0
20.8278 8016475 492.532 8 0 0 1 7863268 7863269 13 0 1 20 1  0
20.5702 7890947 484.82 1 0 0 5 7863268 7863270 13 0 1 20 1  0
18.3192 8110389 498.302 1 0 0 1 7863596 7863598 13 0 1 20 1  0
14.156 8120195 498.905 4 0 0 8 7890945 7890955 13 0 1 20 1  0
10.32 8017121 492.572 1 1 0.0197462 1 8017121 8017122 13 0 1 20 1  0
10.0875 8058937 495.141 1 1 0.0197462 1 8058937 8058938 13 0 1 20 1  0
10.7083 8105574 498.006 5 2 0.0394922 2 8105573 8105576 13 0 1 20 1  0
10.7869 7878928 484.081 10 4 0.0789836 1 7878901 7879281 13 0 1 20 1  0
11.5198 8124873 499.192 8 0 0 1082 8124873 8124874 13 0 1 20 1  0
18.3583 8311676 510.669 8 0 0 1 8125881 8125882 13 0 1 20 1  0
10.756 8124537 499.172 1 0 0 1 8124537 8124538 13 0 1 20 1  0
20.566 8306643 510.36 1 0 0 2 8124873 8124875 13 0 1 20 1  0
10.0311 8125881 499.254 2 0 0 1 8125881 8125882 13 0 1 20 1  0
14.5154 8221896 505.153 3 0 0 6 8203705 8203717 13 0 1 20 1  0
16.3503 8222546 505.193 5 0 0 17 8199806 8199814 13 0 1 20 1  0
13.9919 8367459 514.097 4 1 0.0197462 2 8203705 8203712 13 0 1 20 1  0
14.2102 8387053 515.301 8 0 0 1397 8387053 8387054 13 0 1 20 1  0
19.9319 8514590 523.136 8 0 0 1 8387082 8387083 13 0 1 20 1  0
20.3753 8438224 518.444 1 0 0 1 8387053 8387055 13 0 1 20 1  0
14.2351 8615307 529.324 2 0 0 1 8388358 8388360 13 0 1 20 1  0
13.4747 8395402 515.813 3 0 0 1 8390204 8390210 13 0 1 20 1  0
15.1984 8396380 515.874 5 0 0 11 8390197 8390209 13 0 1 20 1  0
12.751 8393455 515.694 4 1 0.0197462 6 8393448 8393461 13 0 1 20 1  0
20.3658 8648700 531.376 12 2477 448.704 117 8644922 8648706 13 0 1 20 1  0
12.6502 8632264 530.366 12 2849 867.955 1 8629010 8635326 13 0 1 20 1  0
12.6072 8617420 529.454 12 2927 996.716 3 8614870 8619532 13 0 1 20 1  0
0 8386560 515.27 12 2927 996.716 2 8646986 8648706 13 0 1 20 1  0
11.6218 8648949 531.391 8 0 0 18844 8648949 8648950 13 0 1 20 1  0
19.0578 8804422 540.944 8 0 0 1 8649267 8649268 13 0 1 20 1  0
23.4688 8723971 536.001 1 0 0 1 8648949 8648951 13 0 1 20 1  0
24.0415 8784754 539.735 9 81 1.60397 174 8755781 8796450 13 0 1 20 1  0
19.1586 8737857 536.854 5 0 0 3 8697323 8697345 13 0 1 20 1  0
13.1454 8715770 535.497 3 2 0.0394922 5 8712519 8712523 13 0 1 20 1  0
10.4967 8726763 536.172 2 1 0.0197462 1 8726763 8726764 13 0 1 20 1  0
10.0958 8710236 535.157 4 5 0.0987291 2 8710236 8710237 13 0 1 20 1  0
30.0062 8698342 534.426 11 953 29.0641 4139 8694008 8699692 13 0 1 20 1  0
21.6567 8722372 535.903 10 644 15.6269 1814 8695480 8700437 13 0 1 20 1  0
12.8682 8738505 536.894 4 4 0.0789836 10 8710234 8710239 13 0 1 20 1  0
11.4995 8732558 536.528 4 7 0.13822 1 8711529 8711537 13 0 1 20 1  0
10.3354 8746286 537.372 5 7 0.13822 1 8746286 8746287 13 0 1 20 1  0
10.5831 8751438 537.688 4 10 0.197458 2 8732553 8732554 13 0 1 20 1  0
10.1656 8728984 536.309 4 10 0.197458 1 8728984 8728985 13 0 1 20 1  0
10.0846 8766150 538.592 7 15 0.296194 1 8766150 8766151 13 0 1 20 1  0
16.2088 8735172 536.689 9 103 2.04364 33 8699837 8701940 13 0 1 20 1  0
10.809 8739271 536.941 6 101 2.00355 9 8723324 8723349 13 0 1 20 1  0
11.3209 8718717 535.678 6 129 2.56717 3 8718703 8718761 13 0 1 20 1  0
10.8205 8702066 534.655 5 139 2.76988 2 8701065 8701075 13 0 1 20 1  0
10.0706 8718089 535.639 7 133 2.64815 1 8718089 8718090 13 0 1 20 1  0
10.2857 8701071 534.594 4 136 2.70898 6 8701070 8701072 13 0 1 20 1  0
10.0918 8742811 537.158 4 141 2.81052 1 8742811 8742812 13 0 1 20 1  0
10.003 8741103 537.053 5 156 3.11648 1 8741103 8741104 13 0 1 20 1  0
10.5532 8733250 536.571 11 987 30.9935 1 8720477 8722235 13 0 1 20 1  0
27.2611 8720472 535.786 11 1183 44.5566 303 8694150 8698879 13 0 1 20 1  0
10.5819 8661679 532.174 11 2333 347.55 2 8660830 8662594 13 0 1 20 1  0
11.2045 8661428 532.158 11 2854 875.685 4 8660724 8662619 13 0 1 20 1  0
12.9194 8911949 547.55 8 0 0 1 8911949 8911950 13 0 1 20 1  0
19.2379 9120976 560.393 8 0 0 1 8912266 8912267 13 0 1 20 1  0
0 8910848 547.482 8 0 0 760 8912304 8912305 13 0 1 20 1  0
10.5649 8910970 547.49 1 0 0 1 8910970 8910971 13 0 1 20 1  0
26.7575 9120977 560.393 2 0 0 8 8913567 8913569 13 0 1 20 1  0
10.033 8915586 547.774 4 0 0 1 8915586 8915587 13 0 1 20 1  0
13.9563 9046182 555.797 4 1 0.0197462 4 8915578 8915587 13 0 1 20 1  0
13.0189 9084172 558.132 5 3 0.059238 11 8915575 8915583 13 0 1 20 1  0
10.8974 9016908 553.999 2 1 0.0197462 2 9016908 9016909 13 0 1 20 1  0
10.1002 8948712 549.809 4 5 0.0987291 1 8948712 8948713 13 0 1 20 1  0
10.5466 8963736 550.732 12 127 2.52672 1 8962756 8963792 13 0 1 20 1  0
10.4772 8914036 547.678 10 314 6.51397 2 8913996 8914060 13 0 1 20 1  0
28.4566 8910852 547.483 12 1311 56.2207 526 8910848 8913156 13 0 1 20 1  0
10.6875 8945711 549.624 10 824 22.6499 5 8945533 8945905 13 0 1 20 1  0
10.2355 8937632 549.128 12 2052 211.068 1 8937008 8937684 13 0 1 20 1  0
10.7234 8922000 548.168 12 2292 323.165 1 8920318 8925866 13 0 1 20 1  0
11.1186 9172997 563.589 1 0 0 862 9172997 9172998 13 0 1 20 1  0
18.8651 9280972 570.223 8 0 0 1 9173266 9173267 13 0 1 20 1  0
20.676 9218260 566.37 1 0 0 2 9173605 9173606 13 0 1 20 1  0
21.7016 9370837 575.744 2 0 0 4 9173605 9173607 13 0 1 20 1  0
10.1265 9233591 567.312 4 0 0 3 9233591 9233592 13 0 1 20 1  0
14.4431 9299673 571.372 4 0 0 4 9243987 9243993 13 0 1 20 1  0
14.5785 9390814 576.972 5 0 0 7 9217350 9217355 13 0 1 20 1  0
12.4183 9261537 569.029 3 1 0.0197462 1 9260874 9260876 13 0 1 20 1  0
10.0575 9217351 566.314 5 1 0.0197462 1 9217351 9217352 13 0 1 20 1  0
10.485 9218962 566.413 6 1 0.0197462 1 9218962 9218963 13 0 1 20 1  0
11.3846 9268014 569.427 4 4 0.0789836 4 9233579 9233584 13 0 1 20 1  0
12.165 9277439 570.006 5 3 0.059238 1 9260547 9260556 13 0 1 20 1  0
10.574 9217671 566.334 3 4 0.0789836 2 9217671 9217673 13 0 1 20 1  0
11.2009 9291065 570.843 4 7 0.13822 6 9243971 9243972 13 0 1 20 1  0
11.1566 9243974 567.95 3 6 0.118475 3 9243973 9243976 13 0 1 20 1  0
10.5226 9190025 564.635 7 178 3.56919 19 9190015 9190039 13 0 1 20 1  0
18.5539 9464154 581.478 8 0 0 1 9435743 9435745 13 0 1 20 1  0
0 9435136 579.695 8 0 0 761 9436036 9436037 13 0 1 20 1  0
13.6217 9435744 579.732 1 0 0 1 9435744 9435745 13 0 1 20 1  0
18.7841 9462593 581.382 1 0 0 1 9436386 9436387 13 0 1 20 1  0
21.4478 9465098 581.536 2 0 0 5 9438013 9438016 13 0 1 20 1  0
13.1719 9459673 581.202 4 0 0 3 9440822 9440835 13 0 1 20 1  0
13.5759 9475589 582.18 5 0 0 7 9440822 9440836 13 0 1 20 1  0
14.0996 9524631 585.193 4 1 0.0197462 2 9440822 9440833 13 0 1 20 1  0
10.1074 9440823 580.044 4 2 0.0394922 1 9440823 9440824 13 0 1 20 1  0
11.4668 9625305 591.379 4 3 0.059238 3 9459332 9459334 13 0 1 20 1  0
10.318 9624972 591.358 4 6 0.118475 1 9624972 9624973 13 0 1 20 1  0
13.7782 9697671 595.825 8 0 0 367 9697671 9697672 13 0 1 20 1  0
17.5816 9698675 595.887 8 0 0 1 9697720 9697721 13 0 1 20 1  0
10.5753 9697356 595.806 1 0 0 1 9697356 9697357 13 0 1 20 1  0
18.6931 9932755 610.268 1 0 0 4 9697671 9697673 13 0 1 20 1  0
0 9697280 595.801 1 0 0 270 9697720 9697722 13 0 1 20 1  0
16.8468 9835751 604.309 5 0 0 16 9764615 9764639 13 0 1 20 1  0
20.3734 10212359 627.447 8 0 0 1 9960056 9960058 13 0 1 20 1  0
0 9959424 611.907 8 0 0 979 9960384 9960385 13 0 1 20 1  0
17.0216 9960057 611.946 1 0 0 1 9960057 9960058 13 0 1 20 1  0
20.4207 10069491 618.669 1 0 0 1 9960385 9960386 13 0 1 20 1  0
27.2703 10090795 619.978 10 171 3.4246 4305 9995634 9996640 13 0 1 20 1  0
14.2372 10219574 627.891 5 1 0.0197462 5 9995824 9995841 13 0 1 20 1  0
10.0898 9996005 614.155 4 1 0.0197462 1 9996005 9996006 13 0 1 20 1  0
10.5562 9997623 614.254 3 2 0.0394922 1 9997623 9997624 13 0 1 20 1  0
10.1468 9996325 614.174 5 4 0.0789836 2 9996325 9996326 13 0 1 20 1  0
13.6365 9996162 614.164 10 9 0.177712 19 9995832 9996974 13 0 1 20 1  0
0 9959424 611.907 6 465 10.2356 8 10090515 10090516 13 0 1 20 1  0
15.6975 10221941 628.036 8 0 0 620 10221941 10221942 13 0 1 20 1  0
18.8508 10303596 633.053 8 0 0 1 10223397 10223398 13 0 1 20 1  0
19.0929 10324064 634.31 1 0 0 1 10221941 10221943 13 0 1 20 1  0
0 10221568 628.013 1 0 0 366 10223397 10223399 13 0 1 20 1  0
14.5991 10359522 636.489 2 0 0 1 10223397 10223399 13 0 1 20 1  0
17.6367 10359197 636.469 4 0 0 25 10248465 10248484 13 0 1 20 1  0
10.2775 10327364 634.513 6 2 0.0394922 2 10248462 10248464 13 0 1 20 1  0
10.3191 10374129 637.386 6 0 0 1 10374123 10374133 13 0 1 20 1  0
10.5894 10294177 632.474 2 1 0.0197462 1 10294177 10294178 13 0 1 20 1  0
10.6799 10337509 635.137 2 1 0.0197462 1 10337509 10337510 13 0 1 20 1  0
10.119 10248471 629.666 4 2 0.0394922 1 10248471 10248472 13 0 1 20 1  0
18.2559 10580257 650.051 8 0 0 1 10483830 10483832 13 0 1 20 1  0
0 10483712 644.119 8 0 0 1040 10483876 10483878 13 0 1 20 1  0
16.2049 10483831 644.127 1 0 0 1 10483831 10483832 13 0 1 20 1  0
17.8448 10489353 644.466 1 0 0 1 10483877 10483878 13 0 1 20 1  0
14.4713 10726146 659.014 2 0 0 1 10483830 10483833 13 0 1 20 1  0
14.6987 10506934 645.546 5 1 0.0197462 21 10502377 10502394 13 0 1 20 1  0
10.4836 10502383 645.266 4 3 0.059238 1 10502383 10502384 13 0 1 20 1  0
15.9199 10741253 659.943 10 22 0.434452 880 10715177 10715928 13 0 1 20 1  0
10.8401 10715726 658.374 12 438 9.52435 4 10715328 10716094 13 0 1 20 1  0
0 10483712 644.119 12 684 17.0264 2 10730864 10730988 13 0 1 20 1  0
10.4448 10745849 660.225 11 1768 127.405 1 10745740 10745857 13 0 1 20 1  0
11.8592 10716187 658.403 10 1892 158.845 19 10715971 10716417 13 0 1 20 1  0
13.7093 10733142 659.444 10 2451 428.48 61 10693420 10693629 13 0 1 20 1  0
0 10483712 644.119 12 2063 215.231 2 10736944 10737650 13 0 1 20 1  0
10.7556 10714805 658.318 10 2112 234.794 5 10714600 10715275 13 0 1 20 1  0
14.416 10690007 656.794 11 2504 470.717 71 10689343 10691024 13 0 1 20 1  0
0 10483712 644.119 10 2445 423.944 17 10703909 10704133 13 0 1 20 1  0
13.7519 10690736 656.839 12 3155 1493.37 7 10688628 10692456 13 0 1 20 1  0
14.8174 10745910 660.229 8 0 0 437 10745910 10745911 13 0 1 20 1  0
19.4506 10760535 661.127 8 0 0 1 10746232 10746233 13 0 1 20 1  0
20.5323 11004575 676.121 1 0 0 1 10745910 10745912 13 0 1 20 1  0
0 10745856 660.225 1 0 0 555 10746232 10746234 13 0 1 20 1  0
10.6073 10746233 660.249 2 0 0 1 10746233 10746234 13 0 1 20 1  0
23.029 10796215 663.319 2 0 0 10 10746266 10746268 13 0 1 20 1  0
11.4006 10870382 667.876 5 0 0 6 10870373 10870389 13 0 1 20 1  0
10.2325 10748556 660.391 5 3 0.059238 3 10748556 10748557 13 0 1 20 1  0
11.8168 10972386 674.143 3 10 0.197458 17 10972384 10972389 13 0 1 20 1  0
12.0203 10968659 673.914 9 27 0.533239 6 10968613 10968919 13 0 1 20 1  0
10.3022 11008760 676.378 8 0 0 896 11008760 11008761 13 0 1 20 1  0
19.4434 11258230 691.706 8 0 0 1 11009042 11009043 13 0 1 20 1  0
11.2938 11008581 676.367 1 0 0 1 11008581 11008582 13 0 1 20 1  0
23.5462 11258230 691.706 1 0 0 1 11009914 11009916 13 0 1 20 1  0
18.7783 11095404 681.702 2 0 0 1 11013137 11013140 13 0 1 20 1  0
13.9535 11206392 688.521 4 0 0 6 11109853 11109874 13 0 1 20 1  0
13.1194 11109860 682.59 5 0 0 3 11109847 11109880 13 0 1 20 1  0
14.9711 11198078 688.01 12 263 5.37495 108 11057560 11058754 13 0 1 20 1  0
10.7275 11261998 691.937 2 3 0.059238 2 11261998 11261999 13 0 1 20 1  0
11.44 11262168 691.948 3 3 0.059238 7 11262167 11262169 13 0 1 20 1  0
10.2272 11108732 682.52 12 84 1.66377 1 11058402 11058506 13 0 1 20 1  0
10.611 11148949 684.991 7 163 3.25999 9 11148929 11148972 13 0 1 20 1  0
10.2395 11105177 682.302 10 2039 206.251 4 11104934 11105320 13 0 1 20 1  0
13.1139 11271985 692.551 8 0 0 1 11271985 11271986 13 0 1 20 1  0
19.638 11521953 707.909 8 0 0 1 11272301 11272302 13 0 1 20 1  0
0 11270144 692.438 8 0 0 697 11273922 11273923 13 0 1 20 1  0
11.0617 11271986 692.551 1 0 0 1 11271986 11271987 13 0 1 20 1  0
22.2834 11470038 704.719 1 0 0 1 11272301 11272302 13 0 1 20 1  0
32.7943 11296656 694.067 3 0 0 25 11292104 11292111 13 0 1 20 1  0
13.28 11463768 704.334 8 2 0.0394922 23 11463684 11463872 13 0 1 20 1  0
10.0783 11292104 693.787 3 2 0.0394922 1 11292104 11292105 13 0 1 20 1  0
10.6744 11465622 704.448 5 5 0.0987291 8 11465617 11465624 13 0 1 20 1  0
13.081 11427246 702.09 8 191 3.83918 64 11427183 11427298 13 0 1 20 1  0
10.87 11377350 699.024 12 1720 116.968 3 11376652 11378178 13 0 1 20 1  0
10.0946 11532238 708.541 12 2760 741.223 1 11532142 11532290 13 0 1 20 1  0
11.3448 11532493 708.556 8 0 0 1122 11532493 11532494 13 0 1 20 1  0
19.9314 11621781 714.042 8 0 0 1 11533008 11533010 13 0 1 20 1  0
19.1165 11635434 714.881 1 0 0 5 11533009 11533011 13 0 1 20 1  0
18.0738 11575629 711.207 5 0 0 14 11534347 11534360 13 0 1 20 1  0
14.7674 11550583 709.668 6 1 0.0197462 94 11550548 11550611 13 0 1 20 1  0
10.1971 11543447 709.229 3 1 0.0197462 1 11543447 11543448 13 0 1 20 1  0
10.0961 11534077 708.654 5 1 0.0197462 1 11534077 11534078 13 0 1 20 1  0
11.0999 11609112 713.264 3 2 0.0394922 2 11609112 11609113 13 0 1 20 1  0
11.7605 11557785 710.11 4 4 0.0789836 13 11557782 11557787 13 0 1 20 1  0
12.544 11777146 723.588 5 4 0.0789836 2 11542788 11542795 13 0 1 20 1  0
0 11532288 708.544 12 118 2.34509 2 11573988 11574062 13 0 1 20 1  0
10.1553 11574607 711.144 11 163 3.25999 1 11574589 11574625 13 0 1 20 1  0
10.4247 11571453 710.95 10 1783 130.852 1 11571358 11571598 13 0 1 20 1  0
16.3715 11781184 723.836 12 2408 397.011 108 11562834 11567682 13 0 1 20 1  0
0 11532288 708.544 12 2408 397.011 1 11779940 11784486 13 0 1 20 1  0
11.1693 11756951 722.347 11 2773 758.511 3 11756675 11757246 13 0 1 20 1  0
17.5651 11708614 719.377 12 3168 1528.2 53 11706946 11714082 13 0 1 20 1  0
12.0673 11691298 718.313 12 3261 1802.2 9 11690342 11693074 13 0 1 20 1  0
14.8997 11794481 724.653 8 0 0 901 11794481 11794482 13 0 1 20 1  0
20.1307 11850622 728.102 8 0 0 1 11796109 11796110 13 0 1 20 1  0
13.693 11794482 724.653 1 0 0 1 11794482 11794483 13 0 1 20 1  0
20.4238 11885805 730.264 1 0 0 1 11796110 11796111 13 0 1 20 1  0
10.1138 11798931 724.926 5 1 0.0197462 2 11798931 11798932 13 0 1 20 1  0
18.0281 11850623 728.102 2 0 0 1 11799249 11799264 13 0 1 20 1  0
15.3576 11931885 733.095 3 0 0 1 11799247 11799267 13 0 1 20 1  0
15.94 11949436 734.173 5 0 0 11 11799241 11799269 13 0 1 20 1  0
14.3717 11839625 727.427 5 4 0.0789836 20 11799241 11799256 13 0 1 20 1  0
10.0901 12000783 737.328 3 2 0.0394922 1 12000783 12000784 13 0 1 20 1  0
10.1664 11927322 732.815 3 3 0.059238 1 11927322 11927323 13 0 1 20 1  0
10.2419 11828183 726.724 5 7 0.13822 1 11828183 11828184 13 0 1 20 1  0
10.3857 11928522 732.888 10 99 1.96349 1 11928498 11928582 13 0 1 20 1  0
10.9161 12058261 740.86 8 0 0 1 12058261 12058262 13 0 1 20 1  0
20.227 12089125 742.756 8 0 0 1 12058588 12058589 13 0 1 20 1  0
0 12056576 740.756 8 0 0 1241 12059552 12059553 13 0 1 20 1  0
10.5943 12057948 740.84 1 0 0 1 12057948 12057949 13 0 1 20 1  0
18.9379 12237016 751.842 1 0 0 1 12058261 12058262 13 0 1 20 1  0
15.3836 12155397 746.828 2 0 0 1 12058308 12058318 13 0 1 20 1  0
17.8832 12216612 750.589 3 0 0 5 12058305 12058322 13 0 1 20 1  0
15.9679 12305673 756.061 5 1 0.0197462 17 12058306 12058328 13 0 1 20 1  0
11.1913 12060591 741.003 3 2 0.0394922 3 12060591 12060593 13 0 1 20 1  0
10.0311 12060248 740.982 6 3 0.059238 1 12060248 12060249 13 0 1 20 1  0
10.1189 12283886 754.722 4 5 0.0987291 1 12283886 12283887 13 0 1 20 1  0
10.2851 12139150 745.829 12 2752 730.781 1 12138832 12139850 13 0 1 20 1  0
12.902 12320217 756.954 8 0 0 1 12320217 12320218 13 0 1 20 1  0
19.1073 12346025 758.54 8 0 0 1 12320546 12320548 13 0 1 20 1  0
0 12318720 756.862 8 0 0 1341 12321363 12321364 13 0 1 20 1  0
13.404 12320547 756.974 1 0 0 1 12320547 12320548 13 0 1 20 1  0
18.8502 12530802 769.892 1 0 0 2 12321858 12321860 13 0 1 20 1  0
10.8539 12323165 757.135 2 0 0 1 12323165 12323166 13 0 1 20 1  0
15.4809 12397992 761.733 4 0 0 3 12329720 12329737 13 0 1 20 1  0
10.1124 12321928 757.059 4 0 0 1 12321928 12321929 13 0 1 20 1  0
14.5859 12539412 770.421 5 0 0 10 12329716 12329737 13 0 1 20 1  0
10.7272 12449366 764.889 6 0 0 2 12361247 12361262 13 0 1 20 1  0
12.7278 12407093 762.292 3 1 0.0197462 1 12329726 12329730 13 0 1 20 1  0
14.5777 12486753 767.186 4 1 0.0197462 3 12329719 12329735 13 0 1 20 1  0
10.0936 12360924 759.455 3 2 0.0394922 1 12360924 12360925 13 0 1 20 1  0
11.0268 12407734 762.331 3 3 0.059238 2 12407734 12407735 13 0 1 20 1  0
10.2056 12329725 757.538 5 3 0.059238 2 12329725 12329726 13 0 1 20 1  0
10.0646 12362227 759.535 4 4 0.0789836 1 12362227 12362228 13 0 1 20 1  0
10.0235 12397663 761.712 5 5 0.0987291 1 12397663 12397664 13 0 1 20 1  0
11.15 12580844 772.967 12 2235 292.078 3 12580126 12580866 13 0 1 20 1  0
15.6406 12580800 772.964 12 2798 792.897 2 12496028 12497228 13 0 1 20 1  0
0 12318720 756.862 12 2798 792.897 1 12579120 12580866 13 0 1 20 1  0
11.2446 12581783 773.025 8 0 0 1 12581783 12581784 13 0 1 20 1  0
17.6412 12641957 776.722 8 0 0 1 12582564 12582565 13 0 1 20 1  0
0 12580864 772.968 8 0 0 713 12582598 12582599 13 0 1 20 1  0
11.1221 12581784 773.025 1 0 0 1 12581784 12581785 13 0 1 20 1  0
19.6837 12641958 776.722 1 0 0 2 12583403 12583404 13 0 1 20 1  0
10.8131 12598898 774.076 4 1 0.0197462 2 12598898 12598899 13 0 1 20 1  0
14.9107 12792268 785.957 3 0 0 6 12641956 12641960 13 0 1 20 1  0
15.4236 12837106 788.712 5 0 0 12 12586869 12586874 13 0 1 20 1  0
10.3584 12713949 781.145 3 1 0.0197462 1 12713949 12713950 13 0 1 20 1  0
10.0018 12600196 774.156 5 1 0.0197462 1 12600196 12600197 13 0 1 20 1  0
10.143 12838411 788.792 3 2 0.0394922 1 12838411 12838412 13 0 1 20 1  0
10.1041 12669094 778.389 5 2 0.0394922 2 12669094 12669095 13 0 1 20 1  0
10.0013 12651872 777.331 4 3 0.059238 1 12651872 12651873 13 0 1 20 1  0
10.0599 12686969 779.487 5 4 0.0789836 1 12686969 12686970 13 0 1 20 1  0
11.287 12603776 774.376 12 142 2.83086 1 12601714 12604256 13 0 1 20 1  0
13.418 12603948 774.387 12 593 13.9555 25 12601126 12605094 13 0 1 20 1  0
10.8589 12602490 774.297 12 1241 49.5231 1 12601998 12603154 13 0 1 20 1  0
15.5377 12594662 773.816 12 1969 182.137 200 12590606 12601432 13 0 1 20 1  0
11.5554 12580904 772.971 12 3029 1194.34 3 12580864 12581776 13 0 1 20 1  0
17.5622 12843375 789.097 8 0 0 471 12843375 12843376 13 0 1 20 1  0
17.6926 12997893 798.591 8 0 0 1 12844182 12844183 13 0 1 20 1  0
20.4108 13095116 804.564 1 0 0 2 12843375 12843377 13 0 1 20 1  0
11.352 12862129 790.249 3 0 0 2 12853680 12853682 13 0 1 20 1  0
10.9464 12888773 791.886 5 1 0.0197462 2 12862124 12862134 13 0 1 20 1  0
10.6231 12914125 793.444 4 1 0.0197462 1 12862129 12862131 13 0 1 20 1  0
10.0541 13105319 805.191 8 0 0 792 13105319 13105320 13 0 1 20 1  0
19.0517 13231503 812.944 8 0 0 1 13106151 13106152 13 0 1 20 1  0
23.1755 13167183 808.992 1 0 0 1 13106151 13106153 13 0 1 20 1  0
19.3344 13206839 811.428 2 0 0 3 13106151 13106153 13 0 1 20 1  0
13.3049 13338253 819.502 4 0 0 1 13133791 13133810 13 0 1 20 1  0
13.5393 13342160 819.742 5 0 0 1 13133789 13133810 13 0 1 20 1  0
14.657 13171504 809.257 5 2 0.0394922 15 13133785 13133808 13 0 1 20 1  0
10.8707 13139322 807.28 3 1 0.0197462 1 13139322 13139323 13 0 1 20 1  0
11.3608 13331424 819.083 3 1 0.0197462 3 13139647 13139653 13 0 1 20 1  0
10.0975 13139650 807.3 3 2 0.0394922 1 13139650 13139651 13 0 1 20 1  0
10.1083 13133801 806.941 5 4 0.0789836 1 13133801 13133802 13 0 1 20 1  0
11.351 13368263 821.346 8 0 0 1 13368263 13368264 13 0 1 20 1  0
19.7263 13418883 824.456 8 0 0 1 13369070 13369071 13 0 1 20 1  0
0 13367296 821.287 8 0 0 616 13371188 13371190 13 0 1 20 1  0
23.7593 13417014 824.341 1 0 0 1 13368263 13368265 13 0 1 20 1  0
10.7704 13371189 821.526 2 0 0 1 13371189 13371190 13 0 1 20 1  0
17.9896 13611215 836.273 2 0 0 1 13378212 13378214 13 0 1 20 1  0
10.0588 13383116 822.259 3 0 0 1 13383116 13383117 13 0 1 20 1  0
17.1041 13478390 828.112 5 0 0 22 13400023 13400038 13 0 1 20 1  0
12.8953 13461487 827.074 6 0 0 4 13461462 13461506 13 0 1 20 1  0
10.615 13418797 824.451 2 1 0.0197462 1 13418796 13418798 13 0 1 20 1  0
10.6305 13400031 823.298 4 2 0.0394922 4 13400031 13400032 13 0 1 20 1  0
11.5824 13500250 829.455 12 1121 39.7679 5 13499430 13500972 13 0 1 20 1  0
14.5636 13630818 837.477 8 0 0 1 13630818 13630819 13 0 1 20 1  0
20.096 13799348 847.832 8 0 0 1 13631483 13631484 13 0 1 20 1  0
0 13629440 837.393 8 0 0 778 13631825 13631826 13 0 1 20 1  0
24.1642 13799349 847.832 1 0 0 2 13630818 13630820 13 0 1 20 1  0
15.5597 13693650 841.338 3 0 0 4 13642270 13642274 13 0 1 20 1  0
15.9543 13779828 846.633 5 0 0 14 13646824 13646827 13 0 1 20 1  0
10.8055 13765834 845.773 6 0 0 1 13717697 13717700 13 0 1 20 1  0
11.4912 13783796 846.876 2 1 0.0197462 1 13783796 13783797 13 0 1 20 1  0
10.5978 13685529 840.839 3 1 0.0197462 1 13685529 13685530 13 0 1 20 1  0
10.2299 13642272 838.181 4 1 0.0197462 1 13642272 13642273 13 0 1 20 1  0
10.2497 13667640 839.74 4 2 0.0394922 1 13667640 13667641 13 0 1 20 1  0
10.2909 13777868 846.512 3 4 0.0789836 3 13777868 13777871 13 0 1 20 1  0
10.3582 13892116 853.532 8 0 0 847 13892116 13892117 13 0 1 20 1  0
19.5477 14145298 869.087 8 0 0 1 13892619 13892620 13 0 1 20 1  0
11.4874 13892116 853.532 1 0 0 1 13892116 13892117 13 0 1 20 1  0
25.9089 14145298 869.087 2 0 0 4 13898461 13898462 13 0 1 20 1  0
10.0894 13892923 853.581 2 0 0 1 13892923 13892924 13 0 1 20 1  0
17.4996 14150817 869.426 4 0 0 15 14015886 14015906 13 0 1 20 1  0
11.911 14049374 863.193 3 1 0.0197462 1 14049373 14049375 13 0 1 20 1  0
10.4623 14150978 869.436 10 2 0.0394922 1 14150963 14150986 13 0 1 20 1  0
11.2585 14151460 869.466 4 5 0.0987291 3 14150803 14150807 13 0 1 20 1  0
15.5026 14154029 869.624 8 0 0 647 14154029 14154030 13 0 1 20 1  0
18.9876 14302060 878.719 8 0 0 1 14154815 14154816 13 0 1 20 1  0
22.8219 14302061 878.719 2 0 0 3 14154029 14154031 13 0 1 20 1  0
15.2483 14295883 878.339 3 0 0 2 14180403 14180414 13 0 1 20 1  0
15.311 14362170 882.412 4 0 0 13 14180401 14180417 13 0 1 20 1  0
10.0643 14197641 872.303 3 1 0.0197462 1 14197641 14197642 13 0 1 20 1  0
13.5034 14384281 883.77 3 1 0.0197462 3 14290640 14290646 13 0 1 20 1  0
11.0997 14388831 884.05 6 2 0.0394922 2 14362148 14362164 13 0 1 20 1  0
139.279 230540 14.1644 10 2876 910.525 767 229545 231546 13 0 1 20 1 1
