0 120936 130.046
1 120936 130.221
2 120938 130.458
3 120941 131.091
4 120942 131.124
5 120939 131.371
6 120940 131.501
7 120939 131.547
8 120939 131.509
9 120942 132.295
10 120944 133.145
11 120944 133.204
12 120945 133.224
13 120945 133.311
14 120945 133.581
15 120946 133.574
16 120944 133.461
17 120943 133.411
18 120942 133.48
19 120943 133.939
20 120943 134.143
21 120943 134.31
22 120941 134.05
23 120940 133.887
24 120937 133.891
25 120940 135.887
26 120940 137.41
27 120937 136.895
28 120936 136.699
29 120934 136.667
30 120934 136.811
31 120934 136.679
32 120932 136.541
33 120930 136.516
34 120926 135.995
35 120922 135.325
36 120919 134.957
37 120919 134.386
38 120917 134.194
39 120914 133.872
40 120911 133.435
41 120906 132.331
42 120900 131.069
43 120896 130.439
44 120892 129.951
45 120889 129.414
46 120885 129.141
47 120881 128.631
48 120882 128.312
49 120882 128.499
50 120886 130.046
51 120885 129.716
52 120885 129.691
53 120884 129.295
54 120886 129.488
55 120885 129.113
56 120884 128.739
57 120879 126.406
58 120877 124.554
59 120876 124.442
60 120875 124.257
61 120874 124.079
62 120872 123.388
63 120869 123.094
64 120870 123.928
65 120873 124.292
66 120874 124.81
67 120873 124.863
68 120873 125.082
69 120875 125.421
70 120873 125.196
71 120875 125.144
72 120875 125.102
73 120874 125.114
74 120875 125.312
75 120875 125.413
76 120874 125.29
77 120874 125.178
78 120873 124.619
79 120872 124.608
80 120870 124.418
81 120867 123.974
82 120862 122.092
83 120861 121.838
84 120860 121.667
85 120857 121.448
86 120854 121.093
87 120851 120.622
88 120849 120.435
89 120847 120.221
90 120846 120
91 120844 119.788
92 120841 119.43
93 120839 119.021
94 120837 118.946
95 120837 119.099
96 120835 118.246
97 120832 117.556
98 120831 117.114
99 120832 117.234
100 120832 117.4
101 120830 117.052
102 120832 116.979
103 120831 116.895
104 120832 117.074
105 120832 117.021
106 120832 116.807
107 120833 116.788
108 120835 117.092
109 120836 117.143
110 120840 117.426
111 120843 117.657
112 120846 118.186
113 120849 118.677
114 120853 119.13
115 120856 119.447
116 120858 119.495
117 120862 119.925
118 120867 120.377
119 120876 121.392
120 120880 122.068
121 120884 123.311
122 120888 123.762
123 120893 124.374
124 120898 125.081
125 120902 125.674
126 120907 126.233
127 120910 126.738
128 120915 129.208
129 120919 130.162
130 120922 130.524
131 120924 130.518
132 120925 130.388
133 120927 130.569
134 120929 130.832
135 120930 130.996
136 120932 130.998
137 120934 131.237
138 120936 131.667
139 120938 131.889
140 120940 131.847
141 120942 132.104
142 120941 132.206
143 120942 132.567
144 120942 132.229
145 120942 132.087
146 120941 132.26
147 120942 132.511
148 120943 132.993
149 120943 133.797
150 120942 134.101
151 120937 133.884
152 120940 134.438
153 120941 134.057
154 120940 134.269
155 120941 134.442
156 120945 136.549
157 120946 137.39
158 120945 137.23
159 120945 136.7
160 120942 134.447
161 120940 133.57
162 120937 133.288
163 120936 133.401
164 120938 133.6
165 120938 133.837
166 120938 133.691
167 120939 133.85
168 120940 134.077
169 120940 134.3
170 120941 134.24
171 120941 134.219
172 120941 134.203
173 120940 134.392
174 120942 134.308
175 120942 134.039
176 120944 134.247
177 120945 134.242
178 120946 134.103
179 120945 134.389
180 120946 134.285
181 120948 133.771
182 120949 133.995
183 120950 133.88
184 120948 133.318
185 120947 133.116
186 120949 133.179
187 120948 133.042
188 120943 130.849
189 120942 130.336
190 120942 130.336
191 120942 130.647
192 120941 130.458
193 120941 130.476
194 120943 130.591
195 120944 130.54
196 120942 130.18
197 120941 129.947
198 120940 130.061
199 120940 130.326
200 120941 130.446
201 120940 130.217
202 120941 130.151
203 120940 130.12
204 120939 130.141
205 120939 129.83
206 120938 129.742
207 120937 129.591
208 120935 129.475
209 120934 129.358
210 120933 129.15
211 120932 128.709
212 120931 128.388
213 120929 127.972
214 120928 127.309
215 120927 126.963
216 120925 126.743
217 120924 126.426
218 120921 125.922
219 120919 125.587
220 120932 132.798
221 120931 132.359
222 120931 132.395
223 120930 132.06
224 120929 132.051
225 120930 132.251
226 120930 132.171
227 120928 131.988
228 120928 131.899
229 120927 131.863
230 120926 132.015
231 120927 131.891
232 120927 132.063
233 120926 132.065
234 120926 132.136
235 120926 132.39
236 120925 132.548
237 120925 132.912
238 120924 132.793
239 120921 132.547
240 120919 132.298
241 120917 132.083
242 120915 131.843
243 120912 131.35
244 120910 131.007
245 120907 130.701
246 120904 130.392
247 120903 130.088
248 120900 129.689
249 120898 129.626
250 120897 129.844
251 120896 129.764
252 120881 122.152
253 120880 121.922
254 120879 122.501
255 120879 123.029
256 120879 123.861
257 120878 124.188
258 120876 123.989
259 120875 123.841
260 120873 123.784
261 120874 125.998
262 120875 125.703
263 120872 125.264
264 120869 124.714
265 120867 124.573
266 120866 124.595
267 120867 124.829
268 120871 125.193
269 120872 125.921
270 120872 125.975
271 120875 126.592
272 120878 127.42
273 120878 127.831
274 120880 128.21
275 120881 128.471
276 120881 128.792
277 120881 128.945
278 120885 131.361
279 120884 131.43
280 120884 131.496
281 120884 131.288
282 120884 131.155
283 120885 131.248
284 120887 131.408
285 120887 131.923
286 120886 131.057
287 120885 130.354
288 120884 129.344
289 120883 128.78
290 120886 129.053
291 120884 129.2
292 120884 129.175
293 120882 126.738
294 120880 126.704
295 120880 126.729
296 120880 126.747
297 120881 126.946
298 120881 127.649
299 120879 128.495
300 120874 127.715
301 120871 126.603
302 120871 126.574
303 120868 126.023
304 120866 125.304
305 120867 125.044
306 120866 124.723
307 120865 124.643
308 120864 124.372
309 120865 124.937
310 120861 123.093
311 120864 124.735
312 120865 124.993
313 120866 124.998
314 120865 124.909
315 120863 124.782
316 120862 124.861
317 120861 124.466
318 120863 124.612
319 120864 124.656
320 120864 124.822
321 120863 124.806
322 120861 124.598
323 120863 124.608
324 120864 124.688
325 120864 124.738
326 120865 124.727
327 120866 124.977
328 120878 128.411
329 120882 130.278
330 120881 130.829
331 120882 130.119
332 120885 130.809
333 120887 130.902
334 120889 130.982
335 120889 130.992
336 120889 130.906
337 120889 130.978
338 120890 131.224
339 120891 131.557
340 120893 131.838
341 120895 131.641
342 120895 131.619
343 120894 130.112
344 120894 130.134
345 120894 130.367
346 120894 130.353
347 120896 130.386
348 120894 130.122
349 120894 130.05
350 120894 130.389
351 120891 130.225
352 120891 130.034
353 120892 129.958
354 120892 129.957
355 120892 130.429
356 120892 130.635
357 120892 130.68
358 120896 133.165
359 120895 132.854
360 120883 129.329
361 120879 127.365
362 120879 125.886
363 120877 125.333
364 120874 124.764
365 120872 124.394
366 120873 125.842
367 120871 126.143
368 120871 126.255
369 120870 125.998
370 120868 125.686
371 120868 125.29
372 120867 125.02
373 120865 124.687
374 120865 124.284
375 120864 124.165
376 120862 123.801
377 120863 123.708
378 120864 123.932
379 120865 124.138
380 120865 124.168
381 120864 123.99
382 120864 123.552
383 120865 123.724
384 120865 123.942
385 120867 124.609
386 120866 124.972
387 120866 124.443
388 120866 124.286
389 120866 124.342
390 120862 121.722
391 120862 121.698
392 120863 121.591
393 120862 121.451
394 120862 121.363
395 120862 121.262
396 120862 121.387
397 120863 121.641
398 120862 120.233
399 120864 120.083
400 120864 120.226
401 120865 120.446
402 120867 120.909
403 120868 121
404 120868 121.073
405 120868 121.122
406 120868 121.13
407 120868 121.138
408 120869 121.21
409 120869 121.308
410 120869 121.373
411 120870 121.472
412 120873 122.475
413 120874 122.784
414 120873 122.625
415 120873 122.506
416 120872 122.241
417 120870 121.381
418 120870 120.828
419 120869 120.666
420 120868 120.544
421 120868 120.768
422 120869 121.202
423 120871 121.52
424 120870 121.589
425 120871 121.63
426 120872 121.718
427 120873 121.732
428 120874 121.777
429 120875 121.903
430 120875 121.923
431 120875 121.885
432 120875 121.856
433 120875 122.004
434 120874 121.727
435 120874 121.968
436 120875 121.907
437 120876 121.786
438 120876 121.732
439 120877 121.758
440 120877 121.795
441 120877 121.591
442 120877 121.367
443 120874 120.985
444 120872 120.021
445 120872 119.92
446 120873 119.986
447 120873 120.038
448 120874 120.129
449 120875 122.101
450 120876 122.169
451 120877 122.321
452 120878 122.471
453 120880 122.648
454 120880 122.488
455 120878 122.525
456 120880 122.939
457 120882 123.255
458 120882 123.396
459 120882 123.366
460 120881 123.315
461 120881 123.452
462 120881 123.611
463 120880 123.579
464 120880 123.349
465 120880 123.154
466 120879 122.972
467 120878 122.799
468 120877 122.848
469 120875 123.05
470 120876 123.249
471 120876 123.527
472 120877 123.859
473 120876 124.238
474 120877 124.309
475 120879 124.492
476 120880 124.721
477 120881 124.921
478 120882 125.32
479 120883 125.647
480 120885 125.96
481 120885 124.377
482 120885 124.685
483 120887 124.667
484 120886 124.73
485 120885 124.252
486 120885 124.302
487 120885 124.102
488 120885 123.747
489 120884 123.588
490 120883 123.483
491 120884 123.663
492 120885 123.943
493 120889 125.385
494 120891 125.681
495 120894 126.224
496 120898 126.983
497 120899 127.303
498 120901 127.717
499 120902 127.875
500 120904 128.149
501 120906 128.263
502 120907 128.423
503 120908 128.53
504 120909 128.496
505 120911 128.462
506 120911 128.708
507 120911 129.062
508 120912 129.246
509 120912 129.378
510 120913 129.354
511 120914 129.391
