11.3896 6936 0.426148 8 0 0 1 6936 6937 13 0 1 20 1  0
14.479 111668 6.86088 7 0 0 29 12199 12242 13 0 1 20 1  0
0 2048 0.125829 2 0 0 56 111628 111653 13 0 1 20 1  0
10.5223 127936 7.86039 8 0 0 2 111598 111634 13 0 1 20 1  0
11.3602 253978 15.6044 9 1 0.0197462 6 253943 254097 13 0 1 20 1  0
10.1325 12219 0.750735 6 1 0.0197462 3 12219 12220 13 0 1 20 1  0
10.3175 212084 13.0304 12 2349 357.557 1 211988 212244 13 0 1 20 1  0
10.6282 303303 18.6349 3 1 0.0197462 4 303303 303304 13 0 1 20 1  0
14.1579 507784 31.1982 2 0 0 6 303301 303304 13 0 1 20 1  0
0 260096 15.9803 2 0 0 2 507781 507786 13 0 1 20 1  0
15.1018 645690 39.6712 8 0 0 1 629063 629065 13 0 1 20 1  0
0 522240 32.0864 8 0 0 1593 629292 629300 13 0 1 20 1  0
22.313 647878 39.8056 3 0 0 36 573037 573075 13 0 1 20 1  0
17.1835 644666 39.6083 7 0 0 17 573024 573070 13 0 1 20 1  0
14.2422 631134 38.7769 9 2 0.0394922 44 629156 632151 13 0 1 20 1  0
12.7483 629072 38.6502 5 4 0.0789836 10 629060 629077 13 0 1 20 1  0
13.8985 631021 38.7699 2 1 0.0197462 3 629295 629299 13 0 1 20 1  0
12.7681 635912 39.0704 2 2 0.0394922 1 630923 630925 13 0 1 20 1  0
11.5978 644619 39.6054 2 3 0.059238 2 631247 631248 13 0 1 20 1  0
11.0936 667627 41.019 9 18 0.355443 5 667611 667648 13 0 1 20 1  0
13.7852 667120 40.9879 3 4 0.0789836 1 629062 629065 13 0 1 20 1  0
10.0063 641356 39.4049 2 5 0.0987291 1 641356 641357 13 0 1 20 1  0
10.4263 632969 38.8896 3 11 0.217204 1 629056 629059 13 0 1 20 1  0
11.4907 682736 41.9473 10 83 1.64383 3 630979 631353 13 0 1 20 1  0
12.0255 657512 40.3975 12 2016 197.996 1 656198 658990 13 0 1 20 1  0
32.8156 832278 51.1352 3 0 0 10911 830474 830479 13 0 1 20 1  0
0 784384 48.1926 8 0 0 1728 831807 831808 13 0 1 20 1  0
10.3847 827894 50.8658 4 1 0.0197462 4 827894 827895 13 0 1 20 1  0
13.2462 863700 53.0657 3 8 0.157966 5 831760 831773 13 0 1 20 1  0
12.9974 815746 50.1194 12 2859 883.484 2 814028 817670 13 0 1 20 1  0
10.5076 784388 48.1928 12 2943 1025.4 2 784384 784614 13 0 1 20 1  0
13.9001 1104570 67.8648 8 0 0 1 1104570 1104571 13 0 1 20 1  0
18.9969 1268871 77.9594 8 0 0 1 1163401 1163402 13 0 1 20 1  0
0 1046528 64.2987 8 0 0 301 1163417 1163418 13 0 1 20 1  0
10.0449 1050823 64.5626 1 0 0 1 1050823 1050824 13 0 1 20 1  0
31.9944 1272061 78.1554 3 0 0 31 1050824 1050827 13 0 1 20 1  0
10.5655 1050762 64.5588 3 0 0 1 1050762 1050763 13 0 1 20 1  0
16.6317 1163431 71.4812 6 0 0 293 1053714 1053720 13 0 1 20 1  0
15.8274 1079826 66.3445 7 0 0 30 1050766 1050808 13 0 1 20 1  0
20.9967 1270282 78.0461 3 2 0.0394922 6 1163396 1163411 13 0 1 20 1  0
10.1662 1053703 64.7395 3 1 0.0197462 1 1053703 1053704 13 0 1 20 1  0
10.4305 1057608 64.9794 4 2 0.0394922 1 1057608 1057609 13 0 1 20 1  0
11.7336 1271739 78.1356 2 3 0.059238 1 1163395 1163398 13 0 1 20 1  0
12.5728 1532071 94.1304 3 0 0 3 1387152 1387155 13 0 1 20 1  0
0 1308672 80.4048 2 0 0 12 1418275 1418279 13 0 1 20 1  0
13.8989 1418306 87.1407 7 3 0.059238 25 1418244 1418334 13 0 1 20 1  0
10.2233 1559337 95.8057 2 1 0.0197462 1 1559337 1559338 13 0 1 20 1  0
10.8781 1387151 85.2266 3 1 0.0197462 1 1387151 1387152 13 0 1 20 1  0
17.1786 1704821 104.744 3 0 0 51 1704817 1704845 13 0 1 20 1  0
0 1570816 96.5109 1 0 0 42 1704841 1704845 13 0 1 20 1  0
11.9796 1772758 108.918 6 2 0.0394922 11 1704809 1704813 13 0 1 20 1  0
11.8615 1671160 102.676 12 2742 717.935 1 1670050 1674432 13 0 1 20 1  0
14.1046 1843463 113.262 8 0 0 1 1843463 1843464 13 0 1 20 1  0
17.2661 2033618 124.945 8 0 0 1 2032988 2032990 13 0 1 20 1  0
10.3153 1836354 112.826 11 128 2.54694 11 1836335 1836374 13 0 1 20 1  0
28.4779 2033616 124.945 3 0 0 27 1843463 1843465 13 0 1 20 1  0
0 1832960 112.617 1 0 0 85 1896594 1896596 13 0 1 20 1  0
10.3252 2032988 124.907 2 2 0.0394922 1 2032988 2032989 13 0 1 20 1  0
12.6612 2033451 124.935 2 2 0.0394922 1 2033287 2033289 13 0 1 20 1  0
10.5165 2033287 124.925 3 4 0.0789836 1 2033287 2033288 13 0 1 20 1  0
10.0482 2033849 124.96 2 5 0.0987291 1 2033849 2033850 13 0 1 20 1  0
13.4797 2137619 131.335 2 0 0 17 2118211 2118216 13 0 1 20 1  0
0 2095104 128.723 1 0 0 40 2259557 2259558 13 0 1 20 1  0
10.2051 2118217 130.143 4 0 0 2 2118217 2118218 13 0 1 20 1  0
12.5448 2315655 142.274 4 1 0.0197462 7 2137609 2137632 13 0 1 20 1  0
10.3277 2208347 135.681 3 8 0.157966 1 2208347 2208349 13 0 1 20 1  0
0 2095104 128.723 9 2776 762.557 723 2215839 2215840 13 0 1 20 1  0
19.1057 2208359 135.682 5 2822 827.374 4 2206147 2208471 13 0 1 20 1  0
10.6746 2204492 135.444 2 2843 858.768 1 2204492 2204493 13 0 1 20 1  0
10.555 2204382 135.437 2 2845 861.819 1 2204382 2204383 13 0 1 20 1  0
10.1548 2203840 135.404 5 2862 888.197 1 2203840 2203841 13 0 1 20 1  0
10.5519 2200223 135.182 5 2865 892.935 1 2200218 2200225 13 0 1 20 1  0
16.9709 2555260 156.995 8 0 0 1 2379293 2379316 13 0 1 20 1  0
0 2357248 144.829 8 0 0 166 2431928 2431946 13 0 1 20 1  0
23.3833 2379308 146.185 4 0 0 8 2379289 2379318 13 0 1 20 1  0
26.676 2432105 149.429 3 0 0 401 2379289 2379317 13 0 1 20 1  0
10.975 2608065 160.24 2 3 0.059238 2 2432095 2432105 13 0 1 20 1  0
10.3892 2446549 150.316 11 12 0.236951 1 2431357 2431393 13 0 1 20 1  0
10.2537 2443314 150.117 12 1338 59.0298 1 2443186 2443762 13 0 1 20 1  0
10.6051 2404252 147.717 12 2950 1038.21 1 2403644 2404882 13 0 1 20 1  0
16.9005 2684678 164.947 8 0 0 1 2684678 2684679 13 0 1 20 1  0
16.9024 2778293 170.698 8 0 0 1 2721557 2721558 13 0 1 20 1  0
0 2619392 160.935 8 0 0 119 2722492 2722493 13 0 1 20 1  0
10.2067 2646873 162.624 1 0 0 1 2646873 2646874 13 0 1 20 1  0
16.0214 2880452 176.975 3 0 0 13 2815696 2815703 13 0 1 20 1  0
13.2732 2880560 176.982 4 1 0.0197462 6 2815692 2815700 13 0 1 20 1  0
10.2313 2879904 176.941 2 1 0.0197462 1 2879904 2879905 13 0 1 20 1  0
10.1538 2721539 167.211 3 1 0.0197462 1 2721539 2721540 13 0 1 20 1  0
10.1395 2880229 176.961 3 2 0.0394922 1 2880229 2880230 13 0 1 20 1  0
10.2665 2815688 172.996 5 2 0.0394922 1 2815688 2815689 13 0 1 20 1  0
10.9317 2708580 166.415 12 2732 705.314 1 2707584 2709944 13 0 1 20 1  0
11.583 2847960 174.979 12 2895 941.728 2 2846138 2853286 13 0 1 20 1  0
10.4042 2881534 177.041 12 2845 861.819 1 2881286 2881538 13 0 1 20 1  0
15.332 2881536 177.042 12 3260 1799.01 15 2879354 2881538 13 0 1 20 1  0
10.3608 2784538 171.082 12 3223 1684.76 1 2783828 2785044 13 0 1 20 1  0
18.2893 2954716 181.538 1 0 0 12 2881868 2881870 13 0 1 20 1  0
10.1937 2881545 177.042 2 0 0 3797 2881545 2881546 13 0 1 20 1  0
19.3041 3048872 187.323 6 0 0 352 2954687 2954713 13 0 1 20 1  0
16.0417 3013020 185.12 12 671 16.5625 1560 3010350 3014476 13 0 1 20 1  0
13.5542 2983903 183.331 3 4 0.0789836 17 2882509 2882513 13 0 1 20 1  0
11.8868 3135136 192.623 3 1 0.0197462 1 2882837 2882842 13 0 1 20 1  0
10.1887 2926120 179.781 2 3 0.059238 1 2926120 2926121 13 0 1 20 1  0
10.4242 2884795 177.242 4 3 0.059238 1 2884795 2884796 13 0 1 20 1  0
10.0278 2882510 177.101 3 5 0.0987291 1 2882510 2882511 13 0 1 20 1  0
11.259 3098652 190.381 4 5 0.0987291 1 2933416 2933418 13 0 1 20 1  0
10.0498 2933417 180.229 4 7 0.13822 1 2933417 2933418 13 0 1 20 1  0
11.0329 3081053 189.3 4 7 0.13822 1 2954706 2954711 13 0 1 20 1  0
10.1414 2930961 180.078 3 9 0.177712 3 2930961 2930962 13 0 1 20 1  0
10.0773 3142231 193.059 5 10 0.197458 1 3142231 3142232 13 0 1 20 1  0
10.6211 3135090 192.62 7 31 0.612292 3 3013124 3013181 13 0 1 20 1  0
10.427 3012586 185.093 4 318 6.60542 1 3012583 3012588 13 0 1 20 1  0
10.5807 3138604 192.836 4 371 7.85024 7 3138602 3138607 13 0 1 20 1  0
10.3048 3134007 192.553 7 556 12.8152 1 3133995 3134035 13 0 1 20 1  0
10.0945 3048337 187.29 4 734 18.8973 1 3048337 3048338 13 0 1 20 1  0
10.4725 3011735 185.041 4 848 23.744 1 3011732 3011736 13 0 1 20 1  0
10.1859 3012829 185.108 5 883 25.4171 2 3012829 3012831 13 0 1 20 1  0
19.8314 3043527 186.994 11 1629 99.4523 3012 3040257 3051834 13 0 1 20 1  0
10.0687 3048228 187.283 4 1096 37.9762 1 3048228 3048229 13 0 1 20 1  0
10.4225 3045708 187.128 6 1884 156.602 1 3045706 3045723 13 0 1 20 1  0
10.3066 3037078 186.598 9 2170 260.255 1 3036982 3037128 13 0 1 20 1  0
11.5122 3033920 186.404 9 2222 285.417 9 3033549 3034251 13 0 1 20 1  0
0 2881536 177.042 8 2196 272.547 1 3036229 3036231 13 0 1 20 1  0
10.0395 2964156 182.118 7 2573 532 1 2964155 2964158 13 0 1 20 1  0
10.8518 3145868 193.282 8 0 0 2202 3145868 3145869 13 0 1 20 1  0
16.7383 3232240 198.589 8 0 0 2 3145874 3145875 13 0 1 20 1  0
17.7098 3230622 198.489 1 0 0 1 3145868 3145889 13 0 1 20 1  0
17.3796 3230974 198.511 4 0 0 5 3145847 3145886 13 0 1 20 1  0
11.2434 3144855 193.22 3 2 0.0394922 15 3144855 3144856 13 0 1 20 1  0
17.0871 3175882 195.126 4 0 0 27 3144899 3144912 13 0 1 20 1  0
15.8859 3167053 194.584 6 0 0 1769 3145826 3145872 13 0 1 20 1  0
16.6974 3166758 194.566 3 1 0.0197462 2 3144836 3144839 13 0 1 20 1  0
10.5519 3146213 193.303 2 2 0.0394922 1 3146213 3146214 13 0 1 20 1  0
16.1163 3174246 195.026 4 2 0.0394922 8 3144840 3144853 13 0 1 20 1  0
10.2476 3145884 193.283 2 3 0.059238 2 3145884 3145885 13 0 1 20 1  0
14.1451 3187928 195.866 4 8 0.157966 8 3144839 3144843 13 0 1 20 1  0
10.417 3146508 193.321 2 4 0.0789836 1 3146508 3146509 13 0 1 20 1  0
10.2624 3153901 193.776 8 16 0.315943 3 3153893 3153909 13 0 1 20 1  0
10.1005 3162797 194.322 2 5 0.0987291 1 3162797 3162798 13 0 1 20 1  0
14.6331 3188247 195.886 4 5 0.0987291 6 3144843 3144849 13 0 1 20 1  0
10.0351 3147759 193.398 2 7 0.13822 1 3147759 3147760 13 0 1 20 1  0
13.3941 3175551 195.106 4 9 0.177712 3 3144836 3144846 13 0 1 20 1  0
10.3349 3211996 197.345 3 14 0.276446 1 3166742 3166746 13 0 1 20 1  0
11.3811 3188029 195.872 10 70 1.38505 1 3166851 3167200 13 0 1 20 1  0
10.2803 3188178 195.882 3 74 1.46459 1 3188176 3188179 13 0 1 20 1  0
0 3143680 193.148 7 350 7.34936 307 3188124 3188129 13 0 1 20 1  0
10.1868 3146046 193.293 4 390 8.31275 2 3146046 3146047 13 0 1 20 1  0
10.2907 3188073 195.875 4 400 8.55992 1 3166893 3166912 13 0 1 20 1  0
12.7356 3230276 198.468 11 777 20.6245 88 3187293 3187873 13 0 1 20 1  0
12.8831 3187919 195.866 11 680 16.8827 21 3166724 3166858 13 0 1 20 1  0
13.1961 3224144 198.091 12 2449 426.962 4 3222572 3226364 13 0 1 20 1  0
0 3143680 193.148 12 2437 417.97 4 3367340 3368788 13 0 1 20 1  0
10.6854 3368100 206.936 12 2446 424.696 2 3223912 3224808 13 0 1 20 1  0
10.2714 3161742 194.257 12 2543 504.432 1 3161516 3162194 13 0 1 20 1  0
10.3054 3155588 193.879 11 2835 846.67 1 3155107 3155705 13 0 1 20 1  0
10.2471 3413120 209.702 8 0 0 1 3413120 3413121 13 0 1 20 1  0
19.42 3478493 213.719 8 0 0 1 3413126 3413127 13 0 1 20 1  0
19.4046 3513210 215.852 8 0 0 1 3432419 3432420 13 0 1 20 1  0
0 3405824 209.254 8 0 0 4811 3432748 3432755 13 0 1 20 1  0
24.66 3478010 213.689 1 0 0 2 3407273 3407275 13 0 1 20 1  0
27.7101 3485985 214.179 2 0 0 2 3407274 3407277 13 0 1 20 1  0
27.7046 3511105 215.722 2 0 0 2 3410189 3410192 13 0 1 20 1  0
32.6352 3492840 214.6 3 0 0 312 3407274 3407278 13 0 1 20 1  0
33.6504 3492499 214.579 4 0 0 15 3407270 3407281 13 0 1 20 1  0
17.8784 3446742 211.768 6 2 0.0394922 162 3413132 3413151 13 0 1 20 1  0
10.644 3409535 209.482 3 1 0.0197462 1 3409535 3409536 13 0 1 20 1  0
27.7038 3493162 214.62 3 1 0.0197462 22 3410189 3410193 13 0 1 20 1  0
26.1194 3510761 215.701 3 1 0.0197462 2 3413117 3413140 13 0 1 20 1  0
10.659 3413125 209.702 2 2 0.0394922 4 3413125 3413126 13 0 1 20 1  0
10.0354 3407280 209.343 4 2 0.0394922 1 3407280 3407281 13 0 1 20 1  0
20.4267 3502138 215.171 3 3 0.059238 1 3421641 3421642 13 0 1 20 1  0
27.3699 3505059 215.351 4 3 0.059238 28 3407276 3407279 13 0 1 20 1  0
11.3793 3435679 211.088 2 4 0.0789836 3 3435679 3435680 13 0 1 20 1  0
12.2094 3511396 215.74 2 4 0.0789836 1 3436330 3436340 13 0 1 20 1  0
18.9429 3494946 214.729 5 5 0.0987291 2 3432735 3432744 13 0 1 20 1  0
13.2764 3505839 215.399 10 95 1.88345 26 3446231 3446854 13 0 1 20 1  0
10.4587 3434370 211.008 3 12 0.236951 7 3434370 3434371 13 0 1 20 1  0
11.7788 3488773 214.35 2 5 0.0987291 1 3435677 3435679 13 0 1 20 1  0
16.8024 3493804 214.659 3 5 0.0987291 2 3413118 3413123 13 0 1 20 1  0
11.6742 3436327 211.128 2 7 0.13822 3 3434374 3434377 13 0 1 20 1  0
10.0686 3435351 211.068 5 7 0.13822 1 3435351 3435352 13 0 1 20 1  0
10.1723 3432737 210.907 4 10 0.197458 1 3432737 3432738 13 0 1 20 1  0
10.7014 3490710 214.469 2 11 0.217204 1 3436321 3436322 13 0 1 20 1  0
10.8072 3498833 214.968 3 24 0.473963 1 3489549 3489551 13 0 1 20 1  0
10.4956 3435634 211.085 3 86 1.70367 2 3435633 3435636 13 0 1 20 1  0
10.1493 3493613 214.648 3 88 1.74358 1 3493613 3493614 13 0 1 20 1  0
10.4609 3503696 215.267 3 95 1.88345 7 3503695 3503697 13 0 1 20 1  0
10.1424 3489307 214.383 5 214 4.32186 1 3489305 3489308 13 0 1 20 1  0
12.1078 3446294 211.74 5 385 8.19014 42 3435202 3435242 13 0 1 20 1  0
10.0459 3441755 211.461 5 380 8.06818 3 3441755 3441756 13 0 1 20 1  0
12.3878 3435191 211.058 6 401 8.58478 73 3435158 3435217 13 0 1 20 1  0
10.3825 3491045 214.49 10 677 16.7755 1 3491012 3491059 13 0 1 20 1  0
12.6161 3488496 214.333 8 1103 38.4702 65 3488374 3488666 13 0 1 20 1  0
10.3336 3507456 215.498 10 1025 33.2836 1 3507256 3507553 13 0 1 20 1  0
10.0486 3506640 215.448 12 1234 48.897 1 3506618 3506694 13 0 1 20 1  0
10.9962 3503251 215.24 11 1838 144.303 11 3502365 3503662 13 0 1 20 1  0
21.1186 3651644 224.357 12 2789 780.342 355 3617214 3620738 13 0 1 20 1  0
11.3201 3500643 215.079 11 2373 373.11 2 3499684 3500960 13 0 1 20 1  0
10.8131 3467030 213.014 11 2381 378.443 1 3466554 3467588 13 0 1 20 1  0
0 3405824 209.254 11 2381 378.443 5 3499684 3500430 13 0 1 20 1  0
0 3405824 209.254 7 2751 729.486 22 3658571 3658584 13 0 1 20 1  0
13.9388 3559680 218.707 12 3054 1248.48 3 3556494 3562412 13 0 1 20 1  0
10.4054 3701508 227.421 8 0 0 1 3701508 3701509 13 0 1 20 1  0
15.8058 3837395 235.77 8 0 0 1 3712461 3712465 13 0 1 20 1  0
0 3667968 225.36 8 0 0 1193 3712790 3712798 13 0 1 20 1  0
10.49 3701508 227.421 1 0 0 2 3701508 3701509 13 0 1 20 1  0
17.6698 3785552 232.584 1 0 0 1 3712460 3712476 13 0 1 20 1  0
18.7192 3786531 232.644 2 0 0 313 3701508 3701511 13 0 1 20 1  0
10.5971 3712461 228.094 2 1 0.0197462 5 3712461 3712462 13 0 1 20 1  0
13.426 3749719 230.383 4 1 0.0197462 3 3712785 3712801 13 0 1 20 1  0
14.8316 3714406 228.213 4 4 0.0789836 15 3712775 3712781 13 0 1 20 1  0
11.483 3748730 230.322 2 2 0.0394922 1 3744432 3744433 13 0 1 20 1  0
11.4741 3836637 235.723 3 7 0.13822 3 3714396 3714405 13 0 1 20 1  0
10.052 3712768 228.112 3 8 0.157966 1 3712768 3712769 13 0 1 20 1  0
10.7261 3887529 238.85 8 113 2.24444 9 3887517 3887555 13 0 1 20 1  0
10.1756 3883711 238.615 3 222 4.49138 1 3883710 3883712 13 0 1 20 1  0
10.2865 3747918 230.272 11 315 6.5368 1 3747884 3747950 13 0 1 20 1  0
10.8508 3886890 238.811 4 385 8.19014 15 3785191 3785232 13 0 1 20 1  0
10.7069 3886007 238.756 7 631 15.1893 9 3885963 3886030 13 0 1 20 1  0
10.7096 3784331 232.509 4 624 14.957 8 3784328 3784333 13 0 1 20 1  0
10.8698 3783446 232.455 5 811 22.0745 23 3783426 3783455 13 0 1 20 1  0
10.1866 3782521 232.398 5 958 29.341 4 3782521 3782525 13 0 1 20 1  0
10.1042 3735254 229.494 8 2443 422.442 1 3735244 3735269 13 0 1 20 1  0
16.2738 4184110 257.072 8 0 0 1 3937098 3937100 13 0 1 20 1  0
0 3930112 241.466 8 0 0 3853 3939607 3939608 13 0 1 20 1  0
12.825 3937099 241.895 1 0 0 4 3937099 3937100 13 0 1 20 1  0
18.2947 4184111 257.072 1 0 0 1 3937106 3937108 13 0 1 20 1  0
20.2335 4002926 245.94 3 0 0 3365 3937096 3937109 13 0 1 20 1  0
10.3096 3939736 242.057 4 1 0.0197462 1 3939736 3939737 13 0 1 20 1  0
10.4382 3937633 241.928 4 10 0.197458 3 3937633 3937634 13 0 1 20 1  0
15.3003 4185087 257.132 3 2 0.0394922 2 3939605 3939608 13 0 1 20 1  0
13.3962 4182787 256.99 3 3 0.059238 5 3939603 3939606 13 0 1 20 1  0
10.5416 3941281 242.152 2 163 3.25999 3 3939983 3939984 13 0 1 20 1  0
10.5805 4142568 254.519 2 4 0.0789836 1 3940998 3941000 13 0 1 20 1  0
12.9684 4180829 256.87 3 5 0.0987291 1 3940995 3940998 13 0 1 20 1  0
10.5019 4179866 256.811 2 6 0.118475 1 3940993 3940995 13 0 1 20 1  0
11.7378 3941656 242.175 5 7 0.13822 1 3941001 3941008 13 0 1 20 1  0
10.1983 3940986 242.134 4 11 0.217204 4 3940986 3940987 13 0 1 20 1  0
10.2773 3940008 242.074 3 15 0.296194 5 3940008 3940009 13 0 1 20 1  0
13.0027 3940613 242.111 4 168 3.36279 11 3939627 3939643 13 0 1 20 1  0
12.9494 3939677 242.054 10 85 1.68372 27 3939341 3939863 13 0 1 20 1  0
10.0426 4051130 248.901 8 115 2.28468 1 4051129 4051134 13 0 1 20 1  0
10.0461 3941384 242.159 3 122 2.42574 1 3941384 3941385 13 0 1 20 1  0
10.2926 3936081 241.833 3 158 3.15743 2 3936081 3936082 13 0 1 20 1  0
10.2871 3939596 242.049 4 183 3.6728 5 3939596 3939597 13 0 1 20 1  0
10.0029 3939321 242.032 4 165 3.30108 1 3939321 3939322 13 0 1 20 1  0
10.0189 3936697 241.871 6 172 3.44522 2 3936697 3936698 13 0 1 20 1  0
10.3079 3938752 241.997 3 472 10.4237 4 3938752 3938753 13 0 1 20 1  0
10.0529 3935919 241.823 5 439 9.55029 2 3935919 3935920 13 0 1 20 1  0
10.2465 3940436 242.1 4 454 9.94308 2 3940436 3940437 13 0 1 20 1  0
12.9328 3937304 241.908 8 745 19.3282 61 3937203 3937461 13 0 1 20 1  0
10.5583 4181208 256.893 7 1347 59.9959 2 4181194 4181224 13 0 1 20 1  0
11.4207 3930120 241.467 11 1530 83.3309 55 3930112 3930464 13 0 1 20 1  0
10.2378 4192256 257.572 11 1433 70.0354 2 4192050 4192257 13 0 1 20 1  0
10.3755 4039816 248.206 11 1617 97.3453 5 4039654 4040086 13 0 1 20 1  0
13.2494 4159134 255.537 10 1714 115.725 41 4037355 4037622 13 0 1 20 1  0
10.5111 4039083 248.161 6 1666 106.237 1 4039080 4039087 13 0 1 20 1  0
14.9931 3977623 244.385 8 2024 200.83 177 3977071 3978028 13 0 1 20 1  0
11.793 4164108 255.843 12 2738 712.86 13 4161528 4165772 13 0 1 20 1  0
10.6013 4094976 251.595 12 2729 701.572 1 4093500 4096478 13 0 1 20 1  0
0 3930112 241.466 12 2729 701.572 1 4164302 4165254 13 0 1 20 1  0
10.3716 4200152 258.057 8 0 0 1 4200152 4200153 13 0 1 20 1  0
15.668 4293083 263.767 8 0 0 1 4214497 4214498 13 0 1 20 1  0
0 4192256 257.572 8 0 0 2416 4214501 4214503 13 0 1 20 1  0
10.9503 4200149 258.057 2 1 0.0197462 3 4200149 4200150 13 0 1 20 1  0
17.4319 4293084 263.767 1 0 0 1 4203420 4203421 13 0 1 20 1  0
18.3558 4280358 262.985 2 0 0 2 4214499 4214511 13 0 1 20 1  0
17.6794 4412101 271.079 2 0 0 1 4216466 4216467 13 0 1 20 1  0
19.4042 4253628 261.343 4 0 0 43 4214501 4214510 13 0 1 20 1  0
13.7556 4354987 267.57 6 7 0.13822 27 4252283 4252290 13 0 1 20 1  0
14.7443 4363824 268.113 5 4 0.0789836 9 4245463 4245469 13 0 1 20 1  0
14.293 4271507 262.441 2 1 0.0197462 2 4214497 4214499 13 0 1 20 1  0
16.6408 4252001 261.243 3 1 0.0197462 4 4214499 4214500 13 0 1 20 1  0
15.7717 4254609 261.403 4 1 0.0197462 2 4216781 4216790 13 0 1 20 1  0
10.8817 4214496 258.939 2 2 0.0394922 1 4214496 4214497 13 0 1 20 1  0
12.3239 4422816 271.738 3 5 0.0987291 3 4224598 4224600 13 0 1 20 1  0
10.0621 4216783 259.079 4 3 0.059238 1 4216783 4216784 13 0 1 20 1  0
12.2298 4244809 260.801 4 8 0.157966 2 4244805 4244814 13 0 1 20 1  0
10.098 4241235 260.581 4 5 0.0987291 1 4241235 4241236 13 0 1 20 1  0
11.1029 4287205 263.406 3 6 0.118475 2 4244810 4244815 13 0 1 20 1  0
11.3689 4282970 263.146 3 7 0.13822 1 4244808 4244812 13 0 1 20 1  0
11.3697 4271212 262.423 4 10 0.197458 1 4244803 4244808 13 0 1 20 1  0
10.1139 4287832 263.444 3 11 0.217204 1 4244803 4244805 13 0 1 20 1  0
10.2646 4362926 268.058 6 229 4.64044 5 4362922 4362931 13 0 1 20 1  0
10.1947 4422263 271.704 7 230 4.66179 1 4422253 4422268 13 0 1 20 1  0
10.5155 4384782 269.401 12 889 25.7136 3 4383976 4384996 13 0 1 20 1  0
12.0395 4459282 273.978 8 0 0 1 4459282 4459283 13 0 1 20 1  0
13.0496 4468433 274.541 8 0 0 1 4460144 4460145 13 0 1 20 1  0
0 4454400 273.678 8 0 0 4173 4468433 4468434 13 0 1 20 1  0
19.692 4641405 285.168 2 0 0 3 4456997 4457001 13 0 1 20 1  0
19.315 4679982 287.538 2 0 0 1 4458183 4458186 13 0 1 20 1  0
23.4171 4670539 286.958 3 0 0 11 4456995 4457003 13 0 1 20 1  0
21.6017 4671184 286.998 4 0 0 22 4456994 4457003 13 0 1 20 1  0
13.5468 4679973 287.538 6 0 0 3 4592274 4592301 13 0 1 20 1  0
16.0593 4671448 287.014 12 0 0 6 4668484 4691774 13 0 1 20 1  0
0 4454400 273.678 12 0 0 6 4711406 4712032 13 0 1 20 1  0
10.4768 4482641 275.413 2 1 0.0197462 1 4482641 4482642 13 0 1 20 1  0
10.7206 4458628 273.938 3 1 0.0197462 2 4458628 4458629 13 0 1 20 1  0
16.5953 4709975 289.381 3 1 0.0197462 3 4459279 4459286 13 0 1 20 1  0
10.4357 4643160 285.276 2 2 0.0394922 1 4643160 4643161 13 0 1 20 1  0
10.7142 4713553 289.601 2 2 0.0394922 1 4678564 4678565 13 0 1 20 1  0
16.9844 4644993 285.388 4 2 0.0394922 1 4459156 4459163 13 0 1 20 1  0
14.654 4678999 287.478 4 4 0.0789836 6 4480030 4480033 13 0 1 20 1  0
10.1945 4670740 286.97 2 3 0.059238 1 4670740 4670741 13 0 1 20 1  0
11.2479 4691386 288.239 2 3 0.059238 6 4691384 4691387 13 0 1 20 1  0
12.4155 4671391 287.01 5 8 0.157966 3 4635745 4635751 13 0 1 20 1  0
12.984 4670849 286.977 3 5 0.0987291 7 4648244 4648245 13 0 1 20 1  0
10.3465 4635742 284.82 4 7 0.13822 1 4635742 4635743 13 0 1 20 1  0
10.3065 4480350 275.273 4 8 0.157966 1 4480350 4480351 13 0 1 20 1  0
11.5553 4671718 287.03 5 9 0.177712 5 4670522 4670528 13 0 1 20 1  0
10.0983 4672144 287.057 3 11 0.217204 1 4672144 4672145 13 0 1 20 1  0
13.8705 4711512 289.475 12 190 3.81834 26 4710418 4712902 13 0 1 20 1  0
10.6481 4670668 286.966 12 531 12.0762 1 4669322 4671110 13 0 1 20 1  0
0 4454400 273.678 12 531 12.0762 1 4710088 4710592 13 0 1 20 1  0
10.3374 4739536 291.197 8 0 0 1 4739536 4739537 13 0 1 20 1  0
13.229 4891377 300.526 8 0 0 1 4766599 4766600 13 0 1 20 1  0
0 4716544 289.784 8 0 0 952 4836041 4836042 13 0 1 20 1  0
14.8266 4977349 305.808 1 0 0 1 4737902 4737914 13 0 1 20 1  0
19.3157 4836045 297.127 3 0 0 23 4737898 4737917 13 0 1 20 1  0
14.8087 4837016 297.186 5 0 0 1 4737894 4737921 13 0 1 20 1  0
11.25 4959071 304.685 6 1 0.0197462 2 4737896 4737922 13 0 1 20 1  0
12.4157 4978195 305.86 5 2 0.0394922 14 4739521 4739537 13 0 1 20 1  0
12.0652 4812310 295.668 3 3 0.059238 3 4787891 4787896 13 0 1 20 1  0
12.7132 4894310 300.706 2 1 0.0197462 3 4892027 4892028 13 0 1 20 1  0
10.0708 4892025 300.566 2 2 0.0394922 1 4892025 4892026 13 0 1 20 1  0
12.6053 4816814 295.945 3 2 0.0394922 1 4737902 4737907 13 0 1 20 1  0
10.2888 4893977 300.686 2 4 0.0789836 2 4893977 4893978 13 0 1 20 1  0
11.2062 4737911 291.097 6 5 0.0987291 7 4737890 4737918 13 0 1 20 1  0
11.872 4787891 294.168 3 4 0.0789836 2 4787891 4787894 13 0 1 20 1  0
10.4856 4816822 295.946 7 4 0.0789836 1 4816820 4816831 13 0 1 20 1  0
10.6655 4893837 300.677 2 5 0.0987291 1 4811978 4811980 13 0 1 20 1  0
11.0288 4811977 295.648 3 6 0.118475 3 4811977 4811979 13 0 1 20 1  0
10.0168 4837334 297.206 3 7 0.13822 1 4837334 4837335 13 0 1 20 1  0
10.0019 4898995 300.994 3 7 0.13822 1 4898995 4898996 13 0 1 20 1  0
11.7137 4990694 306.628 8 0 0 1 4990694 4990695 13 0 1 20 1  0
20.1441 5062763 311.056 3 0 0 36 4985872 4985876 13 0 1 20 1  0
0 4978688 305.891 8 0 0 813 4992324 4992325 13 0 1 20 1  0
16.4684 5050040 310.274 5 1 0.0197462 10 4990683 4990707 13 0 1 20 1  0
11.0626 4992316 306.728 3 4 0.0789836 4 4992315 4992318 13 0 1 20 1  0
10.58 4990696 306.628 3 3 0.059238 1 4990696 4990697 13 0 1 20 1  0
10.0893 4990574 306.621 4 3 0.059238 1 4990574 4990575 13 0 1 20 1  0
11.4971 5103228 313.542 6 5 0.0987291 6 5049708 5049733 13 0 1 20 1  0
14.3573 5067316 311.336 5 5 0.0987291 1 4990696 4990699 13 0 1 20 1  0
10.8167 5007105 307.637 11 157 3.13695 2 5006599 5007317 13 0 1 20 1  0
11.7149 5042521 309.812 11 2691 655.848 9 5041523 5043374 13 0 1 20 1  0
10.3168 5281583 324.5 8 0 0 1 5281583 5281584 13 0 1 20 1  0
35.0895 5329304 327.432 4 0 0 97 5271106 5271120 13 0 1 20 1  0
0 5240832 321.997 8 0 0 380 5305378 5305379 13 0 1 20 1  0
11.7323 5270990 323.85 2 0 0 3 5270990 5270991 13 0 1 20 1  0
11.9524 5328661 327.393 2 4 0.0789836 3 5328417 5328419 13 0 1 20 1  0
12.9416 5301472 325.722 2 1 0.0197462 2 5301472 5301473 13 0 1 20 1  0
20.935 5328819 327.403 3 2 0.0394922 9 5271108 5271109 13 0 1 20 1  0
10.1861 5252123 322.69 3 2 0.0394922 3 5252123 5252124 13 0 1 20 1  0
11.17 5419517 332.975 10 2 0.0394922 2 5419316 5419813 13 0 1 20 1  0
10.7061 5559688 341.587 8 0 0 1 5559688 5559689 13 0 1 20 1  0
24.2244 5718377 351.337 3 0 0 13 5503265 5503272 13 0 1 20 1  0
0 5502976 338.103 8 0 0 2055 5567062 5567063 13 0 1 20 1  0
19.2542 5730568 352.086 4 2 0.0394922 2442 5506517 5506532 13 0 1 20 1  0
10.9095 5566861 342.028 2 1 0.0197462 1 5566861 5566862 13 0 1 20 1  0
18.6003 5692407 349.741 3 1 0.0197462 6 5506522 5506529 13 0 1 20 1  0
10.0083 5723942 351.679 2 5 0.0987291 1 5723942 5723943 13 0 1 20 1  0
10.0749 5723914 351.677 6 9 0.177712 1 5723914 5723915 13 0 1 20 1  0
10.1189 5724714 351.726 5 10 0.197458 1 5724714 5724715 13 0 1 20 1  0
10.0007 5717677 351.294 3 71 1.40493 1 5717677 5717678 13 0 1 20 1  0
10.1569 5717604 351.29 4 183 3.6728 2 5717604 5717605 13 0 1 20 1  0
11.8816 5719411 351.401 10 1122 39.8412 4 5719131 5719747 13 0 1 20 1  0
12.572 5718022 351.315 12 1369 62.4224 4 5715232 5719050 13 0 1 20 1  0
12.0035 5713956 351.065 12 1840 144.817 20 5712472 5715206 13 0 1 20 1  0
10.5356 5632234 346.044 12 2791 783.115 1 5631228 5632804 13 0 1 20 1  0
10.4526 6469744 397.501 8 0 0 1 6469744 6469745 13 0 1 20 1  0
28.0259 6509641 399.952 4 0 0 196 6332837 6332851 13 0 1 20 1  0
0 6289408 386.421 8 0 0 212 6507560 6507571 13 0 1 20 1  0
29.5148 6507564 399.825 3 0 0 8 6332839 6332853 13 0 1 20 1  0
10.713 6469744 397.501 2 2 0.0394922 1 6469744 6469745 13 0 1 20 1  0
10.6983 6506363 399.751 3 6 0.118475 1 6506363 6506364 13 0 1 20 1  0
11.0029 6510616 400.012 3 6 0.118475 1 6509629 6509638 13 0 1 20 1  0
10.4543 6601353 405.587 6 1 0.0197462 2 6601352 6601354 13 0 1 20 1  0
11.5392 6641340 408.044 3 6 0.118475 8 6641339 6641342 13 0 1 20 1  0
10.1463 6661215 409.265 5 75 1.48449 3 6661213 6661217 13 0 1 20 1  0
11.3388 6556768 402.848 12 2563 522.647 1 6553702 6557644 13 0 1 20 1  0
10.5058 6813684 418.633 11 2933 1007.38 3 6813335 6813697 13 0 1 20 1  0
10.5918 6551631 402.532 11 2931 1003.81 2 6551552 6551721 13 0 1 20 1  0
12.3067 6926312 425.553 8 0 0 1 6926312 6926313 13 0 1 20 1  0
14.6052 6926312 425.553 1 0 0 1 6843654 6843660 13 0 1 20 1  0
0 6813696 418.633 1 0 0 29 6847244 6847247 13 0 1 20 1  0
17.7903 6843655 420.474 3 0 0 46 6843652 6843665 13 0 1 20 1  0
12.138 6925202 425.484 12 1833 143.025 2 6923690 6926560 13 0 1 20 1  0
20.7031 7068544 434.291 12 2426 409.893 93 7065198 7071360 13 0 1 20 1  0
20.0809 7061132 433.836 12 2850 869.495 184 7024500 7027182 13 0 1 20 1  0
0 6813696 418.633 8 2708 675.923 9 7075666 7075841 13 0 1 20 1  0
13.121 7010666 430.735 12 2962 1060.54 23 7008378 7013188 13 0 1 20 1  0
12.5194 7118863 437.383 8 0 0 1 7118863 7118864 13 0 1 20 1  0
16.9235 7119868 437.445 8 0 0 1 7119868 7119869 13 0 1 20 1  0
0 7075840 434.74 8 0 0 657 7182746 7182747 13 0 1 20 1  0
16.7706 7119868 437.445 1 0 0 1 7118863 7118865 13 0 1 20 1  0
22.2141 7273432 446.88 3 0 0 15 7119865 7119871 13 0 1 20 1  0
19.399 7303519 448.728 5 0 0 68 7192074 7192101 13 0 1 20 1  0
10.3797 7192095 441.882 2 1 0.0197462 6 7192095 7192096 13 0 1 20 1  0
14.7453 7242791 444.997 2 1 0.0197462 1 7192539 7192540 13 0 1 20 1  0
16.6483 7282686 447.448 6 1 0.0197462 6 7192086 7192110 13 0 1 20 1  0
13.1517 7287861 447.766 2 2 0.0394922 3 7242788 7242790 13 0 1 20 1  0
14.6054 7242134 444.957 3 2 0.0394922 1 7192078 7192096 13 0 1 20 1  0
11.2652 7278012 447.161 2 4 0.0789836 2 7278012 7278015 13 0 1 20 1  0
15.8633 7278462 447.189 3 5 0.0987291 30 7192085 7192091 13 0 1 20 1  0
10.0297 7278214 447.173 9 4 0.0789836 1 7278214 7278215 13 0 1 20 1  0
10.48 7139003 438.62 11 395 8.436 2 7138973 7139041 13 0 1 20 1  0
11.5297 7139972 438.68 6 397 8.48549 59 7135715 7135737 13 0 1 20 1  0
11.0331 7136408 438.461 5 393 8.38662 11 7136072 7136074 13 0 1 20 1  0
0 7075840 434.74 6 384 8.1657 69 7139985 7140009 13 0 1 20 1  0
10.0279 7136064 438.44 5 397 8.48549 1 7136064 7136065 13 0 1 20 1  0
10.1165 7137001 438.497 5 406 8.70951 1 7137001 7137002 13 0 1 20 1  0
10.5584 7135676 438.416 5 419 9.03701 4 7135672 7135686 13 0 1 20 1  0
11.5304 7154783 439.59 8 1393 65.1779 23 7154682 7154883 13 0 1 20 1  0
11.0459 7150957 439.355 10 1674 107.763 6 7148194 7151412 13 0 1 20 1  0
0 7075840 434.74 9 1694 111.673 1 7150845 7151163 13 0 1 20 1  0
11.9258 7140706 438.725 11 2075 219.866 55 7139640 7141734 13 0 1 20 1  0
11.4212 7108039 436.718 9 2281 316.919 19 7106213 7108206 13 0 1 20 1  0
10.0815 7131799 438.178 9 2295 324.89 1 7131789 7131806 13 0 1 20 1  0
0 7075840 434.74 9 2297 326.045 1 7131048 7131803 13 0 1 20 1  0
12.2095 7106430 436.619 10 2694 659.347 7 7104537 7110445 13 0 1 20 1  0
18.496 7076452 434.777 10 2770 754.486 183 7075840 7078725 13 0 1 20 1  0
10.3126 7091600 435.708 12 2836 848.173 2 7090642 7091886 13 0 1 20 1  0
10.3721 7393383 454.249 8 0 0 1 7393383 7393384 13 0 1 20 1  0
43.7399 7543535 463.475 4 0 0 8289 7359923 7359964 13 0 1 20 1  0
0 7337984 450.846 8 0 0 29881 7426949 7426950 13 0 1 20 1  0
10.5356 7360090 452.204 1 0 0 1 7360090 7360091 13 0 1 20 1  0
11.8197 7594071 466.58 1 0 0 1 7361867 7361878 13 0 1 20 1  0
10.8969 7393383 454.249 1 1 0.0197462 1 7393383 7393384 13 0 1 20 1  0
10.5317 7543361 463.464 1 1 0.0197462 1 7543361 7543362 13 0 1 20 1  0
10.9184 7360115 452.205 2 1 0.0197462 1 7360115 7360116 13 0 1 20 1  0
20.8083 7361693 452.302 9 6 0.118475 23 7359851 7362619 13 0 1 20 1  0
22.7678 7575311 465.427 10 276 5.66077 3728 7543426 7546424 13 0 1 20 1  0
10.9194 7523877 462.267 2 2 0.0394922 1 7523877 7523878 13 0 1 20 1  0
27.6608 7589503 466.299 4 2 0.0394922 2 7360076 7360118 13 0 1 20 1  0
10.1504 7359923 452.194 4 4 0.0789836 3 7359923 7359924 13 0 1 20 1  0
10.1314 7361852 452.312 2 9 0.177712 3 7361852 7361853 13 0 1 20 1  0
14.1341 7571897 465.217 5 19 0.375194 14 7543521 7543676 13 0 1 20 1  0
11.2361 7566406 464.88 3 27 0.533239 2 7543513 7543533 13 0 1 20 1  0
15.4228 7566333 464.875 4 75 1.48449 18 7543499 7543655 13 0 1 20 1  0
10.0522 7361712 452.304 5 366 7.73002 1 7361712 7361713 13 0 1 20 1  0
12.7083 7581039 465.779 5 377 7.99531 1 7545811 7545842 13 0 1 20 1  0
10.2451 7403936 454.898 5 413 8.88527 6 7403936 7403937 13 0 1 20 1  0
10.005 7401682 454.759 7 409 8.78467 1 7401682 7401683 13 0 1 20 1  0
10.0208 7405201 454.976 7 667 16.4216 2 7405201 7405202 13 0 1 20 1  0
10.8317 7574761 465.393 7 960 29.4524 1 7545376 7545377 13 0 1 20 1  0
10.014 7496207 460.567 8 976 30.3573 1 7496207 7496208 13 0 1 20 1  0
10.7876 7399096 454.6 12 1230 48.5426 1 7397268 7399338 13 0 1 20 1  0
11.0939 7550843 463.924 5 1452 72.4646 7 7550831 7550848 13 0 1 20 1  0
13.4973 7542288 463.398 12 1843 145.592 29 7540988 7543582 13 0 1 20 1  0
0 7337984 450.846 8 1850 147.416 1 7542973 7543180 13 0 1 20 1  0
11.4199 7520992 462.09 12 2440 420.2 1 7519796 7522090 13 0 1 20 1  0
11.2554 7485512 459.91 12 2759 739.91 2 7484158 7487648 13 0 1 20 1  0
10.0241 7600914 467 8 0 0 1 7600914 7600915 13 0 1 20 1  0
23.6395 7710972 473.762 2 0 0 17 7600913 7600917 13 0 1 20 1  0
0 7600128 466.952 8 0 0 1158 7606129 7606131 13 0 1 20 1  0
17.0162 7861685 483.022 4 0 0 20 7624051 7624059 13 0 1 20 1  0
10.1985 7600914 467 3 1 0.0197462 1 7600914 7600915 13 0 1 20 1  0
10.6848 7606122 467.32 3 4 0.0789836 2 7606122 7606123 13 0 1 20 1  0
13.2196 7709973 473.701 5 2 0.0394922 3 7696931 7696948 13 0 1 20 1  0
10.0081 7733452 475.143 2 3 0.059238 1 7733452 7733453 13 0 1 20 1  0
11.4014 7748101 476.043 2 3 0.059238 4 7748100 7748102 13 0 1 20 1  0
11.4172 7754843 476.458 5 3 0.059238 1 7709966 7709975 13 0 1 20 1  0
10.1053 7747656 476.016 2 4 0.0789836 1 7747656 7747657 13 0 1 20 1  0
13.556 7696930 472.899 3 4 0.0789836 4 7624046 7624048 13 0 1 20 1  0
15.755 7860690 482.961 4 5 0.0987291 13 7696927 7696935 13 0 1 20 1  0
12.896 7858156 482.805 5 4 0.0789836 20 7696933 7696943 13 0 1 20 1  0
12.7167 7740165 475.556 3 7 0.13822 3 7696922 7696927 13 0 1 20 1  0
10.0021 7749751 476.145 5 9 0.177712 1 7749751 7749752 13 0 1 20 1  0
10.1348 7842080 481.817 3 15 0.296194 1 7842080 7842081 13 0 1 20 1  0
10.4442 7859540 482.89 12 48 0.948609 1 7858548 7859614 13 0 1 20 1  0
14.4368 7858222 482.809 12 260 5.3094 2 7855506 7860492 13 0 1 20 1  0
14.7236 7611750 467.666 12 1610 96.1366 68 7610288 7614910 13 0 1 20 1  0
0 7600128 466.952 7 1523 82.2938 1 7614315 7614472 13 0 1 20 1  0
10.8841 7848132 482.189 12 2562 521.721 5 7846746 7850682 13 0 1 20 1  0
11.1743 7813928 480.088 12 2781 769.349 4 7812360 7814986 13 0 1 20 1  0
10.3532 7862272 483.058 12 3264 1811.82 1 7861936 7862274 13 0 1 20 1  0
10.3083 7867219 483.362 8 0 0 1 7867219 7867220 13 0 1 20 1  0
17.6418 7923472 486.818 8 0 0 1 7875043 7875044 13 0 1 20 1  0
10.2102 7862331 483.062 2 0 0 5041 7862331 7862332 13 0 1 20 1  0
22.4836 7930315 487.239 3 0 0 29 7862330 7862334 13 0 1 20 1  0
23.3158 7926423 486.999 4 0 0 75 7867217 7867230 13 0 1 20 1  0
25.02 7925773 486.959 4 1 0.0197462 157 7866565 7866572 13 0 1 20 1  0
10.2508 7908978 485.928 3 8 0.157966 4 7908978 7908979 13 0 1 20 1  0
10.0833 7929663 487.198 1 1 0.0197462 1 7926747 7926748 13 0 1 20 1  0
10.5056 7867221 483.362 2 1 0.0197462 1 7867221 7867222 13 0 1 20 1  0
13.1569 7928080 487.101 7 23 0.454207 29 7924753 7925165 13 0 1 20 1  0
15.3359 8068224 495.712 3 8 0.157966 12 7909604 7909619 13 0 1 20 1  0
11.9404 8123011 499.078 3 4 0.0789836 3 7879933 7879937 13 0 1 20 1  0
17.3862 7925456 486.94 3 4 0.0789836 1 7876336 7876340 13 0 1 20 1  0
10.413 7876337 483.922 3 5 0.0987291 1 7876337 7876338 13 0 1 20 1  0
12.9129 7925115 486.919 5 24 0.473963 8 7924777 7924801 13 0 1 20 1  0
10.2163 7909609 485.966 3 13 0.256698 4 7909609 7909610 13 0 1 20 1  0
12.524 7939755 487.819 3 9 0.177712 1 7925121 7925133 13 0 1 20 1  0
12.7054 8054531 494.87 3 11 0.217204 6 7909610 7909614 13 0 1 20 1  0
12.4276 7987693 490.764 3 10 0.197458 1 7909612 7909615 13 0 1 20 1  0
10.053 7945292 488.159 2 11 0.217204 2 7945292 7945293 13 0 1 20 1  0
10.0433 7909289 485.947 4 11 0.217204 1 7909289 7909290 13 0 1 20 1  0
10.673 8033012 493.548 3 19 0.375194 3 7925112 7925124 13 0 1 20 1  0
11.6929 7943667 488.059 3 16 0.315943 3 7909599 7909606 13 0 1 20 1  0
11.2904 7932912 487.398 3 15 0.296194 1 7909603 7909607 13 0 1 20 1  0
12.23 7928682 487.138 4 17 0.335692 1 7909595 7909604 13 0 1 20 1  0
10.5576 8123650 499.117 3 24 0.473963 2 7924795 7924798 13 0 1 20 1  0
10.2999 8114851 498.576 3 20 0.394946 1 7925112 7925126 13 0 1 20 1  0
11.205 8118107 498.776 4 20 0.394946 1 7924785 7924806 13 0 1 20 1  0
10.1838 8024190 493.006 3 21 0.414699 1 7930306 7930312 13 0 1 20 1  0
10.1339 8008214 492.025 3 34 0.671599 1 8008214 8008215 13 0 1 20 1  0
10.1136 7924766 486.898 5 72 1.42481 1 7924766 7924767 13 0 1 20 1  0
10.1881 7892122 484.892 12 1860 150.06 2 7891668 7892570 13 0 1 20 1  0
11.2546 7862380 483.065 12 3029 1194.34 1 7862272 7863128 13 0 1 20 1  0
10.603 7892542 484.918 12 3092 1335.52 1 7892136 7893704 13 0 1 20 1  0
11.4071 8212118 504.553 8 0 0 1 8212118 8212119 13 0 1 20 1  0
19.1591 8367673 514.11 5 1 0.0197462 273 8206070 8206098 13 0 1 20 1  0
0 8124416 499.164 8 0 0 3946 8221570 8221571 13 0 1 20 1  0
10.3701 8206066 504.181 1 0 0 1 8206066 8206067 13 0 1 20 1  0
13.8074 8326773 511.597 1 0 0 1 8206086 8206096 13 0 1 20 1  0
10.0168 8133400 499.716 3 0 0 1 8133400 8133401 13 0 1 20 1  0
10.0582 8190518 503.225 4 0 0 1 8190518 8190519 13 0 1 20 1  0
10.7743 8165471 501.687 2 3 0.059238 2 8165471 8165472 13 0 1 20 1  0
14.2746 8369183 514.203 2 1 0.0197462 1 8221570 8221572 13 0 1 20 1  0
10.0933 8134739 499.798 3 20 0.394946 3 8134739 8134740 13 0 1 20 1  0
10.2272 8147839 500.603 5 1 0.0197462 2 8147839 8147840 13 0 1 20 1  0
11.6989 8240424 506.292 2 3 0.059238 3 8234548 8234549 13 0 1 20 1  0
10.6066 8125942 499.258 3 4 0.0789836 2 8125942 8125943 13 0 1 20 1  0
10.39 8154317 501.001 4 3 0.059238 1 8154317 8154318 13 0 1 20 1  0
12.1426 8352629 513.185 5 78 1.54421 86 8352295 8352314 13 0 1 20 1  0
10.3013 8135074 499.819 2 4 0.0789836 3 8135074 8135075 13 0 1 20 1  0
10.7695 8273696 508.336 2 4 0.0789836 1 8234547 8234549 13 0 1 20 1  0
14.8015 8355286 513.349 3 5 0.0987291 41 8125940 8125944 13 0 1 20 1  0
12.9549 8182359 502.724 4 18 0.355443 3 8134735 8134742 13 0 1 20 1  0
10.9363 8234545 505.93 2 6 0.118475 1 8234544 8234548 13 0 1 20 1  0
13.3969 8270757 508.155 3 6 0.118475 1 8125941 8125943 13 0 1 20 1  0
10.1101 8247590 506.732 2 10 0.197458 3 8247590 8247592 13 0 1 20 1  0
10.0041 8134413 499.778 4 12 0.236951 1 8134413 8134414 13 0 1 20 1  0
10.008 8124632 499.177 3 13 0.256698 1 8124632 8124633 13 0 1 20 1  0
12.9476 8353645 513.248 4 16 0.315943 57 8134737 8134742 13 0 1 20 1  0
10.3668 8168663 501.883 3 21 0.414699 3 8168663 8168664 13 0 1 20 1  0
10.315 8153007 500.921 3 19 0.375194 3 8153007 8153008 13 0 1 20 1  0
10.0048 8166705 501.762 4 21 0.414699 1 8166705 8166706 13 0 1 20 1  0
10.0674 8352312 513.166 5 67 1.32543 5 8352312 8352313 13 0 1 20 1  0
10.5046 8355565 513.366 4 40 0.790264 2 8221480 8221486 13 0 1 20 1  0
10.9708 8369281 514.209 5 32 0.63206 2 8352318 8352327 13 0 1 20 1  0
11.0817 8221489 505.128 4 34 0.671599 1 8221483 8221493 13 0 1 20 1  0
10.5489 8368958 514.189 5 93 1.84346 5 8352616 8352632 13 0 1 20 1  0
10.2085 8355509 513.362 4 205 4.13218 3 8355508 8355510 13 0 1 20 1  0
0 8124416 499.164 12 260 5.3094 1 8368008 8368598 13 0 1 20 1  0
10.0129 8367820 514.119 12 992 31.2866 1 8367794 8367842 13 0 1 20 1  0
14.5558 8366651 514.047 11 1441 71.0484 846 8365542 8367785 13 0 1 20 1  0
11.0796 8366989 514.068 5 1368 62.31 5 8366971 8367010 13 0 1 20 1  0
0 8124416 499.164 6 1390 64.8271 362 8367311 8367315 13 0 1 20 1  0
10.2841 8635331 530.555 8 0 0 1 8635331 8635332 13 0 1 20 1  0
10.8171 8635331 530.555 1 0 0 1 8635331 8635332 13 0 1 20 1  0
10.4726 8482733 521.179 2 0 0 1 8482733 8482734 13 0 1 20 1  0
11.9814 8567984 526.417 12 1879 155.216 8 8543690 8546760 13 0 1 20 1  0
0 8386560 515.27 12 1879 155.216 9 8566016 8570334 13 0 1 20 1  0
12.3684 8544746 524.989 12 1902 161.694 1 8542428 8546524 13 0 1 20 1  0
10.8777 8635498 530.565 12 1909 163.718 1 8543270 8544806 13 0 1 20 1  0
10.9498 8810910 541.342 8 0 0 1 8810910 8810911 13 0 1 20 1  0
12.7672 8826766 542.316 8 0 0 1 8826766 8826768 13 0 1 20 1  0
10.7401 8822718 542.068 1 0 0 1 8822718 8822719 13 0 1 20 1  0
15.29 8826767 542.317 1 0 0 3 8826767 8826769 13 0 1 20 1  0
0 8648704 531.376 3 0 0 1 8851267 8851272 13 0 1 20 1  0
10.7448 8851267 543.822 4 0 0 4 8851264 8851276 13 0 1 20 1  0
11.6448 8891822 546.314 7 413 8.88527 143 8891782 8891850 13 0 1 20 1  0
11.1414 9285101 570.477 8 0 0 1 9285101 9285102 13 0 1 20 1  0
14.454 9338386 573.75 8 0 0 1 9300790 9300791 13 0 1 20 1  0
0 9172992 563.589 8 0 0 977 9300794 9300797 13 0 1 20 1  0
14.3451 9338386 573.75 1 0 0 1 9191538 9191540 13 0 1 20 1  0
12.8166 9349503 574.433 2 0 0 1 9191537 9191541 13 0 1 20 1  0
13.8254 9300796 571.441 5 6 0.118475 22 9188610 9188615 13 0 1 20 1  0
10.0122 9211153 565.933 2 1 0.0197462 1 9211153 9211154 13 0 1 20 1  0
10.6962 9285113 570.477 2 1 0.0197462 1 9285111 9285114 13 0 1 20 1  0
10.0953 9192852 564.809 3 1 0.0197462 1 9192852 9192853 13 0 1 20 1  0
13.9021 9212743 566.031 3 2 0.0394922 8 9178505 9178509 13 0 1 20 1  0
10.3261 9206869 565.67 2 2 0.0394922 1 9206869 9206870 13 0 1 20 1  0
11.0086 9392222 577.058 2 2 0.0394922 1 9284854 9284856 13 0 1 20 1  0
10.0703 9177861 563.888 3 3 0.059238 1 9177861 9177862 13 0 1 20 1  0
12.9292 9406891 577.959 3 3 0.059238 1 9178504 9178509 13 0 1 20 1  0
12.873 9277001 569.979 4 5 0.0987291 6 9177204 9177251 13 0 1 20 1  0
10.2423 9178504 563.927 3 4 0.0789836 3 9178504 9178505 13 0 1 20 1  0
10.2198 9177206 563.848 4 4 0.0789836 1 9177206 9177207 13 0 1 20 1  0
12.4355 9198388 565.149 4 4 0.0789836 1 9178503 9178507 13 0 1 20 1  0
10.0162 9176225 563.787 4 5 0.0987291 1 9176225 9176226 13 0 1 20 1  0
11.226 9178832 563.947 3 6 0.118475 1 9177206 9177208 13 0 1 20 1  0
10.5022 9358633 574.994 3 9 0.177712 2 9178830 9178832 13 0 1 20 1  0
10.0986 9196812 565.052 5 8 0.157966 1 9196812 9196813 13 0 1 20 1  0
11.1953 9297861 571.261 5 10 0.197458 1 9276999 9277008 13 0 1 20 1  0
10.0616 9279275 570.119 5 16 0.315943 1 9279274 9279276 13 0 1 20 1  0
11.1365 9172992 563.589 12 2885 925.175 2 9172992 9173848 13 0 1 20 1  0
16.582 9437190 579.821 5 20 0.394946 98 9435226 9435248 13 0 1 20 1  0
19.6032 9528968 585.46 8 0 0 1 9437387 9437388 13 0 1 20 1  0
10.6697 9435240 579.701 2 20 0.394946 8227 9435240 9435241 13 0 1 20 1  0
10.1613 9435897 579.742 1 0 0 2 9435897 9435898 13 0 1 20 1  0
25.5485 9543170 586.332 1 0 0 4 9437199 9437201 13 0 1 20 1  0
25.4732 9630015 591.668 1 0 0 1 9437208 9437209 13 0 1 20 1  0
37.5548 9555364 587.082 3 0 0 20 9435239 9435253 13 0 1 20 1  0
30.9984 9568407 587.883 2 0 0 2 9435574 9435578 13 0 1 20 1  0
21.0867 9609801 590.426 5 0 0 9 9437193 9437205 13 0 1 20 1  0
10.5655 9482323 582.594 1 1 0.0197462 1 9482323 9482324 13 0 1 20 1  0
14.9802 9544142 586.392 2 2 0.0394922 1 9437532 9437534 13 0 1 20 1  0
21.9498 9600014 589.825 4 4 0.0789836 5 9435243 9435256 13 0 1 20 1  0
18.3263 9502850 583.855 3 5 0.0987291 1 9435246 9435254 13 0 1 20 1  0
16.5746 9454480 580.883 3 6 0.118475 70 9435244 9435254 13 0 1 20 1  0
18.9373 9438830 579.922 4 7 0.13822 30 9435240 9435255 13 0 1 20 1  0
16.4805 9505127 583.995 5 14 0.276446 103 9435231 9435254 13 0 1 20 1  0
11.4748 9582727 588.763 2 8 0.157966 1 9435246 9435249 13 0 1 20 1  0
12.8995 9633593 591.888 4 10 0.197458 1 9435565 9435577 13 0 1 20 1  0
11.1149 9437845 579.861 2 13 0.256698 1 9435239 9435242 13 0 1 20 1  0
10.8972 9629999 591.667 2 14 0.276446 1 9435238 9435247 13 0 1 20 1  0
14.4637 9454142 580.862 4 31 0.612292 31 9435226 9435240 13 0 1 20 1  0
10.6431 9439470 579.961 2 35 0.691372 1 9437512 9437516 13 0 1 20 1  0
12.614 9439130 579.94 4 50 0.988221 16 9435222 9435230 13 0 1 20 1  0
11.7419 9435308 579.705 12 48 0.948609 1 9435136 9437110 13 0 1 20 1  0
11.8537 9453802 580.842 4 73 1.4447 57 9435216 9435219 13 0 1 20 1  0
10.0873 9437816 579.859 3 83 1.64383 1 9437816 9437817 13 0 1 20 1  0
15.5638 9435142 579.695 11 1475 75.5156 2165 9435136 9438367 13 0 1 20 1  0
10.5206 9453311 580.811 9 1073 36.3938 9 9453145 9453470 13 0 1 20 1  0
13.2154 9503869 583.918 8 1212 46.9777 131 9436113 9437033 13 0 1 20 1  0
10.3109 9451643 580.709 7 1793 133.201 1 9451639 9451650 13 0 1 20 1  0
16.3122 9498191 583.569 11 2212 280.397 36 9448908 9450751 13 0 1 20 1  0
0 9435136 579.695 10 2207 277.919 5 9497024 9500926 13 0 1 20 1  0
13.1532 9701349 596.051 8 0 0 1 9701349 9701350 13 0 1 20 1  0
20.2449 9769324 600.227 8 0 0 1 9701660 9701661 13 0 1 20 1  0
0 9697280 595.801 8 0 0 166 9702296 9702297 13 0 1 20 1  0
10.662 9702296 596.109 1 0 0 1 9702296 9702297 13 0 1 20 1  0
23.5723 9958491 611.85 2 0 0 62 9764589 9764592 13 0 1 20 1  0
10.275 9745282 598.75 1 1 0.0197462 1 9745282 9745283 13 0 1 20 1  0
11.249 9939021 610.653 5 1 0.0197462 5 9939007 9939026 13 0 1 20 1  0
10.561 9924128 609.738 2 3 0.059238 2 9924128 9924129 13 0 1 20 1  0
11.4561 9884846 607.325 7 3 0.059238 4 9750508 9750544 13 0 1 20 1  0
10.2344 9938350 610.612 5 4 0.0789836 2 9938350 9938351 13 0 1 20 1  0
10.5669 9884124 607.281 12 91 1.80349 1 9748792 9749814 13 0 1 20 1  0
0 9697280 595.801 12 91 1.80349 5 9883084 9884794 13 0 1 20 1  0
13.0713 9749566 599.013 12 381 8.09252 10 9747264 9751158 13 0 1 20 1  0
10.4586 9939182 610.663 12 113 2.24444 1 9938508 9939234 13 0 1 20 1  0
10.6878 9748042 598.92 12 1058 35.3947 3 9747652 9749100 13 0 1 20 1  0
11.9245 9968665 612.475 8 0 0 5 9968665 9968666 13 0 1 20 1  0
31.3352 10077663 619.172 3 0 0 39 9964046 9964049 13 0 1 20 1  0
0 9959424 611.907 8 0 0 2319 9972174 9972178 13 0 1 20 1  0
28.2251 10215261 627.626 4 0 0 46 9967291 9967301 13 0 1 20 1  0
32.4679 10214810 627.598 2 0 0 2 9964047 9964049 13 0 1 20 1  0
18.3567 10146064 623.374 7 8 0.157966 248 10077284 10077599 13 0 1 20 1  0
19.7565 10186563 625.862 2 1 0.0197462 2 9968941 9968943 13 0 1 20 1  0
21.1728 10207424 627.144 5 2 0.0394922 12 9967281 9967295 13 0 1 20 1  0
17.4402 9996838 614.206 3 3 0.059238 1 9968937 9968942 13 0 1 20 1  0
10.4699 9968612 612.471 4 3 0.059238 1 9968612 9968613 13 0 1 20 1  0
10.132 9996510 614.186 2 5 0.0987291 1 9996510 9996511 13 0 1 20 1  0
10.1122 9964032 612.19 4 6 0.118475 1 9964032 9964033 13 0 1 20 1  0
10.0454 10137594 622.854 7 11 0.217204 1 10137594 10137595 13 0 1 20 1  0
10.801 9996291 614.172 6 14 0.276446 4 9996286 9996294 13 0 1 20 1  0
10.4449 10214792 627.597 2 14 0.276446 3 10214792 10214794 13 0 1 20 1  0
10.4175 9972156 612.689 3 13 0.256698 2 9972156 9972157 13 0 1 20 1  0
13.5033 10178924 625.393 12 59 1.16662 1 10176310 10184862 13 0 1 20 1  0
10.106 10145019 623.31 7 675 16.7043 1 10145018 10145030 13 0 1 20 1  0
12.1325 10120007 621.773 10 2278 315.237 4 10117570 10120677 13 0 1 20 1  0
0 9959424 611.907 12 2295 324.89 1 10157516 10160072 13 0 1 20 1  0
10.347 10125793 622.129 10 2711 679.529 1 10125763 10125905 13 0 1 20 1  0
10.399 10226951 628.344 8 0 0 8915 10226951 10226952 13 0 1 20 1  0
20.7583 10324448 634.334 8 0 0 1 10228379 10228380 13 0 1 20 1  0
20.4408 10438509 641.342 8 0 0 1 10239392 10239393 13 0 1 20 1  0
10.633 10226951 628.344 2 0 0 2 10226951 10226952 13 0 1 20 1  0
41.1661 10379904 637.741 3 0 0 519 10239390 10239392 13 0 1 20 1  0
26.6016 10414467 639.865 1 0 0 2 10245132 10245136 13 0 1 20 1  0
24.5198 10473480 643.491 1 0 0 1 10245144 10245145 13 0 1 20 1  0
23.3042 10480326 643.911 3 0 0 1 10245129 10245144 13 0 1 20 1  0
24.5233 10450979 642.108 3 1 0.0197462 1286 10245572 10245581 13 0 1 20 1  0
22.6876 10479926 643.887 7 6 0.118475 81 10347557 10347994 13 0 1 20 1  0
10.2774 10255340 630.088 4 13 0.256698 3 10255340 10255341 13 0 1 20 1  0
10.7253 10363981 636.763 1 1 0.0197462 1 10329051 10329052 13 0 1 20 1  0
10.0981 10245126 629.461 4 2 0.0394922 1 10245126 10245127 13 0 1 20 1  0
10.132 10347564 635.754 7 4 0.0789836 3 10347564 10347565 13 0 1 20 1  0
10.1378 10262996 630.558 6 9 0.177712 4 10262996 10262997 13 0 1 20 1  0
11.3012 10298040 632.712 2 6 0.118475 13 10296799 10296801 13 0 1 20 1  0
10.1861 10296798 632.635 2 7 0.13822 1 10296798 10296799 13 0 1 20 1  0
19.6309 10466545 643.065 7 16 0.315943 55 10379820 10380265 13 0 1 20 1  0
10.4303 10472988 643.46 5 276 5.66077 5 10452451 10452459 13 0 1 20 1  0
10.6353 10457814 642.528 7 345 7.23163 8 10457803 10457837 13 0 1 20 1  0
10.0064 10462356 642.807 7 363 7.65818 1 10462356 10462357 13 0 1 20 1  0
10.1909 10474334 643.543 7 495 11.0534 2 10474322 10474340 13 0 1 20 1  0
10.2131 10397614 638.829 7 513 11.5589 2 10397608 10397618 13 0 1 20 1  0
10.1822 10451692 642.152 7 683 16.9904 3 10451690 10451714 13 0 1 20 1  0
13.9757 10426572 640.609 12 2467 440.815 4 10423870 10439858 13 0 1 20 1  0
11.2198 10387818 638.228 12 2959 1054.91 1 10385980 10388400 13 0 1 20 1  0
17.7441 10483989 644.136 8 0 0 2337 10483989 10483990 13 0 1 20 1  0
18.3654 10525224 646.67 8 0 0 1 10484351 10484352 13 0 1 20 1  0
18.5516 10707719 657.882 8 0 0 1 10484474 10484475 13 0 1 20 1  0
11.9988 10483989 644.136 1 0 0 1 10483989 10483990 13 0 1 20 1  0
22.9889 10538679 647.496 1 0 0 1 10484352 10484353 13 0 1 20 1  0
17.3587 10743014 660.051 1 0 0 1 10484473 10484478 13 0 1 20 1  0
26.0809 10553022 648.378 2 0 0 35 10483902 10483906 13 0 1 20 1  0
25.9637 10566075 649.18 3 0 0 3 10483903 10483905 13 0 1 20 1  0
19.9838 10551395 648.278 4 0 0 9 10484467 10484495 13 0 1 20 1  0
17.0313 10550624 648.23 5 1 0.0197462 9 10484461 10484499 13 0 1 20 1  0
12.6668 10546077 647.951 6 0 0 10 10484459 10484494 13 0 1 20 1  0
10.2146 10532685 647.128 1 1 0.0197462 1 10532685 10532686 13 0 1 20 1  0
10.2611 10718019 658.515 1 1 0.0197462 1 10534238 10534239 13 0 1 20 1  0
10.2396 10488392 644.407 2 1 0.0197462 1 10488392 10488393 13 0 1 20 1  0
16.1225 10685713 656.53 2 1 0.0197462 6 10517157 10517170 13 0 1 20 1  0
10.6101 10517167 646.175 2 2 0.0394922 2 10517167 10517168 13 0 1 20 1  0
16.6207 10554317 648.457 3 3 0.059238 9 10486833 10486836 13 0 1 20 1  0
11.0015 10537709 647.437 2 4 0.0789836 2 10537709 10537710 13 0 1 20 1  0
10.9464 10558557 648.718 2 4 0.0789836 1 10553017 10553018 13 0 1 20 1  0
10.0468 10685376 656.509 2 7 0.13822 1 10685376 10685377 13 0 1 20 1  0
10.0195 10546484 647.976 4 12 0.236951 1 10546484 10546485 13 0 1 20 1  0
10.3863 10673640 655.788 11 1549 86.2111 1 10673114 10673978 13 0 1 20 1  0
18.0569 10887138 668.906 8 0 0 1 10746676 10746678 13 0 1 20 1  0
0 10745856 660.225 8 0 0 356 10747023 10747024 13 0 1 20 1  0
15.4265 10746677 660.276 1 0 0 1 10746677 10746678 13 0 1 20 1  0
18.9632 10852686 666.789 1 0 0 1 10747355 10747356 13 0 1 20 1  0
0 10745856 660.225 1 0 0 304 10748016 10748018 13 0 1 20 1  0
16.6111 10760371 661.117 2 0 0 2 10750664 10750667 13 0 1 20 1  0
10.4586 10749676 660.46 1 1 0.0197462 1 10749676 10749677 13 0 1 20 1  0
10.4772 10870638 667.892 1 1 0.0197462 1 10755622 10755623 13 0 1 20 1  0
10.8317 10755944 660.845 2 3 0.059238 2 10755944 10755945 13 0 1 20 1  0
12.2077 10775841 662.068 2 1 0.0197462 3 10759208 10759210 13 0 1 20 1  0
11.8042 10759211 661.046 3 1 0.0197462 3 10759206 10759213 13 0 1 20 1  0
10.8153 10879149 668.415 3 5 0.0987291 2 10879147 10879150 13 0 1 20 1  0
10.0682 10909540 670.282 12 51 1.00803 1 10909524 10909554 13 0 1 20 1  0
10.5141 10933324 671.743 8 84 1.66377 2 10933313 10933342 13 0 1 20 1  0
10.6578 10931666 671.642 12 84 1.66377 2 10906822 10909490 13 0 1 20 1  0
0 10745856 660.225 12 84 1.66377 2 10931332 10932332 13 0 1 20 1  0
10.6226 11010520 676.486 8 0 0 7159 11010520 11010521 13 0 1 20 1  0
20.756 11123200 683.409 8 0 0 1 11012783 11012784 13 0 1 20 1  0
10.9181 11023567 677.288 1 0 0 1 11023567 11023568 13 0 1 20 1  0
29.0052 11250970 691.26 4 1 0.0197462 1108 11023557 11023576 13 0 1 20 1  0
10.871 11115910 682.961 2 2 0.0394922 3 11115910 11115911 13 0 1 20 1  0
10.6718 11117150 683.038 1 1 0.0197462 1 11117150 11117151 13 0 1 20 1  0
10.1377 11098145 681.87 7 7 0.13822 3 11098145 11098146 13 0 1 20 1  0
17.1565 11227621 689.825 3 6 0.118475 10 11226831 11226835 13 0 1 20 1  0
10.7958 11062687 679.691 3 2 0.0394922 1 11062687 11062688 13 0 1 20 1  0
15.4508 11266622 692.221 5 3 0.059238 2 11046701 11046710 13 0 1 20 1  0
10.4332 11116832 683.018 2 3 0.059238 2 11116832 11116833 13 0 1 20 1  0
10.1014 11074653 680.427 3 8 0.157966 2 11074653 11074654 13 0 1 20 1  0
13.882 11268601 692.343 6 4 0.0789836 1 11236410 11236414 13 0 1 20 1  0
15.7464 11227809 689.837 3 8 0.157966 8 11226828 11226832 13 0 1 20 1  0
10.083 11226832 689.777 2 6 0.118475 1 11226832 11226833 13 0 1 20 1  0
16.0316 11227292 689.805 3 9 0.177712 25 11061160 11061163 13 0 1 20 1  0
10.102 11129433 683.792 6 8 0.157966 1 11129433 11129434 13 0 1 20 1  0
12.4603 11258494 691.722 6 8 0.157966 1 11236404 11236411 13 0 1 20 1  0
10.3229 11226956 689.784 2 14 0.276446 3 11226956 11226957 13 0 1 20 1  0
18.3061 11229248 689.925 4 12 0.236951 78 11061151 11061162 13 0 1 20 1  0
10.3685 11096640 681.778 8 76 1.50439 2 11096633 11096649 13 0 1 20 1  0
10.7835 11229902 689.965 2 13 0.256698 1 11227281 11227288 13 0 1 20 1  0
10.2226 11061145 679.597 3 22 0.434452 3 11061145 11061146 13 0 1 20 1  0
17.0107 11236383 690.363 5 39 0.770481 187 11227239 11227251 13 0 1 20 1  0
14.197 11235731 690.323 4 40 0.790264 10 11227565 11227574 13 0 1 20 1  0
12.6164 11233762 690.202 3 45 0.889211 6 11227561 11227565 13 0 1 20 1  0
10.1834 11062578 679.685 5 50 0.988221 4 11062578 11062579 13 0 1 20 1  0
12.6308 11235370 690.301 4 62 1.22615 6 11229165 11229191 13 0 1 20 1  0
10.1485 11251950 691.32 4 85 1.68372 1 11251950 11251951 13 0 1 20 1  0
11.397 11226023 689.727 10 681 16.9186 36 11225773 11226187 13 0 1 20 1  0
10.0173 11247891 691.07 5 451 9.86397 1 11247891 11247892 13 0 1 20 1  0
10.3664 11250271 691.217 5 573 13.332 1 11250270 11250278 13 0 1 20 1  0
10.2375 11251070 691.266 6 632 15.2226 1 11251069 11251071 13 0 1 20 1  0
0 11008000 676.331 10 758 19.8471 34 11250517 11250673 13 0 1 20 1  0
11.9374 11254663 691.486 7 1081 36.9372 28 11249054 11249229 13 0 1 20 1  0
10.4993 11243033 690.772 9 2031 203.342 4 11242938 11243283 13 0 1 20 1  0
17.509 11240120 690.593 12 3007 1148.64 30 11203188 11206838 13 0 1 20 1  0
11.6293 11270142 692.438 12 2898 946.752 8 11219844 11220338 13 0 1 20 1  0
0 11008000 676.331 12 2898 946.752 3 11269474 11270146 13 0 1 20 1  0
10.9935 11271908 692.546 8 0 0 1 11271908 11271909 13 0 1 20 1  0
18.5785 11516969 707.603 8 0 0 1 11275733 11275734 13 0 1 20 1  0
0 11270144 692.438 8 0 0 808 11278365 11278366 13 0 1 20 1  0
13.0762 11275433 692.763 3 1 0.0197462 4 11270866 11270873 13 0 1 20 1  0
15.2152 11414937 701.334 1 0 0 1 11278666 11278667 13 0 1 20 1  0
13.8741 11414617 701.314 2 0 0 1 11270867 11270873 13 0 1 20 1  0
13.6575 11337749 696.591 4 0 0 20 11270863 11270878 13 0 1 20 1  0
10.8892 11378098 699.07 5 0 0 1 11275422 11275460 13 0 1 20 1  0
10.1796 11522649 707.952 1 1 0.0197462 1 11522649 11522650 13 0 1 20 1  0
11.24 11499983 706.559 2 1 0.0197462 1 11293022 11293023 13 0 1 20 1  0
10.0649 11296671 694.067 2 2 0.0394922 1 11296671 11296672 13 0 1 20 1  0
11.7343 11324182 695.758 2 2 0.0394922 3 11324182 11324183 13 0 1 20 1  0
13.7325 11329306 696.073 7 86 1.70367 250 11329265 11329346 13 0 1 20 1  0
10.3837 11270865 692.482 4 4 0.0789836 1 11270865 11270866 13 0 1 20 1  0
10.0205 11516959 707.602 2 5 0.0987291 1 11516959 11516960 13 0 1 20 1  0
10.3753 11334326 696.381 9 76 1.50439 5 11334312 11334368 13 0 1 20 1  0
14.6284 11333142 696.308 10 1405 66.5996 847 11332164 11333845 13 0 1 20 1  0
0 11270144 692.438 7 1216 47.3213 19 11334709 11334781 13 0 1 20 1  0
10.1584 11316874 695.309 11 2129 241.988 1 11316651 11317371 13 0 1 20 1  0
10.6571 11270153 692.438 11 3311 1969.3 1 11270144 11270938 13 0 1 20 1  0
13.3896 11532506 708.557 8 0 0 4346 11532506 11532507 13 0 1 20 1  0
24.297 11623834 714.168 8 0 0 1 11532818 11532819 13 0 1 20 1  0
12.0985 11532507 708.557 1 0 0 1 11532507 11532508 13 0 1 20 1  0
30.2836 11721346 720.159 1 0 0 25 11532818 11532820 13 0 1 20 1  0
10.0286 11550522 709.664 3 0 0 1 11550522 11550523 13 0 1 20 1  0
20.4684 11616569 713.722 5 0 0 248 11552120 11552137 13 0 1 20 1  0
14.085 11752339 722.064 5 0 0 1 11553771 11553799 13 0 1 20 1  0
14.3925 11676337 717.394 7 4 0.0789836 16 11616539 11616582 13 0 1 20 1  0
10.106 11534416 708.674 3 2 0.0394922 2 11534416 11534417 13 0 1 20 1  0
12.9995 11574005 711.107 1 1 0.0197462 1 11535318 11535319 13 0 1 20 1  0
10.6801 11535317 708.73 2 1 0.0197462 2 11535317 11535318 13 0 1 20 1  0
16.949 11628121 714.432 3 1 0.0197462 3 11537225 11537227 13 0 1 20 1  0
11.2962 11533143 708.596 1 2 0.0394922 2 11533143 11533144 13 0 1 20 1  0
11.3693 11619270 713.888 1 2 0.0394922 2 11533794 11533795 13 0 1 20 1  0
16.7184 11628752 714.471 3 3 0.059238 3 11533790 11533792 13 0 1 20 1  0
10.0225 11552121 709.762 5 2 0.0394922 1 11552121 11552122 13 0 1 20 1  0
15.4773 11710740 719.508 2 3 0.059238 3 11533791 11533793 13 0 1 20 1  0
10.0273 11553806 709.866 5 3 0.059238 1 11553806 11553807 13 0 1 20 1  0
10.1219 11533789 708.636 1 4 0.0789836 1 11533789 11533790 13 0 1 20 1  0
10.2696 11746469 721.703 1 5 0.0987291 2 11746469 11746470 13 0 1 20 1  0
10.2248 11535953 708.769 3 5 0.0987291 1 11535953 11535954 13 0 1 20 1  0
10.2119 11554429 709.904 5 7 0.13822 1 11554429 11554430 13 0 1 20 1  0
10.2062 11681322 717.7 12 2456 432.297 1 11680562 11681430 13 0 1 20 1  0
10.38 11794418 724.649 12 3284 1877.23 2 11793266 11794434 13 0 1 20 1  0
23.2415 11891180 730.594 12 40 0.790264 1257 11878628 11903416 13 0 1 20 1  0
0 11794432 724.65 8 0 0 99 11881059 11881223 13 0 1 20 1  0
12.9283 11879282 729.863 11 1167 43.2716 37 11878468 11880026 13 0 1 20 1  0
11.2988 12062799 741.138 8 0 0 1 12062799 12062800 13 0 1 20 1  0
37.2628 12091062 742.875 12 986 30.9352 5713 12083790 12094014 13 0 1 20 1  0
0 12056576 740.756 8 0 0 15987 12069000 12069001 13 0 1 20 1  0
12.0332 12093427 743.02 1 0 0 1 12093117 12093119 13 0 1 20 1  0
12.9596 12160080 747.115 3 12 0.236951 16 12074815 12074820 13 0 1 20 1  0
10.5912 12090640 742.849 1 1 0.0197462 1 12090640 12090641 13 0 1 20 1  0
10.0559 12123960 744.896 1 1 0.0197462 1 12123960 12123961 13 0 1 20 1  0
10.4714 12090658 742.85 2 1 0.0197462 1 12090658 12090659 13 0 1 20 1  0
15.647 12162985 747.294 3 6 0.118475 6 12069290 12069292 13 0 1 20 1  0
16.1263 12175742 748.078 3 4 0.0789836 8 12080526 12080528 13 0 1 20 1  0
13.9508 12093111 743.001 3 2 0.0394922 1 12086099 12086102 13 0 1 20 1  0
12.3029 12092941 742.99 2 3 0.059238 4 12083466 12083467 13 0 1 20 1  0
11.0639 12177058 748.158 5 2 0.0394922 1 12096843 12096859 13 0 1 20 1  0
10.5241 12083138 742.388 2 3 0.059238 1 12083138 12083139 13 0 1 20 1  0
18.4105 12162061 747.237 5 14 0.276446 88 12076932 12076943 13 0 1 20 1  0
10.1958 12082161 742.328 2 4 0.0789836 2 12082161 12082162 13 0 1 20 1  0
10.429 12066690 741.377 3 4 0.0789836 2 12066690 12066691 13 0 1 20 1  0
10.3151 12090992 742.871 5 4 0.0789836 5 12090992 12090993 13 0 1 20 1  0
10.1586 12080525 742.227 3 5 0.0987291 1 12080525 12080526 13 0 1 20 1  0
17.4394 12175116 748.039 12 9 0.177712 10 12087922 12093512 13 0 1 20 1  0
10.1119 12085753 742.549 2 7 0.13822 1 12085753 12085754 13 0 1 20 1  0
10.0405 12087667 742.666 2 10 0.197458 1 12087667 12087668 13 0 1 20 1  0
10.1764 12074819 741.877 3 10 0.197458 1 12074819 12074820 13 0 1 20 1  0
10.3897 12082472 742.347 3 11 0.217204 1 12082472 12082473 13 0 1 20 1  0
10.0233 12082806 742.368 4 11 0.217204 1 12082806 12082807 13 0 1 20 1  0
10.0313 12090302 742.828 2 12 0.236951 1 12090302 12090303 13 0 1 20 1  0
11.6027 12160076 747.115 2 15 0.296194 17 12085740 12085746 13 0 1 20 1  0
10.1502 12069283 741.537 4 12 0.236951 2 12069283 12069284 13 0 1 20 1  0
12.2318 12225469 751.133 3 13 0.256698 1 12064885 12064886 13 0 1 20 1  0
10.0721 12083313 742.399 5 13 0.256698 1 12083313 12083314 13 0 1 20 1  0
14.1308 12216635 750.59 5 14 0.276446 1 12082797 12082799 13 0 1 20 1  0
13.8522 12174244 747.986 4 17 0.335692 1 12069769 12069772 13 0 1 20 1  0
10.1277 12097487 743.27 4 21 0.414699 1 12097487 12097488 13 0 1 20 1  0
12.6712 12169806 747.713 7 118 2.34509 16 12093611 12093692 13 0 1 20 1  0
10.0067 12093084 742.999 3 41 0.810049 1 12093084 12093085 13 0 1 20 1  0
11.2229 12171288 747.804 3 51 1.00803 2 12088954 12088959 13 0 1 20 1  0
10.0464 12085899 742.558 3 53 1.04766 1 12085899 12085900 13 0 1 20 1  0
10.1889 12091422 742.897 3 62 1.22615 2 12091422 12091423 13 0 1 20 1  0
10.7157 12167581 747.576 3 62 1.22615 1 12093689 12093719 13 0 1 20 1  0
10.0361 12090115 742.817 4 65 1.28571 1 12090115 12090116 13 0 1 20 1  0
10.4881 12096802 743.227 2 68 1.3453 2 12093684 12093696 13 0 1 20 1  0
10.0132 12089972 742.808 5 68 1.3453 1 12089972 12089973 13 0 1 20 1  0
10.0059 12176671 748.135 4 85 1.68372 1 12176671 12176672 13 0 1 20 1  0
10.0426 12096837 743.23 3 93 1.84346 1 12096837 12096838 13 0 1 20 1  0
10.2843 12169850 747.716 3 103 2.04364 1 12096822 12096832 13 0 1 20 1  0
26.75 12174880 748.025 12 430 9.31787 5 12086826 12094192 13 0 1 20 1  0
15.31 12217380 750.636 12 585 13.7041 1 12160924 12178658 13 0 1 20 1  0
27.925 12171568 747.821 12 1776 129.232 2493 12082974 12091232 13 0 1 20 1  0
10.1044 12172068 747.852 4 1531 83.4801 1 12172068 12172070 13 0 1 20 1  0
11.0872 12086922 742.62 5 1653 103.802 11 12086904 12087115 13 0 1 20 1  0
10.0743 12085553 742.536 5 1764 126.501 1 12085553 12085554 13 0 1 20 1  0
10.1932 12087385 742.649 3 1818 139.26 1 12087385 12087386 13 0 1 20 1  0
10.0002 12087553 742.659 4 1838 144.303 1 12087553 12087554 13 0 1 20 1  0
10.0219 12084257 742.457 5 1862 150.595 2 12084257 12084258 13 0 1 20 1  0
10.1999 12087313 742.644 3 1866 151.67 1 12087313 12087314 13 0 1 20 1  0
11.9785 12083670 742.421 5 1908 163.427 3 12082369 12082380 13 0 1 20 1  0
10.0022 12083328 742.4 3 1895 159.694 1 12083328 12083329 13 0 1 20 1  0
10.0087 12084608 742.478 3 1908 163.427 1 12084608 12084609 13 0 1 20 1  0
11.3015 12172746 747.893 4 1913 164.886 1 12083620 12083631 13 0 1 20 1  0
10.1806 12082329 742.338 4 1940 172.99 5 12082329 12082330 13 0 1 20 1  0
10.109 12082598 742.355 3 1935 171.46 2 12082598 12082599 13 0 1 20 1  0
10.1042 12168828 747.653 3 1944 174.224 1 12168828 12168829 13 0 1 20 1  0
10.0507 12086106 742.57 5 1952 176.719 2 12086106 12086107 13 0 1 20 1  0
10.4152 12239721 752.008 4 1965 180.848 1 12086212 12086255 13 0 1 20 1  0
10.0998 12081792 742.305 4 1966 181.169 1 12081792 12081793 13 0 1 20 1  0
10.0166 12166348 747.5 4 2029 202.621 1 12166348 12166349 13 0 1 20 1  0
10.019 12165911 747.474 3 2051 210.694 1 12165911 12165912 13 0 1 20 1  0
10.0246 12166034 747.481 4 2079 221.433 1 12166034 12166035 13 0 1 20 1  0
10.0282 12165834 747.469 3 2082 222.616 1 12165834 12165835 13 0 1 20 1  0
10.1046 12166199 747.491 3 2104 231.483 1 12166199 12166200 13 0 1 20 1  0
10.0979 12164934 747.414 5 2158 254.771 1 12164934 12164935 13 0 1 20 1  0
10.6951 12221851 750.911 7 2704 671.145 4 12221757 12221859 13 0 1 20 1  0
0 12056576 740.756 6 2699 665.22 2 12222073 12222084 13 0 1 20 1  0
10.3365 12325254 757.264 8 0 0 2 12325254 12325255 13 0 1 20 1  0
23.2754 12498138 767.886 8 0 0 1 12328121 12328122 13 0 1 20 1  0
0 12318720 756.862 8 0 0 2052 12329724 12329725 13 0 1 20 1  0
10.3464 12328116 757.439 3 1 0.0197462 2 12328116 12328117 13 0 1 20 1  0
22.9643 12369276 759.968 1 0 0 6 12339874 12339875 13 0 1 20 1  0
13.2411 12554089 771.323 5 0 0 28 12324474 12324512 13 0 1 20 1  0
10.2941 12342728 758.337 1 1 0.0197462 1 12342728 12342729 13 0 1 20 1  0
12.7731 12465485 765.879 1 1 0.0197462 1 12369274 12369275 13 0 1 20 1  0
11.2982 12330669 757.596 2 1 0.0197462 1 12330669 12330670 13 0 1 20 1  0
17.391 12471021 766.219 2 1 0.0197462 1 12341783 12341784 13 0 1 20 1  0
17.1225 12546258 770.842 3 1 0.0197462 5 12340504 12340505 13 0 1 20 1  0
12.4336 12454270 765.19 5 3 0.059238 3 12454267 12454295 13 0 1 20 1  0
15.1246 12469598 766.132 2 2 0.0394922 4 12369270 12369273 13 0 1 20 1  0
10.1799 12340503 758.201 3 2 0.0394922 1 12340503 12340504 13 0 1 20 1  0
11.5192 12461774 765.651 7 3 0.059238 2 12461756 12462128 13 0 1 20 1  0
14.4292 12473460 766.369 2 3 0.059238 1 12369268 12369271 13 0 1 20 1  0
15.2833 12501548 768.095 4 5 0.0987291 17 12466171 12466173 13 0 1 20 1  0
14.3112 12471712 766.262 2 4 0.0789836 1 12369267 12369269 13 0 1 20 1  0
12.2619 12484918 767.073 5 4 0.0789836 8 12454265 12454273 13 0 1 20 1  0
13.3524 12469953 766.154 2 5 0.0987291 1 12369265 12369267 13 0 1 20 1  0
13.4632 12469253 766.111 4 8 0.157966 22 12469250 12469258 13 0 1 20 1  0
10.5997 12466169 765.921 3 8 0.157966 3 12466169 12466170 13 0 1 20 1  0
11.1237 12549774 771.058 2 12 0.236951 3 12469245 12469247 13 0 1 20 1  0
10.0039 12529578 769.817 5 11 0.217204 1 12529578 12529579 13 0 1 20 1  0
11.1432 12558575 771.599 2 21 0.414699 25 12558574 12558576 13 0 1 20 1  0
10.4673 12399176 761.805 8 290 5.97193 9 12399156 12399212 13 0 1 20 1  0
11.2616 12396759 761.657 8 1008 32.241 4 12396680 12396926 13 0 1 20 1  0
14.4466 12580996 772.976 8 0 0 1860 12580996 12580997 13 0 1 20 1  0
21.982 12785777 785.558 8 0 0 1 12581726 12581727 13 0 1 20 1  0
10.5208 12580992 772.976 2 2 0.0394922 2 12580992 12580993 13 0 1 20 1  0
20.9966 12782953 785.385 1 0 0 3 12581726 12581728 13 0 1 20 1  0
10.815 12581722 773.021 3 1 0.0197462 2 12581722 12581723 13 0 1 20 1  0
19.8704 12623787 775.605 2 0 0 11 12588265 12588267 13 0 1 20 1  0
10.0604 12588319 773.426 3 0 0 1 12588319 12588320 13 0 1 20 1  0
17.0965 12595452 773.865 7 0 0 203 12590545 12590927 13 0 1 20 1  0
11.7354 12587375 773.368 1 1 0.0197462 2 12587375 12587376 13 0 1 20 1  0
12.0132 12764585 784.256 1 1 0.0197462 1 12588263 12588264 13 0 1 20 1  0
14.6716 12599354 774.104 4 1 0.0197462 34 12590577 12590610 13 0 1 20 1  0
10.1542 12771378 784.673 1 2 0.0394922 1 12593675 12593676 13 0 1 20 1  0
10.7205 12588258 773.423 3 3 0.059238 2 12588258 12588259 13 0 1 20 1  0
14.191 12783658 785.428 2 3 0.059238 1 12593151 12593152 13 0 1 20 1  0
12.7634 12781842 785.316 2 5 0.0987291 2 12605374 12605375 13 0 1 20 1  0
14.2511 12785768 785.558 3 5 0.0987291 8 12599351 12599356 13 0 1 20 1  0
10.1057 12629319 775.945 2 9 0.177712 1 12629319 12629320 13 0 1 20 1  0
12.274 12638446 776.506 10 23 0.454207 2 12590520 12590876 13 0 1 20 1  0
13.2198 12594293 773.793 7 435 9.44669 143 12594249 12594328 13 0 1 20 1  0
0 12580864 772.968 7 427 9.24093 9 12597577 12597579 13 0 1 20 1  0
10.0115 12597481 773.989 6 496 11.0812 1 12597481 12597482 13 0 1 20 1  0
10.7494 12595748 773.883 10 1894 159.411 3 12595557 12595875 13 0 1 20 1  0
10.6677 12625584 775.716 11 2430 412.812 3 12625154 12626554 13 0 1 20 1  0
12.972 12591906 773.647 12 3107 1371.52 1 12589914 12595712 13 0 1 20 1  0
10.8415 12843065 789.078 8 0 0 309 12843065 12843066 13 0 1 20 1  0
19.5882 13018115 799.833 8 0 0 1 12843501 12843502 13 0 1 20 1  0
21.8182 13043324 801.382 1 0 0 12 12845439 12845441 13 0 1 20 1  0
0 12843008 789.074 1 0 0 1191 12845653 12845654 13 0 1 20 1  0
10.2465 12933144 794.612 3 1 0.0197462 2 12933144 12933145 13 0 1 20 1  0
12.6434 12952384 795.794 3 0 0 2 12943585 12943586 13 0 1 20 1  0
14.6636 12845435 789.224 2 2 0.0394922 6 12845434 12845437 13 0 1 20 1  0
11.4456 12931049 794.484 1 1 0.0197462 1 12845651 12845652 13 0 1 20 1  0
10.1464 13000942 798.778 4 2 0.0394922 2 13000942 13000943 13 0 1 20 1  0
13.4621 12854140 789.758 2 3 0.059238 2 12845646 12845648 13 0 1 20 1  0
12.7689 13039667 801.157 2 4 0.0789836 1 12845431 12845433 13 0 1 20 1  0
12.2809 13047953 801.666 2 5 0.0987291 2 12845642 12845644 13 0 1 20 1  0
10.8472 12859054 790.06 2 9 0.177712 4 12859054 12859055 13 0 1 20 1  0
10.2868 12902214 792.712 3 8 0.157966 1 12902214 12902215 13 0 1 20 1  0
10.6223 13092248 804.388 12 46 0.909008 1 13091234 13101374 13 0 1 20 1  0
12.2998 13060424 802.432 12 242 4.91916 1 13059528 13062368 13 0 1 20 1  0
10.0065 13030422 800.589 12 243 4.94071 1 13030422 13030424 13 0 1 20 1  0
11.0024 13008208 799.224 12 2456 432.297 2 13006910 13009554 13 0 1 20 1  0
0 12843008 789.074 12 2441 420.946 3 13039116 13040470 13 0 1 20 1  0
14.7907 13038706 801.098 12 2479 450.299 19 13005474 13007302 13 0 1 20 1  0
18.4209 13105152 805.18 12 3032 1200.71 97 13073754 13079804 13 0 1 20 1  0
12.7009 13105152 805.18 12 2769 753.149 3 13087502 13105154 13 0 1 20 1  0
0 12843008 789.074 12 2770 754.486 13 13104568 13105154 13 0 1 20 1  0
10.133 13449715 826.35 8 0 0 1 13449715 13449716 13 0 1 20 1  0
21.7021 13615699 836.549 8 0 0 1 13451127 13451128 13 0 1 20 1  0
0 13367296 821.287 8 0 0 7 13452540 13452541 13 0 1 20 1  0
11.6019 13531359 831.367 1 0 0 1 13531359 13531360 13 0 1 20 1  0
17.6077 13615699 836.549 1 0 0 7 13615699 13615701 13 0 1 20 1  0
0 13367296 821.287 1 0 0 18 13625335 13625336 13 0 1 20 1  0
11.3345 13468355 827.496 3 0 0 2 13468022 13468035 13 0 1 20 1  0
12.1972 13468049 827.477 7 1 0.0197462 18 13468023 13468086 13 0 1 20 1  0
11.9518 13625329 837.14 3 2 0.0394922 4 13615694 13615695 13 0 1 20 1  0
13.1606 13615333 836.526 2 2 0.0394922 5 13615333 13615334 13 0 1 20 1  0
11.0398 13368929 821.387 4 8 0.157966 10 13368927 13368935 13 0 1 20 1  0
10.2635 13478789 828.137 4 4 0.0789836 1 13368933 13368935 13 0 1 20 1  0
12.4243 13629440 837.393 12 1698 112.472 2 13628328 13629442 13 0 1 20 1  0
11.1241 13596672 835.38 12 2995 1124.46 4 13595716 13598444 13 0 1 20 1  0
14.8515 13897529 853.864 8 0 0 1 13897529 13897530 13 0 1 20 1  0
14.9627 13920516 855.276 8 0 0 1 13913223 13913224 13 0 1 20 1  0
0 13891584 853.499 8 0 0 6 13920516 13920517 13 0 1 20 1  0
16.5241 13973122 858.509 1 0 0 8 13897529 13897531 13 0 1 20 1  0
0 13891584 853.499 1 0 0 11 13913224 13913225 13 0 1 20 1  0
10.6895 13917791 855.109 1 1 0.0197462 1 13917791 13917792 13 0 1 20 1  0
11.2007 13916812 855.049 2 1 0.0197462 1 13916812 13916813 13 0 1 20 1  0
10.0921 14016294 861.161 2 1 0.0197462 1 14016294 14016295 13 0 1 20 1  0
11.5562 13921501 855.337 3 2 0.0394922 3 13921500 13921502 13 0 1 20 1  0
10.5191 13912891 854.808 2 2 0.0394922 3 13912891 13912892 13 0 1 20 1  0
10.0335 13897524 853.864 2 3 0.059238 1 13897524 13897525 13 0 1 20 1  0
10.9716 13913215 854.828 2 4 0.0789836 2 13913215 13913216 13 0 1 20 1  0
10.5255 14399156 884.684 8 0 0 1 14399156 14399157 13 0 1 20 1  0
11.1199 14221661 873.779 1 0 0 1 14221661 14221662 13 0 1 20 1  0
10.7279 14399156 884.684 1 0 0 1 14399156 14399157 13 0 1 20 1  0
10.1579 14203734 872.677 2 0 0 1 14203734 14203735 13 0 1 20 1  0
11.1274 14266625 876.541 3 0 0 4 14203734 14203740 13 0 1 20 1  0
0 14153728 869.605 3 0 0 3357 14266624 14266626 13 0 1 20 1  0
10.5684 14372972 883.075 5 0 0 2 14266624 14266629 13 0 1 20 1  0
26.9587 14255874 875.881 12 815 22.2503 3799 14252668 14258434 13 0 1 20 1  0
10.144 14371662 882.995 5 2 0.0394922 1 14371662 14371663 13 0 1 20 1  0
10.3787 14383282 883.709 5 2 0.0394922 1 14372969 14372973 13 0 1 20 1  0
10.8202 14283912 877.604 8 82 1.6239 5 14258527 14259824 13 0 1 20 1  0
16.2763 14288780 877.903 12 475 10.5048 755 14255722 14258732 13 0 1 20 1  0
10.2946 14259287 876.091 11 2439 419.455 1 14259032 14259500 13 0 1 20 1  0
24.8545 14415872 885.711 12 2910 967.115 365 14411798 14415874 13 0 1 20 1  0
0 14153728 869.605 7 2891 935.072 7 14414836 14415873 13 0 1 20 1  0
12.4406 14399674 884.716 12 3131 1431.15 7 14397736 14403044 13 0 1 20 1  0
10.2806 14680624 901.977 8 0 0 1 14680624 14680625 13 0 1 20 1  0
18.452 14904277 915.719 8 0 0 1 14683573 14683574 13 0 1 20 1  0
0 14678016 901.817 8 0 0 4272 14704800 14704801 13 0 1 20 1  0
16.1241 14915326 916.398 1 0 0 5 14844682 14844718 13 0 1 20 1  0
19.2615 14917104 916.507 3 0 0 22 14783969 14783975 13 0 1 20 1  0
32.6494 14843980 912.014 9 1008 32.241 14534 14843508 14844579 13 0 1 20 1  0
11.0592 14903499 915.671 2 2 0.0394922 2 14903499 14903500 13 0 1 20 1  0
10.551 14915584 916.413 1 1 0.0197462 1 14903761 14903762 13 0 1 20 1  0
12.3202 14907640 915.925 2 1 0.0197462 1 14844681 14844698 13 0 1 20 1  0
10.0622 14783983 908.328 5 1 0.0197462 1 14783983 14783984 13 0 1 20 1  0
13.5475 14907121 915.893 2 2 0.0394922 2 14904273 14904274 13 0 1 20 1  0
10.2495 14810682 909.968 3 2 0.0394922 1 14810682 14810683 13 0 1 20 1  0
12.4325 14916604 916.476 3 4 0.0789836 1 14844680 14844684 13 0 1 20 1  0
10.8294 14848972 912.321 2 7 0.13822 7 14845329 14845331 13 0 1 20 1  0
11.3187 14912497 916.224 2 5 0.0987291 1 14904787 14904788 13 0 1 20 1  0
0 14678016 901.817 12 436 9.47255 1 14937622 14937658 13 0 1 20 1  0
11.8487 14996196 921.366 8 0 0 1 14953489 14953491 13 0 1 20 1  0
0 14940160 917.923 8 0 0 2 14987070 14987071 13 0 1 20 1  0
13.7732 14953488 918.742 2 1 0.0197462 4 14953488 14953489 13 0 1 20 1  0
0 14940160 917.923 1 0 0 12 14987070 14987071 13 0 1 20 1  0
10.0295 14940757 917.96 2 0 0 2 14940757 14940758 13 0 1 20 1  0
11.2518 14996183 921.365 4 4 0.0789836 4 14996182 14996185 13 0 1 20 1  0
10.8601 15115523 928.698 3 0 0 1 14940753 14940760 13 0 1 20 1  0
11.1286 14987065 920.805 3 1 0.0197462 8 14987065 14987066 13 0 1 20 1  0
10.4107 15067277 925.733 2 1 0.0197462 1 14987067 14987068 13 0 1 20 1  0
10.721 14985463 920.707 3 3 0.059238 2 14985463 14985464 13 0 1 20 1  0
10.259 14995852 921.345 4 4 0.0789836 1 14995852 14995853 13 0 1 20 1  0
14.1849 14940166 917.924 12 39 0.770481 1 14940160 14941190 13 0 1 20 1  0
10.9971 15583584 957.455 8 0 0 1 15583584 15583585 13 0 1 20 1  0
35.7376 15641503 961.014 9 1210 46.8068 15709 15640946 15642072 13 0 1 20 1  0
0 15464448 950.136 8 0 0 12825 15642690 15642691 13 0 1 20 1  0
10.132 15466380 950.254 2 0 0 1 15466380 15466381 13 0 1 20 1  0
10.8369 15584077 957.486 2 1 0.0197462 1 15584077 15584078 13 0 1 20 1  0
10.1599 15560930 956.063 4 2 0.0394922 2 15560930 15560931 13 0 1 20 1  0
10.2357 15607559 958.928 3 4 0.0789836 1 15607559 15607560 13 0 1 20 1  0
13.0214 15668304 962.661 3 6 0.118475 18 15642586 15642588 13 0 1 20 1  0
10.4506 15466366 950.253 2 6 0.118475 1 15466366 15466367 13 0 1 20 1  0
10.0017 15616034 959.449 3 6 0.118475 1 15616034 15616035 13 0 1 20 1  0
10.2683 15614729 959.369 4 6 0.118475 1 15614729 15614730 13 0 1 20 1  0
11.789 15667961 962.639 4 45 0.889211 49 15642515 15642528 13 0 1 20 1  0
13.7982 15668317 962.661 10 150 2.99385 1 15667696 15668451 13 0 1 20 1  0
15.2262 15667574 962.616 5 711 18.0191 64 15642089 15642644 13 0 1 20 1  0
10.1616 15667447 962.608 2 812 22.1184 1 15667447 15667448 13 0 1 20 1  0
10.3695 15666827 962.57 5 1149 41.8676 1 15666826 15666888 13 0 1 20 1  0
10.9099 15666700 962.562 5 1186 44.8015 1 15666698 15666706 13 0 1 20 1  0
12.2766 15666495 962.549 10 1275 52.6747 1 15666225 15666821 13 0 1 20 1  0
10.2326 15665632 962.496 9 1540 84.8348 1 15665576 15665674 13 0 1 20 1  0
12.0678 15628756 960.231 12 2528 491.188 2 15627024 15630354 13 0 1 20 1  0
17.9868 15826589 972.386 8 0 0 1 15727362 15727364 13 0 1 20 1  0
0 15726592 966.242 8 0 0 455 15742524 15742525 13 0 1 20 1  0
17.1315 15930756 978.786 2 0 0 28 15727362 15727364 13 0 1 20 1  0
18.0659 15977396 981.651 12 112 2.22433 543 15975624 15980666 13 0 1 20 1  0
12.0547 15741528 967.159 4 7 0.13822 18 15741525 15741531 13 0 1 20 1  0
11.1755 15727356 966.289 2 3 0.059238 3 15727356 15727357 13 0 1 20 1  0
11.0208 15829029 972.536 2 2 0.0394922 3 15829029 15829030 13 0 1 20 1  0
11.4955 15830185 972.607 2 1 0.0197462 1 15727359 15727361 13 0 1 20 1  0
10.7012 15865182 974.757 4 16 0.315943 13 15741510 15741513 13 0 1 20 1  0
10.2768 15741891 967.182 3 2 0.0394922 1 15741891 15741892 13 0 1 20 1  0
10.4219 15832928 972.775 2 4 0.0789836 2 15832928 15832929 13 0 1 20 1  0
10.3358 15861293 974.518 2 5 0.0987291 2 15861293 15861294 13 0 1 20 1  0
11.3048 15976093 981.571 4 58 1.14679 36 15976089 15976095 13 0 1 20 1  0
10.7555 15979343 981.771 5 64 1.26585 8 15974788 15974806 13 0 1 20 1  0
11.8107 15974778 981.49 5 80 1.58404 113 15974768 15974793 13 0 1 20 1  0
17.2069 15972648 981.359 12 1929 169.642 404 15969368 15976472 13 0 1 20 1  0
0 15726592 966.242 8 1887 157.439 15 15973700 15973838 13 0 1 20 1  0
0 15726592 966.242 12 2063 215.231 1 15988700 15988738 13 0 1 20 1  0
11.9686 15988734 982.348 12 2152 252.072 14 15987876 15988738 13 0 1 20 1  0
13.0815 15960416 980.608 12 2456 432.297 12 15959172 15962254 13 0 1 20 1  0
10.2395 15988284 982.32 12 2593 551.211 1 15988186 15988586 13 0 1 20 1  0
11.2499 15940510 979.385 12 2684 647.756 3 15939286 15942864 13 0 1 20 1  0
11.2654 15958644 980.499 12 2729 701.572 3 15957254 15960310 13 0 1 20 1  0
10.1751 16017824 984.135 8 0 0 1 16017824 16017825 13 0 1 20 1  0
11.2833 16246241 998.169 8 0 0 1 16034946 16034947 13 0 1 20 1  0
0 15988736 982.348 8 0 0 4 16036736 16036737 13 0 1 20 1  0
12.0177 16100319 989.204 2 1 0.0197462 2 16100318 16100320 13 0 1 20 1  0
0 15988736 982.348 1 0 0 38 16014562 16014563 13 0 1 20 1  0
10.0424 16000696 983.083 3 1 0.0197462 2 16000696 16000697 13 0 1 20 1  0
12.0573 16011638 983.755 2 0 0 1 16011636 16011640 13 0 1 20 1  0
12.0279 16017823 984.135 3 1 0.0197462 5 16011633 16011637 13 0 1 20 1  0
10.6746 16033797 985.116 4 0 0 2 16033795 16033803 13 0 1 20 1  0
10.1818 16036736 985.297 2 1 0.0197462 1 16036736 16036737 13 0 1 20 1  0
10.9583 16074326 987.607 3 5 0.0987291 7 16074326 16074328 13 0 1 20 1  0
11.6857 15990508 982.457 12 2112 234.794 3 15989508 15991896 13 0 1 20 1  0
10.3128 15989212 982.377 10 2596 554.151 2 15989003 15989313 13 0 1 20 1  0
12.2692 16168144 993.371 12 2849 867.955 2 16165502 16169936 13 0 1 20 1  0
10.0449 16256350 998.79 8 0 0 1 16256350 16256351 13 0 1 20 1  0
20.0709 16324805 1003 3 0 0 20 16254388 16254402 13 0 1 20 1  0
0 16250880 998.454 8 0 0 883 16264329 16264330 13 0 1 20 1  0
17.5652 16322844 1002.88 5 0 0 55 16254386 16254398 13 0 1 20 1  0
10.1199 16255369 998.73 2 1 0.0197462 1 16255369 16255370 13 0 1 20 1  0
12.4497 16324477 1002.98 2 1 0.0197462 1 16263019 16263020 13 0 1 20 1  0
16.1577 16325131 1003.02 3 1 0.0197462 7 16254391 16254395 13 0 1 20 1  0
12.9766 16317017 1002.52 9 47 0.928807 11 16254533 16255201 13 0 1 20 1  0
10.3785 16254381 998.669 4 5 0.0987291 1 16254381 16254382 13 0 1 20 1  0
10.5321 16265466 999.35 3 6 0.118475 1 16265466 16265467 13 0 1 20 1  0
10.1967 16320554 1002.73 3 7 0.13822 2 16320554 16320555 13 0 1 20 1  0
10.421 16263006 999.199 4 9 0.177712 2 16263006 16263007 13 0 1 20 1  0
10.5617 16372860 1005.95 5 12 0.236951 2 16372858 16372862 13 0 1 20 1  0
10.4671 16264093 999.266 11 47 0.928807 1 16263772 16264115 13 0 1 20 1  0
10.303 16265090 999.327 12 2037 205.52 1 16264954 16265552 13 0 1 20 1  0
18.6512 16580124 1018.68 8 0 0 1 16580123 16580125 13 0 1 20 1  0
23.79 16580124 1018.68 1 0 0 5 16580123 16580126 13 0 1 20 1  0
0 16513024 1014.56 2 0 0 3 16686980 16686983 13 0 1 20 1  0
12.5963 16686969 1025.25 4 4 0.0789836 12 16686967 16686974 13 0 1 20 1  0
10.7473 16878587 1037.02 8 0 0 1 16878587 16878588 13 0 1 20 1  0
15.5553 17002731 1044.65 3 0 0 48 16860334 16860340 13 0 1 20 1  0
10.6122 16798073 1032.07 1 0 0 1 16798073 16798074 13 0 1 20 1  0
15.3461 17003057 1044.67 2 0 0 5 16798072 16798075 13 0 1 20 1  0
0 16775168 1030.67 1 0 0 58 16878587 16878588 13 0 1 20 1  0
10.112 16834945 1034.34 3 0 0 1 16834945 16834946 13 0 1 20 1  0
11.5215 17037223 1046.77 5 0 0 4 17034924 17034933 13 0 1 20 1  0
10.785 17035708 1046.67 6 0 0 1 17035699 17035719 13 0 1 20 1  0
10.2839 16904847 1038.63 3 1 0.0197462 1 16904847 16904848 13 0 1 20 1  0
14.7294 17035840 1046.68 12 210 4.23743 19 17033790 17037314 13 0 1 20 1  0
21.7154 17037312 1046.77 12 2958 1053.05 235 17033228 17037314 13 0 1 20 1  0
0 16775168 1030.67 8 2945 1029.05 1 17037268 17037313 13 0 1 20 1  0
0 16775168 1030.67 10 3227 1696.75 1 17007810 17007816 13 0 1 20 1  0
65.0075 17297472 1062.76 12 1038 34.1012 3442 17147578 17160682 13 0 1 20 1  0
0 17037312 1046.77 12 2 0.0394922 2092 17297294 17299458 13 0 1 20 1  0
16.3241 17239014 1059.17 12 448 9.78513 1 17160014 17160796 13 0 1 20 1  0
27.5149 17159296 1054.27 12 884 25.4663 5 17148320 17161932 13 0 1 20 1  0
0 17037312 1046.77 4 1048 34.7425 21 17297499 17297503 13 0 1 20 1  0
27.3551 17157194 1054.14 12 1318 56.9364 12 17145538 17159422 13 0 1 20 1  0
0 17037312 1046.77 7 1438 70.6669 61 17294756 17294822 13 0 1 20 1  0
10.2637 17290108 1062.3 4 1805 136.076 1 17290108 17290112 13 0 1 20 1  0
0 17037312 1046.77 4 1806 136.318 2017 17289093 17289112 13 0 1 20 1  0
10.1026 17284143 1061.94 3 1905 162.558 4 17284143 17284144 13 0 1 20 1  0
10.0413 17283624 1061.91 4 1884 156.602 2 17283624 17283625 13 0 1 20 1  0
10.2489 17283459 1061.9 4 1885 156.881 1 17283459 17283460 13 0 1 20 1  0
10.3582 17283826 1061.92 4 1910 164.009 3 17283826 17283827 13 0 1 20 1  0
10.1651 17282662 1061.85 4 1913 164.886 1 17282662 17282663 13 0 1 20 1  0
10.0161 17282740 1061.85 4 1916 165.768 1 17282740 17282741 13 0 1 20 1  0
10.1719 17283313 1061.89 3 2029 202.621 1 17283313 17283314 13 0 1 20 1  0
0 17037312 1046.77 12 2177 263.509 50 17279008 17282230 13 0 1 20 1  0
13.3038 17204090 1057.02 8 2313 335.434 43 17200893 17206250 13 0 1 20 1  0
17.23 17200824 1056.82 12 2615 573.144 78 17196854 17203822 13 0 1 20 1  0
0 17037312 1046.77 6 2566 525.436 22 17202762 17202784 13 0 1 20 1  0
0 17037312 1046.77 12 2582 540.561 9 17235666 17238468 13 0 1 20 1  0
13.6804 17180658 1055.58 12 2744 720.486 2 17149546 17153912 13 0 1 20 1  0
12.9143 17218226 1057.89 12 2742 717.935 1 17149574 17154106 13 0 1 20 1  0
10.6247 17167136 1054.75 12 2924 991.427 1 17165632 17168264 13 0 1 20 1  0
125.549 2205398 135.5 10 2841 855.727 810 2204391 2206367 13 0 1 20 1 1
