10.1003 212055 26.0573 8 0 0 1 212055 212057 13 0 1 20 1  0
0 2048 0.251658 8 0 0 2 212196 212197 13 0 1 20 1  0
10.8875 61472 7.55368 1 0 0 1 61472 61473 13 0 1 20 1  0
13.2112 212056 26.0574 1 0 0 7 212056 212058 13 0 1 20 1  0
0 2048 0.251658 1 0 0 2 213974 213976 13 0 1 20 1  0
11.9991 213974 26.2931 2 0 0 2 212056 212058 13 0 1 20 1  0
10.2034 114264 14.0408 12 3971 593.696 1 114160 114666 13 0 1 20 1  0
10.3094 277693 34.1229 1 0 0 1 277693 277694 13 0 1 20 1  0
12.1167 320532 39.387 1 0 0 1 286458 286459 13 0 1 20 1  0
0 260096 31.9606 1 0 0 7 319149 319151 13 0 1 20 1  0
14.3532 286468 35.2012 6 0 0 94 286444 286492 13 0 1 20 1  0
10.3132 310656 38.1734 2 1 0.0308372 1 310656 310657 13 0 1 20 1  0
10.7965 319143 39.2163 3 6 0.185022 2 319143 319145 13 0 1 20 1  0
12.4539 331518 40.7369 12 2132 112.884 1 330332 332600 13 0 1 20 1  0
0 260096 31.9606 12 2132 112.884 1 483800 485410 13 0 1 20 1  0
10.2735 435282 53.4874 12 2349 137.962 3 434572 435542 13 0 1 20 1  0
11.626 330204 40.5755 12 2412 146.165 10 328988 330972 13 0 1 20 1  0
10.0524 581236 71.4223 8 0 0 1 581236 581237 13 0 1 20 1  0
10.465 573577 70.4811 1 0 0 1 573577 573578 13 0 1 20 1  0
12.7394 632558 77.7287 2 0 0 3 632558 632559 13 0 1 20 1  0
0 522240 64.1729 1 0 0 3 630657 630658 13 0 1 20 1  0
10.141 630655 77.4949 2 2 0.0616743 1 630655 630656 13 0 1 20 1  0
10.2759 772900 94.9739 11 1439 57.4912 1 772728 773013 13 0 1 20 1  0
11.0417 771939 94.8559 10 1811 83.3118 7 771455 772439 13 0 1 20 1  0
12.2522 682720 83.8926 12 2111 110.695 7 681538 683590 13 0 1 20 1  0
11.4695 759258 93.2976 10 3250 311.646 5 758632 759587 13 0 1 20 1  0
0 522240 64.1729 10 3297 325.051 1 757928 759136 13 0 1 20 1  0
10.0909 968041 118.953 8 0 0 1 968041 968042 13 0 1 20 1  0
16.5544 792406 97.3708 5 54 1.66567 146 792388 792420 13 0 1 20 1  0
12.3138 892402 109.658 1 0 0 1 792391 792392 13 0 1 20 1  0
0 784384 96.3851 1 0 0 6523 792489 792495 13 0 1 20 1  0
14.5658 794776 97.6621 2 0 0 23 792390 792392 13 0 1 20 1  0
13.4055 792490 97.3812 3 1 0.0308372 10 792488 792492 13 0 1 20 1  0
40.1758 881017 108.259 10 5 0.154185 7549 877207 881962 13 0 1 20 1  0
10.6053 936195 115.04 2 2 0.0616743 2 794775 794776 13 0 1 20 1  0
16.6833 881254 108.288 6 49 1.51135 29 792386 792427 13 0 1 20 1  0
10.2428 881644 108.336 5 15 0.462558 1 877742 877747 13 0 1 20 1  0
10.1132 880892 108.244 5 334 10.4463 1 877479 877481 13 0 1 20 1  0
10.0865 881027 108.261 4 344 10.7685 2 881027 881028 13 0 1 20 1  0
15.2966 872071 107.16 10 2444 150.506 847 871328 876060 13 0 1 20 1  0
0 784384 96.3851 5 2150 114.791 2 876458 876481 13 0 1 20 1  0
0 784384 96.3851 7 2405 145.231 96 875790 875872 13 0 1 20 1  0
10.2522 863284 106.08 8 3747 486.096 2 863278 863332 13 0 1 20 1  0
13.8555 853548 104.884 11 4058 641.616 63 852357 854757 13 0 1 20 1  0
10.6504 845554 103.902 10 4333 819.955 1 845340 845692 13 0 1 20 1  0
10.1739 832529 102.301 11 4360 839.933 1 832492 832546 13 0 1 20 1  0
10.8724 829877 101.975 10 4867 1319.79 3 829507 830833 13 0 1 20 1  0
10.1608 1065107 130.88 1 0 0 1 1065107 1065108 13 0 1 20 1  0
15.2087 1146039 140.825 2 0 0 18 1065674 1065676 13 0 1 20 1  0
0 1046528 128.597 1 0 0 572 1108067 1108068 13 0 1 20 1  0
14.9291 1161565 142.733 3 1 0.0308372 10 1146036 1146042 13 0 1 20 1  0
24.0906 1166110 143.292 7 217 6.73074 4708 1166018 1166205 13 0 1 20 1  0
10.7769 1065671 130.95 2 2 0.0616743 2 1065671 1065672 13 0 1 20 1  0
13.5131 1108015 136.153 6 40 1.23365 95 1107993 1108029 13 0 1 20 1  0
11.5294 1167979 143.521 4 12 0.370045 1 1108052 1108058 13 0 1 20 1  0
11.8957 1251700 153.809 11 96 2.96342 1 1251159 1252663 13 0 1 20 1  0
10.7112 1266977 155.686 9 1159 42.3854 4 1266919 1267056 13 0 1 20 1  0
0 1046528 128.597 9 1291 49.1233 1 1266605 1266695 13 0 1 20 1  0
11.7871 1236068 151.888 12 1299 49.5525 3 1235502 1238092 13 0 1 20 1  0
10.0556 1265307 155.481 9 1687 73.838 1 1265279 1265367 13 0 1 20 1  0
19.7776 1228696 150.982 12 2855 218.516 494 1226240 1232246 13 0 1 20 1  0
17.4462 1251098 153.735 12 3351 341.158 119 1220086 1230666 13 0 1 20 1  0
0 1046528 128.597 10 3015 252.378 69 1255191 1255572 13 0 1 20 1  0
16.459 1245624 153.062 12 4306 800.451 17 1242530 1247324 13 0 1 20 1  0
0 1046528 128.597 12 4178 714.104 4 1262380 1264030 13 0 1 20 1  0
11.6216 1261888 155.061 12 4221 742.021 1 1260718 1263314 13 0 1 20 1  0
10.0125 1206026 148.196 12 4225 744.673 1 1206026 1206036 13 0 1 20 1  0
10.5155 1318238 161.985 8 0 0 1 1318238 1318239 13 0 1 20 1  0
10.6301 1539013 189.114 8 0 0 1 1319967 1319968 13 0 1 20 1  0
0 1308672 160.81 8 0 0 59302 1341694 1341695 13 0 1 20 1  0
10.0193 1322532 162.513 1 0 0 1 1322532 1322533 13 0 1 20 1  0
13.0813 1564561 192.253 1 0 0 2 1366647 1366649 13 0 1 20 1  0
14.4521 1562081 191.949 2 0 0 37 1366647 1366650 13 0 1 20 1  0
13.0287 1393376 171.218 3 3 0.0925113 11 1393374 1393381 13 0 1 20 1  0
65.0056 1469809 180.61 10 32 0.986861 26583 1451064 1456166 13 0 1 20 1  0
12.9875 1366648 167.934 2 1 0.0308372 17 1366648 1366649 13 0 1 20 1  0
12.5706 1564677 192.268 3 6 0.185022 8 1366642 1366645 13 0 1 20 1  0
31.8647 1455387 178.838 8 97 2.99436 796 1420819 1420854 13 0 1 20 1  0
19.7143 1537944 188.983 7 4 0.123348 1 1454805 1455908 13 0 1 20 1  0
26.1278 1451055 178.306 9 496 15.7856 1073 1420117 1420676 13 0 1 20 1  0
10.3064 1402037 172.282 3 47 1.44963 5 1402037 1402038 13 0 1 20 1  0
11.308 1470498 180.695 3 109 3.36582 2 1451427 1451435 13 0 1 20 1  0
15.4059 1420124 174.505 9 623 20.195 80 1419915 1420556 13 0 1 20 1  0
10.0941 1454576 178.738 3 265 8.24406 2 1454576 1454577 13 0 1 20 1  0
10.0282 1537359 188.911 9 322 10.0607 1 1450908 1451614 13 0 1 20 1  0
10.2818 1454540 178.734 3 356 11.1563 3 1454540 1454541 13 0 1 20 1  0
11.0237 1454850 178.772 3 454 14.3745 2 1451044 1451059 13 0 1 20 1  0
10.4564 1469609 180.586 3 455 14.4078 1 1468867 1468868 13 0 1 20 1  0
10.0323 1454803 178.766 3 506 16.1248 1 1454803 1454804 13 0 1 20 1  0
10.2169 1454935 178.782 3 513 16.363 2 1454935 1454936 13 0 1 20 1  0
16.2687 1454234 178.696 5 606 19.5911 53 1450750 1451049 13 0 1 20 1  0
10.222 1454888 178.777 3 573 18.4314 2 1454888 1454889 13 0 1 20 1  0
10.2783 1468611 180.463 3 723 23.8456 3 1468611 1468612 13 0 1 20 1  0
10.5008 1453997 178.667 3 801 26.8228 2 1453997 1453998 13 0 1 20 1  0
10.1583 1453869 178.651 4 850 28.7584 3 1453869 1453870 13 0 1 20 1  0
10.464 1453753 178.637 4 1175 43.1691 7 1453753 1453754 13 0 1 20 1  0
19.2077 1452870 178.529 11 1320 50.6912 159 1418090 1419293 13 0 1 20 1  0
22.7192 1454067 178.676 10 936 32.2902 3 1419322 1420191 13 0 1 20 1  0
10.2766 1450116 178.19 5 1013 35.6125 5 1450116 1450117 13 0 1 20 1  0
10.2536 1450003 178.176 5 1286 48.8563 8 1450003 1450004 13 0 1 20 1  0
10.0418 1450714 178.264 6 1778 80.6961 1 1450714 1450715 13 0 1 20 1  0
10.0146 1416246 174.028 7 2038 103.383 2 1416246 1416247 13 0 1 20 1  0
10.0053 1414492 173.813 12 2071 106.632 1 1414492 1414494 13 0 1 20 1  0
17.2533 1413086 173.64 12 2379 141.812 100 1411588 1415562 13 0 1 20 1  0
17.3846 1445306 177.599 7 2586 171.298 217 1411573 1412602 13 0 1 20 1  0
11.1975 1444599 177.512 5 2679 186.379 7 1444597 1444621 13 0 1 20 1  0
10.2104 1446189 177.708 5 2469 153.983 1 1446189 1446190 13 0 1 20 1  0
10.0083 1445831 177.664 5 2478 155.253 1 1445831 1445832 13 0 1 20 1  0
10.5839 1566554 192.498 9 2829 213.45 1 1442599 1443763 13 0 1 20 1  0
13.497 1402986 172.399 12 3323 332.71 14 1401620 1404720 13 0 1 20 1  0
10.0386 1603016 196.979 8 0 0 1 1603016 1603017 13 0 1 20 1  0
10.3412 1743836 214.283 8 0 0 1 1603440 1603441 13 0 1 20 1  0
20.2528 1570940 193.037 10 2317 133.963 9338 1570816 1571825 13 0 1 20 1  0
12.2996 1603441 197.031 1 0 0 3 1603441 1603442 13 0 1 20 1  0
12.9908 1743837 214.283 1 0 0 1 1603792 1603794 13 0 1 20 1  0
0 1570816 193.022 1 0 0 92 1638794 1638795 13 0 1 20 1  0
14.5713 1763330 216.678 2 0 0 7 1603792 1603794 13 0 1 20 1  0
13.8907 1684077 206.939 3 0 0 84 1684074 1684082 13 0 1 20 1  0
17.0152 1699263 208.805 6 0 0 209 1699230 1699289 13 0 1 20 1  0
13.5719 1794239 220.476 2 1 0.0308372 8 1684073 1684078 13 0 1 20 1  0
10.7535 1763560 216.706 2 3 0.0925113 1 1603788 1603789 13 0 1 20 1  0
11.561 1603779 197.072 3 9 0.277533 4 1603778 1603781 13 0 1 20 1  0
14.7891 1577711 193.869 9 258 8.02251 259 1577516 1577853 13 0 1 20 1  0
0 1570816 193.022 6 1036 36.6366 25 1576351 1576355 13 0 1 20 1  0
0 1570816 193.022 6 1578 66.2586 2 1574841 1574874 13 0 1 20 1  0
10.5104 1832960 225.234 12 5053 1557.7 1 1832398 1832962 13 0 1 20 1  0
10.2145 1850827 227.43 8 0 0 1 1850827 1850828 13 0 1 20 1  0
10.2934 1893026 232.615 8 0 0 1 1872719 1872720 13 0 1 20 1  0
0 1832960 225.234 8 0 0 99 1873089 1873090 13 0 1 20 1  0
11.454 1873090 230.165 1 0 0 1 1873090 1873091 13 0 1 20 1  0
12.7889 1943737 238.846 1 0 0 1 1943736 1943738 13 0 1 20 1  0
0 1832960 225.234 1 0 0 4 2023241 2023244 13 0 1 20 1  0
12.9355 2023242 248.616 2 0 0 2 1943735 1943738 13 0 1 20 1  0
13.2313 1970149 242.092 7 215 6.66797 441 1969443 1969480 13 0 1 20 1  0
11.8606 2071299 254.521 3 7 0.215859 8 2071298 2071300 13 0 1 20 1  0
14.2668 2051784 252.123 11 387 12.164 117 2050984 2052615 13 0 1 20 1  0
10.3298 1850823 227.429 2 3 0.0925113 1 1850823 1850824 13 0 1 20 1  0
11.1998 2049498 251.842 12 1293 49.2303 2 2049192 2051102 13 0 1 20 1  0
10.2765 1911556 234.892 12 2407 145.497 1 1911182 1912008 13 0 1 20 1  0
11.2278 2137717 262.683 1 0 0 2 2137717 2137718 13 0 1 20 1  0
15.1073 2156674 265.012 2 0 0 42 2156673 2156676 13 0 1 20 1  0
0 2095104 257.446 1 0 0 49270 2157009 2157010 13 0 1 20 1  0
10.1153 2263844 278.181 3 0 0 1 2263844 2263845 13 0 1 20 1  0
45.5171 2283146 280.553 12 1664 72.1832 27711 2218414 2218772 13 0 1 20 1  0
23.7065 2278984 280.042 6 17 0.524235 289 2156651 2156683 13 0 1 20 1  0
11.7394 2122580 260.823 3 7 0.215859 3 2122579 2122582 13 0 1 20 1  0
10.1301 2279806 280.143 3 9 0.277533 1 2279805 2279807 13 0 1 20 1  0
15.525 2270629 279.015 5 41 1.2645 6 2268685 2268707 13 0 1 20 1  0
10.884 2354024 289.262 7 25 0.770955 1 2268041 2274115 13 0 1 20 1  0
10.8709 2271297 279.097 3 32 0.986861 1 2269706 2269710 13 0 1 20 1  0
10.0805 2270769 279.032 3 64 1.9744 4 2270769 2270770 13 0 1 20 1  0
10.0365 2279351 280.087 3 93 2.87061 1 2279351 2279352 13 0 1 20 1  0
10.1858 2273417 279.357 4 129 3.98576 1 2273417 2273418 13 0 1 20 1  0
11.2301 2298004 282.379 3 132 4.07886 4 2280566 2280583 13 0 1 20 1  0
10.0435 2271214 279.087 3 179 5.54141 1 2271214 2271215 13 0 1 20 1  0
14.6694 2278187 279.944 5 197 6.10392 14 2266970 2266988 13 0 1 20 1  0
14.3431 2287427 281.079 8 286 8.91066 3 2273649 2273678 13 0 1 20 1  0
10.1603 2277799 279.896 4 295 9.19728 2 2277799 2277800 13 0 1 20 1  0
10.2375 2277915 279.91 3 322 10.0607 2 2277915 2277916 13 0 1 20 1  0
10.1468 2270065 278.946 4 350 10.9622 1 2270065 2270066 13 0 1 20 1  0
10.0027 2267659 278.65 6 1095 39.3351 1 2267659 2267660 13 0 1 20 1  0
10.0115 2268742 278.783 6 1466 59.1212 1 2268742 2268743 13 0 1 20 1  0
10.1508 2265628 278.4 5 2081 107.635 2 2265628 2265631 13 0 1 20 1  0
10.1005 2260825 277.81 5 2499 158.256 6 2260825 2260826 13 0 1 20 1  0
11.5227 2261960 277.95 5 2525 162.05 1 2260311 2260317 13 0 1 20 1  0
15.2476 2343292 287.944 12 2829 213.45 30 2267380 2268140 13 0 1 20 1  0
10.0542 2247037 276.116 7 3639 441.39 1 2247037 2247038 13 0 1 20 1  0
10.0948 2552297 313.626 8 0 0 1 2552297 2552298 13 0 1 20 1  0
11.5151 2405120 295.541 2 0 0 3 2405119 2405122 13 0 1 20 1  0
16.286 2365685 290.695 9 27 0.83264 435 2362883 2363580 13 0 1 20 1  0
10.3264 2367107 290.87 5 0 0 2 2367104 2367109 13 0 1 20 1  0
17.2246 2427641 298.309 6 6 0.185022 128 2362034 2362049 13 0 1 20 1  0
11.1814 2458984 302.16 2 2 0.0616743 14 2458984 2458985 13 0 1 20 1  0
11.9402 2695527 331.226 3 2 0.0616743 24 2695527 2695530 13 0 1 20 1  0
14.508 2743029 337.063 6 1050 37.2675 1861 2726664 2727637 13 0 1 20 1  0
11.7995 2729985 335.461 6 46 1.41878 34 2695475 2695484 13 0 1 20 1  0
0 2619392 321.871 8 19 0.585913 3201 2744571 2744749 13 0 1 20 1  0
16.3164 2727558 335.162 9 743 24.5975 4560 2727198 2727979 13 0 1 20 1  0
16.3103 2720650 334.313 11 2602 173.806 615 2636099 2636136 13 0 1 20 1  0
0 2619392 321.871 9 2290 130.674 35 2724498 2724803 13 0 1 20 1  0
10.9479 2723080 334.612 8 3413 360.627 10 2625409 2625609 13 0 1 20 1  0
10.7194 2625802 322.659 9 3390 353.279 2 2625752 2626259 13 0 1 20 1  0
0 2619392 321.871 8 3413 360.627 1 2721874 2723263 13 0 1 20 1  0
11.7648 2714134 333.513 12 3861 538.18 2 2712364 2715628 13 0 1 20 1  0
11.4793 2914666 358.154 1 0 0 1 2914666 2914667 13 0 1 20 1  0
17.7899 2956898 363.344 5 216 6.69935 1464 2914411 2914451 13 0 1 20 1  0
0 2881536 354.083 1 0 0 4224 3000037 3000041 13 0 1 20 1  0
10.1587 3003264 369.041 3 6 0.185022 2 3003264 3003265 13 0 1 20 1  0
22.522 2916062 358.326 9 366 11.4804 6578 2914011 2916316 13 0 1 20 1  0
15.065 3000001 368.64 4 121 3.73765 173 2956913 2956943 13 0 1 20 1  0
10.0781 2914292 358.108 5 307 9.58034 2 2914292 2914293 13 0 1 20 1  0
10.3409 2914105 358.085 4 402 12.6549 2 2914105 2914106 13 0 1 20 1  0
10.0271 2913406 357.999 6 718 23.6588 1 2913406 2913407 13 0 1 20 1  0
12.3583 2886746 354.723 12 3764 493.532 13 2885420 2888262 13 0 1 20 1  0
12.4367 3210469 394.502 2 0 0 2 3210469 3210472 13 0 1 20 1  0
0 3143680 386.295 1 0 0 4 3233320 3233321 13 0 1 20 1  0
13.1931 3210300 394.482 8 61 1.88177 117 3165311 3165448 13 0 1 20 1  0
0 3143680 386.295 8 13 0.400882 265 3210337 3210432 13 0 1 20 1  0
16.0665 3165170 388.936 7 213 6.60521 834 3165080 3165266 13 0 1 20 1  0
12.5794 3209216 394.348 7 973 33.8667 295 3208400 3208479 13 0 1 20 1  0
0 3143680 386.295 7 880 29.9702 32 3209244 3209282 13 0 1 20 1  0
10.0242 3205769 393.925 7 1726 76.7152 1 3205769 3205770 13 0 1 20 1  0
18.4904 3202726 393.551 10 2782 204.581 3000 3202097 3203673 13 0 1 20 1  0
0 3143680 386.295 6 2777 203.659 20 3203200 3203201 13 0 1 20 1  0
0 3143680 386.295 8 3513 394.374 179 3198247 3198605 13 0 1 20 1  0
11.4428 3436693 422.301 1 0 0 1 3436693 3436694 13 0 1 20 1  0
11.6456 3577412 439.592 1 0 0 1 3539392 3539393 13 0 1 20 1  0
0 3405824 418.508 1 0 0 11576 3541731 3541735 13 0 1 20 1  0
20.6334 3583663 440.361 5 112 3.45874 326 3552764 3552828 13 0 1 20 1  0
23.091 3589823 441.117 5 216 6.69935 3292 3552685 3552802 13 0 1 20 1  0
14.0339 3552817 436.57 3 110 3.39679 95 3552769 3552775 13 0 1 20 1  0
11.1015 3541729 435.208 3 4 0.123348 4 3541728 3541731 13 0 1 20 1  0
24.0239 3558562 437.276 5 207 6.41708 2086 3552693 3552803 13 0 1 20 1  0
10.7889 3583308 440.317 7 1199 44.3611 22 3583282 3583323 13 0 1 20 1  0
10.1557 3582560 440.225 7 2224 122.949 1 3582559 3582563 13 0 1 20 1  0
16.7827 3714764 456.47 6 123 3.79966 1479 3714723 3714792 13 0 1 20 1  0
0 3667968 450.72 3 68 2.09793 68 3714803 3714813 13 0 1 20 1  0
10.6335 3851202 473.236 12 4239 754.028 1 3850658 3851598 13 0 1 20 1  0
18.1641 4065218 499.534 5 213 6.60521 671 4065201 4065234 13 0 1 20 1  0
0 3930112 482.932 1 0 0 3789 4065278 4065288 13 0 1 20 1  0
17.4833 4064541 499.451 6 1 0.0308372 105 4064495 4064577 13 0 1 20 1  0
15.9672 4156823 510.79 6 35 1.0794 104 4064506 4064519 13 0 1 20 1  0
13.4933 4162589 511.499 4 1 0.0308372 12 4064546 4064551 13 0 1 20 1  0
11.0462 4066089 499.641 3 7 0.215859 1 4064546 4064549 13 0 1 20 1  0
16.3889 4066589 499.702 4 261 8.11742 1405 4065187 4065217 13 0 1 20 1  0
10.3234 4065039 499.512 6 818 27.4884 2 4065032 4065041 13 0 1 20 1  0
11.4448 4066096 499.642 8 1318 50.582 118 4066046 4066179 13 0 1 20 1  0
11.0483 4203647 516.544 1 0 0 1 4203647 4203648 13 0 1 20 1  0
13.3231 4296049 527.898 2 0 0 13 4296036 4296053 13 0 1 20 1  0
0 4192256 515.144 1 0 0 608 4296037 4296039 13 0 1 20 1  0
15.9057 4296713 527.98 6 5 0.154185 91 4296033 4296061 13 0 1 20 1  0
20.7547 4433672 544.81 7 139 4.29618 4542 4296610 4296690 13 0 1 20 1  0
10.4116 4296213 527.919 3 3 0.0925113 1 4296213 4296214 13 0 1 20 1  0
10.1619 4294490 527.707 12 787 26.2794 1 4294428 4294576 13 0 1 20 1  0
12.6915 4383816 538.683 11 2848 217.141 12 4382745 4384710 13 0 1 20 1  0
11.3725 4377552 537.914 10 3364 345.152 6 4375956 4377945 13 0 1 20 1  0
12.7073 4368230 536.768 12 3712 471.136 26 4366432 4369838 13 0 1 20 1  0
0 4192256 515.144 7 4296 793.345 457 4359477 4359946 13 0 1 20 1  0
10.7722 4357785 535.485 3 4341 825.824 1 4357784 4357786 13 0 1 20 1  0
12.8401 4335581 532.756 10 4586 1027.4 16 4333986 4336253 13 0 1 20 1  0
12.2865 4327320 531.741 11 4698 1135.26 2 4325788 4330324 13 0 1 20 1  0
10.3821 4494201 552.247 1 0 0 1 4494201 4494202 13 0 1 20 1  0
12.2186 4660030 572.624 1 0 0 2 4494719 4494720 13 0 1 20 1  0
0 4454400 547.357 1 0 0 2 4658580 4658581 13 0 1 20 1  0
16.5599 4524488 555.969 6 0 0 152 4503148 4503190 13 0 1 20 1  0
0 4454400 547.357 6 0 0 28 4517305 4517346 13 0 1 20 1  0
10.0413 4503150 553.347 6 12 0.370045 1 4503150 4503151 13 0 1 20 1  0
10.0252 4517303 555.086 6 15 0.462558 1 4517303 4517304 13 0 1 20 1  0
10.3705 4523793 555.884 5 382 12.0008 6 4523792 4523798 13 0 1 20 1  0
10.6784 4523921 555.899 7 639 20.7676 4 4523884 4523933 13 0 1 20 1  0
10.1724 4754650 584.251 8 0 0 1 4754650 4754651 13 0 1 20 1  0
10.2092 4974451 611.26 8 0 0 1 4754981 4754982 13 0 1 20 1  0
0 4716544 579.569 8 0 0 172 4755595 4755596 13 0 1 20 1  0
10.3505 4754651 584.251 1 0 0 1 4754651 4754652 13 0 1 20 1  0
12.1068 4838310 594.531 1 0 0 1 4756085 4756086 13 0 1 20 1  0
13.3856 4976009 611.452 2 0 0 3 4758636 4758641 13 0 1 20 1  0
16.1341 4758581 584.734 4 60 1.85089 557 4758573 4758590 13 0 1 20 1  0
17.0421 4721021 580.119 7 364 11.4155 4414 4720902 4721128 13 0 1 20 1  0
0 4716544 579.569 4 411 12.9504 5 4720967 4720979 13 0 1 20 1  0
0 4716544 579.569 6 656 21.3806 3 4720718 4720719 13 0 1 20 1  0
17.226 4978688 611.781 12 4649 1086.75 324 4977606 4978690 13 0 1 20 1  0
0 4716544 579.569 11 4881 1336.35 1 4970302 4973753 13 0 1 20 1  0
10.0064 5410809 664.88 8 0 0 1 5410809 5410810 13 0 1 20 1  0
10.2019 5457706 670.643 8 0 0 1 5415248 5415249 13 0 1 20 1  0
0 5240832 643.993 8 0 0 100424 5415878 5415879 13 0 1 20 1  0
11.7805 5439642 668.423 1 0 0 2 5241112 5241114 13 0 1 20 1  0
11.9746 5457707 670.643 1 0 0 6 5241524 5241526 13 0 1 20 1  0
10.1341 5241889 644.123 2 0 0 2 5241889 5241890 13 0 1 20 1  0
22.5419 5432146 667.502 6 0 0 6251 5246828 5246869 13 0 1 20 1  0
19.5214 5435531 667.918 6 18 0.555074 130 5246796 5246829 13 0 1 20 1  0
17.2423 5484977 673.994 10 890 30.3789 425 5300564 5301318 13 0 1 20 1  0
10.2396 5243263 644.292 2 1 0.0308372 1 5243263 5243264 13 0 1 20 1  0
11.791 5456884 670.542 2 1 0.0308372 1 5246853 5246858 13 0 1 20 1  0
12.598 5360572 658.707 3 1 0.0308372 1 5246852 5246857 13 0 1 20 1  0
19.37 5349173 657.306 6 2 0.0616743 5 5246822 5246861 13 0 1 20 1  0
11.4412 5493997 675.102 3 2 0.0616743 1 5253527 5253529 13 0 1 20 1  0
15.3367 5337584 655.882 5 29 0.894326 11 5244362 5244369 13 0 1 20 1  0
10.0785 5241518 644.078 3 8 0.246696 2 5241518 5241519 13 0 1 20 1  0
10.5163 5380917 661.207 2 3 0.0925113 1 5241887 5241888 13 0 1 20 1  0
10.0891 5245389 644.553 3 3 0.0925113 1 5245389 5245390 13 0 1 20 1  0
10.2418 5253523 645.553 4 3 0.0925113 3 5253523 5253524 13 0 1 20 1  0
23.2475 5345452 656.849 12 1546 64.1552 18148 5343056 5347210 13 0 1 20 1  0
17.0925 5387278 661.989 7 88 2.71598 72 5246652 5246705 13 0 1 20 1  0
12.2592 5457988 670.678 3 4 0.123348 8 5246848 5246853 13 0 1 20 1  0
13.186 5348827 657.264 4 4 0.123348 1 5253521 5253524 13 0 1 20 1  0
11.9641 5415237 665.424 3 7 0.215859 1 5244403 5244406 13 0 1 20 1  0
11.2609 5481285 673.54 3 7 0.215859 1 5245383 5245384 13 0 1 20 1  0
10.1283 5244352 644.426 4 39 1.2028 7 5244352 5244353 13 0 1 20 1  0
10.8032 5480480 673.441 3 10 0.30837 1 5246811 5246812 13 0 1 20 1  0
12.7911 5294349 650.57 4 10 0.30837 4 5246839 5246843 13 0 1 20 1  0
10.0218 5255956 645.852 3 11 0.339207 1 5255956 5255957 13 0 1 20 1  0
10.3148 5436202 668 3 11 0.339207 3 5256078 5256080 13 0 1 20 1  0
13.0885 5435891 667.962 4 11 0.339207 1 5244398 5244400 13 0 1 20 1  0
10.0228 5252338 645.407 3 12 0.370045 1 5252338 5252339 13 0 1 20 1  0
10.6942 5459306 670.839 3 14 0.43172 1 5244395 5244398 13 0 1 20 1  0
13.1234 5465653 671.619 4 14 0.43172 4 5246832 5246839 13 0 1 20 1  0
10.5998 5277930 648.552 2 276 8.59286 60 5277930 5277931 13 0 1 20 1  0
11.9662 5451286 669.854 4 20 0.616752 6 5244381 5244389 13 0 1 20 1  0
15.7553 5337761 655.904 5 20 0.616752 2 5244375 5244384 13 0 1 20 1  0
20.0839 5302920 651.623 6 29 0.894326 363 5246775 5246811 13 0 1 20 1  0
12.4926 5424971 666.62 4 21 0.647592 12 5244379 5244387 13 0 1 20 1  0
10.4883 5416023 665.521 3 22 0.678432 1 5244383 5244386 13 0 1 20 1  0
13.4233 5281441 648.983 5 41 1.2645 32 5244346 5244351 13 0 1 20 1  0
15.2737 5499798 675.815 6 24 0.740114 1 5253465 5253485 13 0 1 20 1  0
10.2995 5246473 644.687 3 211 6.54248 13 5246473 5246474 13 0 1 20 1  0
10.6111 5338058 655.941 3 28 0.863483 1 5244368 5244376 13 0 1 20 1  0
10.7906 5456840 670.536 3 28 0.863483 1 5246809 5246813 13 0 1 20 1  0
10.4696 5330066 654.958 3 29 0.894326 1 5252307 5252309 13 0 1 20 1  0
10.5417 5452247 669.972 3 32 0.986861 1 5252303 5252306 13 0 1 20 1  0
11.4115 5436324 668.015 4 41 1.2645 2 5244346 5244353 13 0 1 20 1  0
10.1783 5436159 667.995 3 37 1.1411 1 5415184 5415190 13 0 1 20 1  0
10.2909 5457634 670.634 3 39 1.2028 1 5291333 5291339 13 0 1 20 1  0
12.0685 5492429 674.91 6 52 1.60394 2 5255852 5255877 13 0 1 20 1  0
10.2547 5427370 666.915 3 44 1.35706 1 5291324 5291332 13 0 1 20 1  0
10.2474 5255698 645.82 3 150 4.63803 21 5255698 5255699 13 0 1 20 1  0
10.5974 5466343 671.704 6 79 2.43777 1 5278429 5278440 13 0 1 20 1  0
10.0245 5278892 648.67 5 107 3.30389 2 5278892 5278893 13 0 1 20 1  0
10.2342 5435741 667.944 4 95 2.93248 1 5305098 5305101 13 0 1 20 1  0
11.0237 5477991 673.135 4 129 3.98576 2 5255727 5255751 13 0 1 20 1  0
11.6148 5337392 655.859 3 142 4.38937 2 5246595 5246613 13 0 1 20 1  0
10.0456 5291857 650.263 4 135 4.17198 2 5291857 5291858 13 0 1 20 1  0
10.254 5465471 671.597 3 118 3.64466 1 5337418 5337442 13 0 1 20 1  0
10.4026 5431615 667.437 2 127 3.92372 1 5246632 5246636 13 0 1 20 1  0
10.0537 5276070 648.323 3 135 4.17198 1 5276070 5276071 13 0 1 20 1  0
10.2558 5255615 645.81 2 194 6.01007 7 5255615 5255616 13 0 1 20 1  0
15.4481 5499248 675.748 6 333 10.4141 158 5277833 5278013 13 0 1 20 1  0
10.1702 5280567 648.876 3 248 7.70654 5 5280567 5280568 13 0 1 20 1  0
10.3666 5302029 651.513 2 251 7.80126 3 5302029 5302030 13 0 1 20 1  0
10.4995 5302008 651.511 2 266 8.27574 1 5302008 5302009 13 0 1 20 1  0
10.0083 5291265 650.191 2 272 8.46593 1 5291265 5291266 13 0 1 20 1  0
10.195 5302455 651.566 2 302 9.4206 1 5302455 5302456 13 0 1 20 1  0
10.4244 5280435 648.86 3 328 10.2533 1 5280435 5280436 13 0 1 20 1  0
10.0806 5493361 675.024 3 439 13.8754 1 5493361 5493362 13 0 1 20 1  0
10.0144 5349544 657.352 3 516 16.4652 1 5349544 5349545 13 0 1 20 1  0
10.0826 5301133 651.403 3 844 28.5185 3 5301133 5301134 13 0 1 20 1  0
10.267 5346280 656.951 4 903 30.9137 1 5346280 5346281 13 0 1 20 1  0
10.2353 5485022 673.999 2 908 31.1205 1 5484675 5484676 13 0 1 20 1  0
10.3131 5484910 673.986 2 975 33.9529 1 5484910 5484911 13 0 1 20 1  0
10.4578 5300419 651.315 3 1032 36.4574 1 5300419 5300420 13 0 1 20 1  0
11.3631 5484688 673.958 3 1114 40.2269 3 5346170 5346171 13 0 1 20 1  0
10.0662 5300166 651.284 4 1130 40.9868 1 5300166 5300167 13 0 1 20 1  0
10.0011 5289384 649.959 10 1130 40.9868 1 5289384 5289385 13 0 1 20 1  0
11.9662 5484124 673.889 3 1241 46.4963 9 5299969 5299977 13 0 1 20 1  0
13.5428 5502972 676.205 5 1236 46.2387 32 5299952 5299994 13 0 1 20 1  0
13.3157 5484030 673.878 4 1272 48.1138 12 5300120 5300224 13 0 1 20 1  0
11.7151 5502171 676.107 7 1495 60.91 5 5344521 5345917 13 0 1 20 1  0
11.5229 5432669 667.566 3 1444 57.7905 1 5299431 5299437 13 0 1 20 1  0
11.2428 5483778 673.847 3 1453 58.3322 3 5345261 5345273 13 0 1 20 1  0
11.3358 5432626 667.561 3 1458 58.6347 1 5299387 5299393 13 0 1 20 1  0
10.4486 5482765 673.722 4 1503 61.4106 1 5299314 5299350 13 0 1 20 1  0
10.2555 5428581 667.064 2 1565 65.3977 1 5428581 5428582 13 0 1 20 1  0
10.2225 5482714 673.716 2 1579 66.3252 1 5482714 5482715 13 0 1 20 1  0
10.1899 5298799 651.116 4 1590 67.0612 2 5298799 5298800 13 0 1 20 1  0
10.0864 5344153 656.69 2 1684 73.6204 2 5344153 5344154 13 0 1 20 1  0
10.0688 5344077 656.68 3 1626 69.5152 1 5344077 5344078 13 0 1 20 1  0
10.6002 5428395 667.041 4 1628 69.6536 1 5298860 5298861 13 0 1 20 1  0
11.1187 5482494 673.689 6 1671 72.6836 3 5343973 5345481 13 0 1 20 1  0
10.1168 5298389 651.066 4 1746 78.2264 12 5298389 5298390 13 0 1 20 1  0
10.2353 5298197 651.042 3 1791 81.7181 5 5298197 5298198 13 0 1 20 1  0
10.0633 5298185 651.041 4 1756 78.9913 1 5298185 5298186 13 0 1 20 1  0
10.4338 5482261 673.66 4 1807 82.9909 1 5344636 5344755 13 0 1 20 1  0
10.0573 5297942 651.011 3 1873 88.4226 1 5297942 5297943 13 0 1 20 1  0
10.1449 5297596 650.969 3 1882 89.1865 1 5297596 5297597 13 0 1 20 1  0
10.0881 5297166 650.916 4 1971 97.0576 1 5297166 5297167 13 0 1 20 1  0
10.0281 5297265 650.928 4 1974 97.3333 1 5297265 5297266 13 0 1 20 1  0
10.4891 5297011 650.897 3 2033 102.898 7 5297011 5297012 13 0 1 20 1  0
10.1018 5297015 650.897 3 2032 102.802 1 5297015 5297016 13 0 1 20 1  0
10.0254 5342002 656.425 3 2170 116.945 1 5342002 5342003 13 0 1 20 1  0
10.2488 5341671 656.385 4 2203 120.581 2 5341671 5341672 13 0 1 20 1  0
10.8275 5341551 656.37 3 2223 122.835 5 5341547 5341552 13 0 1 20 1  0
10.0851 5341317 656.341 4 2204 120.693 2 5341317 5341318 13 0 1 20 1  0
10.2527 5341475 656.36 3 2216 122.042 9 5341475 5341476 13 0 1 20 1  0
10.0594 5340270 656.212 3 2506 159.269 2 5340270 5340271 13 0 1 20 1  0
10.0085 5340515 656.242 3 2495 157.68 1 5340515 5340516 13 0 1 20 1  0
10.0121 5340346 656.222 3 2496 157.823 1 5340346 5340347 13 0 1 20 1  0
10.1504 5339937 656.171 4 2504 158.979 3 5339937 5339938 13 0 1 20 1  0
10.0146 5340232 656.208 3 2528 162.494 1 5340232 5340233 13 0 1 20 1  0
10.0066 5339582 656.128 5 2541 164.428 1 5339582 5339583 13 0 1 20 1  0
10.1091 5340063 656.187 4 2547 165.329 1 5340063 5340064 13 0 1 20 1  0
12.111 5338289 655.969 5 2712 192.033 4 5338112 5338307 13 0 1 20 1  0
10.2352 5337445 655.865 3 2860 219.504 2 5337236 5337237 13 0 1 20 1  0
10.1032 5336340 655.729 3 2871 221.691 1 5336340 5336341 13 0 1 20 1  0
11.4599 5337547 655.878 4 2884 224.305 1 5336284 5336286 13 0 1 20 1  0
11.0789 5328771 654.799 5 3436 368.126 2 5327729 5327754 13 0 1 20 1  0
10.1029 5325373 654.382 5 3541 404.372 1 5325373 5325374 13 0 1 20 1  0
10.1556 5325726 654.425 4 3552 408.369 1 5325726 5325728 13 0 1 20 1  0
0 5240832 643.993 6 3814 516.065 132 5319856 5320308 13 0 1 20 1  0
0 5240832 643.993 7 4091 660.785 12 5312675 5312676 13 0 1 20 1  0
14.648 5698852 700.275 7 227 7.04492 194 5505141 5505146 13 0 1 20 1  0
10.0028 5580878 685.778 6 11 0.339207 1 5580878 5580879 13 0 1 20 1  0
10.7969 5503411 676.259 3 1097 39.4284 13399 5503318 5503321 13 0 1 20 1  0
10.4567 5724437 703.419 5 14 0.43172 4 5699204 5699212 13 0 1 20 1  0
12.6878 5710152 701.663 6 192 5.94752 46 5505040 5505384 13 0 1 20 1  0
10.0426 5738454 705.141 5 17 0.524235 1 5738454 5738455 13 0 1 20 1  0
15.3067 5573598 684.884 8 219 6.79353 1472 5505043 5505276 13 0 1 20 1  0
16.7891 5550030 681.988 9 734 24.2582 5074 5504067 5504391 13 0 1 20 1  0
13.4452 5723631 703.32 5 466 14.7755 212 5504663 5504728 13 0 1 20 1  0
10.9778 5757126 707.436 5 224 6.95061 13 5550876 5550894 13 0 1 20 1  0
10.0046 5515114 677.697 10 581 18.711 1 5515114 5515115 13 0 1 20 1  0
10.0132 5514778 677.656 3 749 24.8246 1 5514778 5514779 13 0 1 20 1  0
10.2877 5514573 677.631 3 888 30.2969 34 5514573 5514574 13 0 1 20 1  0
10.5995 5722436 703.173 3 1088 39.0094 2 5549299 5549302 13 0 1 20 1  0
10.7227 5708383 701.446 3 1094 39.2885 3 5503322 5503326 13 0 1 20 1  0
12.1871 5707445 701.331 6 1379 53.9868 150 5513124 5513403 13 0 1 20 1  0
10.0287 5572009 684.688 3 1129 40.939 1 5572009 5572010 13 0 1 20 1  0
10.9973 5513508 677.5 4 1328 51.1297 44 5513506 5513513 13 0 1 20 1  0
10.6141 5707995 701.398 3 1230 45.9309 5 5707994 5707997 13 0 1 20 1  0
10.5169 5513547 677.505 5 1311 50.2011 16 5513543 5513552 13 0 1 20 1  0
10.9158 5570937 684.557 6 1449 58.091 24 5548032 5548068 13 0 1 20 1  0
10.1477 5548224 681.766 4 1421 56.4231 1 5548224 5548226 13 0 1 20 1  0
10.1873 5548061 681.746 4 1451 58.2115 2 5548061 5548062 13 0 1 20 1  0
10.0325 5548009 681.739 4 1466 59.1212 1 5548009 5548010 13 0 1 20 1  0
10.0204 5511552 677.259 4 1759 79.2219 1 5511552 5511553 13 0 1 20 1  0
10.0697 5511186 677.215 4 1865 87.7483 1 5511186 5511189 13 0 1 20 1  0
10.1352 5536296 680.3 11 3096 271.432 1 5536111 5536376 13 0 1 20 1  0
10.2772 5865141 720.708 2 0 0 1 5786494 5786497 13 0 1 20 1  0
0 5765120 708.418 2 0 0 6872 5786638 5786640 13 0 1 20 1  0
14.8097 5786447 711.039 6 22 0.678432 1893 5786429 5786791 13 0 1 20 1  0
14.9806 5921796 727.67 8 227 7.04492 5567 5786129 5786363 13 0 1 20 1  0
11.9974 5811392 714.104 6 1 0.0308372 13 5786475 5786825 13 0 1 20 1  0
12.1321 5984438 735.368 6 3 0.0925113 5 5780282 5780293 13 0 1 20 1  0
12.7964 5833860 716.865 5 11 0.339207 8 5786447 5786452 13 0 1 20 1  0
12.448 5989323 735.968 5 13 0.400882 21 5786442 5786465 13 0 1 20 1  0
10.5473 5943804 730.375 7 172 5.32305 1 5786200 5786214 13 0 1 20 1  0
12.0583 5832975 716.756 4 488 15.5152 46 5785718 5785791 13 0 1 20 1  0
11.0758 5954905 731.739 6 235 7.29667 5 5786068 5786103 13 0 1 20 1  0
10.1262 5782310 710.53 5 1673 72.8271 1 5782310 5782311 13 0 1 20 1  0
11.7572 5917827 727.183 4 1775 80.4618 9 5917818 5917833 13 0 1 20 1  0
10.1733 5917742 727.172 4 1801 82.5117 2 5917741 5917743 13 0 1 20 1  0
10.2582 5781915 710.482 5 1825 84.4431 1 5781915 5781931 13 0 1 20 1  0
10.0096 5781790 710.466 4 1867 87.9164 1 5781790 5781791 13 0 1 20 1  0
10.5211 5781683 710.453 5 1876 88.6766 1 5781681 5781689 13 0 1 20 1  0
10.3947 5916349 727.001 10 2080 107.535 5 5916150 5916585 13 0 1 20 1  0
10.4846 5916261 726.99 5 2098 109.359 4 5916256 5916263 13 0 1 20 1  0
11.7153 6211915 763.32 4 3 0.0925113 9 6044012 6044027 13 0 1 20 1  0
0 6027264 740.63 3 0 0 12268 6043709 6043713 13 0 1 20 1  0
16.4579 6044149 742.705 6 25 0.770955 2736 6043323 6043499 13 0 1 20 1  0
14.8911 6057053 744.291 6 2 0.0616743 28 6043994 6044372 13 0 1 20 1  0
18.5113 6138556 754.306 6 6 0.185022 213 6043344 6043368 13 0 1 20 1  0
10.0344 6113411 751.216 2 1 0.0308372 1 6113411 6113412 13 0 1 20 1  0
10.2681 6177898 759.14 2 1 0.0308372 1 6113567 6113568 13 0 1 20 1  0
10.2276 6198541 761.677 3 1 0.0308372 1 6044030 6044035 13 0 1 20 1  0
10.8789 6250821 768.101 3 2 0.0616743 1 6043706 6043708 13 0 1 20 1  0
10.0604 6111304 750.957 3 3 0.0925113 1 6111304 6111305 13 0 1 20 1  0
11.7486 6198310 761.648 6 53 1.6348 23 6043933 6044283 13 0 1 20 1  0
10.0223 6115179 751.433 4 7 0.215859 1 6115179 6115180 13 0 1 20 1  0
10.0093 6198064 761.618 4 9 0.277533 1 6198064 6198065 13 0 1 20 1  0
10.0485 6212228 763.359 4 9 0.277533 1 6198239 6198240 13 0 1 20 1  0
16.5655 6233683 765.995 6 23 0.709273 28 6043323 6043502 13 0 1 20 1  0
12.158 6142983 754.85 7 47 1.44963 5 6044081 6044261 13 0 1 20 1  0
10.5313 6114868 751.395 4 189 5.85374 6 6043684 6043729 13 0 1 20 1  0
11.2206 6233255 765.942 5 271 8.43422 4 6043535 6043590 13 0 1 20 1  0
11.8385 6045384 742.857 4 426 13.4449 1 6043253 6043306 13 0 1 20 1  0
11.5229 6232624 765.865 5 717 23.6216 19 6042898 6043139 13 0 1 20 1  0
10.0647 6196879 761.472 4 791 26.4342 1 6196879 6196880 13 0 1 20 1  0
16.027 6144022 754.977 11 1407 55.6024 1412 6142965 6144770 13 0 1 20 1  0
13.0805 6231415 765.716 5 1227 45.7775 261 6041555 6041563 13 0 1 20 1  0
10.1744 6232504 765.85 3 809 27.1353 4 6196849 6196851 13 0 1 20 1  0
10.6413 6232404 765.838 4 836 28.2 4 6042760 6042767 13 0 1 20 1  0
11.4081 6196463 761.421 5 983 34.299 22 6042421 6042448 13 0 1 20 1  0
11.5636 6054667 743.997 5 1232 46.0334 143 6041707 6041709 13 0 1 20 1  0
10.0674 6232197 765.812 5 956 33.1379 2 6232197 6232198 13 0 1 20 1  0
10.1631 6195915 761.354 3 1182 43.5147 1 6195915 6195916 13 0 1 20 1  0
10.1035 6144106 754.988 3 1355 52.6288 2 6144106 6144107 13 0 1 20 1  0
10.3235 6041492 742.379 3 1296 49.3912 6 6041492 6041493 13 0 1 20 1  0
10.2274 6195580 761.313 3 1279 48.4841 1 6195580 6195581 13 0 1 20 1  0
10.1115 6231120 765.68 3 1309 50.0926 2 6231120 6231121 13 0 1 20 1  0
10.1375 6041404 742.368 3 1315 50.4185 3 6041404 6041405 13 0 1 20 1  0
22.5849 6137934 754.229 8 2527 162.346 7330 6136940 6138667 13 0 1 20 1  0
10.0126 6041305 742.356 4 1351 52.4048 1 6041305 6041306 13 0 1 20 1  0
10.2407 6139049 754.366 3 1353 52.5167 1 6139049 6139050 13 0 1 20 1  0
10.0404 6144583 755.046 3 1355 52.6288 1 6144583 6144584 13 0 1 20 1  0
10.0916 6041237 742.347 3 1373 53.645 3 6041237 6041238 13 0 1 20 1  0
10.1488 6195002 761.242 4 1460 58.756 1 6195002 6195003 13 0 1 20 1  0
10.0984 6040857 742.3 4 1485 60.2886 2 6040857 6040858 13 0 1 20 1  0
10.5554 6230532 765.608 3 1484 60.2268 1 6143658 6143662 13 0 1 20 1  0
10.2175 6138966 754.356 4 1525 62.8033 3 6138965 6138971 13 0 1 20 1  0
10.7216 6194924 761.232 3 1488 60.4745 1 6143320 6143325 13 0 1 20 1  0
10.018 6053549 743.86 4 1537 63.5731 1 6053549 6053550 13 0 1 20 1  0
11.1797 6053246 743.823 4 1628 69.6536 31 6053186 6053188 13 0 1 20 1  0
10.4671 6228737 765.387 11 1996 99.3762 5 6228496 6229021 13 0 1 20 1  0
10.2262 6143227 754.88 3 1707 75.3021 1 6143225 6143228 13 0 1 20 1  0
10.0888 6052868 743.776 5 1727 76.7902 1 6052868 6052869 13 0 1 20 1  0
10.2182 6229902 765.53 5 1727 76.7902 2 6229770 6229905 13 0 1 20 1  0
10.8851 6229655 765.5 4 1760 79.299 5 6229474 6229484 13 0 1 20 1  0
10.8433 6229380 765.466 4 1804 82.751 3 6138619 6138626 13 0 1 20 1  0
10.4682 6229298 765.456 3 1825 84.4431 1 6229297 6229299 13 0 1 20 1  0
10.1336 6038155 741.968 5 2140 113.728 4 6038155 6038156 13 0 1 20 1  0
10.1322 6036257 741.735 5 2459 152.583 1 6036257 6036258 13 0 1 20 1  0
10.0184 6036107 741.717 4 2488 156.676 1 6036107 6036108 13 0 1 20 1  0
10.0659 6034834 741.56 5 2648 181.215 1 6034834 6034835 13 0 1 20 1  0
10.8221 6218296 764.104 7 3145 283.638 2 6217624 6218360 13 0 1 20 1  0
14.8048 6140903 754.594 6 3414 360.95 749 6140258 6141850 13 0 1 20 1  0
0 6027264 740.63 5 3360 343.918 154 6141244 6141246 13 0 1 20 1  0
10.0387 6135338 753.91 5 3395 354.864 2 6135338 6135339 13 0 1 20 1  0
0 6027264 740.63 6 3965 590.526 32 6139951 6139956 13 0 1 20 1  0
11.0497 6291338 773.08 3 1 0.0308372 10 6291338 6291339 13 0 1 20 1  0
0 6289408 772.842 1 0 0 6033 6291503 6291509 13 0 1 20 1  0
16.3973 6307649 775.084 6 181 5.60384 994 6301121 6301167 13 0 1 20 1  0
13.5731 6404427 786.976 5 26 0.801797 339 6301053 6301061 13 0 1 20 1  0
11.1512 6503911 799.201 4 9 0.277533 3 6307957 6307960 13 0 1 20 1  0
11.192 6315072 775.996 4 25 0.770955 10 6291460 6291463 13 0 1 20 1  0
19.0138 6301405 774.317 6 24 0.740114 91 6291295 6291303 13 0 1 20 1  0
12.1974 6291500 773.099 3 2 0.0616743 8 6291335 6291339 13 0 1 20 1  0
12.388 6485691 796.962 5 6 0.185022 20 6301430 6301433 13 0 1 20 1  0
13.465 6513670 800.4 5 15 0.462558 10 6301413 6301442 13 0 1 20 1  0
11.1447 6323409 777.02 4 4 0.123348 3 6320830 6320835 13 0 1 20 1  0
11.0132 6475120 795.663 5 3 0.0925113 1 6315454 6315458 13 0 1 20 1  0
13.5491 6374688 783.322 5 11 0.339207 10 6301424 6301427 13 0 1 20 1  0
10.7901 6374537 783.303 4 7 0.215859 2 6320826 6320830 13 0 1 20 1  0
14.2663 6381511 784.16 6 8 0.246696 22 6301414 6301450 13 0 1 20 1  0
11.4087 6388025 784.961 4 17 0.524235 7 6301403 6301407 13 0 1 20 1  0
11.5571 6492324 797.777 9 81 2.49958 12 6356579 6356594 13 0 1 20 1  0
11.6615 6413089 788.04 4 22 0.678432 3 6291465 6291469 13 0 1 20 1  0
10.2624 6388189 784.981 3 23 0.709273 1 6291300 6291305 13 0 1 20 1  0
11.0194 6356927 781.139 4 27 0.83264 1 6291458 6291460 13 0 1 20 1  0
10.885 6527963 802.156 4 31 0.956015 1 6291450 6291454 13 0 1 20 1  0
10.8208 6356534 781.091 5 57 1.75827 2 6301343 6301365 13 0 1 20 1  0
10.7655 6387850 784.939 5 121 3.73765 3 6301239 6301260 13 0 1 20 1  0
10.8846 6474987 795.646 9 156 4.82467 1 6474961 6475020 13 0 1 20 1  0
10.0388 6387736 784.925 2 192 5.94752 1 6387736 6387737 13 0 1 20 1  0
10.6123 6380967 784.093 5 317 9.9004 1 6307399 6307430 13 0 1 20 1  0
10.1437 6491902 797.725 9 322 10.0607 1 6491886 6491948 13 0 1 20 1  0
10.124 6300758 774.237 5 397 12.491 1 6300758 6300759 13 0 1 20 1  0
10.0239 6380710 784.062 10 624 20.2306 1 6380707 6380713 13 0 1 20 1  0
10.4547 6491290 797.65 5 700 22.9903 2 6491278 6491292 13 0 1 20 1  0
10.0204 6472648 795.359 5 1214 45.1164 1 6472648 6472649 13 0 1 20 1  0
11.0786 6289408 772.842 12 4108 670.882 3 6289408 6289612 13 0 1 20 1  0
10.5367 6552925 805.223 1 0 0 2 6552925 6552926 13 0 1 20 1  0
12.923 6745078 828.835 2 0 0 3 6555846 6555848 13 0 1 20 1  0
0 6551552 805.055 1 0 0 68517 6553555 6553556 13 0 1 20 1  0
10.2899 6553554 805.301 2 0 0 1 6553554 6553555 13 0 1 20 1  0
29.9413 6578745 808.396 9 319 9.9645 22695 6573905 6574269 13 0 1 20 1  0
25.2492 6625306 814.118 6 0 0 954 6555984 6556189 13 0 1 20 1  0
11.4672 6738405 828.015 2 1 0.0308372 1 6555844 6555846 13 0 1 20 1  0
11.2011 6555970 805.598 4 116 3.58267 36 6555644 6555648 13 0 1 20 1  0
10.0956 6553388 805.28 2 2 0.0616743 1 6553388 6553389 13 0 1 20 1  0
10.7201 6805935 836.313 2 2 0.0616743 1 6555843 6555844 13 0 1 20 1  0
22.5143 6629362 814.616 6 6 0.185022 65 6555968 6556177 13 0 1 20 1  0
12.0883 6591318 809.941 3 4 0.123348 2 6555838 6555841 13 0 1 20 1  0
12.9713 6629866 814.678 4 6 0.185022 1 6556160 6556165 13 0 1 20 1  0
10.9944 6733361 827.395 3 7 0.215859 1 6555834 6555836 13 0 1 20 1  0
10.9094 6592235 810.054 4 36 1.11025 13 6555784 6555787 13 0 1 20 1  0
10.343 6590655 809.86 3 9 0.277533 2 6556157 6556160 13 0 1 20 1  0
15.9377 6624490 814.017 5 10 0.30837 4 6556143 6556157 13 0 1 20 1  0
14.0494 6769987 831.896 7 82 2.53049 24 6574352 6574753 13 0 1 20 1  0
13.7003 6744721 828.791 5 116 3.58267 53 6555638 6555653 13 0 1 20 1  0
10.0929 6591407 809.952 4 46 1.41878 1 6579026 6579046 13 0 1 20 1  0
10.021 6591242 809.932 4 49 1.51135 1 6591242 6591243 13 0 1 20 1  0
10.6092 6592121 810.04 4 99 3.05625 5 6555993 6556006 13 0 1 20 1  0
12.4217 6639161 815.82 5 93 2.87061 2 6556001 6556021 13 0 1 20 1  0
10.344 6635374 815.355 4 115 3.55169 3 6555965 6555973 13 0 1 20 1  0
10.9356 6657383 818.059 8 141 4.35831 1 6578765 6579483 13 0 1 20 1  0
13.2565 6649764 817.123 7 169 5.22952 1 6578751 6579804 13 0 1 20 1  0
10.6801 6744588 828.775 3 189 5.85374 2 6578745 6578832 13 0 1 20 1  0
13.2685 6624155 813.976 3 204 6.32308 2 6574210 6574218 13 0 1 20 1  0
10.121 6628847 814.553 2 215 6.66797 1 6578704 6578777 13 0 1 20 1  0
10.106 6628820 814.549 2 231 7.17075 2 6624756 6624758 13 0 1 20 1  0
13.1833 6744511 828.766 4 234 7.26518 2 6578817 6578903 13 0 1 20 1  0
10.7918 6579295 808.464 2 267 8.30742 1 6578605 6578682 13 0 1 20 1  0
11.3006 6671119 819.747 4 329 10.2855 1 6578805 6578881 13 0 1 20 1  0
12.2573 6628395 814.497 5 453 14.3411 1 6624423 6624673 13 0 1 20 1  0
10.9458 6628538 814.515 4 567 18.2223 1 6578549 6578599 13 0 1 20 1  0
10.0267 6573049 807.696 5 922 31.7029 1 6573049 6573050 13 0 1 20 1  0
11.4461 6626932 814.317 4 1305 49.8761 4 6626622 6626629 13 0 1 20 1  0
10.7496 6626695 814.288 2 1356 52.6849 1 6576482 6576493 13 0 1 20 1  0
10.1557 6626327 814.243 2 1407 55.6024 1 6626327 6626328 13 0 1 20 1  0
10.4423 6626425 814.255 2 1437 57.3718 2 6626425 6626434 13 0 1 20 1  0
10.24 6626401 814.252 2 1424 56.6001 2 6626401 6626402 13 0 1 20 1  0
10.217 6626348 814.246 2 1440 57.551 1 6626348 6626349 13 0 1 20 1  0
10.4225 6626307 814.241 2 1480 59.9797 3 6576094 6576101 13 0 1 20 1  0
10.1528 6626270 814.236 2 1471 59.4267 1 6626269 6626271 13 0 1 20 1  0
10.2243 6625621 814.156 2 1566 65.4636 1 6575723 6575724 13 0 1 20 1  0
10.3251 6624659 814.038 2 1819 83.9566 1 6624659 6624660 13 0 1 20 1  0
11.8149 6624711 814.044 3 1840 85.6697 1 6574290 6574296 13 0 1 20 1  0
10.1188 6574152 807.832 3 1870 88.1692 1 6574152 6574153 13 0 1 20 1  0
10.0232 6624388 814.005 2 1876 88.6766 1 6624388 6624389 13 0 1 20 1  0
11.5627 6624355 814.001 3 1886 89.5279 1 6574220 6574263 13 0 1 20 1  0
10.8567 6622785 813.808 4 2250 125.94 3 6572392 6572449 13 0 1 20 1  0
0 6551552 805.055 6 2965 241.279 28 6566500 6566501 13 0 1 20 1  0
10.5173 7077950 869.738 1 0 0 1 7077950 7077951 13 0 1 20 1  0
11.6882 7226687 888.015 1 0 0 1 7079039 7079040 13 0 1 20 1  0
0 7075840 869.479 1 0 0 161 7079873 7079875 13 0 1 20 1  0
11.8241 7079872 869.975 2 1 0.0308372 4 7079872 7079873 13 0 1 20 1  0
12.6708 7086301 870.765 2 0 0 23 7086299 7086302 13 0 1 20 1  0
14.6241 7089784 871.193 3 58 1.78915 350 7086282 7086286 13 0 1 20 1  0
10.8495 7084542 870.548 2 2 0.0616743 1 7084542 7084543 13 0 1 20 1  0
10.938 7226681 888.015 5 53 1.6348 9 7089776 7089784 13 0 1 20 1  0
10.2658 7357766 904.122 1 0 0 1 7357766 7357767 13 0 1 20 1  0
10.9601 7578078 931.194 1 0 0 1 7372408 7372411 13 0 1 20 1  0
0 7337984 901.691 1 0 0 228 7537762 7537763 13 0 1 20 1  0
11.372 7372409 905.922 2 0 0 1 7372409 7372411 13 0 1 20 1  0
25.2985 7458790 916.536 8 56 1.72741 6003 7458604 7458956 13 0 1 20 1  0
10.1683 7537916 926.259 3 5 0.154185 1 7537916 7537917 13 0 1 20 1  0
12.2802 7698116 945.944 1 0 0 1 7698116 7698117 13 0 1 20 1  0
12.286 7699068 946.061 1 0 0 2 7699068 7699069 13 0 1 20 1  0
0 7600128 933.904 1 0 0 4 7699422 7699423 13 0 1 20 1  0
13.8216 7855348 965.265 2 0 0 4 7855347 7855350 13 0 1 20 1  0
10.4493 7624611 936.912 2 1 0.0308372 1 7624611 7624612 13 0 1 20 1  0
10.4676 7854682 965.183 2 2 0.0616743 1 7854682 7854683 13 0 1 20 1  0
11.6837 8080449 992.926 1 0 0 1 7879992 7880002 13 0 1 20 1  0
0 7862272 966.116 1 0 0 1626 7880014 7880018 13 0 1 20 1  0
12.7002 8045654 988.65 2 0 0 1 7879993 7879998 13 0 1 20 1  0
20.5733 7879909 968.283 6 62 1.91264 1302 7879882 7879940 13 0 1 20 1  0
11.5184 8043778 988.419 6 11 0.339207 8 7879972 7879977 13 0 1 20 1  0
10.9453 8104025 995.823 3 10 0.30837 2 7879978 7880003 13 0 1 20 1  0
10.7235 8105901 996.053 3 11 0.339207 4 7879976 7879982 13 0 1 20 1  0
10.0347 8099522 995.269 2 60 1.85089 1 8099522 8099523 13 0 1 20 1  0
14.0442 8094764 994.685 5 185 5.72875 85 7879732 7879785 13 0 1 20 1  0
10.9598 8101101 995.463 3 186 5.75999 6 7879751 7879756 13 0 1 20 1  0
14.842 8113264 996.958 6 325 10.157 525 7879566 7879613 13 0 1 20 1  0
10.0203 8103424 995.749 7 534 17.0813 1 8103424 8103425 13 0 1 20 1  0
11.4255 8281748 1017.66 1 0 0 2 8281748 8281749 13 0 1 20 1  0
11.4207 8282659 1017.77 1 0 0 1 8282659 8282661 13 0 1 20 1  0
0 8124416 998.328 1 0 0 25 8282855 8282857 13 0 1 20 1  0
12.7114 8283872 1017.92 2 0 0 7 8282855 8282857 13 0 1 20 1  0
11.0875 8282849 1017.8 3 7 0.215859 6 8282848 8282851 13 0 1 20 1  0
13.2969 8365840 1027.99 6 45 1.38792 131 8365827 8365851 13 0 1 20 1  0
10.7774 8453843 1038.81 1 0 0 1 8453843 8453844 13 0 1 20 1  0
10.9158 8476683 1041.61 1 0 0 1 8456228 8456229 13 0 1 20 1  0
0 8386560 1030.54 1 0 0 17 8476683 8476684 13 0 1 20 1  0
12.0853 8480611 1042.1 2 0 0 55 8480611 8480612 13 0 1 20 1  0
10.5091 8471405 1040.97 2 1 0.0308372 2 8471405 8471406 13 0 1 20 1  0
11.0363 8446024 1037.85 6 54 1.66567 8 8446014 8446033 13 0 1 20 1  0
11.6515 8609316 1057.91 6 188 5.82248 50 8609297 8609335 13 0 1 20 1  0
10.0801 8487735 1042.97 5 120 3.70665 2 8487735 8487739 13 0 1 20 1  0
10.9832 8440486 1037.17 7 221 6.85635 11 8440474 8440503 13 0 1 20 1  0
10.4829 8454647 1038.91 8 338 10.5751 3 8454631 8454663 13 0 1 20 1  0
17.6104 8437091 1036.75 11 1596 67.4653 2480 8435991 8442982 13 0 1 20 1  0
0 8386560 1030.54 10 1077 38.5007 49 8444011 8444524 13 0 1 20 1  0
10.8038 8425370 1035.31 11 3281 320.425 1 8425042 8425793 13 0 1 20 1  0
80.3925 4356485 535.325 8 4375 851.242 1350 4356255 4356707 13 0 1 20 1 1
